0 Cylinder Sloped 0.25
0 Name: 1-4cyls.dat
0 Author: James Jessiman
0 Original LDraw Primitive
0 LDRAW_ORG Primitive UPDATE 2002-04

0 BFC CERTIFY CW

0 2002-07-03 SEB Added BFC statement

 3 16 1      0 0      0.9239 0    0.3827 0.9239 0.0761 0.3827
 4 16 0.9239 0 0.3827 0.7071 0    0.7071 0.7071 0.2929 0.7071  0.9239 0.0761 0.3827
 4 16 0.7071 0 0.7071 0.3827 0    0.9239 0.3827 0.6173 0.9239  0.7071 0.2929 0.7071
 4 16 0.3827 0 0.9239 0      0    1      0      1      1       0.3827 0.6173 0.9239

 5 24 0.9239 0 0.3827 0.9239 0.0761 0.3827 0.7071 0    0.7071  1      0     0
 5 24 0.7071 0 0.7071 0.7071 0.2929 0.7071 0.3827 0    0.9239  0.9239 0     0.3827
 5 24 0.3827 0 0.9239 0.3827 0.6173 0.9239 0      0    1       0.7071 0     0.7071
 5 24 0      0 1      0      1      1      0.3827 0    0.9239 -1      0     1
0
