0 Cone  0 x 0.25
0 Name: 1-4con0.dat
0 Author: Bernd Broich
0 LDRAW_ORG Primitive UPDATE 2002-05

0 BFC CERTIFY CW

3 16 1 0 0 0.9239 0 0.3827 0 1 0
3 16 0.9239 0 0.3827 0.7071 0 0.7071 0 1 0
3 16 0.7071 0 0.7071 0.3827 0 0.9239 0 1 0
3 16 0.3827 0 0.9239 0 0 1 0 1 0
5 24 0 0 1 0 1 0 -0.3827 0 0.9239 0.3827 0 0.9239
5 24 0.3827 0 0.9239 0 1 0 0 0 1 0.7071 0 0.7071
5 24 0.7071 0 0.7071 0 1 0 0.3827 0 0.9239 0.9239 0 0.3827
5 24 0.9239 0 0.3827 0 1 0 0.7071 0 0.7071 1 0 0
5 24 1 0 0 0 1 0 0.9239 0 0.3827 0.9239 0 -0.3827
0
