0 Cylinder Sloped 0.25 Convex
0 Name: 1-4cyls2.dat
0 Author: Chris Dee (chris_w_dee@hotmail.com)
0 LDRAW_ORG Primitive UPDATE 2002-04

0 BFC CERTIFY CW

0 2002-07-03 SEB Added BFC statement, reformatted title to fit 0.27 convention

3 16 0 0 1 -0.3827 0 0.9239 -0.3827 0.3827 0.9239
4 16 -0.3827 0 0.9239 -0.7071 0 0.7071 -0.7071 0.7071 0.7071 -0.3827 0.3827 0.9239
4 16 -0.7071 0 0.7071 -0.9239 0 0.3827 -0.9239 0.9239 0.3827 -0.7071 0.7071 0.7071
4 16 -0.9239 0 0.3827 -1 0 0 -1 1 0 -0.9239 0.9239 0.3827

5 24 -0.3827 0 0.9239 -0.3827 0.3827 0.9239 -0.7071 0 0.7071 0 0 1
5 24 -0.7071 0 0.7071 -0.7071 0.7071 0.7071 -0.9239 0 0.3827 -0.3827 0 0.9239
5 24 -0.9239 0 0.3827 -0.9239 0.9239 0.3827 -1 0 0 -0.7071 0 0.7071
5 24 -1 0 0 -1 1 0 -1 0 -1 -0.9239 0 0.3827
0
