0 Disc Negative 0.5
0 Name: 2-4NDIS.dat
0 Author: James Jessiman
0 Original LDraw Primitive - LDraw beta 0.27 Archive

 3 16  1 0  1  1.0000 0.0000  0.0000  0.9239 0.0000  0.3827
 3 16  1 0  1  0.9239 0.0000  0.3827  0.7071 0.0000  0.7071
 3 16  1 0  1  0.7071 0.0000  0.7071  0.3827 0.0000  0.9239
 3 16  1 0  1  0.3827 0.0000  0.9239  0.0000 0.0000  1.0000
 3 16 -1 0  1  0.0000 0.0000  1.0000 -0.3827 0.0000  0.9239
 3 16 -1 0  1 -0.3827 0.0000  0.9239 -0.7071 0.0000  0.7071
 3 16 -1 0  1 -0.7071 0.0000  0.7071 -0.9239 0.0000  0.3827
 3 16 -1 0  1 -0.9239 0.0000  0.3827 -1.0000 0.0000 -0.0000
0
