0 Ring  3 x 0.5
0 Name: 2-4RING3.dat
0 Author: James Jessiman
0 Original LDraw Primitive - LDraw beta 0.27 Archive

4 16 0 0 3 -1.14 0 2.76 -1.52 0 3.68 0 0 4
4 16 -1.14 0 2.76 -2.10 0 2.10 -2.80 0 2.80 -1.52 0 3.68
4 16 -2.10 0 2.10 -2.76 0 1.14 -3.68 0 1.52 -2.80 0 2.80
4 16 -2.76 0 1.14 -3 0 0 -4 0 0 -3.68 0 1.52
4 16 3 0 0 2.76 0 1.14 3.68 0 1.52 4 0 0
4 16 2.76 0 1.14 2.10 0 2.10 2.80 0 2.80 3.68 0 1.52
4 16 2.10 0 2.10 1.14 0 2.76 1.52 0 3.68 2.80 0 2.80
4 16 1.14 0 2.76 0 0 3 0 0 4 1.52 0 3.68
0
