0 Ring  2 x 0.5
0 Name: 2-4ring2.dat
0 Author: Chris Dee (chris_w_dee@hotmail.com)
0 LDRAW_ORG Primitive UPDATE 2001-01

0 BFC CERTIFY CW

 4 16 0 0 2 -0.7654 0 1.8478 -1.1481 0 2.7717 0 0 3
 4 16 -0.7654 0 1.8478 -1.4142 0 1.4142 -2.1213 0 2.1213 -1.1481 0 2.7717
 4 16 -1.4142 0 1.4142 -1.8478 0 0.7654 -2.7717 0 1.1481 -2.1213 0 2.1213
 4 16 -1.8478 0 0.7654 -2 0 0 -3 0 0 -2.7717 0 1.1481
 4 16 2 0 0 1.8478 0 0.7654 2.7717 0 1.1481 3 0 0
 4 16 1.8478 0 0.7654 1.4142 0 1.4142 2.1213 0 2.1213 2.7717 0 1.1481
 4 16 1.4142 0 1.4142 0.7654 0 1.8478 1.1481 0 2.7717 2.1213 0 2.1213
 4 16 0.7654 0 1.8478 0 0 2 0 0 3 1.1481 0 2.7717
0
