0 Ring 12 x 0.375
0 Name: 3-8rin12.dat
0 Author: Niels Karsdorp
0 LDRAW_ORG Primitive UPDATE 2005-01

0 BFC CERTIFY CW

 4 16 12 0 0 11.0868 0 4.5924 12.0107 0 4.9751 13 0 0
 4 16 11.0868 0 4.5924 8.4852 0 8.4852 9.1923 0 9.1923 12.0107 0 4.9751
 4 16 8.4852 0 8.4852 4.5924 0 11.0868 4.9751 0 12.0107 9.1923 0 9.1923
 4 16 4.5924 0 11.0868 0 0 12 0 0 13 4.9751 0 12.0107
 4 16 0 0 12 -4.5924 0 11.0868 -4.9751 0 12.0107 0 0 13
 4 16 -4.5924 0 11.0868 -8.4852 0 8.4852 -9.1923 0 9.1923 -4.9751 0 12.0107

0
