0 Cone  0 x 1.0
0 Name: 4-4con0.dat
0 Author: William J. Wood
0 !LDRAW_ORG Primitive UPDATE 2002-05
0 !LICENSE Not redistributable : see NonCAreadme.txt

0 BFC CERTIFY CW

0 !HISTORY 2002-07-29 [bbroich] changed description and name
0 !HISTORY 2002-11-30 [PTadmin] Official Update 2002-05
0 !HISTORY 2007-06-24 [PTadmin] Header formatted for Contributor Agreement
0 !HISTORY 2008-07-01 [PTadmin] Official Update 2008-01

5 24 0 0 -1 0 1 0 0.3827 0 -0.9239 -0.3827 0 -0.9239
3 16 0.3827 0 -0.9239 0 0 -1 0 1 0
5 24 0 1 0 0.3827 0 -0.9239 0 0 -1 0.7071 0 -0.7071
3 16 0 0 -1 -0.3827 0 -0.9239 0 1 0
5 24 -0.3827 0 -0.9239 0 1 0 0 0 -1 -0.7071 0 -0.7071
3 16 -0.3827 0 -0.9239 -0.7071 0 -0.7071 0 1 0
5 24 -0.7071 0 -0.7071 0 1 0 -0.3827 0 -0.9239 -0.9239 0 -0.3827
3 16 -0.7071 0 -0.7071 -0.9239 0 -0.3827 0 1 0
5 24 -0.9239 0 -0.3827 0 1 0 -0.7071 0 -0.7071 -1 0 0
3 16 -0.9239 0 -0.3827 -1 0 0 0 1 0
5 24 -1 0 0 0 1 0 -0.9239 0 -0.3827 -0.9239 0 0.3827
3 16 -1 0 0 -0.9239 0 0.3827 0 1 0
5 24 -0.9239 0 0.3827 0 1 0 -1 0 0 -0.7071 0 0.7071
3 16 -0.9239 0 0.3827 -0.7071 0 0.7071 0 1 0
5 24 -0.7071 0 0.7071 0 1 0 -0.9239 0 0.3827 -0.3827 0 0.9239
3 16 -0.7071 0 0.7071 -0.3827 0 0.9239 0 1 0
5 24 -0.3827 0 0.9239 0 1 0 -0.7071 0 0.7071 0 0 1
3 16 -0.3827 0 0.9239 0 0 1 0 1 0
5 24 0 0 1 0 1 0 -0.3827 0 0.9239 0.3827 0 0.9239
3 16 0 0 1 0.3827 0 0.9239 0 1 0
5 24 0.3827 0 0.9239 0 1 0 0 0 1 0.7071 0 0.7071
3 16 0.3827 0 0.9239 0.7071 0 0.7071 0 1 0
5 24 0.7071 0 0.7071 0 1 0 0.3827 0 0.9239 0.9239 0 0.3827
3 16 0.7071 0 0.7071 0.9239 0 0.3827 0 1 0
5 24 0.9239 0 0.3827 0 1 0 0.7071 0 0.7071 1 0 0
3 16 0.9239 0 0.3827 1 0 0 0 1 0
5 24 1 0 0 0 1 0 0.9239 0 0.3827 0.9239 0 -0.3827
3 16 1 0 0 0.9239 0 -0.3827 0 1 0
5 24 0.9239 0 -0.3827 0 1 0 1 0 0 0.7071 0 -0.7071
3 16 0.9239 0 -0.3827 0.7071 0 -0.7071 0 1 0
5 24 0.7071 0 -0.7071 0 1 0 0.9239 0 -0.3827 0.3827 0 -0.9239
3 16 0.7071 0 -0.7071 0.3827 0 -0.9239 0 1 0
0
