0 Axle
0 Name: AXLE.dat
0 Author: James Jessiman
0 Original LDraw Primitive - LDraw beta 0.27 Archive

 2 24 6    0 0    5.58 0 2
 2 24 5.58 0 2    2    0 2
 2 24 2    0 2    2    0 5.58
 2 24 2    0 5.58 0    0 6
 2 24 -6    0 0    -5.58 0 2
 2 24 -5.58 0 2    -2    0 2
 2 24 -2    0 2    -2    0 5.58
 2 24 -2    0 5.58 -0    0 6
 2 24 6    0 -0    5.58 0 -2
 2 24 5.58 0 -2    2    0 -2
 2 24 2    0 -2    2    0 -5.58
 2 24 2    0 -5.58 0    0 -6
 2 24 -6    0 -0    -5.58 0 -2
 2 24 -5.58 0 -2    -2    0 -2
 2 24 -2    0 -2    -2    0 -5.58
 2 24 -2    0 -5.58 -0    0 -6
 2 24 6    1 0    5.58 1 2
 2 24 5.58 1 2    2    1 2
 2 24 2    1 2    2    1 5.58
 2 24 2    1 5.58 0    1 6
 2 24 -6    1 0    -5.58 1 2
 2 24 -5.58 1 2    -2    1 2
 2 24 -2    1 2    -2    1 5.58
 2 24 -2    1 5.58 -0    1 6
 2 24 6    1 -0    5.58 1 -2
 2 24 5.58 1 -2    2    1 -2
 2 24 2    1 -2    2    1 -5.58
 2 24 2    1 -5.58 0    1 -6
 2 24 -6    1 -0    -5.58 1 -2
 2 24 -5.58 1 -2    -2    1 -2
 2 24 -2    1 -2    -2    1 -5.58
 2 24 -2    1 -5.58 -0    1 -6

 2 24 5.58 0 2    5.58 1 2
 2 24 2    0 2    2    1 2
 2 24 2    0 5.58 2    1 5.58
 2 24 -5.58 0 2    -5.58 1 2
 2 24 -2    0 2    -2    1 2
 2 24 -2    0 5.58 -2    1 5.58
 2 24 5.58 0 -2    5.58 1 -2
 2 24 2    0 -2    2    1 -2
 2 24 2    0 -5.58 2    1 -5.58
 2 24 -5.58 0 -2    -5.58 1 -2
 2 24 -2    0 -2    -2    1 -2
 2 24 -2    0 -5.58 -2    1 -5.58

 4 16 6    0 0    5.58 0 2    5.58 1 2    6    1 0
 4 16 5.58 0 2    2    0 2    2    1 2    5.58 1 2
 4 16 2    0 2    2    0 5.58 2    1 5.58 2    1 2
 4 16 2    0 5.58 0    0 6    0    1 6    2    1 5.58
 4 16 -6    0 0    -5.58 0 2    -5.58 1 2    -6    1 0
 4 16 -5.58 0 2    -2    0 2    -2    1 2    -5.58 1 2
 4 16 -2    0 2    -2    0 5.58 -2    1 5.58 -2    1 2
 4 16 -2    0 5.58 -0    0 6    -0    1 6    -2    1 5.58
 4 16 6    0 -0    5.58 0 -2    5.58 1 -2    6    1 -0
 4 16 5.58 0 -2    2    0 -2    2    1 -2    5.58 1 -2
 4 16 2    0 -2    2    0 -5.58 2    1 -5.58 2    1 -2
 4 16 2    0 -5.58 0    0 -6    0    1 -6    2    1 -5.58
 4 16 -6    0 -0    -5.58 0 -2    -5.58 1 -2    -6    1 -0
 4 16 -5.58 0 -2    -2    0 -2    -2    1 -2    -5.58 1 -2
 4 16 -2    0 -2    -2    0 -5.58 -2    1 -5.58 -2    1 -2
 4 16 -2    0 -5.58 -0    0 -6    -0    1 -6    -2    1 -5.58

 4 16 6 0 0 5.58 0 2 2 0 2 0 0 0
 4 16 -6 0 0 -5.58 0 2 -2 0 2 0 0 0
 4 16 6 0 0 5.58 0 -2 2 0 -2 0 0 0
 4 16 -6 0 0 -5.58 0 -2 -2 0 -2 0 0 0
 4 16 0 0 6 2 0 5.58 2 0 2 0 0 0
 4 16 0 0 6 -2 0 5.58 -2 0 2 0 0 0
 4 16 0 0 -6 2 0 -5.58 2 0 -2 0 0 0
 4 16 0 0 -6 -2 0 -5.58 -2 0 -2 0 0 0
 4 16 6 1 0 5.58 1 2 2 1 2 0 1 0
 4 16 -6 1 0 -5.58 1 2 -2 1 2 0 1 0
 4 16 6 1 0 5.58 1 -2 2 1 -2 0 1 0
 4 16 -6 1 0 -5.58 1 -2 -2 1 -2 0 1 0
 4 16 0 1 6 2 1 5.58 2 1 2 0 1 0
 4 16 0 1 6 -2 1 5.58 -2 1 2 0 1 0
 4 16 0 1 -6 2 1 -5.58 2 1 -2 0 1 0
 4 16 0 1 -6 -2 1 -5.58 -2 1 -2 0 1 0
0
