0 Axlehole #11
0 Name: axleho11.dat
0 Author: Steve Bliss
0 LDRAW_ORG Primitive UPDATE 2002-04

0 This version of the axlehole has two 'fat teeth' and two 'thin teeth'.

0 BFC CERTIFY CW

2 24 -6 1 0 -5.58 1 -2
2 24 0 1 -6 -2 1 -5.58
2 24 6 1 0 5.58 1 2
2 24 0 1 6 2 1 5.58
2 24 -6 0 0 -5.58 0 -2
2 24 0 0 -6 -2 0 -5.58
2 24 6 0 0 5.58 0 2
2 24 0 0 6 2 0 5.58
2 24 5.58 1 2 4 1 2
2 24 4 1 2 2.5 1 2.5
2 24 2.5 1 2.5 2 1 4
2 24 2 1 4 2 1 5.58
2 24 5.58 0 2 4 0 2
2 24 4 0 2 2.5 0 2.5
2 24 2.5 0 2.5 2 0 4
2 24 2 0 4 2 0 5.58

5 24 6 1 0 6 0 0 6 1 -6 5.58 1 2
2 24 5.58 1 2 5.58 0 2
5 24 2.5 1 2.5 2.5 0 2.5 4 1 2 2 1 4
2 24 2 1 5.58 2 0 5.58
5 24 0 1 6 0 0 6 2 1 5.58 -6 1 6
4 16 6 1 0 5.58 1 2 5.58 0 2 6 0 0
4 16 4 1 2 4 0 2 5.58 0 2 5.58 1 2
4 16 4 1 2 2.5 1 2.5 2.5 0 2.5 4 0 2
4 16 2.5 1 2.5 2 1 4 2 0 4 2.5 0 2.5
4 16 2 1 4 2 1 5.58 2 0 5.58 2 0 4
4 16 2 0 5.58 2 1 5.58 0 1 6 0 0 6
4 16 5.52 1 2.28 4.26 1 4.26 4 1 2 5.58 1 2
4 16 2 1 4 2.5 1 2.5 4 1 2 4.26 1 4.26
4 16 2 1 5.58 2 1 4 4.26 1 4.26 2.28 1 5.52
4 16 5.58 0 2 4 0 2 4.26 0 4.26 5.52 0 2.28
4 16 4 0 2 2.5 0 2.5 2 0 4 4.26 0 4.26
4 16 2.28 0 5.52 4.26 0 4.26 2 0 4 2 0 5.58
2 24 -3.743 1 4.577 -2.5 1 2.5
2 24 -2.5 1 2.5 -4.577 1 3.743
2 24 -3.743 0 4.577 -2.5 0 2.5
2 24 -2.5 0 2.5 -4.577 0 3.743
2 24 -3.743 1 4.577 -3.743 0 4.577
2 24 -2.5 1 2.5 -2.5 0 2.5
2 24 -4.577 1 3.743 -4.577 0 3.743
2 24 0 1 6 -2.296 1 5.543
2 24 -2.296 1 5.543 -3.743 1 4.577
2 24 -4.577 1 3.743 -5.543 1 2.296
2 24 -5.543 1 2.296 -6 1 0
2 24 0 0 6 -2.296 0 5.543
2 24 -2.296 0 5.543 -3.743 0 4.577
2 24 -4.577 0 3.743 -5.543 0 2.296
2 24 -5.543 0 2.296 -6 0 0
5 24 0 1 6 0 0 6 -2.296 1 5.543 6 1 6
5 24 -2.296 1 5.543 -2.296 0 5.543 -4.243 1 4.243 0 1 6
5 24 -5.543 1 2.296 -5.543 0 2.296 -6 1 0 -4.243 1 4.243
5 24 -6 1 0 -6 0 0 -5.543 1 2.296 -6 1 -6
3 16 -4.577 1 3.743 -2.5 1 2.5 -3.743 1 4.577
3 16 -3.743 0 4.577 -2.5 0 2.5 -4.577 0 3.743
4 16 0 1 6 -2.296 1 5.543 -2.296 0 5.543 0 0 6
4 16 -2.296 1 5.543 -3.743 1 4.577 -3.743 0 4.577 -2.296 0 5.543
4 16 -3.743 1 4.577 -2.5 1 2.5 -2.5 0 2.5 -3.743 0 4.577
4 16 -2.5 1 2.5 -4.577 1 3.743 -4.577 0 3.743 -2.5 0 2.5
4 16 -4.577 1 3.743 -5.543 1 2.296 -5.543 0 2.296 -4.577 0 3.743
4 16 -5.543 1 2.296 -6 1 0 -6 0 0 -5.543 0 2.296
2 24 3.743 1 -4.577 2.5 1 -2.5
2 24 2.5 1 -2.5 4.577 1 -3.743
2 24 3.743 0 -4.577 2.5 0 -2.5
2 24 2.5 0 -2.5 4.577 0 -3.743
2 24 3.743 1 -4.577 3.743 0 -4.577
2 24 2.5 1 -2.5 2.5 0 -2.5
2 24 4.577 1 -3.743 4.577 0 -3.743
2 24 0 1 -6 2.296 1 -5.543
2 24 2.296 1 -5.543 3.743 1 -4.577
2 24 4.577 1 -3.743 5.543 1 -2.296
2 24 5.543 1 -2.296 6 1 0
2 24 0 0 -6 2.296 0 -5.543
2 24 2.296 0 -5.543 3.743 0 -4.577
2 24 4.577 0 -3.743 5.543 0 -2.296
2 24 5.543 0 -2.296 6 0 0
5 24 0 1 -6 0 0 -6 2.296 1 -5.543 -6 1 -6
5 24 2.296 1 -5.543 2.296 0 -5.543 4.243 1 -4.243 0 1 -6
5 24 5.543 1 -2.296 5.543 0 -2.296 6 1 0 4.243 1 -4.243
5 24 6 1 0 6 0 0 5.543 1 -2.296 6 1 6
3 16 4.577 1 -3.743 2.5 1 -2.5 3.743 1 -4.577
3 16 3.743 0 -4.577 2.5 0 -2.5 4.577 0 -3.743
4 16 0 1 -6 2.296 1 -5.543 2.296 0 -5.543 0 0 -6
4 16 2.296 1 -5.543 3.743 1 -4.577 3.743 0 -4.577 2.296 0 -5.543
4 16 3.743 1 -4.577 2.5 1 -2.5 2.5 0 -2.5 3.743 0 -4.577
4 16 2.5 1 -2.5 4.577 1 -3.743 4.577 0 -3.743 2.5 0 -2.5
4 16 4.577 1 -3.743 5.543 1 -2.296 5.543 0 -2.296 4.577 0 -3.743
4 16 5.543 1 -2.296 6 1 0 6 0 0 5.543 0 -2.296
2 24 -5.58 1 -2 -4 1 -2
2 24 -4 1 -2 -2.5 1 -2.5
2 24 -2.5 1 -2.5 -2 1 -4
2 24 -2 1 -4 -2 1 -5.58

2 24 -5.58 0 -2 -4 0 -2
2 24 -4 0 -2 -2.5 0 -2.5
2 24 -2.5 0 -2.5 -2 0 -4
2 24 -2 0 -4 -2 0 -5.58

5 24 -6 1 0 -6 0 0 -6 1 6 -5.58 1 -2
2 24 -5.58 1 -2 -5.58 0 -2
5 24 -2.5 1 -2.5 -2.5 0 -2.5 -4 1 -2 -2 1 -4
2 24 -2 1 -5.58 -2 0 -5.58
5 24 0 1 -6 0 0 -6 -2 1 -5.58 6 1 -6
4 16 -6 1 0 -5.58 1 -2 -5.58 0 -2 -6 0 0
4 16 -5.58 1 -2 -4 1 -2 -4 0 -2 -5.58 0 -2
4 16 -4 1 -2 -2.5 1 -2.5 -2.5 0 -2.5 -4 0 -2
4 16 -2.5 1 -2.5 -2 1 -4 -2 0 -4 -2.5 0 -2.5
4 16 -2 1 -4 -2 1 -5.58 -2 0 -5.58 -2 0 -4
4 16 -2 0 -5.58 -2 1 -5.58 0 1 -6 0 0 -6
4 16 -5.52 1 -2.28 -4.26 1 -4.26 -4 1 -2 -5.58 1 -2
4 16 -2 1 -4 -2.5 1 -2.5 -4 1 -2 -4.26 1 -4.26
4 16 -2 1 -5.58 -2 1 -4 -4.26 1 -4.26 -2.28 1 -5.52
4 16 -5.58 0 -2 -4 0 -2 -4.26 0 -4.26 -5.52 0 -2.28
4 16 -4 0 -2 -2.5 0 -2.5 -2 0 -4 -4.26 0 -4.26
4 16 -2.28 0 -5.52 -4.26 0 -4.26 -2 0 -4 -2 0 -5.58
0
