0 Technic Axle Hole Open Two Opposite Sides
0 Name: axlehol5.dat
0 Author: James Jessiman
0 Original LDraw Primitive
0 LDRAW_ORG Primitive UPDATE 2005-01

0 BFC CERTIFY CCW

0 // 2000-04-23  SEB       Added conditional edges along outermost diameters
0 // 2002-11-08  OWP       Adjusted fit and precision
0 // 2005-05-15  GuyVivan  Use 1-8chrd.dat primitive and made BFC'ed CCW

5 24 6 0 0 6 1 0 5.602 0 2 5.602 0 -2
5 24 -6 0 0 -6 1 0 -5.602 0 -2 -5.602 0 2
0 2 24 6    0 0    5.543 0 2.296
0 2 24 5.543 0 2.296 4.243 0 4.243
0 2 24 4.243 0 4.243 2.296 0 5.543
0 2 24 2.296 0 5.543 0    0 6
2 24 6 0 0 5.602 0 2
2 24 5.602 0 2 2 0 2
2 24 2 0 2 2 0 5.602
0 2 24 2    0 5.602 0    0 6
2 24 -6 0 0 -5.602 0 2
2 24 -5.602 0 2 -2 0 2
2 24 -2 0 2 -2 0 5.602
0 2 24 -2    0 5.602 -0    0 6
2 24 6 0 0 5.602 0 -2
2 24 5.602 0 -2 2 0 -2
2 24 2 0 -2 2 0 -5.602
0 2 24 2    0 -5.602 0    0 -6
2 24 -6 0 0 -5.602 0 -2
2 24 -5.602 0 -2 -2 0 -2
2 24 -2 0 -2 -2 0 -5.602
0 2 24 -2    0 -5.602 -0    0 -6
2 24 6 1 0 5.602 1 2
2 24 5.602 1 2 2 1 2
2 24 2 1 2 2 1 5.602
0 2 24 2    1 5.602 0    1 6
2 24 -6 1 0 -5.602 1 2
2 24 -5.602 1 2 -2 1 2
2 24 -2 1 2 -2 1 5.602
0 2 24 -2    1 5.602 -0    1 6
2 24 6 1 0 5.602 1 -2
2 24 5.602 1 -2 2 1 -2
2 24 2 1 -2 2 1 -5.602
0 2 24 2    1 -5.602 0    1 -6
2 24 -6 1 0 -5.602 1 -2
2 24 -5.602 1 -2 -2 1 -2
2 24 -2 1 -2 -2 1 -5.602
0 2 24 -2    1 -5.602 -0    1 -6
2 24 5.602 0 2 5.602 1 2
2 24 2 0 2 2 1 2
0 2 24 2    0 5.602 2    1 5.602
2 24 -5.602 0 2 -5.602 1 2
2 24 -2 0 2 -2 1 2
0 2 24 -2    0 5.602 -2    1 5.602
2 24 5.602 0 -2 5.602 1 -2
2 24 2 0 -2 2 1 -2
0 2 24 2    0 -5.602 2    1 -5.602
2 24 -5.602 0 -2 -5.602 1 -2
2 24 -2 0 -2 -2 1 -2
0 2 24 -2    0 -5.602 -2    1 -5.602
4 16 6 1 0 6 0 0 5.602 0 2 5.602 1 2
4 16 5.602 1 2 5.602 0 2 2 0 2 2 1 2
4 16 2 1 2 2 0 2 2 0 5.602 2 1 5.602
0 4 16 2    0 5.602 0    0 6    0    1 6    2    1 5.602
4 16 -6 1 0 -5.602 1 2 -5.602 0 2 -6 0 0
4 16 -5.602 1 2 -2 1 2 -2 0 2 -5.602 0 2
4 16 -2 1 2 -2 1 5.602 -2 0 5.602 -2 0 2
0 4 16 -2    0 5.602 -0    0 6    -0    1 6    -2    1 5.602
4 16 6 1 0 5.602 1 -2 5.602 0 -2 6 0 0
4 16 5.602 1 -2 2 1 -2 2 0 -2 5.602 0 -2
4 16 2 1 -2 2 1 -5.602 2 0 -5.602 2 0 -2
0 4 16 2    0 -5.602 0    0 -6    0    1 -6    2    1 -5.602
4 16 -6 1 0 -6 0 0 -5.602 0 -2 -5.602 1 -2
4 16 -5.602 1 -2 -5.602 0 -2 -2 0 -2 -2 1 -2
4 16 -2 1 -2 -2 0 -2 -2 0 -5.602 -2 1 -5.602
0 4 16 -2    0 -5.602 -0    0 -6    -0    1 -6    -2    1 -5.602
3 16 5.602 0 -2 2 0 -2 5.543 0 -2.296
3 16 2.296 0 -5.543 2 0 -2 2 0 -5.602
3 16 -5.602 0 -2 -5.543 0 -2.296 -2 0 -2
3 16 -2.296 0 -5.543 -2 0 -5.602 -2 0 -2
3 16 5.602 0 2 5.543 0 2.296 2 0 2
3 16 2.296 0 5.543 2 0 5.602 2 0 2
3 16 -5.602 0 2 -2 0 2 -5.543 0 2.296
3 16 -2.296 0 5.543 -2 0 2 -2 0 5.602
3 16 5.602 1 -2 5.543 1 -2.296 2 1 -2
3 16 2.296 1 -5.543 2 1 -5.602 2 1 -2
3 16 -5.602 1 -2 -2 1 -2 -5.543 1 -2.296
3 16 -2.296 1 -5.543 -2 1 -2 -2 1 -5.602
3 16 5.602 1 2 2 1 2 5.543 1 2.296
3 16 2.296 1 5.543 2 1 2 2 1 5.602
3 16 -5.602 1 2 -5.543 1 2.296 -2 1 2
3 16 -2.296 1 5.543 -2 1 5.602 -2 1 2
3 16 5.543 0 -2.296 2 0 -2 2.296 0 -5.543
1 16 0 0 0 5.54328 0 -2.2961 0 1 0 2.2961 0 5.54328 1-8chrd.dat
3 16 -2.296 0 -5.543 -2 0 -2 -5.543 0 -2.296
1 16 0 0 0 -2.2961 0 -5.54328 0 1 0 5.54328 0 -2.2961 1-8chrd.dat
3 16 -5.543 0 2.296 -2 0 2 -2.296 0 5.543
1 16 0 0 0 -5.54328 0 2.2961 0 1 0 -2.2961 0 -5.54328 1-8chrd.dat
3 16 2.296 0 5.543 2 0 2 5.543 0 2.296
1 16 0 0 0 2.2961 0 5.54328 0 1 0 -5.54328 0 2.2961 1-8chrd.dat
3 16 5.543 1 2.296 2 1 2 2.296 1 5.543
1 16 0 1 0 5.54328 0 -2.2961 0 -1 0 -2.2961 0 -5.54328 1-8chrd.dat
3 16 -2.296 1 5.543 -2 1 2 -5.543 1 2.296
1 16 0 1 0 -2.2961 0 -5.54328 0 -1 0 -5.54328 0 2.2961 1-8chrd.dat
3 16 -5.543 1 -2.296 -2 1 -2 -2.296 1 -5.543
1 16 0 1 0 -5.54328 0 2.2961 0 -1 0 2.2961 0 5.54328 1-8chrd.dat
3 16 2.296 1 -5.543 2 1 -2 5.543 1 -2.296
1 16 0 1 0 2.2961 0 5.54328 0 -1 0 5.54328 0 -2.2961 1-8chrd.dat
0
