0 Technic Axle Hole Tooth
0 Name: axlehol6.dat
0 Author: Steve Bliss
0 LDRAW_ORG Primitive UPDATE 2003-01

0 BFC CERTIFY CCW

0 2002-11-08 OWP Adjusted fit and precision


2 24 5.602 0 2 2 0 2
2 24 2 0 2 2 0 5.602
2 24 5.602 1 2 2 1 2
2 24 2 1 2 2 1 5.602
2 24 5.602 0 2 5.602 1 2
2 24 2 0 2 2 1 2
2 24 2 0 5.602 2 1 5.602

4 16 5.602 0 2 2 0 2 2 1 2 5.602 1 2
4 16 2 0 2 2 0 5.602 2 1 5.602 2 1 2
4 16  5.602 0  2     5.543 0  2.296  4.243 0  4.243  2 0  2
4 16  4.243 0  4.243  2.296 0  5.543  2    0  5.602  2 0  2
4 16  5.602 1  2  2 1  2  4.243 1  4.243     5.543 1  2.296
4 16  4.243 1  4.243  2 1  2  2    1  5.602  2.296 1  5.543
0
