0 Clip 3
0 Name: CLIP3.dat
0 Author: James Jessiman
0 Original LDraw Primitive - LDraw beta 0.27 Archive

 2 24 4 8 10 4 8 5.60 
 2 24 4 8 5.60 4 9.39 3.06 
 2 24 4 9.39 3.06 4 10 0 
 2 24 4 10 0 4 10 -4 
 2 24 4 10 -4 -4 10 -4 
 2 24 -4 10 -4 -4 10 0 
 2 24 -4 10 0 -4 9.39 3.06 
 2 24 -4 9.39 3.06 -4 8 5.60 
 2 24 -4 8 5.60 -4 8 10 
 2 24 4 8 5.60 -4 8 5.60 
 4 16 4 8 10 4 8 5.60 -4 8 5.60 -4 8 10 
 4 16 4 10 0 4 10 -4 -4 10 -4 -4 10 0 
 2 24 4 10 -4 4 6 -4 
 2 24 -4 10 -4 -4 6 -4 
 4 16 4 8 10 4 0 10 4 0 7.60 4 8 5.66 
 4 16 -4 8 10 -4 0 10 -4 0 7.60 -4 8 5.66 
 4 16 4 10 0 4 6 0 4 6 -4 4 10 -4 
 4 16 -4 10 0 -4 6 0 -4 6 -4 -4 10 -4 
 4 16 4 10 -4 4 6 -4 -4 6 -4 -4 10 -4 
 2 24 4 6 0 4 6 -4 
 2 24 4 6 -4 -4 6 -4 
 2 24 -4 6 -4 -4 6 0 
 2 24 4 -2 0 4 -2 -4 
 2 24 4 -2 -4 -4 -2 -4 
 2 24 -4 -2 -4 -4 -2 0 
 1 16 4 2 0 0 0 0 4 0 0 0 0 4 2-4edge.dat
 1 16 -4 2 0 0 0 0 4 0 0 0 0 4 2-4edge.dat
 4 16 4 6 0 4 6 -4 -4 6 -4 -4 6 0 
 4 16 4 -2 0 4 -2 -4 -4 -2 -4 -4 -2 0 
 1 16 4 2 0 0 -8 0 4 0 0 0 0 4 2-4cyli.dat
 1 16 4 2 0 0 -8 0 8 0 0 0 0 8 2-4cyli.dat
 2 24 4 -2 -4 4 -6 -4 
 2 24 -4 -2 -4 -4 -6 -4 
 4 16 4 -2 0 4 -6 0 4 -6 -4 4 -2 -4 
 4 16 -4 -2 0 -4 -6 0 -4 -6 -4 -4 -2 -4 
 4 16 4 -2 -4 4 -6 -4 -4 -6 -4 -4 -2 -4 
 2 24 4 0 10 4 0 7.60 
 2 24 4 0 7.60 4 -1.06 7.39 
 2 24 4 -1.06 7.39 4 -3.66 5.66 
 2 24 4 -3.66 5.66 4 -5.39 3.03 
 2 24 4 -5.39 3.03 4 -6 0 
 2 24 4 -6 0 4 -6 -4 
 2 24 4 -6 -4 -4 -6 -4 
 2 24 -4 -6 -4 -4 -6 0 
 2 24 -4 -6 0 -4 -5.39 3.03 
 2 24 -4 -5.39 3.03 -4 -3.66 5.66 
 2 24 -4 -3.66 5.66 -4 -1.06 7.39 
 2 24 -4 -1.06 7.39 -4 0 7.60 
 2 24 -4 0 7.60 -4 0 10 
 2 24 4 0 7.60 -4 0 7.60 
 4 16 4 0 10 4 0 7.60 -4 0 7.60 -4 0 10 
 4 16 4 -6 0 4 -6 -4 -4 -6 -4 -4 -6 0 
 4 16 4 2 4 4 0.47 3.70 4 -1.06 7.39 4 2 8 
 4 16 -4 2 4 -4 0.47 3.70 -4 -1.06 7.39 -4 2 8 
 4 16 4 0.47 3.70 4 -0.83 2.83 4 -3.66 5.66 4 -1.06 7.39 
 4 16 -4 0.47 3.70 -4 -0.83 2.83 -4 -3.66 5.66 -4 -1.06 7.39 
 4 16 4 -0.83 2.83 4 -1.70 1.53 4 -5.39 3.06 4 -3.66 5.66 
 4 16 -4 -0.83 2.83 -4 -1.70 1.53 -4 -5.39 3.06 -4 -3.66 5.66 
 4 16 4 -1.70 1.53 4 -2 0 4 -6 0 4 -5.39 3.06 
 4 16 -4 -1.70 1.53 -4 -2 0 -4 -6 0 -4 -5.39 3.06 
 4 16 4 6 0 4 5.70 1.53 4 9.39 3.06 4 10 0 
 4 16 -4 6 0 -4 5.70 1.53 -4 9.39 3.06 -4 10 0 
 4 16 4 5.70 1.53 4 4.83 2.83 4 7.66 5.66 4 9.39 3.06 
 4 16 -4 5.70 1.53 -4 4.83 2.83 -4 7.66 5.66 -4 9.39 3.06 
 4 16 4 4.83 2.83 4 3.53 3.70 4 5.06 7.39 4 7.66 5.66 
 4 16 -4 4.83 2.83 -4 3.53 3.70 -4 5.06 7.39 -4 7.66 5.66 
 4 16 4 3.53 3.70 4 2 4 4 2 8 4 5.06 7.39 
 4 16 -4 3.53 3.70 -4 2 4 -4 2 8 -4 5.06 7.39 
0
