0 Connector 1/2 with Base Collar
0 Name: CONNECT3.dat
0 Author: James Jessiman
0 Original LDraw Primitive - LDraw beta 0.27 Archive

 1 16 0 -2 0 8 0 0 0 0 0 0 0 8 4-4edge.dat
 1 16 0 -2 0 6 0 0 0 0 0 0 0 6 4-4edge.dat
 1 16 0 -4 0 4 0 0 0 4 0 0 0 4 4-4cyli.dat
 1 16 0 -4 0 6 0 0 0 2 0 0 0 6 4-4cyli.dat
 1 16 0 -2 0 8 0 0 0 2 0 0 0 8 4-4cyli.dat

 2 24  0    -10  6     2.28 -10  5.52
 2 24  2.28 -10  5.52  4.26 -10  4.26
 2 24  4.26 -10  4.26  5.52 -10  2.28
 2 24  5.52 -10  2.28  5.79 -10  1
 2 24  5.79 -10  1     5.79 -4   1
 2 24  5.79 -4   1     6    -4   0
 2 24  0    -10  6    -2.28 -10  5.52
 2 24 -2.28 -10  5.52 -4.26 -10  4.26
 2 24 -4.26 -10  4.26 -5.52 -10  2.28
 2 24 -5.52 -10  2.28 -5.79 -10  1
 2 24 -5.79 -10  1    -5.79 -4   1
 2 24 -5.79 -4   1    -6    -4   0
 2 24  0    -10 -6     2.28 -10 -5.52
 2 24  2.28 -10 -5.52  4.26 -10 -4.26
 2 24  4.26 -10 -4.26  5.52 -10 -2.28
 2 24  5.52 -10 -2.28  5.79 -10 -1
 2 24  5.79 -10 -1     5.79 -4  -1
 2 24  5.79 -4  -1     6    -4   0
 2 24  0    -10 -6    -2.28 -10 -5.52
 2 24 -2.28 -10 -5.52 -4.26 -10 -4.26
 2 24 -4.26 -10 -4.26 -5.52 -10 -2.28
 2 24 -5.52 -10 -2.28 -5.79 -10 -1
 2 24 -5.79 -10 -1    -5.79 -4  -1
 2 24 -5.79 -4  -1    -6    -4   0

 2 24  0    -10  4     1.52 -10  3.68
 2 24  1.52 -10  3.68  2.84 -10  2.84
 2 24  2.84 -10  2.84  3.68 -10  1.52
 2 24  3.68 -10  1.52  3.79 -10  1
 2 24  3.79 -10  1     3.79 -4   1
 2 24  3.79 -4   1     4    -4   0
 2 24  0    -10  4    -1.52 -10  3.68
 2 24 -1.52 -10  3.68 -2.84 -10  2.84
 2 24 -2.84 -10  2.84 -3.68 -10  1.52
 2 24 -3.68 -10  1.52 -3.79 -10  1
 2 24 -3.79 -10  1    -3.79 -4   1
 2 24 -3.79 -4   1    -4    -4   0
 2 24  0    -10 -4     1.52 -10 -3.68
 2 24  1.52 -10 -3.68  2.84 -10 -2.84
 2 24  2.84 -10 -2.84  3.68 -10 -1.52
 2 24  3.68 -10 -1.52  3.79 -10 -1
 2 24  3.79 -10 -1     3.79 -4  -1
 2 24  3.79 -4  -1     4    -4   0
 2 24  0    -10 -4    -1.52 -10 -3.68
 2 24 -1.52 -10 -3.68 -2.84 -10 -2.84
 2 24 -2.84 -10 -2.84 -3.68 -10 -1.52
 2 24 -3.68 -10 -1.52 -3.79 -10 -1
 2 24 -3.79 -10 -1    -3.79 -4  -1
 2 24 -3.79 -4  -1    -4    -4   0

 2 24  3.79 -10  1  5.79 -10  1
 2 24  3.79 -4   1  5.79 -4   1
 2 24 -3.79 -10  1 -5.79 -10  1
 2 24 -3.79 -4   1 -5.79 -4   1
 2 24  3.79 -10 -1  5.79 -10 -1
 2 24  3.79 -4  -1  5.79 -4  -1
 2 24 -3.79 -10 -1 -5.79 -10 -1
 2 24 -3.79 -4  -1 -5.79 -4  -1

 4 16  0    -10  6     0    -10  4     1.52 -10  3.68  2.28 -10  5.52
 4 16  2.28 -10  5.52  1.52 -10  3.68  2.84 -10  2.84  4.26 -10  4.26
 4 16  4.26 -10  4.26  2.84 -10  2.84  3.68 -10  1.52  5.52 -10  2.28
 4 16  5.52 -10  2.28  3.68 -10  1.52  3.79 -10  1     5.79 -10  1
 4 16  5.79 -10  1     3.79 -10  1     3.79 -4   1     5.79 -4   1
 4 16  5.79 -4   1     3.79 -4   1     4    -4   0     6    -4   0
 4 16  0    -10  6     0    -10  4    -1.52 -10  3.68 -2.28 -10  5.52
 4 16 -2.28 -10  5.52 -1.52 -10  3.68 -2.84 -10  2.84 -4.26 -10  4.26
 4 16 -4.26 -10  4.26 -2.84 -10  2.84 -3.68 -10  1.52 -5.52 -10  2.28
 4 16 -5.52 -10  2.28 -3.68 -10  1.52 -3.79 -10  1    -5.79 -10  1
 4 16 -5.79 -10  1    -3.79 -10  1    -3.79 -4   1    -5.79 -4   1
 4 16 -5.79 -4   1    -3.79 -4   1    -4    -4   0    -6    -4   0
 4 16  0    -10 -6     0    -10 -4     1.52 -10 -3.68  2.28 -10 -5.52
 4 16  2.28 -10 -5.52  1.52 -10 -3.68  2.84 -10 -2.84  4.26 -10 -4.26
 4 16  4.26 -10 -4.26  2.84 -10 -2.84  3.68 -10 -1.52  5.52 -10 -2.28
 4 16  5.52 -10 -2.28  3.68 -10 -1.52  3.79 -10 -1     5.79 -10 -1
 4 16  5.79 -10 -1     3.79 -10 -1     3.79 -4  -1     5.79 -4  -1
 4 16  5.79 -4  -1     3.79 -4  -1     4    -4   0     6    -4   0
 4 16  0    -10 -6     0    -10 -4    -1.52 -10 -3.68 -2.28 -10 -5.52
 4 16 -2.28 -10 -5.52 -1.52 -10 -3.68 -2.84 -10 -2.84 -4.26 -10 -4.26
 4 16 -4.26 -10 -4.26 -2.84 -10 -2.84 -3.68 -10 -1.52 -5.52 -10 -2.28
 4 16 -5.52 -10 -2.28 -3.68 -10 -1.52 -3.79 -10 -1    -5.79 -10 -1
 4 16 -5.79 -10 -1    -3.79 -10 -1    -3.79 -4  -1    -5.79 -4  -1
 4 16 -5.79 -4  -1    -3.79 -4  -1    -4    -4   0    -6    -4   0

 4 16  0    -4  6     0    -10  6     2.28 -10  5.52  2.28 -4  5.52
 4 16  2.28 -4  5.52  2.28 -10  5.52  4.26 -10  4.26  4.26 -4  4.26
 4 16  4.26 -4  4.26  4.26 -10  4.26  5.52 -10  2.28  5.52 -4  2.28
 4 16  5.52 -4  2.28  5.52 -10  2.28  5.79 -10  1     5.79 -4  1
 4 16  0    -4  6     0    -10  6    -2.28 -10  5.52 -2.28 -4  5.52
 4 16 -2.28 -4  5.52 -2.28 -10  5.52 -4.26 -10  4.26 -4.26 -4  4.26
 4 16 -4.26 -4  4.26 -4.26 -10  4.26 -5.52 -10  2.28 -5.52 -4  2.28
 4 16 -5.52 -4  2.28 -5.52 -10  2.28 -5.79 -10  1    -5.79 -4  1
 4 16  0    -4 -6     0    -10 -6     2.28 -10 -5.52  2.28 -4 -5.52
 4 16  2.28 -4 -5.52  2.28 -10 -5.52  4.26 -10 -4.26  4.26 -4 -4.26
 4 16  4.26 -4 -4.26  4.26 -10 -4.26  5.52 -10 -2.28  5.52 -4 -2.28
 4 16  5.52 -4 -2.28  5.52 -10 -2.28  5.79 -10 -1     5.79 -4 -1
 4 16  0    -4 -6     0    -10 -6    -2.28 -10 -5.52 -2.28 -4 -5.52
 4 16 -2.28 -4 -5.52 -2.28 -10 -5.52 -4.26 -10 -4.26 -4.26 -4 -4.26
 4 16 -4.26 -4 -4.26 -4.26 -10 -4.26 -5.52 -10 -2.28 -5.52 -4 -2.28
 4 16 -5.52 -4 -2.28 -5.52 -10 -2.28 -5.79 -10 -1    -5.79 -4 -1

 4 16  0    -4  4     0    -10  4     1.52 -10  3.68  1.52 -4  3.68
 4 16  1.52 -4  3.68  1.52 -10  3.68  2.84 -10  2.84  2.84 -4  2.84
 4 16  2.84 -4  2.84  2.84 -10  2.84  3.68 -10  1.52  3.68 -4  1.52
 4 16  3.68 -4  1.52  3.68 -10  1.52  3.79 -10  1     3.79 -4  1
 4 16  0    -4  4     0    -10  4    -1.52 -10  3.68 -1.52 -4  3.68
 4 16 -1.52 -4  3.68 -1.52 -10  3.68 -2.84 -10  2.84 -2.84 -4  2.84
 4 16 -2.84 -4  2.84 -2.84 -10  2.84 -3.68 -10  1.52 -3.68 -4  1.52
 4 16 -3.68 -4  1.52 -3.68 -10  1.52 -3.79 -10  1    -3.79 -4  1
 4 16  0    -4 -4     0    -10 -4     1.52 -10 -3.68  1.52 -4 -3.68
 4 16  1.52 -4 -3.68  1.52 -10 -3.68  2.84 -10 -2.84  2.84 -4 -2.84
 4 16  2.84 -4 -2.84  2.84 -10 -2.84  3.68 -10 -1.52  3.68 -4 -1.52
 4 16  3.68 -4 -1.52  3.68 -10 -1.52  3.79 -10 -1     3.79 -4 -1
 4 16  0    -4 -4     0    -10 -4    -1.52 -10 -3.68 -1.52 -4 -3.68
 4 16 -1.52 -4 -3.68 -1.52 -10 -3.68 -2.84 -10 -2.84 -2.84 -4 -2.84
 4 16 -2.84 -4 -2.84 -2.84 -10 -2.84 -3.68 -10 -1.52 -3.68 -4 -1.52
 4 16 -3.68 -4 -1.52 -3.68 -10 -1.52 -3.79 -10 -1    -3.79 -4 -1

 4 16 0 -2 6 -2.30 -2 5.54 -3.06 -2 7.39 0 -2 8
 4 16 -2.30 -2 5.54 -4.24 -2 4.24 -5.66 -2 5.66 -3.06 -2 7.39
 4 16 -4.24 -2 4.24 -5.54 -2 2.30 -7.39 -2 3.06 -5.66 -2 5.66
 4 16 -5.54 -2 2.30 -6 -2 0 -8 -2 0 -7.39 -2 3.06
 4 16 -6 -2 0 -5.54 -2 -2.30 -7.39 -2 -3.06 -8 -2 0
 4 16 -5.54 -2 -2.30 -4.24 -2 -4.24 -5.66 -2 -5.66 -7.39 -2 -3.06
 4 16 -4.24 -2 -4.24 -2.30 -2 -5.54 -3.06 -2 -7.39 -5.66 -2 -5.66
 4 16 -2.30 -2 -5.54 0 -2 -6 0 -2 -8 -3.06 -2 -7.39
 4 16 0 -2 -6 2.30 -2 -5.54 3.06 -2 -7.39 0 -2 -8
 4 16 2.30 -2 -5.54 4.24 -2 -4.24 5.66 -2 -5.66 3.06 -2 -7.39
 4 16 4.24 -2 -4.24 5.54 -2 -2.30 7.39 -2 -3.06 5.66 -2 -5.66
 4 16 5.54 -2 -2.30 6 -2 0 8 -2 0 7.39 -2 -3.06
 4 16 6 -2 0 5.54 -2 2.30 7.39 -2 3.06 8 -2 0
 4 16 5.54 -2 2.30 4.24 -2 4.24 5.66 -2 5.66 7.39 -2 3.06
 4 16 4.24 -2 4.24 2.30 -2 5.54 3.06 -2 7.39 5.66 -2 5.66
 4 16 2.30 -2 5.54 0 -2 6 0 -2 8 3.06 -2 7.39

 5 24  0    -10  4     0    -4  4    -1.53 -10  3.70  1.53 -10  3.70
 5 24  0    -10  6     0    -4  6    -2.30 -10  5.54  2.30 -10  5.54
 5 24 -1.53 -10  3.70 -1.53 -4  3.70 -2.83 -10  2.83  0    -10  4
 5 24 -2.30 -10  5.54 -2.30 -4  5.54 -4.24 -10  4.24  0    -10  6
 5 24 -2.83 -10  2.83 -2.83 -4  2.83 -3.70 -10  1.53 -1.53 -10  3.70
 5 24 -4.24 -10  4.24 -4.24 -4  4.24 -5.54 -10  2.30 -2.30 -10  5.54
 5 24 -3.70 -10  1.53 -3.70 -4  1.53 -4    -10  0    -2.83 -10  2.83
 5 24 -5.54 -10  2.30 -5.54 -4  2.30 -6    -10  0    -4.24 -10  4.24
 0 24 -4    -10  0    -4    -4  0    -3.70 -10 -1.53 -3.70 -10  1.53
 0 24 -6    -10  0    -6    -4  0    -5.54 -10 -2.30 -5.54 -10  2.30
 5 24 -3.70 -10 -1.53 -3.70 -4 -1.53 -2.83 -10 -2.83 -4    -10  0
 5 24 -5.54 -10 -2.30 -5.54 -4 -2.30 -4.24 -10 -4.24 -6    -10  0
 5 24 -2.83 -10 -2.83 -2.83 -4 -2.83 -1.53 -10 -3.70 -3.70 -10 -1.53
 5 24 -4.24 -10 -4.24 -4.24 -4 -4.24 -2.30 -10 -5.54 -5.54 -10 -2.30
 5 24 -1.53 -10 -3.70 -1.53 -4 -3.70  0    -10 -4    -2.83 -10 -2.83
 5 24 -2.30 -10 -5.54 -2.30 -4 -5.54  0    -10 -6    -4.24 -10 -4.24
 5 24  0    -10 -4     0    -4 -4     1.53 -10 -3.70 -1.53 -10 -3.70
 5 24  0    -10 -6     0    -4 -6     2.30 -10 -5.54 -2.30 -10 -5.54
 5 24  1.53 -10 -3.70  1.53 -4 -3.70  2.83 -10 -2.83  0    -10 -4
 5 24  2.30 -10 -5.54  2.30 -4 -5.54  4.24 -10 -4.24  0    -10 -6
 5 24  2.83 -10 -2.83  2.83 -4 -2.83  3.70 -10 -1.53  1.53 -10 -3.70
 5 24  4.24 -10 -4.24  4.24 -4 -4.24  5.54 -10 -2.30  2.30 -10 -5.54
 5 24  3.70 -10 -1.53  3.70 -4 -1.53  4    -10  0     2.83 -10 -2.83
 5 24  5.54 -10 -2.30  5.54 -4 -2.30  6    -10  0     4.24 -10 -4.24
 0 24  4    -10  0     4    -4  0     3.70 -10  1.53  3.70 -10 -1.53
 0 24  6    -10  0     6    -4  0     5.54 -10  2.30  5.54 -10 -2.30
 5 24  3.70 -10  1.53  3.70 -4  1.53  2.83 -10  2.83  4    -10  0
 5 24  5.54 -10  2.30  5.54 -4  2.30  4.24 -10  4.24  6    -10  0
 5 24  2.83 -10  2.83  2.83 -4  2.83  1.53 -10  3.70  3.70 -10  1.53
 5 24  4.24 -10  4.24  4.24 -4  4.24  2.30 -10  5.54  5.54 -10  2.30
 5 24  1.53 -10  3.70  1.53 -4  3.70  0    -10  4     2.83 -10  2.83
 5 24  2.30 -10  5.54  2.30 -4  5.54  0    -10  6     4.24 -10  4.24
0
