0 Hinge Plate 3 Fingers
0 Name: H2.dat
0 Author: James Jessiman
0 Original LDraw Primitive - LDraw beta 0.27 Archive

 1 16 0 10 -10 4 0 0 0 0 4 0 0 0 2-4edge.dat
 1 16 0 10 -6 4 0 0 0 0 4 0 0 0 2-4edge.dat
 1 16 0 10 -2 4 0 0 0 0 4 0 0 0 2-4edge.dat
 1 16 0 10 2 4 0 0 0 0 4 0 0 0 2-4edge.dat
 1 16 0 10 6 4 0 0 0 0 4 0 0 0 2-4edge.dat
 1 16 0 10 10 4 0 0 0 0 4 0 0 0 2-4edge.dat

 1 16 0 2 -6 4 0 0 0 0 4 0 0 0 2-4edge.dat
 1 16 0 2 -2 4 0 0 0 0 4 0 0 0 2-4edge.dat
 1 16 0 2 2 4 0 0 0 0 4 0 0 0 2-4edge.dat
 1 16 0 2 6 4 0 0 0 0 4 0 0 0 2-4edge.dat

 2 24 4 0 -10 4 10 -10
 2 24 -4 0 -10 -4 10 -10
 2 24 4 0 10 4 10 10
 2 24 -4 0 10 -4 10 10

 2 24 4 2 -6 4 10 -6
 2 24 -4 2 -6 -4 10 -6
 2 24 4 2 6 4 10 6
 2 24 -4 2 6 -4 10 6

 2 24 4 2 -2 4 10 -2
 2 24 -4 2 -2 -4 10 -2
 2 24 4 2 2 4 10 2
 2 24 -4 2 2 -4 10 2

 1 16 0 10 -10 4 0 0 0 0 4 0 0 0 2-4disc.dat
 1 16 0 10 -6 4 0 0 0 0 4 0 0 0 2-4disc.dat
 1 16 0 10 -2 4 0 0 0 0 4 0 0 0 2-4disc.dat
 1 16 0 10 2 4 0 0 0 0 4 0 0 0 2-4disc.dat
 1 16 0 10 6 4 0 0 0 0 4 0 0 0 2-4disc.dat
 1 16 0 10 10 4 0 0 0 0 4 0 0 0 2-4disc.dat

 1 16 0 10 -10 4 0 0 0 0 4 0 4 0 2-4cyli.dat
 1 16 0 2 -6 4 0 0 0 0 4 0 4 0 2-4cyli.dat
 1 16 0 10 -2 4 0 0 0 0 4 0 4 0 2-4cyli.dat
 1 16 0 2 2 4 0 0 0 0 4 0 4 0 2-4cyli.dat
 1 16 0 10 6 4 0 0 0 0 4 0 4 0 2-4cyli.dat

 4 16 4 10 -10 4 0 -10 -4 0 -10 -4 10 -10
 4 16 4 10 10 4 0 10 -4 0 10 -4 10 10

 4 16 4 10 -6 4 2 -6 -4 2 -6 -4 10 -6
 4 16 4 10 -2 4 2 -2 -4 2 -2 -4 10 -2
 4 16 4 10 2 4 2 2 -4 2 2 -4 10 2
 4 16 4 10 6 4 2 6 -4 2 6 -4 10 6

 4 16 4 10 -2 4 2 -2 4 2 2 4 10 2
 4 16 -4 10 -2 -4 2 -2 -4 2 2 -4 10 2

 4 16 4 10 -10 4 0 -10 4 2 -6 4 10 -6
 4 16 -4 10 -10 -4 0 -10 -4 2 -6 -4 10 -6
 4 16 4 10 10 4 0 10 4 2 6 4 10 6
 4 16 -4 10 10 -4 0 10 -4 2 6 -4 10 6

 4 16 4 2 -6 4 0 -10 4 0 10 4 2 6
 4 16 -4 2 -6 -4 0 -10 -4 0 10 -4 2 6
0
