0 Technic Peg Hole Negative with Top Surface Extensions
0 Name: npeghol2.dat
0 Author: Mark Kennedy, DAT Code
0 Author: Orion Pobursky, File Prep
0 LDRAW_ORG Primitive UPDATE 2005-01

0 BFC CERTIFY CW


1 16 0 0 -10 6.36 0 -6.36 0 1 0 6.36 0 6.36 1-4edge.dat
1 16 0 1 -10 6.36 0 -6.36 0 1 0 6.36 0 6.36 1-4edge.dat
1 16 0 0 -10 6.36 0 -6.36 0 1 0 6.36 0 6.36 1-4cyli.dat
1 16 0 0 10 6.36 0 -6.36 0 1 0 -6.36 0 -6.36 1-4edge.dat
1 16 0 1 10 6.36 0 -6.36 0 1 0 -6.36 0 -6.36 1-4edge.dat
1 16 0 0 10 6.36 0 -6.36 0 1 0 -6.36 0 -6.36 1-4cyli.dat
4 16 3.442 1 -1.69 3.442 1 1.69 6.36 1 3.64 6.36 1 -3.64
4 16 0 1 -1.0057 0 1 1.0057 3.442 1 1.69 3.442 1 -1.69
4 16 -3.442 1 -1.69 -3.442 1 1.69 0 1 1.0057 0 1 -1.0057
4 16 -6.36 1 -3.64 -6.36 1 3.64 -3.442 1 1.69 -3.442 1 -1.69
1 16 6.36 0.5 0 0 1 0 0.5 0 0 0 0 3.64 rect.dat
1 16 -6.36 0.5 0 0 -1 0 0.5 0 0 0 0 3.64 rect.dat
4 16 9 0 -10 6.36 0 -3.64 6.36 0 3.64 9 0 10
4 16 -6.36 0 3.64 -6.36 0 -3.64 -9 0 -10 -9 0 10
0
