0 Stud Tube Solid without Base Edges (Fast-Draw)
0 Name: STU23A.dat
0 Author: James Jessiman
0 Original LDraw Primitive - LDraw beta 0.27 Archive

 2 24 4.00 -4.00 0.00 2.8 -4.00 -2.8
 3 16 0.00 -4.00 0.00 4.00 -4.00 0.00 2.8 -4.00 -2.8
 4 16 4.00 -4.00 0.00 2.8 -4.00 -2.8 2.8 0.00 -2.8 4.00 0.00 0.00
 5 24 4.00 -4.00 0.00 4.00 0.00 0.00 2.8 -4.00 -2.8 2.8 -4.00 2.8
 2 24 2.8 -4.00 -2.8 0.00 -4.00 -4.00
 3 16 0.00 -4.00 0.00 2.8 -4.00 -2.8 0.00 -4.00 -4.00
 4 16 2.8 -4.00 -2.8 0.00 -4.00 -4.00 0.00 0.00 -4.00 2.8 0.00 -2.8
 5 24 2.8 -4.00 -2.8 2.8 0.00 -2.8 0.00 -4.00 -4.00 4.00 -4.00 0.00
 2 24 0.00 -4.00 -4.00 -2.8 -4.00 -2.8
 3 16 0.00 -4.00 0.00 0.00 -4.00 -4.00 -2.8 -4.00 -2.8
 4 16 0.00 -4.00 -4.00 -2.8 -4.00 -2.8 -2.8 0.00 -2.8 0.00 0.00 -4.00
 5 24 0.00 -4.00 -4.00 0.00 0.00 -4.00 -2.8 -4.00 -2.8 2.8 -4.00 -2.8
 2 24 -2.8 -4.00 -2.8 -4.00 -4.00 0.00
 3 16 0.00 -4.00 0.00 -2.8 -4.00 -2.8 -4.00 -4.00 0.00
 4 16 -2.8 -4.00 -2.8 -4.00 -4.00 0.00 -4.00 0.00 0.00 -2.8 0.00 -2.8
 5 24 -2.8 -4.00 -2.8 -2.8 0.00 -2.8 -4.00 -4.00 0.00 0.00 -4.00 -4.00
 2 24 -4.00 -4.00 0.00 -2.8 -4.00 2.8
 3 16 0.00 -4.00 0.00 -4.00 -4.00 0.00 -2.8 -4.00 2.8
 4 16 -4.00 -4.00 0.00 -2.8 -4.00 2.8 -2.8 0.00 2.8 -4.00 0.00 0.00
 5 24 -4.00 -4.00 0.00 -4.00 0.00 0.00 -2.8 -4.00 2.8 -2.8 -4.00 -2.8
 2 24 -2.8 -4.00 2.8 0.00 -4.00 4.00
 3 16 0.00 -4.00 0.00 -2.8 -4.00 2.8 0.00 -4.00 4.00
 4 16 -2.8 -4.00 2.8 0.00 -4.00 4.00 0.00 0.00 4.00 -2.8 0.00 2.8
 5 24 -2.8 -4.00 2.8 -2.8 0.00 2.8 0.00 -4.00 4.00 -4.00 -4.00 0.00
 2 24 0.00 -4.00 4.00 2.8 -4.00 2.8
 3 16 0.00 -4.00 0.00 0.00 -4.00 4.00 2.8 -4.00 2.8
 4 16 0.00 -4.00 4.00 2.8 -4.00 2.8 2.8 0.00 2.8 0.00 0.00 4.00
 5 24 0.00 -4.00 4.00 0.00 0.00 4.00 2.8 -4.00 2.8 -2.8 -4.00 2.8
 2 24 2.8 -4.00 2.8 4.00 -4.00 0.00
 3 16 0.00 -4.00 0.00 2.8 -4.00 2.8 4.00 -4.00 0.00
 4 16 2.8 -4.00 2.8 4.00 -4.00 0.00 4.00 0.00 0.00 2.8 0.00 2.8
 5 24 2.8 -4.00 2.8 2.8 0.00 2.8 4.00 -4.00 0.00 0.00 -4.00 4.00
0
