0 Stud (Fast-Draw)
0 Name: stu2.dat
0 Author: James Jessiman
0 Original LDraw Primitive
0 LDRAW_ORG Primitive UPDATE 2002-02

0 BFC CERTIFY CW

0 2002-04-04 SEB Modified for BFC compliance; compacted code

 2 24 6 0 0 4.2 0 -4.2
 2 24 6 -4 0 4.2 -4 -4.2
 3 16 0 -4 0 6 -4 0 4.2 -4 -4.2
 4 16 4.2 0 -4.2 4.2 -4 -4.2 6 -4 0 6 0 0
 5 24 6 -4 0 6 0 0 4.2 -4 -4.2 4.2 -4 4.2
 2 24 4.2 0 -4.2 0 0 -6
 2 24 4.2 -4 -4.2 0 -4 -6
 3 16 0 -4 0 4.2 -4 -4.2 0 -4 -6
 4 16 0 0 -6 0 -4 -6 4.2 -4 -4.2 4.2 0 -4.2
 5 24 4.2 -4 -4.2 4.2 0 -4.2 0 -4 -6 6 -4 0
 2 24 0 0 -6 -4.2 0 -4.2
 2 24 0 -4 -6 -4.2 -4 -4.2
 3 16 0 -4 0 0 -4 -6 -4.2 -4 -4.2
 4 16 -4.2 0 -4.2 -4.2 -4 -4.2 0 -4 -6 0 0 -6
 5 24 0 -4 -6 0 0 -6 -4.2 -4 -4.2 4.2 -4 -4.2
 2 24 -4.2 0 -4.2 -6 0 0
 2 24 -4.2 -4 -4.2 -6 -4 0
 3 16 0 -4 0 -4.2 -4 -4.2 -6 -4 0
 4 16 -6 0 0 -6 -4 0 -4.2 -4 -4.2 -4.2 0 -4.2
 5 24 -4.2 -4 -4.2 -4.2 0 -4.2 -6 -4 0 0 -4 -6
 2 24 -6 0 0 -4.2 0 4.2
 2 24 -6 -4 0 -4.2 -4 4.2
 3 16 0 -4 0 -6 -4 0 -4.2 -4 4.2
 4 16 -4.2 0 4.2 -4.2 -4 4.2 -6 -4 0 -6 0 0
 5 24 -6 -4 0 -6 0 0 -4.2 -4 4.2 -4.2 -4 -4.2
 2 24 -4.2 0 4.2 0 0 6
 2 24 -4.2 -4 4.2 0 -4 6
 3 16 0 -4 0 -4.2 -4 4.2 0 -4 6
 4 16 0 0 6 0 -4 6 -4.2 -4 4.2 -4.2 0 4.2
 5 24 -4.2 -4 4.2 -4.2 0 4.2 0 -4 6 -6 -4 0
 2 24 0 0 6 4.2 0 4.2
 2 24 0 -4 6 4.2 -4 4.2
 3 16 0 -4 0 0 -4 6 4.2 -4 4.2
 4 16 4.2 0 4.2 4.2 -4 4.2 0 -4 6 0 0 6
 5 24 0 -4 6 0 0 6 4.2 -4 4.2 -4.2 -4 4.2
 2 24 4.2 0 4.2 6 0 0
 2 24 4.2 -4 4.2 6 -4 0
 3 16 0 -4 0 4.2 -4 4.2 6 -4 0
 4 16 6 0 0 6 -4 0 4.2 -4 4.2 4.2 0 4.2
 5 24 4.2 -4 4.2 4.2 0 4.2 6 -4 0 0 -4 6
0
