0 Scala Stud (Fast-Draw)
0 Name: Stu25.dat
0 Author: Tore Eriksson
0 Official LCAD Primitive - 2000-02 Update

0 To be copied into \p directory

1 16  0 0 0  1 0 0  0 1 0  0 0 1 stud.dat

1 16  0 0 0  8 0 0  0 0 0  0 0 8  4-4edge.dat
1 16  0 0 0  8 0 0  0 -4 0  0 0 8  4-4cyli.dat
1 16  0 -4 0  8 0 0  0 0 0  0 0 8  4-4edge.dat
1 16  0 -4 0  8 0 0  0 0 0  0 0 8  4-4ndis.dat

1 16 10 0 10 4.24 0 4.24 0 0 0 -4.24 0 4.24 2-4edge.dat
1 16 10 0 10 4.24 0 4.24 0 -4 0 -4.24 0 4.24 2-4cyli.dat
1 16 10 -4 10 4.24 0 4.24 0 0 0 -4.24 0 4.24 2-4edge.dat
1 16 10 -4 10 4.24 0 4.24 0 0 0 -4.24 0 4.24 2-4disc.dat
2 24 12.61 0 -3.06 14.24 0 -5.76
2 24 12 0 0 12.61 0 -3.06
2 24 12 0 0 12.61 0 3.06
2 24 12.61 0 3.06 14.24 0 5.76
4 16 12.61 0 -3.06 14.24 0 -5.76 14.24 -4 -5.76 12.61 -4 -3.06
4 16 12 0 0 12.61 0 -3.06 12.61 -4 -3.06 12 -4 0
4 16 12 0 0 12.61 0 3.06 12.61 -4 3.06 12 -4 0
4 16 12.61 0 3.06 14.24 0 5.76 14.24 -4 5.76 12.61 -4 3.06
2 24 12.61 -4 -3.06 14.24 -4 -5.76
2 24 12 -4 0 12.61 -4 -3.06
2 24 12 -4 0 12.61 -4 3.06
2 24 12.61 -4 3.06 14.24 -4 5.76
3 16 8 -4 8 14.24 -4 5.76 5.76 -4 14.24
3 16 8 -4 8 8 -4 -8 12 -4 0
3 16 8 -4 8 12.61 -4 3.06 14.24 -4 5.76
3 16 8 -4 8 12 -4 0 12.61 -4 3.06
3 16 8 -4 -8 12.61 -4 -3.06 14.24 -4 -5.76
3 16 8 -4 -8 12 -4 0 12.61 -4 -3.06

1 16 -10 0 10 4.24 0 -4.24 0 0 0 4.24 0 4.24 2-4edge.dat
1 16 -10 0 10 4.24 0 -4.24 0 -4 0 4.24 0 4.24 2-4cyli.dat
1 16 -10 -4 10 4.24 0 -4.24 0 0 0 4.24 0 4.24 2-4edge.dat
1 16 -10 -4 10 4.24 0 -4.24 0 0 0 4.24 0 4.24 2-4disc.dat
2 24 3.06 0 12.61 5.76 0 14.24
2 24 0 0 12 3.06 0 12.61
2 24 0 0 12 -3.06 0 12.61
2 24 -3.06 0 12.61 -5.76 0 14.24
4 16 3.06 0 12.61 5.76 0 14.24 5.76 -4 14.24 3.06 -4 12.61
4 16 0 0 12 3.06 0 12.61 3.06 -4 12.61 0 -4 12
4 16 0 0 12 -3.06 0 12.61 -3.06 -4 12.61 0 -4 12
4 16 -3.06 0 12.61 -5.76 0 14.24 -5.76 -4 14.24 -3.06 -4 12.61
2 24 3.06 -4 12.61 5.76 -4 14.24
2 24 0 -4 12 3.06 -4 12.61
2 24 0 -4 12 -3.06 -4 12.61
2 24 -3.06 -4 12.61 -5.76 -4 14.24
3 16 -8 -4 8 -5.76 -4 14.24 -14.24 -4 5.76
3 16 -8 -4 8 8 -4 8 0 -4 12
3 16 -8 -4 8 -3.06 -4 12.61 -5.76 -4 14.24
3 16 -8 -4 8 0 -4 12 -3.06 -4 12.61
3 16 8 -4 8 3.06 -4 12.61 5.76 -4 14.24
3 16 8 -4 8 0 -4 12 3.06 -4 12.61

1 16 -10 0 -10 -4.24 0 -4.24 0 0 0 4.24 0 -4.24 2-4edge.dat
1 16 -10 0 -10 -4.24 0 -4.24 0 -4 0 4.24 0 -4.24 2-4cyli.dat
1 16 -10 -4 -10 -4.24 0 -4.24 0 0 0 4.24 0 -4.24 2-4edge.dat
1 16 -10 -4 -10 -4.24 0 -4.24 0 0 0 4.24 0 -4.24 2-4disc.dat
2 24 -12.61 0 3.06 -14.24 0 5.76
2 24 -12 0 0 -12.61 0 3.06
2 24 -12 0 0 -12.61 0 -3.06
2 24 -12.61 0 -3.06 -14.24 0 -5.76
4 16 -12.61 0 3.06 -14.24 0 5.76 -14.24 -4 5.76 -12.61 -4 3.06
4 16 -12 0 0 -12.61 0 3.06 -12.61 -4 3.06 -12 -4 0
4 16 -12 0 0 -12.61 0 -3.06 -12.61 -4 -3.06 -12 -4 0
4 16 -12.61 0 -3.06 -14.24 0 -5.76 -14.24 -4 -5.76 -12.61 -4 -3.06
2 24 -12.61 -4 3.06 -14.24 -4 5.76
2 24 -12 -4 0 -12.61 -4 3.06
2 24 -12 -4 0 -12.61 -4 -3.06
2 24 -12.61 -4 -3.06 -14.24 -4 -5.76
3 16 -8 -4 -8 -14.24 -4 -5.76 -5.76 -4 -14.24
3 16 -8 -4 -8 -8 -4 8 -12 -4 0
3 16 -8 -4 -8 -12.61 -4 -3.06 -14.24 -4 -5.76
3 16 -8 -4 -8 -12 -4 0 -12.61 -4 -3.06
3 16 -8 -4 8 -12.61 -4 3.06 -14.24 -4 5.76
3 16 -8 -4 8 -12 -4 0 -12.61 -4 3.06

1 16 10 0 -10 -4.24 0 4.24 0 0 0 -4.24 0 -4.24 2-4edge.dat
1 16 10 0 -10 -4.24 0 4.24 0 -4 0 -4.24 0 -4.24 2-4cyli.dat
1 16 10 -4 -10 -4.24 0 4.24 0 0 0 -4.24 0 -4.24 2-4edge.dat
1 16 10 -4 -10 -4.24 0 4.24 0 0 0 -4.24 0 -4.24 2-4disc.dat
2 24 -3.06 0 -12.61 -5.76 0 -14.24
2 24 0 0 -12 -3.06 0 -12.61
2 24 0 0 -12 3.06 0 -12.61
2 24 3.06 0 -12.61 5.76 0 -14.24
4 16 -3.06 0 -12.61 -5.76 0 -14.24 -5.76 -4 -14.24 -3.06 -4 -12.61
4 16 0 0 -12 -3.06 0 -12.61 -3.06 -4 -12.61 0 -4 -12
4 16 0 0 -12 3.06 0 -12.61 3.06 -4 -12.61 0 -4 -12
4 16 3.06 0 -12.61 5.76 0 -14.24 5.76 -4 -14.24 3.06 -4 -12.61
2 24 -3.06 -4 -12.61 -5.76 -4 -14.24
2 24 0 -4 -12 -3.06 -4 -12.61
2 24 0 -4 -12 3.06 -4 -12.61
2 24 3.06 -4 -12.61 5.76 -4 -14.24
3 16 8 -4 -8 5.76 -4 -14.24 14.24 -4 -5.76
3 16 8 -4 -8 -8 -4 -8 0 -4 -12
3 16 8 -4 -8 3.06 -4 -12.61 5.76 -4 -14.24
3 16 8 -4 -8 0 -4 -12 3.06 -4 -12.61
3 16 -8 -4 -8 -3.06 -4 -12.61 -5.76 -4 -14.24
3 16 -8 -4 -8 0 -4 -12 -3.06 -4 -12.61
