0 Stud Open (Fast-Draw)
0 Name: STU22.dat
0 Author: James Jessiman
0 Original LDraw Primitive - LDraw beta 0.27 Archive

 2 24 6.00 0.00 0.00 4.2 0.00 -4.2
 2 24 6.00 -4.00 0.00 4.2 -4.00 -4.2
 2 24 4.00 0.00 0.00 2.8 0.00 -2.8
 2 24 4.00 -4.00 0.00 2.8 -4.00 -2.8
 4 16 6.00 -4.00 0.00 4.2 -4.00 -4.2 2.8 -4.00 -2.8 4.00 -4.00 0.00
 4 16 6.00 -4.00 0.00 4.2 -4.00 -4.2 4.2 0.00 -4.2 6.00 0.00 0.00
 5 24 6.00 -4.00 0.00 6.00 0.00 0.00 4.2 -4.00 -4.2 4.2 -4.00 4.2
 4 16 4.00 -4.00 0.00 2.8 -4.00 -2.8 2.8 0.00 -2.8 4.00 0.00 0.00
 5 24 4.00 -4.00 0.00 4.00 0.00 0.00 2.8 -4.00 -2.8 2.8 -4.00 2.8
 2 24 4.2 0.00 -4.2 0.00 0.00 -6.00
 2 24 4.2 -4.00 -4.2 0.00 -4.00 -6.00
 2 24 2.8 0.00 -2.8 0.00 0.00 -4.00
 2 24 2.8 -4.00 -2.8 0.00 -4.00 -4.00
 4 16 4.2 -4.00 -4.2 0.00 -4.00 -6.00 0.00 -4.00 -4.00 2.8 -4.00 -2.8
 4 16 4.2 -4.00 -4.2 0.00 -4.00 -6.00 0.00 0.00 -6.00 4.2 0.00 -4.2
 5 24 4.2 -4.00 -4.2 4.2 0.00 -4.2 0.00 -4.00 -6.00 6.00 -4.00 0.00
 4 16 2.8 -4.00 -2.8 0.00 -4.00 -4.00 0.00 0.00 -4.00 2.8 0.00 -2.8
 5 24 2.8 -4.00 -2.8 2.8 0.00 -2.8 0.00 -4.00 -4.00 4.00 -4.00 0.00
 2 24 0.00 0.00 -6.00 -4.2 0.00 -4.2
 2 24 0.00 -4.00 -6.00 -4.2 -4.00 -4.2
 2 24 0.00 0.00 -4.00 -2.8 0.00 -2.8
 2 24 0.00 -4.00 -4.00 -2.8 -4.00 -2.8
 4 16 0.00 -4.00 -6.00 -4.2 -4.00 -4.2 -2.8 -4.00 -2.8 0.00 -4.00 -4.00
 4 16 0.00 -4.00 -6.00 -4.2 -4.00 -4.2 -4.2 0.00 -4.2 0.00 0.00 -6.00
 5 24 0.00 -4.00 -6.00 0.00 0.00 -6.00 -4.2 -4.00 -4.2 4.2 -4.00 -4.2
 4 16 0.00 -4.00 -4.00 -2.8 -4.00 -2.8 -2.8 0.00 -2.8 0.00 0.00 -4.00
 5 24 0.00 -4.00 -4.00 0.00 0.00 -4.00 -2.8 -4.00 -2.8 2.8 -4.00 -2.8
 2 24 -4.2 0.00 -4.2 -6.00 0.00 0.00
 2 24 -4.2 -4.00 -4.2 -6.00 -4.00 0.00
 2 24 -2.8 0.00 -2.8 -4.00 0.00 0.00
 2 24 -2.8 -4.00 -2.8 -4.00 -4.00 0.00
 4 16 -4.2 -4.00 -4.2 -6.00 -4.00 0.00 -4.00 -4.00 0.00 -2.8 -4.00 -2.8
 4 16 -4.2 -4.00 -4.2 -6.00 -4.00 0.00 -6.00 0.00 0.00 -4.2 0.00 -4.2
 5 24 -4.2 -4.00 -4.2 -4.2 0.00 -4.2 -6.00 -4.00 0.00 0.00 -4.00 -6.00
 4 16 -2.8 -4.00 -2.8 -4.00 -4.00 0.00 -4.00 0.00 0.00 -2.8 0.00 -2.8
 5 24 -2.8 -4.00 -2.8 -2.8 0.00 -2.8 -4.00 -4.00 0.00 0.00 -4.00 -4.00
 2 24 -6.00 0.00 0.00 -4.2 0.00 4.2
 2 24 -6.00 -4.00 0.00 -4.2 -4.00 4.2
 2 24 -4.00 0.00 0.00 -2.8 0.00 2.8
 2 24 -4.00 -4.00 0.00 -2.8 -4.00 2.8
 4 16 -6.00 -4.00 0.00 -4.2 -4.00 4.2 -2.8 -4.00 2.8 -4.00 -4.00 0.00
 4 16 -6.00 -4.00 0.00 -4.2 -4.00 4.2 -4.2 0.00 4.2 -6.00 0.00 0.00
 5 24 -6.00 -4.00 0.00 -6.00 0.00 0.00 -4.2 -4.00 4.2 -4.2 -4.00 -4.2
 4 16 -4.00 -4.00 0.00 -2.8 -4.00 2.8 -2.8 0.00 2.8 -4.00 0.00 0.00
 5 24 -4.00 -4.00 0.00 -4.00 0.00 0.00 -2.8 -4.00 2.8 -2.8 -4.00 -2.8
 2 24 -4.2 0.00 4.2 0.00 0.00 6.00
 2 24 -4.2 -4.00 4.2 0.00 -4.00 6.00
 2 24 -2.8 0.00 2.8 0.00 0.00 4.00
 2 24 -2.8 -4.00 2.8 0.00 -4.00 4.00
 4 16 -4.2 -4.00 4.2 0.00 -4.00 6.00 0.00 -4.00 4.00 -2.8 -4.00 2.8
 4 16 -4.2 -4.00 4.2 0.00 -4.00 6.00 0.00 0.00 6.00 -4.2 0.00 4.2
 5 24 -4.2 -4.00 4.2 -4.2 0.00 4.2 0.00 -4.00 6.00 -6.00 -4.00 0.00
 4 16 -2.8 -4.00 2.8 0.00 -4.00 4.00 0.00 0.00 4.00 -2.8 0.00 2.8
 5 24 -2.8 -4.00 2.8 -2.8 0.00 2.8 0.00 -4.00 4.00 -4.00 -4.00 0.00
 2 24 0.00 0.00 6.00 4.2 0.00 4.2
 2 24 0.00 -4.00 6.00 4.2 -4.00 4.2
 2 24 0.00 0.00 4.00 2.8 0.00 2.8
 2 24 0.00 -4.00 4.00 2.8 -4.00 2.8
 4 16 0.00 -4.00 6.00 4.2 -4.00 4.2 2.8 -4.00 2.8 0.00 -4.00 4.00
 4 16 0.00 -4.00 6.00 4.2 -4.00 4.2 4.2 0.00 4.2 0.00 0.00 6.00
 5 24 0.00 -4.00 6.00 0.00 0.00 6.00 4.2 -4.00 4.2 -4.2 -4.00 4.2
 4 16 0.00 -4.00 4.00 2.8 -4.00 2.8 2.8 0.00 2.8 0.00 0.00 4.00
 5 24 0.00 -4.00 4.00 0.00 0.00 4.00 2.8 -4.00 2.8 -2.8 -4.00 2.8
 2 24 4.2 0.00 4.2 6.00 0.00 0.00
 2 24 4.2 -4.00 4.2 6.00 -4.00 0.00
 2 24 2.8 0.00 2.8 4.00 0.00 0.00
 2 24 2.8 -4.00 2.8 4.00 -4.00 0.00
 4 16 4.2 -4.00 4.2 6.00 -4.00 0.00 4.00 -4.00 0.00 2.8 -4.00 2.8
 4 16 4.2 -4.00 4.2 6.00 -4.00 0.00 6.00 0.00 0.00 4.2 0.00 4.2
 5 24 4.2 -4.00 4.2 4.2 0.00 4.2 6.00 -4.00 0.00 0.00 -4.00 6.00
 4 16 2.8 -4.00 2.8 4.00 -4.00 0.00 4.00 0.00 0.00 2.8 0.00 2.8
 5 24 2.8 -4.00 2.8 2.8 0.00 2.8 4.00 -4.00 0.00 0.00 -4.00 4.00
0
