0 Container Bookcase  2 x  4 x  4
0 Name: 1.dat
0 Author: James Jessiman
0 Original LDraw Part
0 LDRAW_ORG Part UPDATE 2003-02

0 KEYWORDS Homemaker, shelf, cupboard
0 BFC CERTIFY CCW

0 2003-01-20 SEB Completed header, retitled, BFC'ed, removed excess data

1 16 20 92 0 1 0 0 0 -1 0 0 0 1 stud4.dat
1 16 0 92 0 1 0 0 0 -1 0 0 0 1 stud4.dat
1 16 -20 92 0 1 0 0 0 -1 0 0 0 1 stud4.dat
0 BFC INVERTNEXT
1 16 0 96 0 36 0 0 0 -4 0 0 0 16 box5.dat
4 16 40 96 20 36 96 16 -36 96 16 -40 96 20
4 16 -40 96 20 -36 96 16 -36 96 -16 -40 96 -20
4 16 -40 96 -20 -36 96 -16 36 96 -16 40 96 -20
4 16 40 96 -20 36 96 -16 36 96 16 40 96 20
2 24 40 96 20 -40 96 20
2 24 -40 96 20 -40 96 -20
2 24 -40 96 -20 40 96 -20
2 24 40 96 -20 40 96 20
2 24 36 88 16 -36 88 16
2 24 -36 88 16 -36 88 -20
2 24 -36 88 -20 36 88 -20
2 24 36 88 -20 36 88 16
2 24 36 48 16 -36 48 16
2 24 -36 48 16 -36 48 -20
2 24 -36 48 -20 36 48 -20
2 24 36 48 -20 36 48 16
2 24 36 44 16 -36 44 16
2 24 -36 44 16 -36 44 -20
2 24 -36 44 -20 36 44 -20
2 24 36 44 -20 36 44 16
2 24 36 4 16 -36 4 16
2 24 -36 4 16 -36 4 -20
2 24 -36 4 -20 36 4 -20
2 24 36 4 -20 36 4 16
2 24 40 0 20 -40 0 20
2 24 -40 0 20 -40 0 -20
2 24 -40 0 -20 40 0 -20
2 24 40 0 -20 40 0 20
2 24 36 48 16 36 88 16
2 24 -36 48 16 -36 88 16
2 24 36 48 -20 36 88 -20
2 24 -36 48 -20 -36 88 -20
2 24 36 4 16 36 44 16
2 24 -36 4 16 -36 44 16
2 24 36 4 -20 36 44 -20
2 24 -36 4 -20 -36 44 -20
2 24 40 0 20 40 96 20
2 24 -40 0 20 -40 96 20
2 24 40 0 -20 40 96 -20
2 24 -40 0 -20 -40 96 -20
4 16 -36 88 16 -36 88 -20 36 88 -20 36 88 16
4 16 36 48 16 36 48 -20 -36 48 -20 -36 48 16
4 16 -36 44 16 -36 44 -20 36 44 -20 36 44 16
4 16 36 4 16 36 4 -20 -36 4 -20 -36 4 16
4 16 -40 0 20 -40 0 -20 40 0 -20 40 0 20
4 16 36 48 -20 36 48 16 36 88 16 36 88 -20
4 16 -36 88 16 -36 48 16 -36 48 -20 -36 88 -20
4 16 36 48 -20 36 4 -20 36 4 16 36 48 16
4 16 -36 48 16 -36 4 16 -36 4 -20 -36 48 -20
4 16 40 96 20 40 0 20 40 0 -20 40 96 -20
4 16 -40 96 -20 -40 0 -20 -40 0 20 -40 96 20
4 16 -40 96 20 -40 0 20 40 0 20 40 96 20
4 16 36 88 16 36 48 16 -36 48 16 -36 88 16
4 16 36 48 16 36 4 16 -36 4 16 -36 48 16
4 16 40 96 -20 36 88 -20 -36 88 -20 -40 96 -20
4 16 40 0 -20 36 4 -20 36 88 -20 40 96 -20
4 16 -40 96 -20 -36 88 -20 -36 4 -20 -40 0 -20
4 16 -40 0 -20 -36 4 -20 36 4 -20 40 0 -20
4 16 36 48 -20 36 44 -20 -36 44 -20 -36 48 -20
1 16 30 0 10 1 0 0 0 1 0 0 0 1 stud2.dat
1 16 10 0 10 1 0 0 0 1 0 0 0 1 stud2.dat
1 16 -10 0 10 1 0 0 0 1 0 0 0 1 stud2.dat
1 16 -30 0 10 1 0 0 0 1 0 0 0 1 stud2.dat
1 16 30 0 -10 1 0 0 0 1 0 0 0 1 stud2.dat
1 16 10 0 -10 1 0 0 0 1 0 0 0 1 stud2.dat
1 16 -10 0 -10 1 0 0 0 1 0 0 0 1 stud2.dat
1 16 -30 0 -10 1 0 0 0 1 0 0 0 1 stud2.dat
0
