0 Antenna Whip with Flag
0 Name: 105.dat
0 Author: Jaco van der Molen
0 Official LCad update 99-04

1 16 0 4 0 1 0 0 0 -1 0 0 0 1 stud4a.dat
1 16 0 4 0 6 0 0 0 0 0 0 0 6 4-4edge.dat
1 16 0 0 0 8 0 0 0 0 0 0 0 8 4-4edge.dat
1 16 0 0 0 4 0 0 0 0 0 0 0 4 4-4edge.dat
1 16 0 -24 0 4 0 0 0 0 0 0 0 4 4-4edge.dat
1 16 0 -24 0 2 0 0 0 0 0 0 0 2 4-4edge.dat
1 16 0 -176 0 2 0 0 0 0 0 0 0 2 4-4edge.dat
1 16 0 -180 0 4 0 0 0 4 0 0 0 4 8-8sphe.dat
1 16 0 -180 0 2 0 0 0 156 0 0 0 2 4-4cyli.dat
1 16 0 -24 0 4 0 0 0 0 0 0 0 4 4-4disc.dat
1 16 0 -24 0 4 0 0 0 24 0 0 0 4 4-4cyli.dat
1 16 0 0 0 8 0 0 0 0 0 0 0 8 4-4disc.dat
1 16 0 0 0 8 0 0 0 4 0 0 0 8 4-4cyli.dat
1 16 0 4 0 6 0 0 0 0 0 0 0 6 4-4disc.dat

2 24 2 -176 -2 2 -144 -2
2 24 2 -176 -2 2 -160.92 -50.38
2 24 2 -160.92 -50.38 2 -160.71 -50.71
2 24 2 -160.71 -50.71 2 -160.38 -50.92
2 24 2 -160.38 -50.92 2 -160 -51
2 24 2 -160 -51 2 -159.62 -50.92
2 24 2 -159.62 -50.92 2 -159.29 -50.71
2 24 2 -159.29 -50.71 2 -159.08 -50.38
2 24 2 -158.92 -50.38 2 -144 -2
4 16 2 -144 -2 2 -176 -2 2 -160.92 -50.38 2 -158.92 -50.38
1 16 2 -160 -50 0 -1 0 -1 0 0 0 0 -1 2-4disc.dat

2 24 -2 -176 -2 -2 -144 -2
2 24 -2 -176 -2 -2 -160.92 -50.38
2 24 -2 -160.92 -50.38 -2 -160.71 -50.71
2 24 -2 -160.71 -50.71 -2 -160.38 -50.92
2 24 -2 -160.38 -50.92 -2 -160 -51
2 24 -2 -160 -51 -2 -159.62 -50.92
2 24 -2 -159.62 -50.92 -2 -159.29 -50.71
2 24 -2 -159.29 -50.71 -2 -159.08 -50.38
2 24 -2 -158.92 -50.38 -2 -144 -2
4 16 -2 -144 -2 -2 -176 -2 -2 -160.92 -50.38 -2 -158.92 -50.38
1 16 -2 -160 -50 0 -1 0 -1 0 0 0 0 -1 2-4disc.dat

4 16 2 -176 -2 -2 -176 -2 -2 -160.92 -50.38 2 -160.92 -50.38
4 16 -2 -144 -2 2 -144 -2 2 -158.92 -50.38 -2 -158.92 -50.38

4 16 2 -160.92 -50.38 2 -160.71 -50.71 -2 -160.71 -50.71 -2 -160.92 -50.38
5 24 2 -160.92 -50.38 -2 -160.92 -50.38 2 -160.71 -50.71 2 -161 -50 
4 16 2 -160.71 -50.71 2 -160.38 -50.92 -2 -160.38 -50.92 -2 -160.71 -50.71
5 24 2 -160.71 -50.71 -2 -160.71 -50.71 2 -160.38 -50.92 2 -160.92 -50.38
4 16 2 -160.38 -50.92 2 -160 -51 -2 -160 -51 -2 -160.38 -50.92
5 24 2 -160.38 -50.92 -2 -160.38 -50.92 2 -160 -51 2 -160.71 -50.71 
4 16 2 -160 -51 2 -159.62 -50.92 -2 -159.62 -50.92 -2 -160 -51
5 24 2 -160 -51 -2 -160 -51 2 -159.62 -50.92 2 -160.38 -50.92
4 16 2 -159.62 -50.92 2 -159.29 -50.71 -2 -159.29 -50.71 -2 -159.62 -50.92
5 24 2 -159.62 -50.92 -2 -159.62 -50.92 2 -159.29 -50.71 2 -160 -51
4 16 2 -159.29 -50.71 2 -159.08 -50.38 -2 -159.08 -50.38 -2 -159.29 -50.71
5 24 2 -159.29 -50.71 -2 -159.29 -50.71 2 -159.08 -50.38 2 -159.62 -50.92
0