0 Door  1 x  3 x  1 Left
0 Name: 141.dat
0 Author: James Jessiman
0 Original LDraw Part - LDraw beta 0.27 Archive

 1 16 0 24 0 6 0 0 0 0 0 0 0 6 4-4edge.dat
 1 16 0 4 0 6 0 0 0 0 0 0 0 6 4-4edge.dat
 1 16 0 4 0 6 0 0 0 0 0 0 0 6 4-4disc.dat
 1 16 0 4 0 6 0 0 0 20 0 0 0 6 4-4cyli.dat

 2 24 6 24 10 6 24 50
 2 24 6 24 50 10 24 50
 2 24 10 24 50 10 24 0
 1 16 0 24 0 10 0 0 0 0 0 0 0 -10 3-4edge.dat
 2 24 0 24 10 6 24 10

 2 24 6 0 10 6 0 50
 2 24 6 0 50 10 0 50
 2 24 10 0 50 10 0 0
 1 16 0 0 0 10 0 0 0 0 0 0 0 -10 3-4edge.dat
 2 24 0 0 10 6 0 10

 2 24 6 0 10 6 24 10
 2 24 6 0 50 6 24 50
 2 24 10 0 50 10 24 50

 1 16 0 24 0 10 0 0 0 0 0 0 0 10 1-4ndis.dat
 4 16 6 24 10 6 24 50 10 24 50 10 24 10

 4 16 6 24 50 6 0 50 10 0 50 10 24 50
 1 16 0 0 0 10 0 0 0 24 0 0 0 -10 3-4cyli.dat
 4 16 0 24 10 0 0 10 6 0 10 6 24 10

 1 16 0 0 0 10 0 0 0 0 0 0 0 -10 3-4disc.dat
 4 16 0 0 0 0 0 10 10 0 10 10 0 0
 4 16 6 0 10 6 0 50 10 0 50 10 0 10

 1 16 6 12 44 0 0 0 2 0 0 0 0 2 4-4edge.dat
 1 16 10 12 44 0 0 0 2 0 0 0 0 2 2-4edge.dat
 1 16 10 12 36 0 0 0 2 0 0 0 0 -2 2-4edge.dat
 2 24 10 14 44 10 14 36
 2 24 10 10 44 10 10 36
 1 16 13 12 44 0 0 0 2 0 0 0 0 2 4-4edge.dat
 2 24 10 14 44 13 14 44
 2 24 10 10 44 13 10 44
 1 16 15 12 44 0 0 0 2 0 0 0 0 2 2-4edge.dat
 1 16 15 12 36 0 0 0 2 0 0 0 0 -2 2-4edge.dat
 2 24 15 14 44 15 14 36
 2 24 15 10 44 15 10 36

 1 16 6 12 44 0 0 0 2 0 0 0 0 2 4-4ndis.dat
 1 16 10 12 44 0 0 0 2 0 0 0 0 2 2-4ndis.dat
 1 16 10 12 36 0 0 0 2 0 0 0 0 -2 2-4ndis.dat
 1 16 13 12 44 0 0 0 2 0 0 0 0 2 4-4disc.dat
 1 16 15 12 44 0 0 0 2 0 0 0 0 2 2-4disc.dat
 1 16 15 12 36 0 0 0 2 0 0 0 0 -2 2-4disc.dat

 1 16 10 12 44 0 -4 0 2 0 0 0 0 2 2-4cyli.dat
 1 16 13 12 44 0 -7 0 2 0 0 0 0 -2 2-4cyli.dat
 1 16 15 12 44 0 -2 0 2 0 0 0 0 2 2-4cyli.dat
 1 16 15 12 36 0 -5 0 2 0 0 0 0 -2 2-4cyli.dat

 4 16 15 14 44 15 10 44 15 10 36 15 14 36
 4 16 10 14 44 15 14 44 15 14 36 10 14 36
 4 16 10 10 44 15 10 44 15 10 36 10 10 36

 4 16 10 24 50 10 14 46 10 14 34 10 24 0
 4 16 10 24 0 10 14 34 10 10 34 10 0 0
 4 16 10 0 0 10 10 34 10 10 46 10 0 50
 4 16 10 0 50 10 10 46 10 14 46 10 24 50
 4 16 6 24 50 6 14 46 6 14 42 6 24 10
 4 16 6 24 10 6 14 42 6 10 42 6 0 10
 4 16 6 0 10 6 10 42 6 10 46 6 0 50
 4 16 6 0 50 6 10 46 6 14 46 6 24 50

 1 16 0 0 0 1 0 0 0 1 0 0 0 1 stud.dat

 4 16 0 24 6 -2.30 24 5.54 -3.83 24 9.24 0 24 10
 4 16 -2.30 24 5.54 -4.24 24 4.24 -7.07 24 7.07 -3.83 24 9.24
 4 16 -4.24 24 4.24 -5.54 24 2.30 -9.24 24 3.83 -7.07 24 7.07
 4 16 -5.54 24 2.30 -6 24 0 -10 24 0 -9.24 24 3.83
 4 16 -6 24 0 -5.54 24 -2.30 -9.24 24 -3.83 -10 24 0
 4 16 -5.54 24 -2.30 -4.24 24 -4.24 -7.07 24 -7.07 -9.24 24 -3.83
 4 16 -4.24 24 -4.24 -2.30 24 -5.54 -3.83 24 -9.24 -7.07 24 -7.07
 4 16 -2.30 24 -5.54 0 24 -6 0 24 -10 -3.83 24 -9.24
 4 16 0 24 -6 2.30 24 -5.54 3.83 24 -9.24 0 24 -10
 4 16 2.30 24 -5.54 4.24 24 -4.24 7.07 24 -7.07 3.83 24 -9.24
 4 16 4.24 24 -4.24 5.54 24 -2.30 9.24 24 -3.83 7.07 24 -7.07
 4 16 5.54 24 -2.30 6 24 0 10 24 0 9.24 24 -3.83
 4 16 6 24 0 5.54 24 2.30 9.24 24 3.83 10 24 0
 4 16 5.54 24 2.30 4.24 24 4.24 7.07 24 7.07 9.24 24 3.83
 4 16 4.24 24 4.24 2.30 24 5.54 3.83 24 9.24 7.07 24 7.07
 4 16 2.30 24 5.54 0 24 6 0 24 10 3.83 24 9.24
0