0 Minifig Legs Old
0 Name: 15.dat
0 Author: James Jessiman
0 Original LDraw Part - LDraw beta 0.27 Archive

 2 24 16 32 6 -16 32 6
 2 24 -16 32 6 -16 32 -6
 2 24 -16 32 -6 16 32 -6
 2 24 16 32 -6 16 32 6

 2 24 20 32 10 -20 32 10
 2 24 -20 32 10 -20 32 -10
 2 24 -20 32 -10 20 32 -10
 2 24 20 32 -10 20 32 10

 1 16 14 28 0 2 0 0 0 0 0 0 0 6 rect.dat
 1 16 -14 28 0 2 0 0 0 0 0 0 0 6 rect.dat
 1 16 18 24 0 2 0 0 0 0 0 0 0 10 rect.dat
 1 16 -18 24 0 2 0 0 0 0 0 0 0 10 rect.dat
 1 16 0 4 0 12 0 0 0 0 0 0 0 6 rect.dat
 1 16 0 0 0 20 0 0 0 0 0 0 0 10 rect.dat

 2 24 16 28 6 16 32 6
 2 24 -16 28 6 -16 32 6
 2 24 16 28 -6 16 32 -6
 2 24 -16 28 -6 -16 32 -6

 2 24 20 24 10 20 32 10
 2 24 -20 24 10 -20 32 10
 2 24 20 24 -10 20 32 -10
 2 24 -20 24 -10 -20 32 -10

 2 24 12 4 6 12 28 6
 2 24 -12 4 6 -12 28 6
 2 24 12 4 -6 12 28 -6
 2 24 -12 4 -6 -12 28 -6

 2 24 20 0 10 16 24 10
 2 24 -20 0 10 -16 24 10
 2 24 20 0 -10 16 24 -10
 2 24 -20 0 -10 -16 24 -10

 4 16 20 32 10 16 32 6 -16 32 6 -20 32 10
 4 16 -20 32 10 -16 32 6 -16 32 -6 -20 32 -10
 4 16 -20 32 -10 -16 32 -6 16 32 -6 20 32 -10
 4 16 20 32 -10 16 32 -6 16 32 6 20 32 10

 4 16 20 32 10 20 24 10 -20 24 10 -20 32 10
 4 16 16 24 10 20 0 10 -20 0 10 -16 24 10
 4 16 16 32 6 16 28 6 -16 28 6 -16 32 6
 4 16 12 28 6 12 4 6 -12 4 6 -12 28 6
 4 16 16 32 -6 16 28 -6 -16 28 -6 -16 32 -6
 4 16 12 28 -6 12 4 -6 -12 4 -6 -12 28 -6
 4 16 20 32 -10 20 24 -10 -20 24 -10 -20 32 -10
 4 16 16 24 -10 20 0 -10 -20 0 -10 -16 24 -10

 4 16 20 32 10 20 24 10 20 24 -10 20 32 -10
 4 16 16 24 10 20 0 10 20 0 -10 16 24 -10
 4 16 16 32 6 16 28 6 16 28 -6 16 32 -6
 4 16 12 28 6 12 4 6 12 4 -6 12 28 -6
 4 16 -12 28 6 -12 4 6 -12 4 -6 -12 28 -6
 4 16 -16 32 6 -16 28 6 -16 28 -6 -16 32 -6
 4 16 -16 24 10 -20 0 10 -20 0 -10 -16 24 -10
 4 16 -20 32 10 -20 24 10 -20 24 -10 -20 32 -10

 1 16 10 0 0 1 0 0 0 1 0 0 0 1 stud2.dat
 1 16 -10 0 0 1 0 0 0 1 0 0 0 1 stud2.dat
0