0 Plate  1 x  1 with Clip Vertical
0 Name: 161.dat
0 Author: James Jessiman
0 Original LDraw Part - LDraw beta 0.27 Archive

 1 16 0 8 0 6 0 0 0 -4 0 0 0 6 box5.dat

 4 16 10 8 10 6 8 6 -6 8 6 -10 8 10
 4 16 -10 8 10 -6 8 6 -6 8 -6 -10 8 -10
 4 16 -10 8 -10 -6 8 -6 6 8 -6 10 8 -10
 4 16 10 8 -10 6 8 -6 6 8 6 10 8 10

 2 24 10 8 10 -10 8 10
 2 24 -10 8 10 -10 8 -10
 2 24 -10 8 -10 -4 8 -10
 2 24 -4 8 -10 -4 8 -13.24
 2 24 -4 8 -13.24 -5.66 8 -14.34
 1 16 0 8 -20 -8 0 0 0 0 0 0 0 8 1-8edge.dat
 2 24 -8 8 -20 -8 8 -24
 2 24 -8 8 -24 -4 8 -24
 2 24 -4 8 -24 -4 8 -20
 1 16 0 8 -20 4 0 0 0 0 0 0 0 4 2-4edge.dat
 2 24 4 8 -20 4 8 -24
 2 24 4 8 -24 8 8 -24
 2 24 8 8 -24 8 8 -20
 1 16 0 8 -20 8 0 0 0 0 0 0 0 8 1-8edge.dat
 2 24 5.66 8 -14.34 4 8 -13.24
 2 24 4 8 -13.24 4 8 -10
 2 24 4 8 -10 10 8 -10
 2 24 10 8 -10 10 8 10

 2 24 10 8 10 10 0 10
 2 24 -10 8 10 -10 0 10
 2 24 10 8 -10 10 0 -10
 2 24 -10 8 -10 -10 0 -10
 2 24 4 8 -10 4 0 -10
 2 24 -4 8 -10 -4 0 -10
 2 24 4 8 -13.24 4 0 -13.24
 2 24 -4 8 -13.24 -4 0 -13.24
 2 24 8 8 -24 8 0 -24
 2 24 -8 8 -24 -8 0 -24
 2 24 4 8 -24 4 0 -24
 2 24 -4 8 -24 -4 0 -24

 2 24 10 0 10 -10 0 10
 2 24 -10 0 10 -10 0 -10
 2 24 -10 0 -10 -4 0 -10
 2 24 -4 0 -10 -4 0 -13.24
 2 24 -4 0 -13.24 -5.66 0 -14.34
 1 16 0 0 -20 -8 0 0 0 0 0 0 0 8 1-8edge.dat
 2 24 -8 0 -20 -8 0 -24
 2 24 -8 0 -24 -4 0 -24
 2 24 -4 0 -24 -4 0 -20
 1 16 0 0 -20 4 0 0 0 0 0 0 0 4 2-4edge.dat
 2 24 4 0 -20 4 0 -24
 2 24 4 0 -24 8 0 -24
 2 24 8 0 -24 8 0 -20
 1 16 0 0 -20 8 0 0 0 0 0 0 0 8 1-8edge.dat
 2 24 5.66 0 -14.34 4 0 -13.24
 2 24 4 0 -13.24 4 0 -10
 2 24 4 0 -10 10 0 -10
 2 24 10 0 -10 10 0 10

 4 16 4 8 -10 4 8 -13.24 -4 8 -13.24 -4 8 -10
 4 16 8 8 -20 8 8 -24 4 8 -24 4 8 -20
 4 16 -8 8 -20 -8 8 -24 -4 8 -24 -4 8 -20
 4 16 0.00 8.00 -16.00 -1.53 8.00 -16.30 -3.06 8.00 -12.61 0.00 8.00 -12.00
 4 16 -1.53 8.00 -16.30 -2.83 8.00 -17.17 -5.66 8.00 -14.34 -3.06 8.00 -12.61
 4 16 -2.83 8.00 -17.17 -3.70 8.00 -18.47 -7.39 8.00 -16.94 -5.66 8.00 -14.34
 4 16 -3.70 8.00 -18.47 -4.00 8.00 -20.00 -8.00 8.00 -20.00 -7.39 8.00 -16.94
 4 16 4.00 8.00 -20.00 3.70 8.00 -18.47 7.39 8.00 -16.94 8.00 8.00 -20.00
 4 16 3.70 8.00 -18.47 2.83 8.00 -17.17 5.66 8.00 -14.34 7.39 8.00 -16.94
 4 16 2.83 8.00 -17.17 1.53 8.00 -16.30 3.06 8.00 -12.61 5.66 8.00 -14.34
 4 16 1.53 8.00 -16.30 0.00 8.00 -16.00 0.00 8.00 -12.00 3.06 8.00 -12.61

 4 16 10 0 10 10 0 -10 -10 0 -10 -10 0 10
 4 16 4 0 -10 4 0 -13.24 -4 0 -13.24 -4 0 -10
 4 16 8 0 -20 8 0 -24 4 0 -24 4 0 -20
 4 16 -8 0 -20 -8 0 -24 -4 0 -24 -4 0 -20
 4 16 0.00 0.00 -16.00 -1.53 0.00 -16.30 -3.06 0.00 -12.61 0.00 0.00 -12.00
 4 16 -1.53 0.00 -16.30 -2.83 0.00 -17.17 -5.66 0.00 -14.34 -3.06 0.00 -12.61
 4 16 -2.83 0.00 -17.17 -3.70 0.00 -18.47 -7.39 0.00 -16.94 -5.66 0.00 -14.34
 4 16 -3.70 0.00 -18.47 -4.00 0.00 -20.00 -8.00 0.00 -20.00 -7.39 0.00 -16.94
 4 16 4.00 0.00 -20.00 3.70 0.00 -18.47 7.39 0.00 -16.94 8.00 0.00 -20.00
 4 16 3.70 0.00 -18.47 2.83 0.00 -17.17 5.66 0.00 -14.34 7.39 0.00 -16.94
 4 16 2.83 0.00 -17.17 1.53 0.00 -16.30 3.06 0.00 -12.61 5.66 0.00 -14.34
 4 16 1.53 0.00 -16.30 0.00 0.00 -16.00 0.00 0.00 -12.00 3.06 0.00 -12.61

 4 16 10 8 10 10 0 10 -10 0 10 -10 8 10
 4 16 10 8 -10 10 0 -10 -10 0 -10 -10 8 -10
 4 16 8 8 -24 8 0 -24 4 0 -24 4 8 -24
 4 16 -8 8 -24 -8 0 -24 -4 0 -24 -4 8 -24

 4 16 10 8 10 10 0 10 10 0 -10 10 8 -10
 4 16 8 8 -20 8 0 -20 8 0 -24 8 8 -24
 4 16 4 8 -10 4 0 -10 4 0 -13.24 4 8 -13.24
 4 16 4 8 -20 4 0 -20 4 0 -24 4 8 -24
 4 16 -4 8 -20 -4 0 -20 -4 0 -24 -4 8 -24
 4 16 -4 8 -10 -4 0 -10 -4 0 -13.24 -4 8 -13.24
 4 16 -8 8 -20 -8 0 -20 -8 0 -24 -8 8 -24
 4 16 -10 8 10 -10 0 10 -10 0 -10 -10 8 -10

 1 16 0 0 -20 4 0 0 0 8 0 0 0 4 2-4cyli.dat
 1 16 0 0 -20 8 0 0 0 8 0 0 0 8 2-4cyli.dat

 1 16 0 0 0 1 0 0 0 1 0 0 0 1 stud.dat
0