0 ~Technic Gearbox  4.5V Back Plate
0 Name: 171.dat
0 Author: Ross Crawford (rcrawford@csi.com)
0 LDRAW_ORG Part UPDATE 2002-05

2 24 24.6 8 20 22.3 5 20
2 24 26.7 12 20 24.6 8 20
2 24 28.3 16 20 26.7 12 20
2 24 29.3 20 20 28.3 16 20
2 24 29.9 24 20 29.3 20 20
2 24 29.9 28 20 29.9 24 20
2 24 29.3 32 20 29.9 28 20
2 24 28.3 36 20 29.3 32 20
2 24 26.7 40 20 28.3 36 20
2 24 24.6 44 20 26.7 40 20
2 24 22.3 47 20 24.6 44 20
2 24 -24.6 8 20 -22.3 5 20
2 24 -26.7 12 20 -24.6 8 20
2 24 -28.3 16 20 -26.7 12 20
2 24 -29.3 20 20 -28.3 16 20
2 24 -29.9 24 20 -29.3 20 20
2 24 -29.9 28 20 -29.9 24 20
2 24 -29.3 32 20 -29.9 28 20
2 24 -28.3 36 20 -29.3 32 20
2 24 -26.7 40 20 -28.3 36 20
2 24 -24.6 44 20 -26.7 40 20
2 24 -22.3 47 20 -24.6 44 20
2 24 22.3 5 20 -22.3 5 20
2 24 22.3 47 20 -22.3 47 20
3 16 24.6 8 20 22.3 5 20 22.3 8 20
4 16 26.7 12 20 24.6 8 20 22.3 8 20 22.3 12 20
4 16 28.3 16 20 26.7 12 20 22.3 12 20 22.3 16 20
4 16 29.3 20 20 28.3 16 20 22.3 16 20 22.3 20 20
4 16 29.9 24 20 29.3 20 20 22.3 20 20 22.3 24 20
4 16 29.9 28 20 29.9 24 20 22.3 24 20 22.3 28 20
4 16 29.3 32 20 29.9 28 20 22.3 28 20 22.3 32 20
4 16 28.3 36 20 29.3 32 20 22.3 32 20 22.3 36 20
4 16 26.7 40 20 28.3 36 20 22.3 36 20 22.3 40 20
4 16 24.6 44 20 26.7 40 20 22.3 40 20 22.3 44 20
3 16 22.3 47 20 24.6 44 20 22.3 44 20
3 16 -24.6 8 20 -22.3 5 20 -22.3 8 20
4 16 -26.7 12 20 -24.6 8 20 -22.3 8 20 -22.3 12 20
4 16 -28.3 16 20 -26.7 12 20 -22.3 12 20 -22.3 16 20
4 16 -29.3 20 20 -28.3 16 20 -22.3 16 20 -22.3 20 20
4 16 -29.9 24 20 -29.3 20 20 -22.3 20 20 -22.3 24 20
4 16 -29.9 28 20 -29.9 24 20 -22.3 24 20 -22.3 28 20
4 16 -29.3 32 20 -29.9 28 20 -22.3 28 20 -22.3 32 20
4 16 -28.3 36 20 -29.3 32 20 -22.3 32 20 -22.3 36 20
4 16 -26.7 40 20 -28.3 36 20 -22.3 36 20 -22.3 40 20
4 16 -24.6 44 20 -26.7 40 20 -22.3 40 20 -22.3 44 20
3 16 -22.3 47 20 -24.6 44 20 -22.3 44 20
1 16 0 26 20 7.5 0 0 0 0 7.5 0 1 0 4-4edge.dat
1 16 0 26 16 7.5 0 0 0 0 7.5 0 4 0 4-4cyli.dat
1 16 0 26 20 7.5 0 0 0 0 7.5 0 1 0 4-4ndis.dat
1 16 0 26 16 7.5 0 0 0 0 7.5 0 1 0 4-4edge.dat
4 16 7.5 18.5 20 22.3 5 20 22.3 47 20 7.5 33.5 20
4 16 7.5 33.5 20 22.3 47 20 -22.3 47 20 -7.5 33.5 20
4 16 -7.5 33.5 20 -22.3 47 20 -22.3 5 20 -7.5 18.5 20
4 16 -7.5 18.5 20 -22.3 5 20 22.3 5 20 7.5 18.5 20
0

0
