0 Plate  1 x  1 with Clip Light
0 Name: 174.dat
0 Author: James Jessiman
0 Original LDraw Part - LDraw beta 0.27 Archive

 1 16 0 8 0 6 0 0 0 -4 0 0 0 6 box5.dat

 4 16 10 8 10 6 8 6 6 8 -6 10 8 -10
 4 16 10 8 -10 6 8 -6 -6 8 -6 -10 8 -10
 4 16 -10 8 -10 -6 8 -6 -6 8 6 -10 8 10
 4 16 -10 8 10 -6 8 6 6 8 6 10 8 10

 2 24 10 8 10 10 8 -10
 2 24 10 8 -10 4 8 -10
 2 24 4 8 -10 4 8 -14.4
 2 24 4 8 -14.4 4 9.39 -16.94
 2 24 4 9.39 -16.94 4 10 -20
 2 24 -4 10 -20 -4 9.39 -16.94
 2 24 -4 9.39 -16.94 -4 8 -14.4
 2 24 -4 8 -14.4 -4 8 -10
 2 24 -4 8 -10 -10 8 -10
 2 24 -10 8 -10 -10 8 10
 2 24 -10 8 10 10 8 10
 2 24 4 8 -14.4 -4 8 -14.4

 4 16 4 8 -10 4 8 -14.4 -4 8 -14.4 -4 8 -10

 2 24 10 8 10 10 0 10
 2 24 -10 8 10 -10 0 10
 2 24 10 8 -10 10 0 -10
 2 24 -10 8 -10 -10 0 -10
 2 24 4 8 -10 4 0 -10
 2 24 -4 8 -10 -4 0 -10

 4 16 10 8 10 10 0 10 -10 0 10 -10 8 10
 4 16 10 8 10 10 0 10 10 0 -10 10 8 -10
 4 16 -10 8 10 -10 0 10 -10 0 -10 -10 8 -10
 4 16 10 8 -10 10 0 -10 4 0 -10 4 8 -10
 4 16 -10 8 -10 -10 0 -10 -4 0 -10 -4 8 -10
 4 16 4 8 -10 4 0 -10 4 0 -12.40 4 8 -14.34
 4 16 -4 8 -10 -4 0 -10 -4 0 -12.40 -4 8 -14.34

 1 16 4 2 -20 0 0 0 8 0 0 0 0 -8 2-4edge.dat
 1 16 -4 2 -20 0 0 0 8 0 0 0 0 -8 2-4edge.dat
 1 16 4 2 -20 0 0 0 6 0 0 0 0 6 4-4edge.dat
 1 16 -4 2 -20 0 0 0 6 0 0 0 0 6 4-4edge.dat

 1 16 4 2 -20 0 -8 0 4 0 0 0 0 4 4-4cyli.dat
 1 16 4 2 -20 0 -8 0 8 0 0 0 0 8 4-4cyli.dat

 2 24 10 0 10 10 0 -10
 2 24 10 0 -10 4 0 -10
 2 24 4 0 -10 4 0 -12.40
 2 24 4 0 -12.40 4 -1.06 -12.61
 2 24 4 -1.06 -12.61 4 -3.66 -14.34
 2 24 4 -3.66 -14.34 4 -5.39 -16.97
 2 24 4 -5.39 -16.97 4 -6 -20
 2 24 -4 -6 -20 -4 -5.39 -16.97
 2 24 -4 -5.39 -16.97 -4 -3.66 -14.34
 2 24 -4 -3.66 -14.34 -4 -1.06 -12.61
 2 24 -4 -1.06 -12.61 -4 0 -12.40
 2 24 -4 0 -12.40 -4 0 -10
 2 24 -4 0 -10 -10 0 -10
 2 24 -10 0 -10 -10 0 10
 2 24 -10 0 10 10 0 10
 2 24 4 0 -12.40 -4 0 -12.40

 4 16 10 0 10 10 0 -10 -10 0 -10 -10 0 10
 4 16 4 0 -10 4 0 -12.40 -4 0 -12.40 -4 0 -10

 1 16 0 0 0 1 0 0 0 1 0 0 0 1 stud.dat
 1 16 4 2 -20 0 -1 0 1 0 0 0 0 1 stud2a.dat
 1 16 -4 2 -20 0 1 0 1 0 0 0 0 1 stud2a.dat

 4 16 4 2 -14 4 -0.30 -14.46 4 -1.06 -12.61 4 2 -12
 4 16 -4 2 -14 -4 -0.30 -14.46 -4 -1.06 -12.61 -4 2 -12
 4 16 4 -0.30 -14.46 4 -2.24 -15.76 4 -3.66 -14.34 4 -1.06 -12.61
 4 16 -4 -0.30 -14.46 -4 -2.24 -15.76 -4 -3.66 -14.34 -4 -1.06 -12.61
 4 16 4 -2.24 -15.76 4 -3.54 -17.70 4 -5.39 -16.94 4 -3.66 -14.34
 4 16 -4 -2.24 -15.76 -4 -3.54 -17.70 -4 -5.39 -16.94 -4 -3.66 -14.34
 4 16 4 -3.54 -17.70 4 -4 -20 4 -6 -20 4 -5.39 -16.94
 4 16 -4 -3.54 -17.70 -4 -4 -20 -4 -6 -20 -4 -5.39 -16.94
 4 16 4 -4 -20 4 -3.54 -22.30 4 -5.39 -23.06 4 -6 -20
 4 16 -4 -4 -20 -4 -3.54 -22.30 -4 -5.39 -23.06 -4 -6 -20
 4 16 4 -3.54 -22.30 4 -2.24 -24.24 4 -3.66 -25.66 4 -5.39 -23.06
 4 16 -4 -3.54 -22.30 -4 -2.24 -24.24 -4 -3.66 -25.66 -4 -5.39 -23.06
 4 16 4 -2.24 -24.24 4 -0.30 -25.54 4 -1.06 -27.39 4 -3.66 -25.66
 4 16 -4 -2.24 -24.24 -4 -0.30 -25.54 -4 -1.06 -27.39 -4 -3.66 -25.66
 4 16 4 -0.30 -25.54 4 2 -26 4 2 -28 4 -1.06 -27.39
 4 16 -4 -0.30 -25.54 -4 2 -26 -4 2 -28 -4 -1.06 -27.39
 4 16 4 2 -26 4 4.30 -25.54 4 5.06 -27.39 4 2 -28
 4 16 -4 2 -26 -4 4.30 -25.54 -4 5.06 -27.39 -4 2 -28
 4 16 4 4.30 -25.54 4 6.24 -24.24 4 7.66 -25.66 4 5.06 -27.39
 4 16 -4 4.30 -25.54 -4 6.24 -24.24 -4 7.66 -25.66 -4 5.06 -27.39
 4 16 4 6.24 -24.24 4 7.54 -22.30 4 9.39 -23.06 4 7.66 -25.66
 4 16 -4 6.24 -24.24 -4 7.54 -22.30 -4 9.39 -23.06 -4 7.66 -25.66
 4 16 4 7.54 -22.30 4 8 -20 4 10 -20 4 9.39 -23.06
 4 16 -4 7.54 -22.30 -4 8 -20 -4 10 -20 -4 9.39 -23.06
 4 16 4 8 -20 4 7.54 -17.70 4 9.39 -16.94 4 10 -20
 4 16 -4 8 -20 -4 7.54 -17.70 -4 9.39 -16.94 -4 10 -20
 4 16 4 7.54 -17.70 4 6.24 -15.76 4 7.66 -14.34 4 9.39 -16.94
 4 16 -4 7.54 -17.70 -4 6.24 -15.76 -4 7.66 -14.34 -4 9.39 -16.94
 4 16 4 6.24 -15.76 4 4.30 -14.46 4 5.06 -12.61 4 7.66 -14.34
 4 16 -4 6.24 -15.76 -4 4.30 -14.46 -4 5.06 -12.61 -4 7.66 -14.34
 4 16 4 4.30 -14.46 4 2 -14 4 2 -12 4 5.06 -12.61
 4 16 -4 4.30 -14.46 -4 2 -14 -4 2 -12 -4 5.06 -12.61
0