0 Minifig Helmet - Type 1
0 Name: 193.dat
0 Author: Willy Tschager
0 LDRAW_ORG Part UPDATE 2002-04

0 CATEGORY Minifig Accessory


2 24 -13 21 0 -12.01 21 4.975
2 24 -12.01 21 4.975 -9.192 21 9.192
2 24 -9.192 21 9.192 -4.975 21 12.01
2 24 -4.975 21 12.01 0 21 13
2 24 4.975 21 12.01 0 21 13
2 24 9.192 21 9.192 4.975 21 12.01
2 24 12.01 21 4.975 9.192 21 9.192
2 24 13 21 0 12.01 21 4.975
2 24 12.01 21.5 -4.975 13 21 0
2 24 9.192 22.145 -9.192 12.01 21.5 -4.975
2 24 4.975 23.117 -12.01 9.192 22.145 -9.192
2 24 0 23.46 -13 4.975 23.117 -12.01
2 24 0 23.46 -13 -4.975 23.117 -12.01
2 24 -4.975 23.117 -12.01 -9.192 22.145 -9.192
2 24 -9.192 22.145 -9.192 -12.01 21.5 -4.975
2 24 -12.01 21.5 -4.975 -13 21 0

2 24 -14.5 21 0 -13.396 21 5.549
2 24 -13.396 21 5.549 -10.253 21 10.253
2 24 -10.253 21 10.253 -5.549 21 13.396
2 24 -5.549 21 13.396 0 21 14.5
2 24 5.549 21 13.396 0 21 14.5
2 24 10.253 21 10.253 5.549 21 13.396
2 24 13.396 21 5.549 10.253 21 10.253
2 24 14.5 21 0 13.396 21 5.549
2 24 13.396 21.584 -5.549 14.5 21 0
2 24 10.253 22.508 -10.253 13.396 21.584 -5.549
2 24 5.549 23.598 -13.396 10.253 22.508 -10.253
2 24 0 24 -14.5 5.549 23.598 -13.396
2 24 0 24 -14.5 -5.549 23.598 -13.396
2 24 -5.549 23.598 -13.396 -10.253 22.508 -10.253
2 24 -10.253 22.508 -10.253 -13.396 21.584 -5.549
2 24 -13.396 21.584 -5.549 -14.5 21 0

2 24 0 17 -13 -4.975 17 -12.01
2 24 -4.975 17 -12.01 -9.192 17 -9.192
2 24 -10.426 16.686 -7.345 -9.192 17 -9.192
2 24 -10.426 16.686 -7.345 -11.306 15.749 -6.028
2 24 -11.306 15.749 -6.028 -11.834 14.186 -5.238
2 24 -11.834 14.186 -5.238 -12.01 12 -4.975
2 24 -12.01 9 -4.975 -12.01 12 -4.975
2 24 -12.01 9 -4.975 -11.834 6.81 -5.239
2 24 -11.834 6.81 -5.239 -11.305 5.25 -6.03
2 24 -11.305 5.249 -6.03 -10.425 4.312 -7.348
2 24 -10.425 4.312 -7.348 -9.192 4 -9.192
2 24 -9.192 4 -9.192 -4.975 4 -12.01
2 24 -4.975 4 -12.01 0 4 -13
2 24 4.975 4 -12.01 0 4 -13
2 24 9.192 4 -9.192 4.975 4 -12.01
2 24 10.425 4.312 -7.348 9.192 4 -9.192

2 24 11.305 5.249 -6.03 10.425 4.312 -7.348
2 24 11.834 6.81 -5.239 11.305 5.25 -6.03
2 24 12.01 9 -4.975 11.834 6.81 -5.239
2 24 12.01 9 -4.975 12.01 12 -4.975
2 24 11.834 14.186 -5.238 12.01 12 -4.975
2 24 11.306 15.749 -6.028 11.834 14.186 -5.238
2 24 10.426 16.686 -7.345 11.306 15.749 -6.028
2 24 10.426 16.686 -7.345 9.192 17 -9.192
2 24 4.975 17 -12.01 9.192 17 -9.192
2 24 0 17 -13 4.975 17 -12.01
2 24 0 17 -14.5 -5.549 17 -13.396
2 24 -5.549 17 -13.396 -10.253 17 -10.253
2 24 -10.253 17 -10.253 -10.961 17 -9.192
2 24 -10.961 17 -9.192 -12.194 16.686 -7.348
2 24 -12.194 16.686 -7.348 -13.074 15.749 -6.03
2 24 -13.074 15.749 -6.03 -13.396 14.801 -5.549

2 24 -13.396 14.801 -5.549 -13.458 14.186 -5.239
2 24 -13.458 14.186 -5.239 -13.511 12 -4.971
2 24 -13.511 12 -4.975 -13.511 9 -4.975
2 24 -13.511 9 -4.975 -13.458 6.81 -5.239
2 24 -13.458 6.81 -5.239 -13.396 6.2 -5.549
2 24 -13.396 6.2 -5.549 -13.074 5.249 -6.03
2 24 -13.074 5.249 -6.03 -12.194 4.312 -7.348
2 24 -12.194 4.312 -7.348 -10.961 4 -9.192
2 24 -10.961 4 -9.192 -10.253 4 -10.253
2 24 -10.253 4 -10.253 -5.549 4 -13.396
2 24 -5.549 4 -13.396 0 4 -14.5
2 24 5.549 4 -13.396 0 4 -14.5
2 24 10.253 4 -10.253 5.549 4 -13.396
2 24 10.961 4 -9.192 10.253 4 -10.253
2 24 12.194 4.312 -7.348 10.961 4 -9.192
2 24 13.074 5.249 -6.03 12.194 4.312 -7.348
2 24 13.396 6.2 -5.549 13.074 5.249 -6.03
2 24 13.458 6.81 -5.239 13.396 6.2 -5.549
2 24 13.511 9 -4.975 13.458 6.81 -5.239
2 24 13.511 12 -4.975 13.511 9 -4.975
2 24 13.458 14.186 -5.239 13.511 12 -4.971
2 24 13.396 14.801 -5.549 13.458 14.186 -5.239
2 24 13.074 15.749 -6.03 13.396 14.801 -5.549
2 24 12.194 16.686 -7.348 13.074 15.749 -6.03
2 24 10.961 17 -9.192 12.194 16.686 -7.348
2 24 10.253 17 -10.253 10.961 17 -9.192
2 24 5.549 17 -13.396 10.253 17 -10.253
2 24 0 17 -14.5 5.549 17 -13.396
2 24 -14.5 7 0 -14.386 6.886 -0.574

2 24 -14.386 6.886 -0.574 -14.297 6.56 -1.018
2 24 -14.297 6.56 -1.018 -14.241 6.074 -1.301
2 24 -14.241 6.074 -1.301 -14.218 5.5 -1.416
2 24 -14.241 4.926 -1.301 -14.218 5.5 -1.416
2 24 -14.297 4.439 -1.018 -14.241 4.926 -1.301
2 24 -14.386 4.114 -0.574 -14.297 4.439 -1.018
2 24 -14.5 4 0 -14.386 4.114 -0.574
2 24 -14.5 4 0 -14.386 4.114 0.574
2 24 -14.386 4.114 0.574 -14.297 4.439 1.018
2 24 -14.297 4.439 1.018 -14.241 4.926 1.301
2 24 -14.241 4.926 1.301 -14.218 5.5 1.416
2 24 -14.241 6.074 1.301 -14.218 5.5 1.416
2 24 -14.297 6.56 1.018 -14.241 6.074 1.301
2 24 -14.386 6.886 0.574 -14.297 6.56 1.018
2 24 -14.5 7 0 -14.386 6.886 0.574
2 24 14.5 7 0 14.386 6.886 -0.574
2 24 14.386 6.886 -0.574 14.297 6.56 -1.018
2 24 14.297 6.56 -1.018 14.241 6.074 -1.301
2 24 14.241 6.074 -1.301 14.218 5.5 -1.416
2 24 14.241 4.926 -1.301 14.218 5.5 -1.416
2 24 14.297 4.439 -1.018 14.241 4.926 -1.301
2 24 14.386 4.114 -0.574 14.297 4.439 -1.018
2 24 14.5 4 0 14.386 4.114 -0.574
2 24 14.5 4 0 14.386 4.114 0.574
2 24 14.386 4.114 0.574 14.297 4.439 1.018
2 24 14.297 4.439 1.018 14.241 4.926 1.301
2 24 14.241 4.926 1.301 14.218 5.5 1.416
2 24 14.241 6.074 1.301 14.218 5.5 1.416
2 24 14.297 6.56 1.018 14.241 6.074 1.301
2 24 14.386 6.886 0.574 14.297 6.56 1.018
2 24 14.5 7 0 14.386 6.886 0.574

1 16 0 3 0 13 0 0 0 1 0 0 0 13 4-4edge.dat

1 16 0 -4 0 1 0 0 0 -1 0 0 0 1 stud4.dat

1 16 0 -4 0 6 0 0 0 1 0 0 0 6 4-4disc.dat

4 16 -12.01 3 4.975 -7.391 -4 3.061 -8 -4 0 -13 3 0
4 16 -9.192 3 9.192 -5.657 -4 5.657 -7.391 -4 3.061 -12.01 3 4.975
4 16 -4.975 3 12.01 -3.061 -4 7.391 -5.657 -4 5.657 -9.192 3 9.192
4 16 0 3 13 0 -4 8 -3.061 -4 7.391 -4.975 3 12.01
4 16 4.975 3 12.01 3.061 -4 7.391 0 -4 8 0 3 13
4 16 9.192 3 9.192 5.657 -4 5.657 3.061 -4 7.391 4.975 3 12.01
4 16 12.01 3 4.975 7.391 -4 3.061 5.657 -4 5.657 9.192 3 9.192
4 16 13 3 0 8 -4 0 7.391 -4 3.061 12.01 3 4.975
4 16 12.01 3 -4.975 7.391 -4 -3.062 8 -4 0 13 3 0
4 16 9.192 3 -9.192 5.657 -4 -5.657 7.391 -4 -3.062 12.01 3 -4.975
4 16 4.975 3 -12.01 3.061 -4 -7.391 5.657 -4 -5.657 9.192 3 -9.192
4 16 0 3 -13 0 -4 -8 3.061 -4 -7.391 4.975 3 -12.01
4 16 -4.975 3 -12.01 -3.061 -4 -7.391 0 -4 -8 0 3 -13
4 16 -9.192 3 -9.192 -5.657 -4 -5.657 -3.061 -4 -7.391 -4.975 3 -12.01
4 16 -12.01 3 -4.975 -7.391 -4 -3.061 -5.657 -4 -5.657 -9.192 3 -9.192
4 16 -13 3 0 -8 -4 0 -7.391 -4 -3.061 -12.01 3 -4.975

1 16 0 3 0 13 0 0 0 1 0 0 0 13 4-4cyli.dat

1 16 0 4 0 13 0 0 0 17 0 0 0 13 2-4CYLI.dat

4 16 13 4 0 12.01 4 -4.975 12.01 21.5 -4.975 13 21 0
4 16 12.01 17 -4.975 9.192 17 -9.192 9.192 22.145 -9.192 12.01 21.5 -4.975
4 16 9.192 17 -9.192 4.975 17 -12.01 4.975 23.117 -12.01 9.192 22.145 -9.192
4 16 4.975 17 -12.01 0 17 -13 0 23.46 -13 4.975 23.117 -12.01
4 16 -4.975 17 -12.01 0 17 -13 0 23.46 -13 -4.975 23.117 -12.01
4 16 -9.192 17 -9.192 -4.975 17 -12.01 -4.975 23.117 -12.01 -9.192 22.145 -9.192
4 16 -12.01 17 -4.975 -9.192 17 -9.192 -9.192 22.145 -9.192 -12.01 21.5 -4.975
4 16 -13 4 0 -12.01 4 -4.975 -12.01 21.5 -4.975 -13 21 0

3 16 -10.425 16.688 -7.348 -12.01 17 -4.975 -9.192 17 -9.192
3 16 -11.305 15.751 -6.03 -12.01 17 -4.975 -10.425 16.688 -7.348
3 16 -11.834 14.19 -5.239 -12.01 17 -4.975 -11.305 15.751 -6.03
3 16 -12.01 12 -4.975 -12.01 17 -4.975 -11.834 14.19 -5.239
3 16 -12.01 4 -4.975 -12.01 9 -4.975 -11.834 6.813 -5.239
3 16 -12.01 4 -4.975 -11.834 6.813 -5.239 -11.305 5.239 -6.03
3 16 -12.01 4 -4.975 -11.305 5.239 -6.03 -10.425 4.312 -7.348
3 16 -12.01 4 -4.975 -10.425 4.312 -7.348 -9.192 4 -9.192
3 16 12.01 4 -4.975 10.425 4.312 -7.348 9.192 4 -9.192
3 16 12.01 4 -4.975 11.305 5.239 -6.03 10.425 4.312 -7.348
3 16 12.01 4 -4.975 11.834 6.813 -5.239 11.305 5.249 -6.03
3 16 12.01 4 -4.975 12.01 9 -4.975 11.834 6.813 -5.239
3 16 12.01 12 -4.975 12.01 17 -4.975 11.834 14.19 -5.239
3 16 11.834 14.19 -5.239 12.01 17 -4.975 11.305 15.751 -6.03
3 16 11.305 15.751 -6.03 12.01 17 -4.975 10.425 16.688 -7.348
3 16 10.425 16.688 -7.348 12.01 17 -4.975 9.192 17 -9.192

4 16 -13.5 5.5 0 -13.576 5.5 -0.574 -13.659 6.074 -0.574 -13.576 6.074 0
4 16 -13.576 6.074 0 -13.659 6.074 -0.574 -13.847 6.48 -0.574 -13.793 6.56 0
4 16 -13.793 6.56 0 -13.847 6.48 -0.574 -14.117 6.761 -0.574 -14.117 6.886 0
4 16 -14.117 6.886 0 -14.117 6.761 -0.574 -14.386 6.886 -0.574 -14.5 7 0
4 16 -13.576 5.5 -0.574 -13.793 5.5 -1.06 -13.847 6.074 -0.98 -13.659 6.074 -0.574
4 16 -13.847 6.074 -0.98 -14.117 6.48 -0.98 -13.847 6.48 -0.574 -13.659 6.074 -0.574
3 16 -14.117 6.48 -0.98 -14.117 6.761 -0.574 -13.847 6.48 -0.574
4 16 -14.386 6.886 -0.574 -14.117 6.761 -0.574 -14.117 6.48 -0.98 -14.297 6.56 -1.018
4 16 -13.793 5.5 -1.06 -14.117 5.5 -1.386 -14.117 6.074 -1.261 -13.847 6.074 -0.98
3 16 -14.117 6.074 -1.261 -14.117 6.48 -0.98 -13.847 6.074 -0.98
4 16 -14.297 6.56 -1.018 -14.117 6.48 -0.98 -14.117 6.074 -1.261 -14.241 6.074 -1.301
4 16 -14.117 5.5 -1.386 -14.218 5.5 -1.416 -14.241 6.074 -1.301 -14.117 6.074 -1.261
4 16 -13.5 5.5 0 -13.576 5.5 0.574 -13.659 6.074 0.574 -13.576 6.074 0
4 16 -13.576 6.074 0 -13.659 6.074 0.574 -13.847 6.48 0.574 -13.793 6.56 0
4 16 -13.793 6.56 0 -13.847 6.48 0.574 -14.117 6.761 0.574 -14.117 6.886 0
4 16 -14.117 6.886 0 -14.117 6.761 0.574 -14.386 6.886 0.574 -14.5 7 0
4 16 -13.576 5.5 0.574 -13.793 5.5 1.06 -13.847 6.074 0.98 -13.659 6.074 0.574
4 16 -13.847 6.074 0.98 -14.117 6.48 0.98 -13.847 6.48 0.574 -13.659 6.074 0.574
3 16 -14.117 6.48 0.98 -14.117 6.761 0.574 -13.847 6.48 0.574
4 16 -14.386 6.886 0.574 -14.117 6.761 0.574 -14.117 6.48 0.98 -14.297 6.56 1.018
4 16 -13.793 5.5 1.06 -14.117 5.5 1.386 -14.117 6.074 1.261 -13.847 6.074 0.98
3 16 -14.117 6.074 1.261 -14.117 6.48 0.98 -13.847 6.074 0.98
4 16 -14.297 6.56 1.018 -14.117 6.48 0.98 -14.117 6.074 1.261 -14.241 6.074 1.301
4 16 -14.117 5.5 1.386 -14.218 5.5 1.416 -14.241 6.074 1.301 -14.117 6.074 1.261
4 16 -13.5 5.5 0 -13.576 5.5 0.574 -13.659 4.926 0.574 -13.576 4.926 0
4 16 -13.576 4.926 0 -13.659 4.926 0.574 -13.847 4.52 0.574 -13.793 4.439 0
4 16 -13.793 4.439 0 -13.847 4.52 0.574 -14.117 4.239 0.574 -14.117 4.114 0
4 16 -14.117 4.114 0 -14.117 4.239 0.574 -14.386 4.114 0.574 -14.5 4 0
4 16 -13.576 5.5 0.574 -13.793 5.5 1.06 -13.847 4.926 0.98 -13.659 4.926 0.574
4 16 -13.847 4.926 0.98 -14.117 4.52 0.98 -13.847 4.52 0.574 -13.659 4.926 0.574
3 16 -14.117 4.52 0.98 -14.117 4.239 0.574 -13.847 4.52 0.574
4 16 -14.386 4.114 0.574 -14.117 4.239 0.574 -14.117 4.52 0.98 -14.297 4.439 1.018
4 16 -13.793 5.5 1.06 -14.117 5.5 1.386 -14.117 4.926 1.261 -13.847 4.926 0.98
3 16 -14.117 4.926 1.261 -14.117 4.52 0.98 -13.847 4.926 0.98
4 16 -14.297 4.439 1.018 -14.117 4.52 0.98 -14.117 4.926 1.261 -14.241 4.926 1.301
4 16 -14.117 5.5 1.386 -14.218 5.5 1.416 -14.241 4.926 1.301 -14.117 4.926 1.261
4 16 -13.5 5.5 0 -13.576 5.5 -0.574 -13.659 4.926 -0.574 -13.576 4.926 0
4 16 -13.576 4.926 0 -13.659 4.926 -0.574 -13.847 4.52 -0.574 -13.793 4.439 0
4 16 -13.793 4.439 0 -13.847 4.52 -0.574 -14.117 4.239 -0.574 -14.117 4.114 0
4 16 -14.117 4.114 0 -14.117 4.239 -0.574 -14.386 4.114 -0.574 -14.5 4 0
4 16 -13.576 5.5 -0.574 -13.793 5.5 -1.06 -13.847 4.926 -0.98 -13.659 4.926 -0.574
4 16 -13.847 4.926 -0.98 -14.117 4.52 -0.98 -13.847 4.52 -0.574 -13.659 4.926 -0.574
3 16 -14.117 4.52 -0.98 -14.117 4.239 -0.574 -13.847 4.52 -0.574
4 16 -14.386 4.114 -0.574 -14.117 4.239 -0.574 -14.117 4.52 -0.98 -14.297 4.439 -1.018
4 16 -13.793 5.5 -1.06 -14.117 5.5 -1.386 -14.117 4.926 -1.261 -13.847 4.926 -0.98
3 16 -14.117 4.926 -1.261 -14.117 4.52 -0.98 -13.847 4.926 -0.98
4 16 -14.297 4.439 -1.018 -14.117 4.52 -0.98 -14.117 4.926 -1.261 -14.241 4.926 -1.301
4 16 -14.117 5.5 -1.386 -14.218 5.5 -1.416 -14.241 4.926 -1.301 -14.117 4.926 -1.261

4 16 13.5 5.5 0 13.576 5.5 -0.574 13.659 6.074 -0.574 13.576 6.074 0
4 16 13.576 6.074 0 13.659 6.074 -0.574 13.847 6.48 -0.574 13.793 6.56 0
4 16 13.793 6.56 0 13.847 6.48 -0.574 14.117 6.761 -0.574 14.117 6.886 0
4 16 14.117 6.886 0 14.117 6.761 -0.574 14.386 6.886 -0.574 14.5 7 0
4 16 13.576 5.5 -0.574 13.793 5.5 -1.06 13.847 6.074 -0.98 13.659 6.074 -0.574
4 16 13.847 6.074 -0.98 14.117 6.48 -0.98 13.847 6.48 -0.574 13.659 6.074 -0.574
3 16 14.117 6.48 -0.98 14.117 6.761 -0.574 13.847 6.48 -0.574
4 16 14.386 6.886 -0.574 14.117 6.761 -0.574 14.117 6.48 -0.98 14.297 6.56 -1.018
4 16 13.793 5.5 -1.06 14.117 5.5 -1.386 14.117 6.074 -1.261 13.847 6.074 -0.98
3 16 14.117 6.074 -1.261 14.117 6.48 -0.98 13.847 6.074 -0.98
4 16 14.297 6.56 -1.018 14.117 6.48 -0.98 14.117 6.074 -1.261 14.241 6.074 -1.301
4 16 14.117 5.5 -1.386 14.218 5.5 -1.416 14.241 6.074 -1.301 14.117 6.074 -1.261
4 16 13.5 5.5 0 13.576 5.5 0.574 13.659 6.074 0.574 13.576 6.074 0
4 16 13.576 6.074 0 13.659 6.074 0.574 13.847 6.48 0.574 13.793 6.56 0
4 16 13.793 6.56 0 13.847 6.48 0.574 14.117 6.761 0.574 14.117 6.886 0
4 16 14.117 6.886 0 14.117 6.761 0.574 14.386 6.886 0.574 14.5 7 0
4 16 13.576 5.5 0.574 13.793 5.5 1.06 13.847 6.074 0.98 13.659 6.074 0.574
4 16 13.847 6.074 0.98 14.117 6.48 0.98 13.847 6.48 0.574 13.659 6.074 0.574
3 16 14.117 6.48 0.98 14.117 6.761 0.574 13.847 6.48 0.574
4 16 14.386 6.886 0.574 14.117 6.761 0.574 14.117 6.48 0.98 14.297 6.56 1.018
4 16 13.793 5.5 1.06 14.117 5.5 1.386 14.117 6.074 1.261 13.847 6.074 0.98
3 16 14.117 6.074 1.261 14.117 6.48 0.98 13.847 6.074 0.98
4 16 14.297 6.56 1.018 14.117 6.48 0.98 14.117 6.074 1.261 14.241 6.074 1.301
4 16 14.117 5.5 1.386 14.218 5.5 1.416 14.241 6.074 1.301 14.117 6.074 1.261
4 16 13.5 5.5 0 13.576 5.5 0.574 13.659 4.926 0.574 13.576 4.926 0
4 16 13.576 4.926 0 13.659 4.926 0.574 13.847 4.52 0.574 13.793 4.439 0
4 16 13.793 4.439 0 13.847 4.52 0.574 14.117 4.239 0.574 14.117 4.114 0
4 16 14.117 4.114 0 14.117 4.239 0.574 14.386 4.114 0.574 14.5 4 0
4 16 13.576 5.5 0.574 13.793 5.5 1.06 13.847 4.926 0.98 13.659 4.926 0.574
4 16 13.847 4.926 0.98 14.117 4.52 0.98 13.847 4.52 0.574 13.659 4.926 0.574
3 16 14.117 4.52 0.98 14.117 4.239 0.574 13.847 4.52 0.574
4 16 14.386 4.114 0.574 14.117 4.239 0.574 14.117 4.52 0.98 14.297 4.439 1.018
4 16 13.793 5.5 1.06 14.117 5.5 1.386 14.117 4.926 1.261 13.847 4.926 0.98
3 16 14.117 4.926 1.261 14.117 4.52 0.98 13.847 4.926 0.98
4 16 14.297 4.439 1.018 14.117 4.52 0.98 14.117 4.926 1.261 14.241 4.926 1.301
4 16 14.117 5.5 1.386 14.218 5.5 1.416 14.241 4.926 1.301 14.117 4.926 1.261
4 16 13.5 5.5 0 13.576 5.5 -0.574 13.659 4.926 -0.574 13.576 4.926 0
4 16 13.576 4.926 0 13.659 4.926 -0.574 13.847 4.52 -0.574 13.793 4.439 0
4 16 13.793 4.439 0 13.847 4.52 -0.574 14.117 4.239 -0.574 14.117 4.114 0
4 16 14.117 4.114 0 14.117 4.239 -0.574 14.386 4.114 -0.574 14.5 4 0
4 16 13.576 5.5 -0.574 13.793 5.5 -1.06 13.847 4.926 -0.98 13.659 4.926 -0.574
4 16 13.847 4.926 -0.98 14.117 4.52 -0.98 13.847 4.52 -0.574 13.659 4.926 -0.574
3 16 14.117 4.52 -0.98 14.117 4.239 -0.574 13.847 4.52 -0.574
4 16 14.386 4.114 -0.574 14.117 4.239 -0.574 14.117 4.52 -0.98 14.297 4.439 -1.018
4 16 13.793 5.5 -1.06 14.117 5.5 -1.386 14.117 4.926 -1.261 13.847 4.926 -0.98
3 16 14.117 4.926 -1.261 14.117 4.52 -0.98 13.847 4.926 -0.98
4 16 14.297 4.439 -1.018 14.117 4.52 -0.98 14.117 4.926 -1.261 14.241 4.926 -1.301
4 16 14.117 5.5 -1.386 14.218 5.5 -1.416 14.241 4.926 -1.301 14.117 4.926 -1.261

4 16 -13.396 21 5.549 -14.5 21 0 -13 21 0 -12.01 21 4.975
4 16 -10.253 21 10.253 -13.396 21 5.549 -12.01 21 4.975 -9.192 21 9.192
4 16 -5.549 21 13.396 -10.253 21 10.253 -9.192 21 9.192 -4.975 21 12.01
4 16 0 21 14.5 -5.549 21 13.396 -4.975 21 12.01 0 21 13
4 16 0 21 14.5 5.549 21 13.396 4.975 21 12.01 0 21 13
4 16 5.549 21 13.396 10.253 21 10.253 9.192 21 9.192 4.975 21 12.01
4 16 10.253 21 10.253 13.396 21 5.549 12.01 21 4.975 9.192 21 9.192
4 16 13.396 21 5.549 14.5 21 0 13 21 0 12.01 21 4.975
4 16 13 21 0 14.5 21 0 13.396 21.584 -5.549 12.01 21.5 -4.975
4 16 12.01 21.5 -4.975 13.396 21.584 -5.549 10.253 22.508 -10.253 9.192 22.145 -9.192
4 16 9.192 22.145 -9.192 10.253 22.508 -10.253 5.549 23.598 -13.396 4.975 23.117 -12.01
4 16 4.975 23.117 -12.01 5.549 23.598 -13.396 0 24 -14.5 0 23.46 -13
4 16 -4.975 23.117 -12.01 -5.549 23.598 -13.396 0 24 -14.5 0 23.46 -13
4 16 -9.192 22.145 -9.192 -10.253 22.508 -10.253 -5.549 23.598 -13.396 -4.975 23.117 -12.01
4 16 -12.01 21.5 -4.975 -13.3962 21.584 -5.549 -10.253 22.508 -10.253 -9.192 22.145 -9.192
4 16 -13 21 0 -14.5 21 0 -13.396 21.584 -5.549 -12.01 21.5 -4.975

3 16 -14.5 4 0 -14.386 4.114 0.574 -13.396 4 5.549
3 16 -14.386 4.114 0.574 -14.297 4.439 1.018 -13.396 4 5.549
3 16 -14.297 4.439 1.018 -14.241 4.926 1.301 -13.396 4 5.549
3 16 -14.218 5.5 1.416 -13.396 4 5.549 -14.241 4.926 1.301
3 16 -14.218 5.5 1.416 -13.396 7 5.549 -13.396 4 5.549
3 16 -14.218 5.5 1.416 -14.241 6.074 1.301 -13.396 7 5.549
3 16 -14.241 6.074 1.301 -14.297 6.56 1.018 -13.396 7 5.549
3 16 -14.297 6.56 1.018 -14.386 6.886 0.574 -13.396 7 5.549
3 16 -14.386 6.886 0.574 -14.5 7 0 -13.396 7 5.549
4 16 -14.5 7 0 -13.396 7 5.549 -13.396 21 5.549 -14.5 21 0
4 16 -10.253 4 10.253 -10.253 21 10.253 -13.396 21 5.549 -13.396 4 5.549
4 16 -5.549 4 13.396 -5.549 21 13.396 -10.253 21 10.253 -10.253 4 10.253
4 16 0 4 14.5 0 21 14.5 -5.549 21 13.396 -5.549 4 13.396
4 16 0 4 14.5 0 21 14.5 5.549 21 13.396 5.549 4 13.396
4 16 5.549 4 13.396 5.549 21 13.396 10.253 21 10.253 10.253 4 10.253
4 16 10.253 4 10.253 10.253 21 10.253 13.396 21 5.549 13.396 4 5.549
3 16 14.5 4 0 14.386 4.114 0.574 13.396 4 5.549
3 16 14.386 4.114 0.574 14.297 4.439 1.018 13.396 4 5.549
3 16 14.297 4.439 1.018 14.241 4.926 1.301 13.396 4 5.549
3 16 14.218 5.5 1.416 13.396 4 5.549 14.241 4.926 1.301
3 16 14.218 5.5 1.416 13.396 7 5.549 13.396 4 5.549
3 16 14.218 5.5 1.416 14.241 6.074 1.301 13.396 7 5.549
3 16 14.241 6.074 1.301 14.297 6.56 1.018 13.396 7 5.549
3 16 14.297 6.56 1.018 14.386 6.886 0.574 13.396 7 5.549
3 16 14.386 6.886 0.574 14.5 7 0 13.396 7 5.549
4 16 14.5 7 0 13.396 7 5.549 13.396 21 5.549 14.5 21 0
3 16 13.396 4 -5.549 14.386 4.114 -0.574 14.5 4 0
3 16 14.386 4.114 -0.574 13.396 4 -5.549 14.297 4.439 -1.018
3 16 13.396 4 -5.549 14.241 4.926 -1.301 14.297 4.439 -1.018
3 16 13.396 4 -5.549 14.218 5.5 -1.416 14.241 4.926 -1.301
4 16 13.396 4 -5.549 13.396 6.199 -5.549 14.241 6.074 -1.301 14.218 5.5 -1.416
4 16 13.396 6.199 -5.549 13.458 6.81 -5.239 14.297 6.56 -1.018 14.241 6.074 -1.301
3 16 13.458 6.81 -5.239 13.511 9 -4.975 14.297 6.56 -1.018
3 16 14.297 6.56 -1.018 13.511 9 -4.975 13.511 12 -4.971
3 16 14.5 7 0 14.386 6.886 -0.574 14.5 17 0
3 16 14.386 6.886 -0.574 14.297 6.56 -1.018 14.5 17 0
4 16 14.297 6.56 -1.018 13.511 12 -4.971 13.458 14.186 -5.239 14.5 17 0
4 16 13.458 14.186 -5.239 13.396 14.801 -5.549 13.396 17 -5.549 14.5 17 0
4 16 14.5 17 0 13.396 17 -5.549 13.396 21.584 -5.549 14.5 21 0
4 16 13.396 17 -5.549 13.396 21.584 -5.549 10.253 22.507 -10.253 10.253 17 -10.253
4 16 10.253 17 -10.253 10.253 22.507 -10.253 5.549 23.598 -13.396 5.549 17 -13.396
4 16 5.549 17 -13.396 5.549 23.598 -13.396 0 24 -14.5 0 17 -14.5
4 16 -5.549 17 -13.396 -5.549 23.598 -13.396 0 24 -14.5 0 17 -14.5
4 16 -10.253 17 -10.253 -10.253 22.507 -10.253 -5.549 23.598 -13.396 -5.549 17 -13.396
4 16 -13.396 17 -5.549 -13.396 21.584 -5.549 -10.253 22.507 -10.253 -10.253 17 -10.253
3 16 -13.396 4 -5.549 -14.386 4.114 -0.574 -14.5 4 0
3 16 -14.386 4.114 -0.574 -13.396 4 -5.549 -14.297 4.439 -1.018
3 16 -13.396 4 -5.549 -14.241 4.926 -1.301 -14.297 4.439 -1.018
3 16 -13.396 4 -5.549 -14.218 5.5 -1.416 -14.241 4.926 -1.301
4 16 -13.396 4 -5.549 -13.396 6.199 -5.549 -14.241 6.074 -1.301 -14.218 5.5 -1.416
4 16 -13.396 6.199 -5.549 -13.458 6.81 -5.239 -14.297 6.56 -1.018 -14.241 6.074 -1.301
3 16 -13.458 6.81 -5.239 -13.511 9 -4.975 -14.297 6.56 -1.018
3 16 -14.297 6.56 -1.018 -13.511 9 -4.975 -13.511 12 -4.971
3 16 -14.5 7 0 -14.386 6.886 -0.574 -14.5 17 0
3 16 -14.386 6.886 -0.574 -14.297 6.56 -1.018 -14.5 17 0
4 16 -14.297 6.56 -1.018 -13.511 12 -4.971 -13.458 14.186 -5.239 -14.5 17 0
4 16 -13.458 14.186 -5.239 -13.396 14.801 -5.549 -13.396 17 -5.549 -14.5 17 0
4 16 -14.5 17 0 -13.396 17 -5.549 -13.396 21.584 -5.549 -14.5 21 0

3 16 -12.194 16.686 -7.348 -13.396 17 -5.549 -10.961 17 -9.192
3 16 -13.074 15.749 -6.03 -13.396 17 -5.549 -12.194 16.686 -7.348
3 16 -13.396 14.801 -5.549 -13.396 17 -5.549 -13.074 15.749 -6.03
3 16 -13.396 4 -5.549 -13.396 6.199 -5.549 -13.074 5.249 -6.03
3 16 -13.396 4 -5.549 -13.074 5.249 -6.03 -12.194 4.312 -7.348
3 16 -13.396 4 -5.549 -12.194 4.312 -7.348 -10.961 4 -9.192
3 16 13.396 4 -5.549 12.194 4.312 -7.348 10.961 4 -9.192
3 16 13.396 4 -5.549 13.074 5.249 -6.03 12.194 4.312 -7.348
3 16 13.396 4 -5.549 13.396 6.199 -5.549 13.074 5.249 -6.03
3 16 13.396 14.801 -5.549 13.396 17 -5.549 13.074 15.749 -6.03
3 16 13.074 15.749 -6.03 13.396 17 -5.549 12.194 16.686 -7.348
3 16 12.194 16.686 -7.348 13.396 17 -5.549 10.961 17 -9.192

3 16 0 -6.2 0 -4.428 -5.917 0 -4.091 -5.917 1.694
4 16 -4.428 -5.917 0 -8.052 -5.068 0 -7.439 -5.068 3.081 -4.091 -5.917 1.694
4 16 -8.052 -5.068 0 -10.87 -3.653 0 -10.043 -3.653 4.16 -7.439 -5.068 3.081
4 16 -10.87 -3.653 0 -12.885 -1.672 0 -11.904 -1.672 4.931 -10.043 -3.653 4.16
4 16 -12.885 -1.672 0 -14.095 0.875 0 -13.022 0.875 5.394 -11.904 -1.672 4.931
4 16 -14.095 0.875 0 -14.5 4 0 -13.396 4 5.549 -13.022 0.875 5.394
3 16 -4.091 -5.917 1.694 -3.131 -5.917 3.131 0 -6.2 0
4 16 -4.091 -5.917 1.694 -7.439 -5.068 3.081 -5.693 -5.068 5.693 -3.131 -5.917 3.131
4 16 -7.439 -5.068 3.081 -10.043 -3.653 4.16 -7.687 -3.653 7.687 -5.693 -5.068 5.693
4 16 -10.043 -3.653 4.16 -11.904 -1.672 4.931 -9.111 -1.672 9.111 -7.687 -3.653 7.687
4 16 -11.904 -1.672 4.931 -13.022 0.875 5.394 -9.966 0.875 9.966 -9.111 -1.672 9.111
4 16 -13.022 0.875 5.394 -13.396 4 5.549 -10.253 4 10.253 -9.966 0.875 9.966
3 16 -3.131 -5.917 3.131 -1.694 -5.917 4.091 0 -6.2 0
4 16 -3.131 -5.917 3.131 -5.693 -5.068 5.693 -3.081 -5.068 7.439 -1.694 -5.917 4.091
4 16 -5.693 -5.068 5.693 -7.687 -3.653 7.687 -4.16 -3.653 10.043 -3.081 -5.068 7.439
4 16 -7.687 -3.653 7.687 -9.111 -1.672 9.111 -4.931 -1.672 11.904 -4.16 -3.653 10.043
4 16 -9.111 -1.672 9.111 -9.966 0.875 9.966 -5.394 0.875 13.022 -4.931 -1.672 11.904
4 16 -9.966 0.875 9.966 -10.253 4 10.253 -5.549 4 13.396 -5.394 0.875 13.022
3 16 -1.694 -5.917 4.091 0 -5.917 4.428 0 -6.2 0
4 16 -1.694 -5.917 4.091 -3.081 -5.068 7.439 0 -5.068 8.052 0 -5.917 4.428
4 16 -3.081 -5.068 7.439 -4.16 -3.653 10.043 0 -3.653 10.87 0 -5.068 8.052
4 16 -4.16 -3.653 10.043 -4.931 -1.672 11.904 0 -1.672 12.885 0 -3.653 10.87
4 16 -4.931 -1.672 11.904 -5.394 0.875 13.022 0 0.875 14.095 0 -1.672 12.885
4 16 -5.394 0.875 13.022 -5.549 4 13.396 0 4 14.5 0 0.875 14.095
3 16 0 -5.917 4.428 1.694 -5.917 4.091 0 -6.2 0
4 16 0 -5.917 4.428 0 -5.068 8.052 3.081 -5.068 7.439 1.694 -5.917 4.091
4 16 0 -5.068 8.052 0 -3.653 10.87 4.16 -3.653 10.043 3.081 -5.068 7.439
4 16 0 -3.653 10.87 0 -1.672 12.885 4.931 -1.672 11.904 4.16 -3.653 10.043
4 16 0 -1.672 12.885 0 0.875 14.095 5.394 0.875 13.022 4.931 -1.672 11.904
4 16 0 0.875 14.095 0 4 14.5 5.549 4 13.396 5.394 0.875 13.022
3 16 1.694 -5.917 4.091 3.131 -5.917 3.131 0 -6.2 0
4 16 1.694 -5.917 4.091 3.081 -5.068 7.439 5.693 -5.068 5.693 3.131 -5.917 3.131
4 16 3.081 -5.068 7.439 4.16 -3.653 10.043 7.687 -3.653 7.687 5.693 -5.068 5.693
4 16 4.16 -3.653 10.043 4.931 -1.672 11.904 9.111 -1.672 9.111 7.687 -3.653 7.687
4 16 4.931 -1.672 11.904 5.394 0.875 13.022 9.966 0.875 9.966 9.111 -1.672 9.111
4 16 5.394 0.875 13.022 5.549 4 13.396 10.253 4 10.253 9.966 0.875 9.966
3 16 3.131 -5.917 3.131 4.091 -5.917 1.694 0 -6.2 0
4 16 3.131 -5.917 3.131 5.693 -5.068 5.693 7.439 -5.068 3.081 4.091 -5.917 1.694
4 16 5.693 -5.068 5.693 7.687 -3.653 7.687 10.043 -3.653 4.16 7.439 -5.068 3.081
4 16 7.687 -3.653 7.687 9.111 -1.672 9.111 11.904 -1.672 4.931 10.043 -3.653 4.16
4 16 9.111 -1.672 9.111 9.966 0.875 9.966 13.022 0.875 5.394 11.904 -1.672 4.931
4 16 9.966 0.875 9.966 10.253 4 10.253 13.396 4 5.549 13.022 0.875 5.394
3 16 4.091 -5.917 1.694 4.428 -5.917 0 0 -6.2 0
4 16 4.091 -5.917 1.694 7.439 -5.068 3.081 8.052 -5.068 0 4.428 -5.917 0
4 16 7.439 -5.068 3.081 10.043 -3.653 4.16 10.87 -3.653 0 8.052 -5.068 0
4 16 10.043 -3.653 4.16 11.904 -1.672 4.931 12.885 -1.672 0 10.87 -3.653 0
4 16 11.904 -1.672 4.931 13.022 0.875 5.394 14.095 0.875 0 12.885 -1.672 0
4 16 13.022 0.875 5.394 13.396 4 5.549 14.5 4 0 14.095 0.875 0
3 16 4.428 -5.917 0 4.091 -5.917 -1.694 0 -6.2 0
4 16 4.428 -5.917 0 8.052 -5.068 0 7.439 -5.068 -3.081 4.091 -5.917 -1.694
4 16 8.052 -5.068 0 10.87 -3.653 0 10.043 -3.653 -4.16 7.439 -5.068 -3.081
4 16 10.87 -3.653 0 12.885 -1.672 0 11.904 -1.672 -4.931 10.043 -3.653 -4.16
4 16 12.885 -1.672 0 14.095 0.875 0 13.022 0.875 -5.394 11.904 -1.672 -4.931
4 16 14.095 0.875 0 14.5 4 0 13.396 4 -5.549 13.022 0.875 -5.394
3 16 4.091 -5.917 -1.694 3.131 -5.917 -3.131 0 -6.2 0
4 16 4.091 -5.917 -1.694 7.439 -5.068 -3.081 5.693 -5.068 -5.693 3.131 -5.917 -3.131
4 16 7.439 -5.068 -3.081 10.043 -3.653 -4.16 7.687 -3.653 -7.687 5.693 -5.068 -5.693
4 16 10.043 -3.653 -4.16 11.904 -1.672 -4.931 9.111 -1.672 -9.111 7.687 -3.653 -7.687
4 16 11.904 -1.672 -4.931 13.022 0.875 -5.394 9.966 0.875 -9.966 9.111 -1.672 -9.111
4 16 13.022 0.875 -5.394 13.396 4 -5.549 10.253 4 -10.253 9.966 0.875 -9.966
3 16 3.131 -5.917 -3.131 1.694 -5.917 -4.091 0 -6.2 0
4 16 3.131 -5.917 -3.131 5.693 -5.068 -5.693 3.081 -5.068 -7.439 1.694 -5.917 -4.091
4 16 5.693 -5.068 -5.693 7.687 -3.653 -7.687 4.16 -3.653 -10.043 3.081 -5.068 -7.439
4 16 7.687 -3.653 -7.687 9.111 -1.672 -9.111 4.931 -1.672 -11.904 4.16 -3.653 -10.043
4 16 9.111 -1.672 -9.111 9.966 0.875 -9.966 5.394 0.875 -13.022 4.931 -1.672 -11.904
4 16 9.966 0.875 -9.966 10.253 4 -10.253 5.549 4 -13.396 5.394 0.875 -13.022
3 16 1.694 -5.917 -4.091 0 -5.917 -4.428 0 -6.2 0
4 16 1.694 -5.917 -4.091 3.081 -5.068 -7.439 0 -5.068 -8.052 0 -5.917 -4.428
4 16 3.081 -5.068 -7.439 4.16 -3.653 -10.043 0 -3.653 -10.87 0 -5.068 -8.052
4 16 4.16 -3.653 -10.043 4.931 -1.672 -11.904 0 -1.672 -12.885 0 -3.653 -10.87
4 16 4.931 -1.672 -11.904 5.394 0.875 -13.022 0 0.875 -14.095 0 -1.672 -12.885
4 16 5.394 0.875 -13.022 5.549 4 -13.396 0 4 -14.5 0 0.875 -14.095
3 16 0 -5.917 -4.428 -1.694 -5.917 -4.091 0 -6.2 0
4 16 0 -5.917 -4.428 0 -5.068 -8.052 -3.081 -5.068 -7.439 -1.694 -5.917 -4.091
4 16 0 -5.068 -8.052 0 -3.653 -10.87 -4.16 -3.653 -10.043 -3.081 -5.068 -7.439
4 16 0 -3.653 -10.87 0 -1.672 -12.885 -4.931 -1.672 -11.904 -4.16 -3.653 -10.043
4 16 0 -1.672 -12.885 0 0.875 -14.095 -5.394 0.875 -13.022 -4.931 -1.672 -11.904
4 16 0 0.875 -14.095 0 4 -14.5 -5.549 4 -13.396 -5.394 0.875 -13.022
3 16 -1.694 -5.917 -4.091 -3.131 -5.917 -3.131 0 -6.2 0
4 16 -1.694 -5.917 -4.091 -3.081 -5.068 -7.439 -5.693 -5.068 -5.693 -3.131 -5.917 -3.131
4 16 -3.081 -5.068 -7.439 -4.16 -3.653 -10.043 -7.687 -3.653 -7.687 -5.693 -5.068 -5.693
4 16 -4.16 -3.653 -10.043 -4.931 -1.672 -11.904 -9.111 -1.672 -9.111 -7.687 -3.653 -7.687
4 16 -4.931 -1.672 -11.904 -5.394 0.875 -13.022 -9.966 0.875 -9.966 -9.111 -1.672 -9.111
4 16 -5.394 0.875 -13.022 -5.549 4 -13.396 -10.253 4 -10.253 -9.966 0.875 -9.966
3 16 -3.131 -5.917 -3.131 -4.091 -5.917 -1.694 0 -6.2 0
4 16 -3.131 -5.917 -3.131 -5.693 -5.068 -5.693 -7.439 -5.068 -3.081 -4.091 -5.917 -1.694
4 16 -5.693 -5.068 -5.693 -7.687 -3.653 -7.687 -10.043 -3.653 -4.16 -7.439 -5.068 -3.081
4 16 -7.687 -3.653 -7.687 -9.111 -1.672 -9.111 -11.904 -1.672 -4.931 -10.043 -3.653 -4.16
4 16 -9.111 -1.672 -9.111 -9.966 0.875 -9.966 -13.022 0.875 -5.394 -11.904 -1.672 -4.931
4 16 -9.966 0.875 -9.966 -10.253 4 -10.253 -13.396 4 -5.549 -13.022 0.875 -5.394
3 16 -4.091 -5.917 -1.694 -4.428 -5.917 0 0 -6.2 0
4 16 -4.091 -5.917 -1.694 -7.439 -5.068 -3.081 -8.052 -5.068 0 -4.428 -5.917 0
4 16 -7.439 -5.068 -3.081 -10.043 -3.653 -4.16 -10.87 -3.653 0 -8.052 -5.068 0
4 16 -10.043 -3.653 -4.16 -11.904 -1.672 -4.931 -12.885 -1.672 0 -10.87 -3.653 0
4 16 -11.904 -1.672 -4.931 -13.022 0.875 -5.394 -14.095 0.875 0 -12.885 -1.672 0
4 16 -13.022 0.875 -5.394 -13.396 4 -5.549 -14.5 4 0 -14.095 0.875 0

4 16 0 17 -14.5 -5.549 17 -13.396 -4.975 17 -12.01 0 17 -13
4 16 -5.549 17 -13.396 -4.975 17 -12.01 -9.192 17 -9.192 -10.253 17 -10.253
3 16 -10.253 17 -10.253 -9.192 17 -9.192 -10.961 17 -9.192
4 16 -9.192 17 -9.192 -10.426 16.686 -7.345 -12.194 16.686 -7.348 -10.961 17 -9.192
4 16 -10.426 16.686 -7.345 -11.306 15.749 -6.028 -13.074 15.749 -6.03 -12.194 16.686 -7.348
4 16 -11.306 15.749 -6.028 -11.834 14.186 -5.238 -13.396 14.801 -5.549 -13.074 15.749 -6.03
3 16 -11.834 14.186 -5.238 -13.396 14.801 -5.549 -13.458 14.186 -5.239
4 16 -12.01 12 -4.975 -11.834 14.186 -5.238 -13.458 14.186 -5.239 -13.511 12 -4.971
4 16 -12.01 9 -4.975 -12.01 12 -4.975 -13.511 12 -4.975 -13.511 9 -4.975
4 16 -11.834 6.81 -5.239 -12.01 9 -4.975 -13.511 9 -4.975 -13.458 6.81 -5.239
3 16 -13.396 6.2 -5.549 -11.834 6.81 -5.239 -13.458 6.81 -5.239
4 16 -11.305 5.25 -6.03 -11.834 6.81 -5.239 -13.396 6.2 -5.549 -13.074 5.25 -6.03
4 16 -10.425 4.312 -7.348 -11.305 5.25 -6.03 -13.074 5.25 -6.03 -12.194 4.312 -7.348
4 16 -9.192 4 -9.192 -10.425 4.312 -7.348 -12.194 4.312 -7.348 -10.961 4 -9.192
3 16 -9.192 4 -9.192 -10.253 4 -10.253 -10.961 4 -9.192
4 16 -9.192 4 -9.192 -4.975 4 -12.01 -5.549 4 -13.396 -10.253 4 -10.253
4 16 -4.975 4 -12.01 0 4 -13 0 4 -14.5 -5.549 4 -13.396
4 16 4.975 4 -12.01 0 4 -13 0 4 -14.5 5.549 4 -13.396
4 16 9.192 4 -9.192 4.975 4 -12.01 5.549 4 -13.396 10.253 4 -10.253
3 16 9.192 4 -9.192 10.253 4 -10.253 10.961 4 -9.192
4 16 9.192 4 -9.192 10.425 4.312 -7.348 12.194 4.312 -7.348 10.961 4 -9.192
4 16 10.425 4.312 -7.348 11.305 5.25 -6.03 13.074 5.25 -6.03 12.194 4.312 -7.348
4 16 11.305 5.25 -6.03 11.834 6.81 -5.239 13.396 6.2 -5.549 13.074 5.25 -6.03
3 16 13.396 6.2 -5.549 11.834 6.81 -5.239 13.458 6.81 -5.239
4 16 11.834 6.81 -5.239 12.01 9 -4.975 13.511 9 -4.975 13.458 6.81 -5.239
4 16 12.01 9 -4.975 12.01 12 -4.975 13.511 12 -4.971 13.511 9 -4.975
4 16 12.01 12 -4.975 11.834 14.186 -5.238 13.458 14.186 -5.239 13.511 12 -4.971
3 16 11.834 14.186 -5.238 13.396 14.801 -5.549 13.458 14.186 -5.239
4 16 11.306 15.749 -6.03 11.834 14.186 -5.238 13.396 14.801 -5.549 13.074 15.749 -6.03
4 16 10.426 16.686 -7.345 11.306 15.749 -6.028 13.074 15.749 -6.03 12.194 16.686 -7.348
4 16 9.192 17 -9.192 10.426 16.686 -7.345 12.194 16.686 -7.348 10.961 17 -9.192
3 16 10.253 17 -10.253 9.192 17 -9.192 10.961 17 -9.192
4 16 5.549 17 -13.396 4.975 17 -12.01 9.192 17 -9.192 10.253 17 -10.253
4 16 0 17 -14.5 5.549 17 -13.396 4.975 17 -12.01 0 17 -13
0
