0 Slope Brick 33  3 x  3 Double Convex
0 Name: 199.dat
0 Author: James Jessiman
0 Original LDraw Part - LDraw beta 0.27 Archive

 1 16 10 20 -10 1 0 0 0 -1 0 0 0 1 stud4a.dat
 1 16 10 4 -10 -6 0 0 0 0 0 0 0 6 1-4edge.dat
 1 16 10 4 -10 -6 0 0 0 0 3 0 0 -6 3-8edge.dat
 1 16 10 4 -10 0 0 6 0 0 3 6 0 0 3-8edge.dat
 1 16 10 4 -10 -8 0 0 0 0 0 0 0 8 1-4edge.dat
 1 16 10 4 -10 -8 0 0 0 0 4 0 0 -8 3-8edge.dat
 1 16 10 4 -10 0 0 8 0 0 4 8 0 0 3-8edge.dat
 1 16 10 7 -10 0 0 -6 0 -3 0 -6 0 0 1-4cyls.dat
 1 16 10 7 -10 6 0 0 0 -3 0 0 0 6 1-4cyls.dat
 1 16 10 4 -10 -6 0 0 0 16 0 0 0 6 1-4cyli.dat
 1 16 10 7 -10 -6 0 0 0 13 0 0 0 -6 3-4cyli.dat
 1 16 10 8 -10 0 0 -8 0 -4 0 -8 0 0 1-4cyls.dat
 1 16 10 8 -10 8 0 0 0 -4 0 0 0 8 1-4cyls.dat
 1 16 10 4 -10 -8 0 0 0 16 0 0 0 8 1-4cyli.dat
 1 16 10 8 -10 -8 0 0 0 12 0 0 0 -8 3-4cyli.dat

 1 16 10 20 -30 1 0 0 0 -1 0 0 0 1 stud4a.dat
 1 16 10 14 -30 6 0 0 0 0 3 0 0 -6 4-4edge.dat
 1 16 10 14 -30 8 0 0 0 0 4 0 0 -8 4-4edge.dat
 1 16 10 14 -30 6 0 0 0 9 -3 0 0 6 2-4cyli.dat
 1 16 10 14 -30 8 0 0 0 10 -4 0 0 8 2-4cyli.dat
 1 16 10 14 -30 6 0 0 0 6 3 0 0 -6 2-4cyli.dat
 1 16 10 14 -30 8 0 0 0 6 4 0 0 -8 2-4cyli.dat

 1 16 30 20 -10 1 0 0 0 -1 0 0 0 1 stud4a.dat
 1 16 30 14 -10 6 0 0 3 0 0 0 0 -6 4-4edge.dat
 1 16 30 14 -10 8 0 0 4 0 0 0 0 -8 4-4edge.dat
 1 16 30 14 -10 0 0 -6 0 9 -3 6 0 0 2-4cyli.dat
 1 16 30 14 -10 0 0 -8 0 10 -4 8 0 0 2-4cyli.dat
 1 16 30 14 -10 0 0 6 0 6 3 6 0 0 2-4cyli.dat
 1 16 30 14 -10 0 0 8 0 6 4 8 0 0 2-4cyli.dat

 1 16 30 20 -30 1 0 0 0 -1 0 0 0 1 stud4a.dat
 1 16 30 14 -30 4.24 0 4.24 2.12 0 2.12 -4.24 0 4.24 2-4edge.dat
 1 16 30 14 -30 4.24 0 -4.24 2.12 0 2.12 -4.24 0 -4.24 2-4edge.dat
 1 16 30 14 -30 5.66 0 5.66 2.83 0 2.83 -5.66 0 5.66 2-4edge.dat
 1 16 30 14 -30 5.66 0 -5.66 2.83 0 2.83 -5.66 0 -5.66 2-4edge.dat
 1 16 30 17 -30 0 0 -6 0 -3 0 -6 0 0 2-4cyls.dat
 1 16 30 17 -30 6 0 0 0 -3 0 0 0 6 2-4cyls.dat
 1 16 30 18 -30 0 0 -8 0 -4 0 -8 0 0 2-4cyls.dat
 1 16 30 18 -30 8 0 0 0 -4 0 0 0 8 2-4cyls.dat
 1 16 30 17 -30 6 0 0 0 4 0 0 0 6 4-4cyli.dat
 1 16 30 18 -30 8 0 0 0 3 0 0 0 8 4-4cyli.dat

 2 24 46 24 6 -6 24 6
 2 24 -6 24 6 -6 24 -46
 2 24 -6 24 -46 46 24 -46
 2 24 46 24 -46 46 24 6

 2 24 50 24 10 -10 24 10
 2 24 -10 24 10 -10 24 -50
 2 24 -10 24 -50 50 24 -50
 2 24 50 24 -50 50 24 10

 2 24 46 20 -46 -6 20 -46
 2 24 46 20 6 46 20 -46

 2 24 50 20 -50 -10 20 -50
 2 24 50 20 10 50 20 -50

 2 24 10 4 -10 -6 4 -10
 2 24 -6 4 -10 -6 4 6
 2 24 -6 4 6 10 4 6
 2 24 10 4 6 10 4 -10

 2 24 10 0 -10 -10 0 -10
 2 24 -10 0 -10 -10 0 10
 2 24 -10 0 10 10 0 10
 2 24 10 0 10 10 0 -10

 2 24 46 20 -46 46 24 -46
 2 24 46 20  6 46 24 6
 2 24 -6 20 -46 -6 24 -46

 2 24 50 20 -50 50 24 -50
 2 24 50 20 10 50 24 10
 2 24 -10 20 -50 -10 24 -50

 2 24 10 4 -10 46 20 -46
 2 24 -6 4 -10 -6 20 -46
 2 24 -6 4 6 -6 24 6
 2 24 10 4 6 46 20 6

 2 24 10 0 -10 50 20 -50
 2 24 -10 0 -10 -10 20 -50
 2 24 -10 0 10 -10 24 10
 2 24 10 0 10 50 20 10

 4 16 50 24 10 46 24 6 -6 24 6 -10 24 10
 4 16 -10 24 10 -6 24 6 -6 24 -46 -10 24 -50
 4 16 -10 24 -50 -6 24 -46 46 24 -46 50 24 -50
 4 16 50 24 -50 46 24 -46 46 24 6 50 24 10

 4 16 10 4 -10 -6 4 -10 -6 4 6 10 4 6

 4 16 10 0 -10 -10 0 -10 -10 0 10 10 0 10

 4 16 46 20 -46 46 20 6 46 24 6 46 24 -46
 4 16 46 20 -46 -6 20 -46 -6 24 -46 46 24 -46

 4 16 50 20 -50 50 20 10 50 24 10 50 24 -50
 4 16 50 20 -50 -10 20 -50 -10 24 -50 50 24 -50

 4 16 10 4 -10 46 20 -46 -6 20 -46 -6 4 -10
 3 16 -6 4 -10 -6 20 -46 -6 24 -46
 4 16 -6 4 -10 -6 24 -46 -6 24 6 -6 4 6
 4 16 -6 4 6 -6 24 6 46 24 6 10 4 6
 3 16 10 4 6 46 20 6 46 24 6
 4 16 10 4 6 46 20 6 46 20 -46 10 4 -10

 4 16 10 0 -10 50 20 -50 -10 20 -50 -10 0 -10
 3 16 -10 0 -10 -10 20 -50 -10 24 -50
 4 16 -10 0 -10 -10 24 -50 -10 24 10 -10 0 10
 4 16 -10 0 10 -10 24 10 50 24 10 10 0 10
 3 16 10 0 10 50 20 10 50 24 10
 4 16 10 0 10 50 20 10 50 20 -50 10 0 -10

 1 16 0 0 0 1 0 0 0 1 0 0 0 1 stud.dat
0