0 Homemaker Drawers  4 x  4 x  4
0 Name: 2.dat
0 Author: James Jessiman
0 Original LDraw Part - LDraw beta 0.27 Archive

 1 16 0 92 0 1 0 0 0 -1 0 0 0 1 stud4.dat
 1 16 20 92 20 1 0 0 0 -1 0 0 0 1 stud4.dat
 1 16 -20 92 20 1 0 0 0 -1 0 0 0 1 stud4.dat
 1 16 20 92 -20 1 0 0 0 -1 0 0 0 1 stud4.dat
 1 16 -20 92 -20 1 0 0 0 -1 0 0 0 1 stud4.dat
 1 16 0 96 0 36 0 0 0 -4 0 0 0 36 box5.dat

 4 16 40 96 40 36 96 36 -36 96 36 -40 96 40
 4 16 -40 96 40 -36 96 36 -36 96 -36 -40 96 -40
 4 16 -40 96 -40 -36 96 -36 36 96 -36 40 96 -40
 4 16 40 96 -40 36 96 -36 36 96 36 40 96 40

 2 24 40 96 40 -40 96 40
 2 24 -40 96 40 -40 96 -40
 2 24 -40 96 -40 40 96 -40
 2 24 40 96 -40 40 96 40

 2 24 36 88 36 -36 88 36
 2 24 -36 88 36 -36 88 -40
 2 24 -36 88 -40 36 88 -40
 2 24 36 88 -40 36 88 36

 2 24 36 48 36 -36 48 36
 2 24 -36 48 36 -36 48 -40
 2 24 -36 48 -40 36 48 -40
 2 24 36 48 -40 36 48 36

 2 24 36 44 36 -36 44 36
 2 24 -36 44 36 -36 44 -40
 2 24 -36 44 -40 36 44 -40
 2 24 36 44 -40 36 44 36

 2 24 36 4 36 -36 4 36
 2 24 -36 4 36 -36 4 -40
 2 24 -36 4 -40 36 4 -40
 2 24 36 4 -40 36 4 36

 2 24 40 0 40 -40 0 40
 2 24 -40 0 40 -40 0 -40
 2 24 -40 0 -40 40 0 -40
 2 24 40 0 -40 40 0 40

 2 24 36 48 36 36 88 36
 2 24 -36 48 36 -36 88 36
 2 24 36 48 -40 36 88 -40
 2 24 -36 48 -40 -36 88 -40

 2 24 36 4 36 36 44 36
 2 24 -36 4 36 -36 44 36
 2 24 36 4 -40 36 44 -40
 2 24 -36 4 -40 -36 44 -40

 2 24 40 0 40 40 96 40
 2 24 -40 0 40 -40 96 40
 2 24 40 0 -40 40 96 -40
 2 24 -40 0 -40 -40 96 -40

 4 16 36 88 36 36 88 -40 -36 88 -40 -36 88 36
 4 16 36 48 36 36 48 -40 -36 48 -40 -36 48 36
 4 16 36 44 36 36 44 -40 -36 44 -40 -36 44 36
 4 16 36 4 36 36 4 -40 -36 4 -40 -36 4 36
 4 16 40 0 40 40 0 -40 -40 0 -40 -40 0 40

 4 16 36 88 36 36 48 36 36 48 -40 36 88 -40
 4 16 -36 88 36 -36 48 36 -36 48 -40 -36 88 -40
 4 16 36 48 36 36 8 36 36 8 -40 36 48 -40
 4 16 -36 48 36 -36 8 36 -36 8 -40 -36 48 -40
 4 16 40 96 40 40 0 40 40 0 -40 40 96 -40
 4 16 -40 96 40 -40 0 40 -40 0 -40 -40 96 -40

 4 16 40 96 40 40 0 40 -40 0 40 -40 96 40
 4 16 36 88 36 36 48 36 -36 48 36 -36 88 36
 4 16 36 48 36 36 8 36 -36 8 36 -36 48 36
 4 16 40 96 -40 36 88 -40 -36 88 -40 -40 96 -40
 4 16 40 96 -40 36 88 -40 36 4 -40 40 0 -40
 4 16 -40 96 -40 -36 88 -40 -36 4 -40 -40 0 -40
 4 16 40 0 -40 36 4 -40 -36 4 -40 -40 0 -40
 4 16 36 48 -40 36 44 -40 -36 44 -40 -36 48 -40

 1 16 30 0 30 1 0 0 0 1 0 0 0 1 stud2.dat
 1 16 10 0 30 1 0 0 0 1 0 0 0 1 stud2.dat
 1 16 -10 0 30 1 0 0 0 1 0 0 0 1 stud2.dat
 1 16 -30 0 30 1 0 0 0 1 0 0 0 1 stud2.dat
 1 16 30 0 10 1 0 0 0 1 0 0 0 1 stud2.dat
 1 16 10 0 10 1 0 0 0 1 0 0 0 1 stud2.dat
 1 16 -10 0 10 1 0 0 0 1 0 0 0 1 stud2.dat
 1 16 -30 0 10 1 0 0 0 1 0 0 0 1 stud2.dat
 1 16 30 0 -10 1 0 0 0 1 0 0 0 1 stud2.dat
 1 16 10 0 -10 1 0 0 0 1 0 0 0 1 stud2.dat
 1 16 -10 0 -10 1 0 0 0 1 0 0 0 1 stud2.dat
 1 16 -30 0 -10 1 0 0 0 1 0 0 0 1 stud2.dat
 1 16 30 0 -30 1 0 0 0 1 0 0 0 1 stud2.dat
 1 16 10 0 -30 1 0 0 0 1 0 0 0 1 stud2.dat
 1 16 -10 0 -30 1 0 0 0 1 0 0 0 1 stud2.dat
 1 16 -30 0 -30 1 0 0 0 1 0 0 0 1 stud2.dat

