0 Windscreen  2 x  4 x  1 & 2/3
0 Name: 21.dat
0 Author: James Jessiman
0 Original LDraw Part - LDraw beta 0.27 Archive

 2 24 36 40 -20 36 40 6
 2 24 36 40 6 -36 40 6
 2 24 -36 40 6 -36 40 -20
 2 24 30 40 -26 -30 40 -26
 1 16 30 40 -20 6 0 0 0 0 0 0 0 -6 1-4edge.dat
 1 16 -30 40 -20 -6 0 0 0 0 0 0 0 -6 1-4edge.dat

 2 24 40 40 -20 40 40 10
 2 24 40 40 10 -40 40 10
 2 24 -40 40 10 -40 40 -20
 2 24 30 40 -30 -30 40 -30
 1 16 30 40 -20 10 0 0 0 0 0 0 0 -10 1-4edge.dat
 1 16 -30 40 -20 -10 0 0 0 0 0 0 0 -10 1-4edge.dat

 2 24 30 32 -26 -30 32 -26
 1 16 30 32 -20 6 0 0 0 0 0 0 0 -6 1-4edge.dat
 1 16 -30 32 -20 -6 0 0 0 0 0 0 0 -6 1-4edge.dat

 2 24 30 32 -30 -30 32 -30
 1 16 30 32 -20 10 0 0 0 0 0 0 0 -10 1-4edge.dat
 1 16 -30 32 -20 -10 0 0 0 0 0 0 0 -10 1-4edge.dat

 2 24 40 0 0 40 0 10
 2 24 40 0 10 -40 0 10
 2 24 -40 0 10 -40 0 0
 2 24 30 0 -10 -30 0 -10
 1 16 30 0 0 10 0 0 0 0 0 0 0 -10 1-4edge.dat
 1 16 -30 0 0 -10 0 0 0 0 0 0 0 -10 1-4edge.dat

 2 24 36 4 -0.31 36 4 6
 2 24 36 4 6 -36 4 6
 2 24 -36 4 6 -36 4 -0.31
 2 24 30 4 -6.31 -30 4 -6.31
 1 16 30 4 -0.31 6 0 0 0 0 0 0 0 -6 1-4edge.dat
 1 16 -30 4 -0.31 -6 0 0 0 0 0 0 0 -6 1-4edge.dat

 2 24 36 40 6 36 4 6
 2 24 -36 40 6 -36 4 6

 2 24 40 40 10 40 0 10
 2 24 -40 40 10 -40 0 10

 4 16 40 40 10 36 40 6 36 40 -20 40 40 -20
 4 16 -40 40 10 -36 40 6 -36 40 -20 -40 40 -20
 4 16 40 40 10 36 40 6 -36 40 6 -40 40 10

 4 16 36 4 6 36 4 -0.31 -36 4 -0.31 -36 4 6
 4 16 30 4 -0.31 30 4 -6.31 -30 4 -6.31 -30 4 -0.31
 1 16 30 4 -0.31 6 0 0 0 0 0 0 0 -6 1-4disc.dat
 1 16 -30 4 -0.31 -6 0 0 0 0 0 0 0 -6 1-4disc.dat

 4 16 40 0 10 40 0 0 -40 0 0 -40 0 10
 4 16 30 0 0 30 0 -10 -30 0 -10 -30 0 0
 1 16 30 0 0 10 0 0 0 0 0 0 0 -10 1-4disc.dat
 1 16 -30 0 0 -10 0 0 0 0 0 0 0 -10 1-4disc.dat


 3 16 36 40 6 36 40 -20 36 32 -20
 3 16 -36 40 6 -36 40 -20 -36 32 -20
 4 16 30 40 -26 30 32 -26 -30 32 -26 -30 40 -26
 1 16 30 32 -20 6 0 0 0 8 0 0 0 -6 1-4cyli.dat
 1 16 -30 32 -20 -6 0 0 0 8 0 0 0 -6 1-4cyli.dat

 3 16 40 40 10 40 40 -20 40 32 -20
 3 16 -40 40 10 -40 40 -20 -40 32 -20
 4 16 30 40 -30 30 32 -30 -30 32 -30 -30 40 -30
 1 16 30 32 -20 10 0 0 0 8 0 0 0 -10 1-4cyli.dat
 1 16 -30 32 -20 -10 0 0 0 8 0 0 0 -10 1-4cyli.dat

 4 16 36 40 6 36 4 6 -36 4 6 -36 40 6
 4 16 36 40 6 36 4 6 36 4 -0.31 36 32 -20
 4 16 -36 40 6 -36 4 6 -36 4 -0.31 -36 32 -20
 4 16 30 32 -26 30 4 -6.31 -30 4 -6.31 -30 32 -26
 1 16 30 4 -0.31 6 0 0 0 28 0 0 -19.69 -6 1-4cyli.dat
 1 16 -30 4 -0.31 -6 0 0 0 28 0 0 -19.69 -6 1-4cyli.dat

 4 16 40 40 10 40 0 10 -40 0 10 -40 40 10
 4 16 40 40 10 40 0 10 40 0 0 40 32 -20
 4 16 -40 40 10 -40 0 10 -40 0 0 -40 32 -20
 4 16 30 32 -30 30 0 -10 -30 0 -10 -30 32 -30
 1 16 30 0 0 10 0 0 0 32 0 0 -20 -10 1-4cyli.dat
 1 16 -30 0 0 -10 0 0 0 32 0 0 -20 -10 1-4cyli.dat

 1 16 30 0 0 1 0 0 0 1 0 0 0 1 stud.dat
 1 16 10 0 0 1 0 0 0 1 0 0 0 1 stud.dat
 1 16 -10 0 0 1 0 0 0 1 0 0 0 1 stud.dat
 1 16 -30 0 0 1 0 0 0 1 0 0 0 1 stud.dat

