0 Flag  2 x  2 with Diver Stripe Pattern
0 Name: 2335p02.dat
0 Author: Thomas Burger
0 Modified By: Chris Dee
0 Official LCad update 98-08

 1 16 0 0 0 1 0 0 0 1 0 0 0 1 s\2335s01.dat
0 
 3 12 2 2 12 2 36 12 2 2 46 
 3 12 2 38 14 2 38 48 2 4 48 
 4 16 2 36 12 2 38 14 2 4 48 2 2 46 
 3 16 2 2 46 2 4 48 2 0 50 
 3 16 2 40 10 2 36 12 2 38 14 
 4 16 2 40 10 2 40 50 2 38 48 2 38 14 
 4 16 2 38 48 2 40 50 2 0 50 2 4 48 
 4 16 2 0 10 2 0 50 2 2 46 2 2 12 
 4 16 2 0 10 2 2 12 2 36 12 2 40 10 
0
 3 12 -2 2 12 -2 36 12 -2 2 46 
 3 12 -2 38 14 -2 38 48 -2 4 48 
 4 16 -2 36 12 -2 38 14 -2 4 48 -2 2 46 
 3 16 -2 2 46 -2 4 48 -2 0 50 
 3 16 -2 40 10 -2 36 12 -2 38 14 
 4 16 -2 40 10 -2 40 50 -2 38 48 -2 38 14 
 4 16 -2 38 48 -2 40 50 -2 0 50 -2 4 48 
 4 16 -2 0 10 -2 0 50 -2 2 46 -2 2 12 
 4 16 -2 0 10 -2 2 12 -2 36 12 -2 40 10
