0 Tail  4 x  1 x  3
0 Name: 2340.dat
0 Author: James Jessiman
0 Original LDraw Part - LDraw beta 0.27 Archive

 1 16 0 68 -20 1 0 0 0 -1 0 0 0 1 stud3.dat
 1 16 0 68 -40 1 0 0 0 -1 0 0 0 1 stud3.dat
 1 16 0 68 -60 1 0 0 0 -1 0 0 0 1 stud3.dat

 1 16 0 72 -40 6 0 0 0 -4 0 0 0 36 box5.dat

 4 16 10 72 0 6 72 -4 -6 72 -4 -10 72 0
 4 16 -10 72 0 -6 72 -4 -6 72 -76 -10 72 -80
 4 16 -10 72 -80 -6 72 -76 6 72 -76 10 72 -80
 4 16 10 72 -80 6 72 -76 6 72 -4 10 72 0

 1 16 0 72 -40 10 0 0 0 -8 0 0 0 40 box5.dat

 2 24 -2 64 0 -2 64 -80
 2 24 2 64 -80 2 64 0

 2 24 2 64 0 2 4 20
 2 24 -2 64 0 -2 4 20
 2 24 -2 64 -80 -2 4 -20
 2 24 2 64 -80 2 4 -20

 2 24 -2 4 20 -2 4 -20
 2 24 2 4 -20 2 4 20

 1 16 0 2 0 10 0 0 0 2 0 0 0 20 box.dat

 4 16 2 64 0 2 4 20 -2 4 20 -2 64 0
 4 16 -2 64 0 -2 4 20 -2 4 -20 -2 64 -80
 4 16 -2 64 -80 -2 4 -20 2 4 -20 2 64 -80
 4 16 2 64 -80 2 4 -20 2 4 20 2 64 0

 1 16 0 0 10 1 0 0 0 1 0 0 0 1 stud2.dat
 1 16 0 0 -10 1 0 0 0 1 0 0 0 1 stud2.dat

