0 Car Roof  4 x  4 Sunroof Glass with Ridges

 1 16 30 0 0 0 0 0 0 0 4 4 0 0 3-4edge.dat
 1 16 26 0 0 0 0 0 0 0 4 4 0 0 2-4edge.dat
 1 16 -26 0 0 0 0 0 0 0 4 4 0 0 2-4edge.dat
 1 16 -30 0 0 0 0 0 0 0 4 4 0 0 3-4edge.dat
 1 16 26 0 0 0 0 0 0 0 -2 -2 0 0 1-4edge.dat
 1 16 -26 0 0 0 0 0 0 0 -2 -2 0 0 1-4edge.dat

 2 24 26 0 -4 -26 0 -4
 2 24 26 0 -2 -26 0 -2

 2 24 30 -4 0 30 -4 36
 2 24 30 -4 36 -30 -4 36
 2 24 -30 -4 36 -30 -4 0

 2 24 30 -4 36 30 -2 36
 2 24 -30 -4 36 -30 -2 36

 2 24 30 0 4 30 0 26
 2 24 30 0 26 30 -2 30
 2 24 30 -2 30 30 -2 36
 2 24 30 -2 36 -30 -2 36
 2 24 -30 -2 36 -30 -2 30
 2 24 -30 -2 30 -30 0 26
 2 24 -30 0 26 -30 0 4

 2 24 26 0 4 26 0 26
 2 24 26 0 26 26 -2 30
 2 24 26 -2 30 26 -2 0

 2 24 -26 0 4 -26 0 26
 2 24 -26 0 26 -26 -2 30
 2 24 -26 -2 30 -26 -2 0

 2 24 30 0 4 26 0 4
 2 24 -30 0 4 -26 0 4
 2 24 30 0 26 26 0 26
 2 24 -30 0 26 -26 0 26
 2 24 30 -2 30 26 -2 30
 2 24 -30 -2 30 -26 -2 30

 2 24 26 -2 30 -26 -2 30
 2 24 26 -2 24 -26 -2 24
 2 24 26 -2 18 -26 -2 18
 2 24 26 -2 12 -26 -2 12
 2 24 26 -2  6 -26 -2  6


 1 16 30 0 0 0 0 0 0 0 4 4 0 0 3-4disc.dat
 1 16 26 0 0 0 0 0 0 0 4 4 0 0 2-4disc.dat
 1 16 -26 0 0 0 0 0 0 0 4 4 0 0 2-4disc.dat
 1 16 -30 0 0 0 0 0 0 0 4 4 0 0 3-4disc.dat
 1 16 26 0 0 0 0 0 0 0 -2 -2 0 0 1-4disc.dat
 1 16 -26 0 0 0 0 0 0 0 -2 -2 0 0 1-4disc.dat

 1 16 -26 0 0 0 52 0 0 0 -2 -2 0 0 1-4cyli.dat
 1 16 -30 0 0 0 60 0 0 0 -4 -4 0 0 1-4cyli.dat
 1 16 30 0 0 0 -4 0 0 0 4 4 0 0 2-4cyli.dat
 1 16 -30 0 0 0 4 0 0 0 4 4 0 0 2-4cyli.dat

 4 16 26 0 -2 26 0 -4 -26 0 -4 -26 0 -2
 4 16 30 0 4 30 0 26 26 0 26 26 0 4
 4 16 -30 0 4 -30 0 26 -26 0 26 -26 0 4
 4 16 26 -2 0 26 -2 30 -26 -2 30 -26 -2 0
 4 16 30 -2 30 30 -2 36 -30 -2 36 -30 -2 30
 4 16 30 -4 0 30 -4 36 -30 -4 36 -30 -4 0
 4 16 30 0 26 30 -2 30 26 -2 30 26 0 26
 4 16 -30 0 26 -30 -2 30 -26 -2 30 -26 0 26

 4 16 30 -2 36 30 -4 36 -30 -4 36 -30 -2 36

 4 16 26 0 0 26 0 26 26 -2 30 26 -2 0
 4 16 -26 0 0 -26 0 26 -26 -2 30 -26 -2 0
 4 16 30 0 0 30 0 26 30 -2 30 30 -4 0
 4 16 -30 0 0 -30 0 26 -30 -2 30 -30 -4 0
 4 16 30 -2 30 30 -2 36 30 -4 36 30 -4 0
 4 16 -30 -2 30 -30 -2 36 -30 -4 36 -30 -4 0
