0 Brick  2 x  2 Corner
0 Name: 2357.DAT
0 Author: James Jessiman
0 Original LDraw Part
0 LDRAW_ORG Part UPDATE 2001-01

0 Inserted missing inside faces - Chris Dee - 09Feb2001

 1 16 0 4 10 1 0 0 0 -5 0 0 0 1 stud3.dat
 1 16 10 4 0 1 0 0 0 -5 0 0 0 1 stud3.dat

 2 24 6 24 26 -6 24 26
 2 24 -6 24 26 -6 24 -6
 2 24 -6 24 -6 26 24 -6
 2 24 26 24 -6 26 24 6
 2 24 26 24 6 6 24 6
 2 24 6 24 6 6 24 26

 2 24 6 4 26 -6 4 26
 2 24 -6 4 26 -6 4 -6
 2 24 -6 4 -6 26 4 -6
 2 24 26 4 -6 26 4 6
 2 24 26 4 6 6 4 6
 2 24 6 4 6 6 4 26

 2 24 6 24 26 6 4 26
 2 24 -6 24 26 -6 4 26
 2 24 -6 24 -6 -6 4 -6
 2 24 26 24 -6 26 4 -6
 2 24 26 24 6 26 4 6
 2 24 6 24 6 6 4 6

 2 24 10 24 30 -10 24 30
 2 24 -10 24 30 -10 24 -10
 2 24 -10 24 -10 30 24 -10
 2 24 30 24 -10 30 24 10
 2 24 30 24 10 10 24 10
 2 24 10 24 10 10 24 30

 2 24 10 0 30 -10 0 30
 2 24 -10 0 30 -10 0 -10
 2 24 -10 0 -10 30 0 -10
 2 24 30 0 -10 30 0 10
 2 24 30 0 10 10 0 10
 2 24 10 0 10 10 0 30

 2 24 10 0 30 10 24 30
 2 24 -10 0 30 -10 24 30
 2 24 -10 0 -10 -10 24 -10
 2 24 30 0 -10 30 24 -10
 2 24 30 0 10 30 24 10
 2 24 10 0 10 10 24 10

 4 16 10 24 30 6 24 26 -6 24 26 -10 24 30
 4 16 -10 24 30 -6 24 26 -6 24 -6 -10 24 -10
 4 16 -10 24 -10 -6 24 -6 26 24 -6 30 24 -10
 4 16 30 24 -10 26 24 -6 26 24 6 30 24 10
 4 16 30 24 10 26 24 6 6 24 6 10 24 10
 4 16 10 24 10 6 24 6 6 24 26 10 24 30
 4 16 26 4 6 -6 4 6 -6 4 -6 26 4 -6
 4 16 6 4 26 6 4 6 -6 4 6 -6 4 26
 4 16 30 0 10 -10 0 10 -10 0 -10 30 0 -10
 4 16 10 0 30 10 0 10 -10 0 10 -10 0 30

 4 16 10 24 30 -10 24 30 -10 0 30 10 0 30
 4 16 -10 24 30 -10 24 -10 -10 0 -10 -10 0 30
 4 16 -10 24 -10 30 24 -10 30 0 -10 -10 0 -10
 4 16 30 24 -10 30 24 10 30 0 10 30 0 -10
 4 16 30 24 10 10 24 10 10 0 10 30 0 10
 4 16 10 24 10 10 24 30 10 0 30 10 0 10

 4 16 6 24 26 -6 24 26 -6 4 26 6 4 26
 4 16 -6 24 26 -6 24 -6 -6 4 -6 -6 4 26
 4 16 -6 24 -6 26 24 -6 26 4 -6 -6 4 -6
 4 16 26 24 -6 26 24 6 26 4 6 26 4 -6
 4 16 26 24 6 6 24 6 6 4 6 26 4 6
 4 16 6 24 6 6 24 26 6 4 26 6 4 6

 1 16 0 0 0 1 0 0 0 1 0 0 0 1 stud.dat
 1 16 20 0 0 1 0 0 0 1 0 0 0 1 stud.dat
 1 16 0 0 20 1 0 0 0 1 0 0 0 1 stud.dat
