0 Slope Brick 45  1 x  2 Triple
0 Name: 238.dat
0 Author: James Jessiman
0 Original LDraw Part - LDraw beta 0.27 Archive

 1 16 0 20 0 1 0 0 0 -1 0 0 0 1 stud3a.dat
 1 16 0 14 0 0 0 4 -4 0 0 4 0 0 4-4edge.dat
 1 16 0 18 0 0 0 4 0 -4 0 -4 0 0 2-4cyls.dat
 1 16 0 18 0 0 0 -4 0 -4 0 -4 0 0 2-4cyls.dat
 1 16 0 18 0 4 0 0 0 2 0 0 0 4 4-4cyli.dat

 2 24 16 24 6 -16 24 6
 2 24 -16 24 6 -16 24 -6
 2 24 -16 24 -6 16 24 -6
 2 24 16 24 -6 16 24 6

 2 24 20 24 10 -20 24 10
 2 24 -20 24 10 -20 24 -10
 2 24 -20 24 -10 20 24 -10
 2 24 20 24 -10 20 24 10

 2 24 16 24 6 16 20 6
 2 24 -16 24 6 -16 20 6
 2 24 16 24 -6 16 20 -6
 2 24 -16 24 -6 -16 20 -6
 2 24 16 20 6 16 20 -6
 2 24 16 20 -6 -16 20 -6
 2 24 -16 20 6 -16 20 -6
 2 24 4 8 6 -4 8 6
 2 24 16 20 6 4 8 6
 2 24 16 20 -6 4 8 6
 2 24 -16 20 6 -4 8 6
 2 24 -16 20 -6 -4 8 6

 2 24 20 24 10 20 20 10
 2 24 -20 24 10 -20 20 10
 2 24 20 24 -10 20 20 -10
 2 24 -20 24 -10 -20 20 -10
 2 24 20 20 10 20 20 -10
 2 24 20 20 -10 -20 20 -10
 2 24 -20 20 10 -20 20 -10
 2 24 20 20 10 0 0 10
 2 24 20 20 -10 0 0 10
 2 24 -20 20 10 0 0 10
 2 24 -20 20 -10 0 0 10

 4 16 20 24 10 16 24 6 -16 24 6 -20 24 10
 4 16 -20 24 10 -16 24 6 -16 24 -6 -20 24 -10
 4 16 -20 24 -10 -16 24 -6 16 24 -6 20 24 -10
 4 16 20 24 -10 16 24 -6 16 24 6 20 24 10

 4 16 20 24 10 20 20 10 20 20 -10 20 24 -10
 4 16 16 24 6 16 20 6 16 20 -6 16 24 -6
 4 16 -16 24 6 -16 20 6 -16 20 -6 -16 24 -6
 4 16 -20 24 10 -20 20 10 -20 20 -10 -20 24 -10

 4 16 20 24 10 20 20 10 -20 20 10 -20 24 10
 3 16 20 20 10 0 0 10 -20 20 10
 4 16 16 24 6 16 20 6 -16 20 6 -16 24 6
 4 16 16 20 6 4 8 6 -4 8 6 -16 20 6
 4 16 16 24 -6 16 20 -6 -16 20 -6 -16 24 -6
 4 16 16 20 -6 4 8 6 -4 8 6 -16 20 -6
 4 16 20 24 -10 20 20 -10 -20 20 -10 -20 24 -10
 3 16 20 20 -10 0 0 10 -20 20 -10

 3 16 16 20 6 4 8 6 16 20 -6
 3 16 -16 20 6 -4 8 6 -16 20 -6
 3 16 20 20 10 0 0 10 20 20 -10
 3 16 -20 20 10 0 0 10 -20 20 -10
