0 Slope Brick 33  3 x  1 Inverted
0 Name: 240.dat
0 Author: James Jessiman
0 Original LDraw Part - LDraw beta 0.27 Archive

 1 16 0 24 0 6 0 0 0 -20 0 0 0 6 box5.dat

 4 16 10 24 10 6 24 6 -6 24 6 -10 24 10
 4 16 -10 24 10 -6 24 6 -6 24 -6 -10 24 -10
 4 16 -10 24 -10 -6 24 -6 6 24 -6 10 24 -10
 4 16 10 24 -10 6 24 -6 6 24 6 10 24 10

 2 24 10 24 -10 10 24 10
 2 24 10 24 -10 -10 24 -10
 2 24 10 24 10 -10 24 10
 2 24 -10 24 -10 -10 24 10

 2 24 10 0 -50 10 4 -50
 2 24 10 4 -50 10 24 -10
 2 24 10 0 10 10 24 10
 2 24 -10 0 -50 -10 4 -50
 2 24 -10 4 -50 -10 24 -10
 2 24 -10 0 10 -10 24 10

 2 24 10 4 -50 -10 4 -50
 2 24 10 0 -50 10 0 10
 2 24 10 0 -50 -10 0 -50
 2 24 10 0 10 -10 0 10
 2 24 -10 0 -50 -10 0 10

 2 24 8 20 -10 -8 20 -10
 2 24 -8 20 -10 -8 2 -46
 2 24 -8 2 -46 8 2 -46
 2 24 8 2 -46 8 20 -10
 2 24 8 0 -10 -8 0 -10
 2 24 -8 0 -10 -8 0 -46
 2 24 -8 0 -46 8 0 -46
 2 24 8 0 -46 8 0 -10
 2 24 8 0 -10 8 20 -10
 2 24 -8 0 -10 -8 20 -10
 2 24 -8 0 -46 -8 2 -46
 2 24 8 0 -46 8 2 -46

 1 16 0 15 -20 4 0 0 0 0 2 0 0 4 4-4edge.dat
 1 16 0 15 -20 6 0 0 0 0 3 0 0 6 4-4edge.dat
 1 16 0 13 -20 0 0 4 0 2 0 -4 0 0 2-4cyls.dat
 1 16 0 13 -20 0 0 -4 0 2 0 -4 0 0 2-4cyls.dat
 1 16 0 12 -20 0 0 6 0 3 0 -6 0 0 2-4cyls.dat
 1 16 0 12 -20 0 0 -6 0 3 0 -6 0 0 2-4cyls.dat

 1 16 0 5 -40 4 0 0 0 0 2 0 0 4 4-4edge.dat
 1 16 0 5 -40 6 0 0 0 0 3 0 0 6 4-4edge.dat
 1 16 0 3 -40 0 0 4 0 2 0 -4 0 0 2-4cyls.dat
 1 16 0 3 -40 0 0 -4 0 2 0 -4 0 0 2-4cyls.dat
 1 16 0 2 -40 0 0 6 0 3 0 -6 0 0 2-4cyls.dat
 1 16 0 2 -40 0 0 -6 0 3 0 -6 0 0 2-4cyls.dat

 1 16 0 0 -20 4 0 0 0 13 0 0 0 4 4-4cyli.dat
 1 16 0 0 -20 6 0 0 0 12 0 0 0 6 4-4cyli.dat
 1 16 0 0 -40 4 0 0 0 3 0 0 0 4 4-4cyli.dat
 1 16 0 0 -40 6 0 0 0 2 0 0 0 6 4-4cyli.dat

 4 16 10 24 -10 10 4 -50 10 0 10 10 24 10
 4 16 10 24 -10 10 4 -50 -10 4 -50 -10 24 -10
 4 16 10 24 10 10 0 10 -10 0 10 -10 24 10
 4 16 -10 24 -10 -10 4 -50 -10 0 10 -10 24 10
 3 16 10 0 -50 10 4 -50 10 0 10
 4 16 10 0 -50 10 4 -50 -10 4 -50 -10 0 -50
 3 16 -10 0 -50 -10 4 -50 -10 0 10

 4 16 8 20 -10 8 2 -46 -8 2 -46 -8 20 -10
 4 16 8 20 -10 8 0 -10 8 0 -46 8 2 -46
 4 16 -8 20 -10 -8 0 -10 -8 0 -46 -8 2 -46
 4 16 8 20 -10 8 0 -10 -8 0 -10 -8 20 -10
 4 16 8 2 -46 8 0 -46 -8 0 -46 -8 2 -46

 4 16 10 0 10 8 0 -10 -8 0 -10 -10 0 10
 4 16 -10 0 10 -8 0 -10 -8 0 -46 -10 0 -50
 4 16 -10 0 -50 -8 0 -46 8 0 -46 10 0 -50
 4 16 10 0 -50 8 0 -46 8 0 -10 10 0 10

 1 16 0 0 0 1 0 0 0 1 0 0 0 1 stud.dat
 1 16 0 0 -20 1 0 0 0 1 0 0 0 1 stud2a.dat
 1 16 0 0 -40 1 0 0 0 1 0 0 0 1 stud2a.dat
