0 Panel 10 x  6 x 11 with Blacktron I Pattern
0 Name: 2408p02.dat
0 Author: Tore Eriksson
0 LDRAW_ORG Part UPDATE 2003-02

0 CMDLINE -c0

0 // 2003-01-09 HM Reworked with s\2408s01 subfile.

1 16 0 0 0 1 0 0 0 1 0 0 0 1 s\2408s01.dat

4 16 60 264 -170 60 144 -170 -60 144 -170 -60 264 -170
4 16 60 48 -110 60 0 -30 -60 0 -30 -60 48 -110

4 16 60 48 -110 36 60 -117.5 -36 60 -117.5 -60 48 -110 
3 16 60 48 -110 36 60 -117.5 60 144 -170 
3 16 -60 48 -110 -36 60 -117.5 -60 144 -170 
3 16 36 60 -117.5 18 96 -140 60 144 -170 
3 16 -36 60 -117.5 -18 96 -140 -60 144 -170 
3 16 18 96 -140 0 132 -162.5 60 144 -170 
3 16 -18 96 -140 0 132 -162.5 -60 144 -170 
3 16 60 144 -170 0 132 -162.5 -60 144 -170 
3 16 0 60 -117.5 18 96 -140 -18 96 -140 
3 14 0 60 -117.5 36 60 -117.5 18 96 -140 
3 14 0 60 -117.5 -36 60 -117.5 -18 96 -140 
3 14 18 96 -140 -18 96 -140 0 132 -162.5 

