0 Tile  1 x  2 Grille with Groove
0 Name: 2412b.dat
0 Author: Kevin Bane
0 !LDRAW_ORG Part UPDATE 2002-01
0 !LICENSE Not redistributable : see NonCAreadme.txt

0 !HISTORY 2001-12-21 [cwdee] Corrected superfluous lines and added missing edges 
0 !HISTORY 2002-02-18 [PTadmin] Official Update 2002-01
0 !HISTORY 2007-05-12 [PTadmin] Header formatted for Contributor Agreement
0 !HISTORY 2008-07-01 [PTadmin] Official Update 2008-01

2 24 -16 4 2 16 4 2
2 24 -16 4 -2 16 4 -2

 2 24 -16 4 6 -16 4 -6
 2 24 16 4 -6 16 4 6
 2 24 16 8 6 -16 8 6
 2 24 -16 8 6 -16 8 -6
 2 24 -16 8 -6 16 8 -6
 2 24 16 8 -6 16 8 6
 2 24 16 8 6 16 4 6
 2 24 -16 8 6 -16 4 6
 2 24 16 8 -6 16 4 -6
 2 24 -16 8 -6 -16 4 -6
 4 16 16 4 6 16 8 6 -16 8 6 -16 4 6
 4 16 -16 4 6 -16 8 6 -16 8 -6 -16 4 -6
 4 16 -16 4 -6 -16 8 -6 16 8 -6 16 4 -6
 4 16 16 4 -6 16 8 -6 16 8 6 16 4 6

 4 16 16 4 2 -16 4 2 -16 4 -2 16 4 -2

 1 16 3 8 0 0 0 1 0 1 0 1 0 0 2-4edge.dat
 2 24 3 8 1 -3 8 1
 1 16 -3 8 0 0 0 -1 0 1 0 1 0 0 2-4edge.dat
 2 24 3 8 -1 -3 8 -1
 1 16 3 8 0 0 0 1 0 1 0 1 0 0 2-4disc.dat
 4 16 3 8 1 3 8 -1 -3 8 -1 -3 8 1
 1 16 -3 8 0 0 0 -1 0 1 0 1 0 0 2-4disc.dat
 1 16 3 4 0 0 0 1 0 4 0 1 0 0 2-4cyli.dat
 4 16 3 8 1 3 4 1 -3 4 1 -3 8 1
 1 16 -3 4 0 0 0 -1 0 4 0 1 0 0 2-4cyli.dat
 4 16 3 8 -1 3 4 -1 -3 4 -1 -3 8 -1
 1 16 3 4 0 0 0 1 0 1 0 1 0 0 2-4edge.dat
 2 24 3 4 1 -3 4 1
 1 16 -3 4 0 0 0 -1 0 1 0 1 0 0 2-4edge.dat
 2 24 3 4 -1 -3 4 -1

 4 16 19 8 9 -19 8 9 -16 8 6 16 8 6
 4 16 -19 8 9 -19 8 -9 -16 8 -6 -16 8 6
 4 16 -19 8 -9 19 8 -9 16 8 -6 -16 8 -6
 4 16 19 8 -9 19 8 9 16 8 6 16 8 -6
 1 16 0 8 0 19 0 0 0 -1 0 0 0 9 box4.dat
 4 16 20 7 10 -20 7 10 -19 7 9 19 7 9
 4 16 -20 7 10 -20 7 -10 -19 7 -9 -19 7 9
 4 16 -20 7 -10 20 7 -10 19 7 -9 -19 7 -9
 4 16 20 7 -10 20 7 10 19 7 9 19 7 -9

 1 16 0 3.5 10 20 0 0 0 0 3.5 0 1 0 rect.dat

 2 24 -20 7 10 -20 7 -10
 2 24 -20 0 10 -20 0 6
 2 24 -20 0 6 -20 4 6
 2 24 -20 0 2 -20 4 2
 2 24 -20 0 -2 -20 4 -2
 2 24 -20 0 -6 -20 4 -6
 2 24 -20 0 -6 -20 0 -10
 4 16 -20 7 10 -20 4 10 -20 4 -10 -20 7 -10
 4 16 -20 4 10 -20 0 10 -20 0 6 -20 4 6
 4 16 -20 4 2 -20 0 2 -20 0 -2 -20 4 -2
 4 16 -20 4 -6 -20 0 -6 -20 0 -10 -20 4 -10

 1 16 0 3.5 -10 20 0 0 0 0 3.5 0 1 0 rect.dat

 2 24 20 7 -10 20 7 10
 2 24 20 0 -10 20 0 -6
 2 24 20 0 -6 20 4 -6
 2 24 20 0 -2 20 4 -2
 2 24 20 0 2 20 4 2
 2 24 20 0 6 20 4 6
 2 24 20 0 6 20 0 10
 4 16 20 7 10 20 4 10 20 4 -10 20 7 -10
 4 16 20 4 -6 20 0 -6 20 0 -10 20 4 -10
 4 16 20 4 2 20 0 2 20 0 -2 20 4 -2
 4 16 20 4 10 20 0 10 20 0 6 20 4 6

 4 16 20 0 10 -20 0 10 -20 0 6 20 0 6
 2 24 -20 0 6 20 0 6
 4 16 20 4 6 20 0 6 -20 0 6 -20 4 6
 1 16 -18 4 4 2 0 0 0 1 0 0 0 2 rect.dat
 1 16 18 4 4 2 0 0 0 1 0 0 0 2 rect.dat
 4 16 20 4 2 20 0 2 -20 0 2 -20 4 2
 1 16 0 0 0 20 0 0 0 1 0 0 0 2 rect.dat
 4 16 20 4 -2 20 0 -2 -20 0 -2 -20 4 -2
 1 16 -18 4 -4 2 0 0 0 1 0 0 0 2 rect.dat
 1 16 18 4 -4 2 0 0 0 1 0 0 0 2 rect.dat
 4 16 20 4 -6 20 0 -6 -20 0 -6 -20 4 -6
 2 24 20 0 -6 -20 0 -6
 4 16 20 0 -6 -20 0 -6 -20 0 -10 20 0 -10

0
