0 ~2421 wing
0 name 2421a.dat
0 Created by Lutz Uhlmann
0 Official LCad update 97-01

 1 16 0 -2 34 6 0 0 0 4 0 0 0 6 2-4cyli.dat
 1 16 0 2 34 6 0 0 0 1 0 0 0 6 2-4edge.dat
 1 16 0 -2 34 6 0 0 0 1 0 0 0 6 2-4edge.dat
 1 16 0 2 34 6 0 0 0 1 0 0 0 6 2-4disc.dat
 1 16 0 -2 34 6 0 0 0 1 0 0 0 6 2-4disc.dat
 2 24 6 -2 34 6 -2 4
 2 24 -6 -2 34 -6 -2 4
 2 24 6 2 34 6 2 4
 2 24 -6 2 34 -6 2 4
 4 16 6 2 34 6 2 4 -6 2 4 -6 2 34
 4 16 6 -2 34 6 -2 4 -6 -2 4 -6 -2 34
 4 16 6 2 34 6 2 4 6 -2 4 6 -2 34
 4 16 -6 2 34 -6 2 4 -6 -2 4 -6 -2 34
0

