0 Hinge Plate  1 x  4 Top
0 Name: 2430.dat
0 Author: James Jessiman
0 Original LDraw Part - LDraw beta 0.27 Archive

 1 16 20 4 10 1 0 0 0 -1 0 0 0 1 stud3.dat

 2 24 40 8 20 0 8 20
 2 24 0 8 20 0 8 11.2
 2 24 0 8 11.2 2.5 8 8.7
 2 24 2.5 8 8.7 4 8 10.2
 2 24 4 8 10.2 4 8 16
 2 24 4 8 16 36 8 16
 2 24 36 8 16 36 8 4
 2 24 36 8 4 10.2 8 4
 2 24 10.2 8 4 8.7 8 2.5
 2 24 8.7 8 2.5 11.2 8 0
 2 24 11.2 8 0 40 8 0
 2 24 40 8 0 40 8 20

 2 24 0 4 8 0 4 11.2
 2 24 0 4 11.2 2.5 4 8.7
 2 24 2.5 4 8.7 4 4 10.2
 2 24 4 4 10.2 4 4 16
 2 24 4 4 16 36 4 16
 2 24 36 4 16 36 4 4
 2 24 36 4 4 10.2 4 4
 2 24 10.2 4 4 8.7 4 2.5
 2 24 8.7 4 2.5 11.2 4 0
 2 24 11.2 4 0 8 4 0

 1 16 0 4 0 2.67 0 0 0 0 0 0 0 2.67 4-4edge.dat
 1 16 0 4 0 4 0 0 0 0 0 0 0 4 4-4edge.dat
 1 16 0 4 0 8 0 0 0 0 0 0 0 -8 3-4edge.dat

 2 24 0 4 11.2 0 8 11.2
 2 24 2.5 4 8.7 2.5 8 8.7
 2 24 4 4 10.2 4 8 10.2
 2 24 4 4 16 4 8 16
 2 24 36 4 16 36 8 16
 2 24 36 4 4 36 8 4
 2 24 10.2 4 4 10.2 8 4
 2 24 8.7 4 2.5 8.7 8 2.5
 2 24 11.2 4 0 11.2 8 0

 2 24 40 0 20 0 0 20
 2 24 0 0 20 0 0 8
 1 16 0 0 0 8 0 0 0 0 0 0 0 -8 3-4edge.dat
 2 24 8 0 0 40 0 0
 2 24 40 0 0 40 0 20

 2 24 40 0 20 40 8 20
 2 24 0 0 20 0 8 20
 2 24 0 0 8 0 4 8
 2 24 8 0 0 8 4 0
 2 24 40 0 0 40 8 0

 4 16 0 8 11.2 2.5 8 8.7 2.5 4 10 0 4 11.2
 4 16 2.5 8 8.7 4 8 10.2 4 4 10.2 2.5 4 8.7
 4 16 10.2 8 4 8.7 8 2.5 8.7 4 2.5 10.2 4 4
 4 16 8.7 8 2.5 11.2 8 0 11.2 4 0 8.7 4 2.5
 
 3 16 0 8 11.2 2.5 8 8.7 4 8 10.2
 4 16 0 8 11.2 4 8 10.2 4 8 16 0 8 20
 4 16 0 8 20 4 8 16 36 8 16 40 8 20
 4 16 40 8 20 36 8 16 36 8 4 40 8 0
 4 16 40 8 0 36 8 4 10.2 8 4 11.2 8 0
 3 16 10.2 8 4 8.7 8 2.5 11.2 8 0

 4 16 36 4 16 4 4 16 4 4 4 36 4 4
 4 16 11.2 4 0 11.2 4 11.2 0 4 11.2 0 4 0
 1 16 0 4 0 8 0 0 0 0 0 0 0 8 4-4disc.dat

 4 16 40 0 20 0 0 20 0 0 0 40 0 0
 1 16 0 0 0 8 0 0 0 0 0 0 0 8 4-4disc.dat

 4 16 40 8 20 40 0 20 0 0 20 0 8 20
 4 16 36 8 16 36 4 16 4 4 16 4 8 16
 4 16 36 8 4 36 4 4 10.2 4 4 10.2 8 4
 4 16 40 8 0 40 0 0 11.2 4 0 11.2 8 0
 4 16 11.2 4 0 40 0 0 8 0 0 8 4 0

 4 16 40 8 20 40 0 20 40 0 0 40 8 0
 4 16 36 8 16 36 4 16 36 4 4 36 8 4
 4 16 4 8 16 4 4 16 4 4 10.2 4 8 10.2
 4 16 0 8 20 0 0 20 0 4 11.2 0 8 11.2
 4 16 0 4 11.2 0 0 20 0 0 8 0 4 8

 1 16 0 0 0 8 0 0 0 4 0 0 0 -8 3-4cyli.dat

 1 16 0 4 0 -0.46 0 0.46 0 -0.2 0 0.46 0 0.46 connect2.dat

 1 16 10 0 10 1 0 0 0 1 0 0 0 1 stud.dat
 1 16 30 0 10 1 0 0 0 1 0 0 0 1 stud.dat

