0 Tile  1 x  4 with Sonar Pattern
0 Name: 2431p12.dat
0 Author: Thomas Burger
0 Official LCad update 98-03

 2 24 -40 0 10 -30 0 8.50 
 2 24 -30 0 8.50 -20 0 7.30 
 2 24 -20 0 7.30 -10 0 6.60 
 2 24 -10 0 6.60 0 0 6 
 2 24 0 0 6 10 0 6.60 
 2 24 10 0 6.60 20 0 7.30 
 2 24 20 0 7.30 30 0 8.50 
 2 24 30 0 8.50 40 0 10 
 2 24 -40 0 -10 -30 0 -8.50 
 2 24 -30 0 -8.50 -20 0 -7.30 
 2 24 -20 0 -7.30 -10 0 -6.60 
 2 24 -10 0 -6.60 -20 0 -7.30 
 2 24 -10 0 -6.60 0 0 -6 
 2 24 0 0 -6 10 0 -6.60 
 2 24 10 0 -6.60 20 0 -7.30 
 2 24 20 0 -7.30 30 0 -8.50 
 2 24 30 0 -8.50 40 0 -10 
 2 24 -40 0 -10 -30 0 -8.50 
 2 24 -40 0 -10 -30 0 -8.50 
 2 24 35 0 9.40 35 0 -9.40 
 2 24 30 0 8.50 30 0 -8.50 
 2 24 25 0 8 25 0 -7.80 
 2 24 20 0 7.30 20 0 -7.30 
 2 24 15 0 7 15 0 -6.80 
 2 24 10 0 6.60 10 0 -6.60 
 2 24 5 0 6.40 5 0 -6.20 
 2 24 0 0 6 0 0 -6 
 2 24 -5 0 6.40 -5 0 -6.20 
 2 24 -10 0 6 -10 0 -6.60 
 2 24 -15 0 -6.80 -15 0 7 
 2 24 -20 0 7.30 -20 0 -7.30 
 2 24 -25 0 8 -25.05 0 -7.80 
 2 24 -30 0 -8.50 -30 0 8.50 
 2 24 -35 0 9.20 -35 0 -9.40 
 2 24 -30 0 -8.50 -40 0 -10 
 4 16 0 0 10 0 0 6 10 0 6.60 20 0 7.30 
 4 16 0 0 10 20 0 7.30 30 0 8.50 40 0 10 
 4 16 0 0 10 0 0 6 -10 0 6.60 -20 0 7.30 
 4 16 0 0 10 -20 0 7.30 -30 0 8.50 -40 0 10 
 4 16 0 0 -10 0 0 -6 10 0 -6.60 20 0 -7.30 
 4 16 0 0 -10 20 0 -7.30 30 0 -8.50 40 0 -10 
 4 16 0 0 -10 0 0 -6 -10 0 -6.60 -20 0 -7.30 
 4 16 0 0 -10 -20 0 -7.30 -30 0 -8.50 -40 0 -10 
 4 16 -40 0 -10 -35 0 -9.40 -35 0 9.20 -40 0 10 
 4 16 -35 0 9.20 -30 0 8.50 -30 0 -8.50 -35 0 -9.40 
 4 16 -30 0 8.50 -25 0 8 -25.05 0 -7.80 -30 0 -8.50 
 4 16 -25 0 8 -20 0 7.30 -20 0 -7.30 -25.05 0 -7.80 
 4 16 -20 0 -7.30 -15 0 -6.80 -15 0 7 -20 0 7.30 
 4 16 -15 0 7 -10 0 6.60 -10 0 -6.60 -15 0 -6.80 
 4 16 -10 0 6.60 -5 0 6.40 -5 0 -6.20 -10 0 -6.60 
 4 16 -5 0 6.40 0 0 6 0 0 -6 -5 0 -6.20 
 4 16 0 0 6 5 0 6.40 5 0 -6.20 0 0 -6 
 4 16 5 0 6.40 10 0 6.60 10 0 -6.60 5 0 -6.20 
 4 16 10 0 6.60 15 0 7 15 0 -6.80 10 0 -6.60 
 4 16 15 0 7 20 0 7.30 20 0 -7.30 15 0 -6.80 
 4 16 20 0 7.30 25 0 8 25 0 -7.80 20 0 -7.30 
 4 16 25 0 8 30 0 8.50 30 0 -8.50 25 0 -7.80 
 4 16 30 0 8.50 35 0 9.40 35 0 -9.40 30 0 -8.50 
 4 16 35 0 9.40 40 0 10 40 0 -10 35 0 -9.40 
0 Tile  1 x  4
 1 16 20 4 0 1 0 0 0 -1 0 0 0 1 stud3.dat
 1 16 0 4 0 1 0 0 0 -1 0 0 0 1 stud3.dat
 1 16 -20 4 0 1 0 0 0 -1 0 0 0 1 stud3.dat
 1 16 0 8 0 36 0 0 0 -4 0 0 0 6 box5.dat
 4 16 40 8 10 36 8 6 -36 8 6 -40 8 10 
 4 16 -40 8 10 -36 8 6 -36 8 -6 -40 8 -10 
 4 16 -40 8 -10 -36 8 -6 36 8 -6 40 8 -10 
 4 16 40 8 -10 36 8 -6 36 8 6 40 8 10 
 1 16 0 8 0 40 0 0 0 -8 0 0 0 10 box4.dat
