0 Tile  1 x  2 with Handle
0 Name: 2432.dat
0 Author: James Jessiman
0 Original LDraw Part - LDraw beta 0.27 Archive

 1 16 0 28 0 1 0 0 0 -1 0 0 0 1 stud3.dat

 1 16 0 32 0 16 0 0 0 -4 0 0 0 6 box5.dat

 4 16 20 32 10 16 32 6 -16 32 6 -20 32 10
 4 16 -20 32 10 -16 32 6 -16 32 -6 -20 32 -10
 4 16 -20 32 -10 -16 32 -6 16 32 -6 20 32 -10
 4 16 20 32 -10 16 32 -6 16 32 6 20 32 10

 1 16 20 4 6 0 0 0 0 0 -4 4 0 0 2-4edge.dat
 1 16 -20 4 6 0 0 0 0 0 -4 4 0 0 2-4edge.dat
 1 16 16 4 6 0 0 0 0 0 4 4 0 0 2-4edge.dat
 1 16 -16 4 6 0 0 0 0 0 4 4 0 0 2-4edge.dat

 2 24 20 32 10 -20 32 10
 2 24 -20 32 10 -20 32 -10
 2 24 -20 32 -10 20 32 -10
 2 24 20 32 -10 20 32 10

 2 24 16 24 10 -16 24 10
 2 24 -16 24 10 -16 24 -10
 2 24 -20 24 -10 20 24 -10
 2 24 16 24 -10 16 24 10

 2 24 20 24 -10 20 32 -10
 2 24 -20 24 -10 -20 32 -10

 2 24 20 4 2 20 24 -10
 2 24 -20 4 2 -20 24 -10
 2 24 16 4 2 16 24 -10
 2 24 -16 4 2 -16 24 -10

 2 24 20 4 10 20 32 10
 2 24 -20 4 10 -20 32 10
 2 24 16 4 10 16 24 10
 2 24 -16 4 10 -16 24 10

 1 16 20 4 6 0 0 0 0 0 -4 4 0 0 2-4disc.dat
 1 16 -20 4 6 0 0 0 0 0 -4 4 0 0 2-4disc.dat
 1 16 20 4 6 0 -40 0 0 0 -4 4 0 0 2-4cyli.dat
 1 16 16 4 6 0 -32 0 0 0 4 4 0 0 2-4cyli.dat

 4 16 16 24 10 -16 24 10 -16 24 -10 16 24 -10

 4 16 20 32 10 20 24 10 20 24 -10 20 32 -10
 4 16 -20 32 10 -20 24 10 -20 24 -10 -20 32 -10
 4 16 20 24 10 20 4 10 20 4 2 20 24 -10
 4 16 -20 24 10 -20 4 10 -20 4 2 -20 24 -10
 4 16 16 24 10 16 4 10 16 4 2 16 24 -10
 4 16 -16 24 10 -16 4 10 -16 4 2 -16 24 -10

 4 16 20 32 10 20 24 10 -20 24 10 -20 32 10
 4 16 20 32 -10 20 24 -10 -20 24 -10 -20 32 -10
 4 16 20 24 10 20 4 10 16 4 10 16 24 10
 4 16 -20 24 10 -20 4 10 -16 4 10 -16 24 10
 4 16 20 24 -10 20 4 2 16 4 2 16 24 -10
 4 16 -20 24 -10 -20 4 2 -16 4 2 -16 24 -10
