0 Minifig Helmet
0 Name: 2446.dat
0 Author: Chris Dee (chris_w_dee@hotmail.com)
0 Official LCad update 98-09

1 16 0 -4 0 1 0 0 0 -1 0 0 0 1 stud4.dat
1 16 0 -4 0 6 0 0 0 1 0 0 0 6 4-4disc.dat
4 16 12.010 3 4.975 7.391 -4 3.061 5.657 -4 5.657 9.192 3 9.192
4 16 9.192 3 9.192 5.657 -4 5.657 3.061 -4 7.391 4.975 3 12.010
4 16 4.975 3 12.010 3.061 -4 7.391 0 -4 8 0 3 13
4 16 0 3 13 0 -4 8 -3.061 -4 7.391 -4.975 3 12.010
4 16 -4.975 3 12.010 -3.061 -4 7.391 -5.657 -4 5.657 -9.192 3 9.192
4 16 -9.192 3 9.192 -5.657 -4 5.657 -7.391 -4 3.061 -12.010 3 4.975
4 16 -12.010 3 4.975 -7.391 -4 3.061 -8 -4 0 -13 3 0
4 16 -13 3 0 -8 -4 0 -7.391 -4 -3.061 -12.010 3 -4.975
4 16 -12.010 3 -4.975 -7.391 -4 -3.061 -5.657 -4 -5.657 -9.192 3 -9.192
4 16 -9.192 3 -9.192 -5.657 -4 -5.657 -3.061 -4 -7.391 -4.975 3 -12.010
4 16 -4.975 3 -12.010 -3.061 -4 -7.391 -0 -4 -8 -0 3 -13
4 16 -0 3 -13 -0 -4 -8 3.061 -4 -7.391 4.975 3 -12.010
4 16 4.975 3 -12.010 3.061 -4 -7.391 5.657 -4 -5.657 9.192 3 -9.192
4 16 9.192 3 -9.192 5.657 -4 -5.657 7.391 -4 -3.062 12.010 3 -4.975
4 16 12.010 3 -4.975 7.391 -4 -3.062 8 -4 -0 13 3 -0
4 16 13 3 -0 8 -4 -0 7.391 -4 3.061 12.010 3 4.975
1 16 0 3 0 13 0 0 0 1 0 0 0 13 4-4edge.dat
1 16 0 3 0 13 0 0 0 4 0 0 0 13 4-4cyli.dat
1 16 0 7 0 13 0 0 0 15 0 0 0 13 2-4cyli.dat
3 16 0 22 13 4.975 22 12.010 4.975 22.152 12.010 
4 16 4.975 22 12.010 9.192 22 9.192 9.192 22.586 9.192 4.975 22.152 12.010 
4 16 9.192 22 9.192 12.010 22 4.975 12.010 23.262 4.975 9.192 22.586 9.192 
4 16 12.010 22 4.975 13 22 0 13 24 0 12.010 23.262 4.975
4 16 -12.010 22 4.975 -13 22 0 -13 24 0 -12.010 23.262 4.975
4 16 -9.192 22 9.192 -12.010 22 4.975 -12.010 23.262 4.975 -9.192 22.586 9.192 
4 16 -4.975 22 12.010 -9.192 22 9.192 -9.192 22.586 9.192 -4.975 22.152 12.010 
3 16 0 22 13 -4.975 22 12.010 -4.975 22.152 12.010 
2 24 9.989 7 -8 9.192 7 -9.192
2 24 9.192 7 -9.192 4.975 7 -12.010
2 24 4.975 7 -12.010 0 7 -13
2 24 -4.975 7 -12.010 0 7 -13
2 24 -9.192 7 -9.192 -4.975 7 -12.010
2 24 -9.989 7 -8 -9.192 7 -9.192
2 24 9.989 7 -8 11.267 7.381 -6.087
2 24 11.267 7.381 -6.087 12.010 7.722 -4.975
2 24 12.010 7.722 -4.975 12.112 8.464 -4.464
2 24 12.112 8.464 -4.464 12.327 10.087 -3.381
2 24 12.327 10.087 -3.381 12.403 12 -3
2 24 12.403 12 -3 12.105 14.823 -4.5
2 24 -12.403 12 -3 -12.105 14.823 -4.5
2 24 -12.327 10.087 -3.381 -12.403 12 -3
2 24 -12.112 8.464 -4.464 -12.327 10.087 -3.381
2 24 -11.267 7.381 -6.087 -12.010 7.722 -4.975
2 24 -12.010 7.722 -4.975 -12.112 8.464 -4.464
2 24 -9.989 7 -8 -11.267 7.381 -6.087
2 24 12.105 14.823 -4.5 12.010 15.027 -4.975
2 24 12.010 15.027 -4.975 9.192 16.833 -9.192
2 24 9.192 16.833 -9.192 4.975 18.041 -12.010
2 24 4.975 18.041 -12.010 0 18.465 -13
2 24 -4.975 18.041 -12.010 0 18.465 -13
2 24 -9.192 16.833 -9.192 -4.975 18.041 -12.010
2 24 -12.010 15.027 -4.975 -9.192 16.833 -9.192
2 24 -12.105 14.823 -4.5 -12.010 15.027 -4.975
4 16 11.267 7.381 -6.087 9.989 7 -8 12.010 7 -4.975 12.010 7.381 -4.975
3 16 11.267 7.381 -6.087 12.010 7.381 -4.975 12.010 7.722 -4.975
4 16 12.010 7.722 -4.975 12.010 7 -4.795 12.112 7 -4.646 12.112 8.464 -4.464 
4 16 12.112 8.464 -4.464 12.112 7 -4.646 13 7 0 13 8.464 0
4 16 12.112 8.464 -4.464 12.327 10.087 -3.381 13 10.087 0 13 8.464 0
4 16 12.327 10.087 -3.381 12.403 12 -3 13 12 0 13 10.087 0
4 16 12.403 12 -3 12.105 14.823 -4.5 13 14.823 0 13 12 0
4 16 -12.403 12 -3 -12.105 14.823 -4.5 -13 14.823 0 -13 12 0
4 16 -12.327 10.087 -3.381 -12.403 12 -3 -13 12 0 -13 10.087 0
4 16 -12.112 8.464 -4.464 -12.327 10.087 -3.381 -13 10.087 0 -13 8.464 0
4 16 -12.112 8.464 -4.464 -12.112 7 -4.646 -13 7 0 -13 8.464 0
4 16 -12.010 7.722 -4.975 -12.010 7 -4.795 -12.112 7 -4.646 -12.112 8.464 -4.464 
3 16 -11.267 7.381 -6.087 -12.010 7.381 -4.975 -12.010 7.722 -4.975
4 16 -11.267 7.381 -6.087 -9.989 7 -8 -12.010 7 -4.975 -12.010 7.381 -4.975
4 16 13 15.027 0 12.010 15.027 -4.975 12.105 14.823 -4.5 13 14.823 0
4 16 13 15.027 0 12.010 15.027 -4.975 12.010 24.738 -4.795 13 24 0
4 16 12.010 15.027 -4.975 9.192 16.833 -9.192 9.192 25.414 -9.192 12.010 24.738 -4.795
4 16 9.192 16.833 -9.192 4.975 18.041 -12.010 4.975 25.848 -12.010 9.192 25.414 -9.192
4 16 4.975 18.041 -12.010 0 18.465 -13 0 26 -13 4.975 25.848 -12.010 
4 16 -4.975 18.041 -12.010 0 18.465 -13 0 26 -13 -4.975 25.848 -12.010 
4 16 -9.192 16.833 -9.192 -4.975 18.041 -12.010 -4.975 25.848 -12.010 -9.192 25.414 -9.192
4 16 -12.010 15.027 -4.975 -9.192 16.833 -9.192 -9.192 25.414 -9.192 -12.010 24.738 -4.795
4 16 -13 15.027 0 -12.010 15.027 -4.975 -12.010 24.738 -4.795 -13 24 0
4 16 -13 15.027 0 -12.010 15.027 -4.975 -12.105 14.823 -4.5 -13 14.823 0
2 24 0 22 13 4.975 22.152 12.010 
2 24 9.192 22.586 9.192 4.975 22.152 12.010 
2 24 12.010 23.262 4.975 9.192 22.586 9.192 
2 24 13 24 0 12.010 23.262 4.975
2 24 12.010 24.738 -4.795 13 24 0
2 24 9.192 25.414 -9.192 12.010 24.738 -4.795
2 24 4.975 25.848 -12.010 9.192 25.414 -9.192
2 24 0 26 -13 4.975 25.848 -12.010 
2 24 0 22 13 -4.975 22.152 12.010 
2 24 -9.192 22.586 9.192 -4.975 22.152 12.010 
2 24 -12.010 23.262 4.975 -9.192 22.586 9.192 
2 24 -13 24 0 -12.010 23.262 4.975
2 24 -12.010 24.738 -4.795 -13 24 0
2 24 -9.192 25.414 -9.192 -12.010 24.738 -4.795
2 24 -4.975 25.848 -12.010 -9.192 25.414 -9.192
2 24 0 26 -13 -4.975 25.848 -12.010 
3 16 6.123 -6.782 0 0 -8 0 5.848 -6.782 2.343
3 16 5.848 -6.782 2.343 0 -8 0 4.330 -6.782 4.330
3 16 4.330 -6.782 4.330 0 -8 0 2.343 -6.782 5.848
3 16 2.343 -6.782 5.848 0 -8 0 0 -6.782 6.123
3 16 0 -6.782 6.123 0 -8 0 -2.343 -6.782 5.848
3 16 -2.343 -6.782 5.848 0 -8 0 -4.330 -6.782 4.330
3 16 -4.330 -6.782 4.330 0 -8 0 -5.848 -6.782 2.343
3 16 -5.848 -6.782 2.343 0 -8 0 -6.123 -6.782 0
5 24 6.123 -6.782 0 0 -8 0 5.848 -6.782 -2.343 5.848 -6.782 2.343
5 24 5.848 -6.782 2.343 0 -8 0 6.123 -6.782 -0 4.330 -6.782 4.330
5 24 4.330 -6.782 4.330 0 -8 0 5.848 -6.782 2.343 2.343 -6.782 5.848
5 24 2.343 -6.782 5.848 0 -8 0 4.330 -6.782 4.330 0 -6.782 6.123
5 24 0 -6.782 6.123 0 -8 0 2.343 -6.782 5.848 -2.343 -6.782 5.848
5 24 -2.343 -6.782 5.848 0 -8 0 0 -6.782 6.123 -4.330 -6.782 4.330
5 24 -4.330 -6.782 4.330 0 -8 0 -2.343 -6.782 5.848 -5.848 -6.782 2.343
5 24 -5.848 -6.782 2.343 0 -8 0 -4.330 -6.782 4.330 -6.123 -6.782 0
5 24 -6.123 -6.782 0 0 -8 0 -5.848 -6.782 2.343 -5.848 -6.782 -2.343
5 24 6.123 -6.782 0 5.848 -6.782 2.343 0 -8 0 11.314 -3.314 0
5 24 5.848 -6.782 2.343 4.330 -6.782 4.330 0 -8 0 10.453 -3.314 4.330
5 24 4.330 -6.782 4.330 2.343 -6.782 5.848 0 -8 0 8 -3.314 8
5 24 2.343 -6.782 5.848 0 -6.782 6.123 0 -8 0 4.330 -3.314 10.453
5 24 0 -6.782 6.123 -2.343 -6.782 5.848 0 -8 0 0 -3.314 11.314
5 24 -2.343 -6.782 5.848 -4.330 -6.782 4.330 0 -8 0 -4.330 -3.314 10.453
5 24 -4.330 -6.782 4.330 -5.848 -6.782 2.343 0 -8 0 -8 -3.314 8
5 24 -5.848 -6.782 2.343 -6.123 -6.782 0 0 -8 0 -10.453 -3.314 4.330
4 16 11.314 -3.314 0 6.123 -6.782 0 5.848 -6.782 2.343 10.453 -3.314 4.330
4 16 10.453 -3.314 4.330 5.848 -6.782 2.343 4.330 -6.782 4.330 8 -3.314 8
4 16 8 -3.314 8 4.330 -6.782 4.330 2.343 -6.782 5.848 4.330 -3.314 10.453
4 16 4.330 -3.314 10.453 2.343 -6.782 5.848 0 -6.782 6.123 0 -3.314 11.314
4 16 0 -3.314 11.314 0 -6.782 6.123 -2.343 -6.782 5.848 -4.330 -3.314 10.453
4 16 -4.330 -3.314 10.453 -2.343 -6.782 5.848 -4.330 -6.782 4.330 -8 -3.314 8
4 16 -8 -3.314 8 -4.330 -6.782 4.330 -5.848 -6.782 2.343 -10.453 -3.314 4.330
4 16 -10.453 -3.314 4.330 -5.848 -6.782 2.343 -6.123 -6.782 0 -11.314 -3.314 0
5 24 11.314 -3.314 0 6.123 -6.782 0 10.453 -3.314 -4.330 10.453 -3.314 4.330
5 24 10.453 -3.314 4.330 5.848 -6.782 2.343 11.314 -3.314 -0 8 -3.314 8
5 24 8 -3.314 8 4.330 -6.782 4.330 10.453 -3.314 4.330 4.330 -3.314 10.453
5 24 4.330 -3.314 10.453 2.343 -6.782 5.848 8 -3.314 8 0 -3.314 11.314
5 24 0 -3.314 11.314 0 -6.782 6.123 4.330 -3.314 10.453 -4.330 -3.314 10.453
5 24 -4.330 -3.314 10.453 -2.343 -6.782 5.848 0 -3.314 11.314 -8 -3.314 8
5 24 -8 -3.314 8 -4.330 -6.782 4.330 -4.330 -3.314 10.453 -10.453 -3.314 4.330
5 24 -10.453 -3.314 4.330 -5.848 -6.782 2.343 -8 -3.314 8 -11.314 -3.314 0
5 24 -11.314 -3.314 0 -6.123 -6.782 0 -10.453 -3.314 4.330 -10.453 -3.314 -4.330
5 24 11.314 -3.314 0 10.453 -3.314 4.330 6.123 -6.782 0 14.782 1.877 0
5 24 10.453 -3.314 4.330 8 -3.314 8 5.848 -6.782 2.343 13.657 1.877 5.848
5 24 8 -3.314 8 4.330 -3.314 10.453 4.330 -6.782 4.330 10.452 1.877 10.452
5 24 4.330 -3.314 10.453 0 -3.314 11.314 2.343 -6.782 5.848 5.848 1.877 13.657
5 24 0 -3.314 11.314 -4.330 -3.314 10.453 0 -6.782 6.123 0 1.877 14.782
5 24 -4.330 -3.314 10.453 -8 -3.314 8 -2.343 -6.782 5.848 -5.848 1.877 13.657
5 24 -8 -3.314 8 -10.453 -3.314 4.330 -4.330 -6.782 4.330 -10.452 1.877 10.452
5 24 -10.453 -3.314 4.330 -11.314 -3.314 0 -5.848 -6.782 2.343 -13.657 1.877 5.848
3 16 11.314 -3.314 0 14.5 1.877 0 14.5 1.877 2.5
3 16 11.314 -3.314 0 13.657 1.877 5.848 14.5 1.877 2.5
3 16 11.314 -3.314 0 13.657 1.877 5.848 10.453 -3.314 4.330
4 16 13.657 1.877 5.848 10.453 -3.314 4.330 8 -3.314 8 10.452 1.877 10.452
4 16 10.452 1.877 10.452 8 -3.314 8 4.330 -3.314 10.453 5.848 1.877 13.657
4 16 5.848 1.877 13.657 4.330 -3.314 10.453 0 -3.314 11.314 0 1.877 14.782
4 16 0 1.877 14.782 0 -3.314 11.314 -4.330 -3.314 10.453 -5.848 1.877 13.657
4 16 -5.848 1.877 13.657 -4.330 -3.314 10.453 -8 -3.314 8 -10.452 1.877 10.452
4 16 -10.452 1.877 10.452 -8 -3.314 8 -10.453 -3.314 4.330 -13.657 1.877 5.848
3 16 -11.314 -3.314 0 -13.657 1.877 5.848 -10.453 -3.314 4.330
3 16 -11.314 -3.314 0 -13.657 1.877 5.848 -14.5 1.877 2.5
3 16 -11.314 -3.314 0 -14.5 1.877 0 -14.5 1.877 2.5
5 24 14.5 1.877 0 11.314 -3.314 0 14.5 1.877 2.5 13.657 1.877 -6.123
5 24 14.5 1.877 2.5 11.314 -3.314 0 14.5 1.877 0 13.657 1.877 5.848
5 24 13.657 1.877 5.848 11.314 -3.314 0 14.5 1.877 2.5 10.453 -3.314 4.330
5 24 13.657 1.877 5.848 10.453 -3.314 4.330 14.5 1.877 -0 10.452 1.877 10.452
5 24 10.452 1.877 10.452 8 -3.314 8 13.657 1.877 5.848 5.848 1.877 13.657
5 24 5.848 1.877 13.657 4.330 -3.314 10.453 10.452 1.877 10.452 0 1.877 14.782
5 24 0 1.877 14.782 0 -3.314 11.314 5.848 1.877 13.657 -5.848 1.877 13.657
5 24 -5.848 1.877 13.657 -4.330 -3.314 10.453 0 1.877 14.782 -10.452 1.877 10.452
5 24 -10.452 1.877 10.452 -8 -3.314 8 -5.848 1.877 13.657 -13.657 1.877 5.848
5 24 -13.657 1.877 5.848 -10.453 -3.314 4.330 -10.452 1.877 10.452 -14.5 1.877 0
5 24 -14.5 1.877 0 -11.314 -3.314 0 -14.5 1.877 2.5 -13.657 1.877 -6.123
5 24 -14.5 1.877 2.5 -11.314 -3.314 0 -14.5 1.877 0 -13.657 1.877 5.848
5 24 -13.657 1.877 5.848 -11.314 -3.314 0 -14.5 1.877 2.5 -10.453 -3.314 4.330
5 24 14.5 1.877 0 14.5 1.877 2.5 10.453 -3.314 4.330 14.5 7 6.111
5 24 14.5 1.877 2.5 13.657 1.877 5.848 10.453 -3.314 4.330 14.5 7 6.111
5 24 13.657 1.877 5.848 10.452 1.877 10.452 8 -3.314 8 11.292 7 11.292
5 24 10.452 1.877 10.452 5.848 1.877 13.657 4.330 -3.314 10.453 6.111 7 14.753
5 24 5.848 1.877 13.657 0 1.877 14.782 0 -3.314 11.314 0 7 15.969
5 24 0 1.877 14.782 -5.848 1.877 13.657 0 -3.314 11.314 0 7 15.969
5 24 -5.848 1.877 13.657 -10.452 1.877 10.452 -4.330 -3.314 10.453 -6.111 7 14.753
5 24 -10.452 1.877 10.452 -13.657 1.877 5.848 -8 -3.314 8 -11.292 7 11.292
5 24 -13.657 1.877 5.848 -14.5 1.877 2.5 -10.453 -3.314 4.330 -14.5 7 6.111
5 24 -14.5 1.877 2.5 -14.5 1.877 0 -10.453 -3.314 4.330 -14.5 7 6.111
3 16 13.657 1.877 5.848 15.356 6.278 4.157 14.5 1.877 2.5
3 16 14.782 8 6.123 15.356 6.278 4.157 15.691 8 4.5
3 16 14.782 8 6.123 13.657 1.877 5.848 15.356 6.278 4.157
4 16 14.782 8 6.123 13.657 1.877 5.848 10.452 1.877 10.452 11.314 8 11.314
4 16 11.314 8 11.314 10.452 1.877 10.452 5.848 1.877 13.657 6.123 8 14.782
4 16 6.123 8 14.782 5.848 1.877 13.657 0 1.877 14.782 0 8 16
4 16 0 8 16 0 1.877 14.782 -5.848 1.877 13.657 -6.123 8 14.782
4 16 -6.123 8 14.782 -5.848 1.877 13.657 -10.452 1.877 10.452 -11.314 8 11.314
4 16 -11.314 8 11.314 -10.452 1.877 10.452 -13.657 1.877 5.848 -14.782 8 6.123
3 16 -14.782 8 6.123 -13.657 1.877 5.848 -15.356 6.278 4.157
3 16 -14.782 8 6.123 -15.356 6.278 4.157 -15.691 8 4.5
3 16 -13.657 1.877 5.848 -15.356 6.278 4.157 -14.5 1.877 2.5
5 24 14.782 8 6.123 13.657 1.877 5.848 16 8 -0 11.314 8 11.314
5 24 11.314 8 11.314 10.452 1.877 10.452 14.782 8 6.123 6.123 8 14.782
5 24 6.123 8 14.782 5.848 1.877 13.657 11.314 8 11.314 0 8 16
5 24 0 8 16 0 1.877 14.782 6.123 8 14.782 -6.123 8 14.782
5 24 -6.123 8 14.782 -5.848 1.877 13.657 0 8 16 -11.314 8 11.314
5 24 -11.314 8 11.314 -10.452 1.877 10.452 -6.123 8 14.782 -14.782 8 6.123
5 24 -14.782 8 6.123 -13.657 1.877 5.848 -11.314 8 11.314 -16 8 0
5 24 15.691 8 4.5 14.782 8 6.123 13.657 1.877 5.848 13.657 14.123 5.848
5 24 14.782 8 6.123 11.314 8 11.314 13.657 1.877 5.848 13.657 14.123 5.848
5 24 11.314 8 11.314 6.123 8 14.782 10.452 1.877 10.452 10.452 14.123 10.452
5 24 6.123 8 14.782 0 8 16 5.848 1.877 13.657 5.848 14.123 13.657
5 24 0 8 16 -6.123 8 14.782 0 1.877 14.782 0 14.123 14.782
5 24 -6.123 8 14.782 -11.314 8 11.314 -5.848 1.877 13.657 -5.848 14.123 13.657
5 24 -11.314 8 11.314 -14.782 8 6.123 -10.452 1.877 10.452 -10.452 14.123 10.452
5 24 -15.691 8 4.5 -14.782 8 6.123 -13.657 1.877 5.848 -13.657 14.123 5.848
3 16 14.119 14.123 5.848 16.310 11.182 3.182 16.5 12.157 1.722
3 16 14.119 14.123 5.848 16.026 9.722 4.157 16.310 11.182 3.182
3 16 15.282 8 6.123 16.026 9.722 4.157 15.691 8 4.5
3 16 15.282 8 6.123 14.119 14.123 5.848 16.026 9.722 4.157
4 16 15.282 8 6.123 14.119 14.123 5.848 10.806 14.123 10.806 11.314 8 11.314
4 16 11.314 8 11.314 10.806 14.123 10.806 5.848 14.123 14.119 6.123 8 15.282
4 16 6.123 8 15.282 5.848 14.123 14.119 0 14.123 15.282 0 8 16
4 16 0 8 16 0 14.123 15.282 -5.848 14.123 14.119 -6.123 8 15.282
4 16 -6.123 8 15.282 -5.848 14.123 14.119 -10.806 14.123 10.806 -11.314 8 11.314
4 16 -11.314 8 11.314 -10.806 14.123 10.806 -14.119 14.123 5.848 -15.282 8 6.123
3 16 -15.282 8 6.123 -14.119 14.123 5.848 -16.026 9.722 4.157
3 16 -15.282 8 6.123 -16.026 9.722 4.157 -15.691 8 4.5
3 16 -14.119 14.123 5.848 -16.026 9.722 4.157 -16.310 11.182 3.182
3 16 -14.119 14.123 5.848 -16.310 11.182 3.182 -16.5 12.157 1.722
5 24 15.282 8 6.123 14.119 14.123 5.848 16 8 -0 11.314 8 11.314
5 24 11.314 8 11.314 10.806 14.123 10.806 15.282 8 6.123 6.123 8 15.282
5 24 6.123 8 15.282 5.848 14.123 14.119 11.314 8 11.314 0 8 16
5 24 0 8 16 0 14.123 15.282 6.123 8 15.282 -6.123 8 15.282
5 24 -6.123 8 15.282 -5.848 14.123 14.119 0 8 16 -11.314 8 11.314
5 24 -11.314 8 11.314 -10.806 14.123 10.806 -6.123 8 15.282 -15.282 8 6.123
5 24 -15.282 8 6.123 -14.119 14.123 5.848 -11.314 8 11.314 -16 8 0
3 16 -6.123 -6.782 0 0 -8 0 -5.848 -6.782 -2.870
3 16 -5.848 -6.782 -2.870 0 -8 0 -4.330 -6.782 -5.303
3 16 -4.330 -6.782 -5.303 0 -8 0 -2.343 -6.782 -6.929
3 16 -2.343 -6.782 -6.929 0 -8 0 -0 -6.782 -7.5
3 16 -0 -6.782 -7.5 0 -8 0 2.343 -6.782 -6.929
3 16 2.343 -6.782 -6.929 0 -8 0 4.330 -6.782 -5.303
3 16 4.330 -6.782 -5.303 0 -8 0 5.848 -6.782 -2.870
3 16 5.848 -6.782 -2.870 0 -8 0 6.123 -6.782 -0
5 24 -5.848 -6.782 -2.870 0 -8 0 -6.123 -6.782 0 -4.330 -6.782 -5.303
5 24 -4.330 -6.782 -5.303 0 -8 0 -5.848 -6.782 -2.870 -2.343 -6.782 -6.929
5 24 -2.343 -6.782 -6.929 0 -8 0 -4.330 -6.782 -5.303 -0 -6.782 -7.5
5 24 -0 -6.782 -7.5 0 -8 0 -2.343 -6.782 -6.929 2.343 -6.782 -6.929
5 24 2.343 -6.782 -6.929 0 -8 0 -0 -6.782 -7.5 4.330 -6.782 -5.303
5 24 4.330 -6.782 -5.303 0 -8 0 2.343 -6.782 -6.929 5.848 -6.782 -2.870
5 24 5.848 -6.782 -2.870 0 -8 0 4.330 -6.782 -5.303 6.123 -6.782 -0
5 24 -6.123 -6.782 0 -5.848 -6.782 -2.870 0 -8 0 -11.314 -3.314 0
5 24 -5.848 -6.782 -2.870 -4.330 -6.782 -5.303 0 -8 0 -10.453 -3.314 -4.822
5 24 -4.330 -6.782 -5.303 -2.343 -6.782 -6.929 0 -8 0 -8 -3.314 -8.910
5 24 -2.343 -6.782 -6.929 -0 -6.782 -7.5 0 -8 0 -4.330 -3.314 -11.641
5 24 -0 -6.782 -7.5 2.343 -6.782 -6.929 0 -8 0 -0 -3.314 -12.6
5 24 2.343 -6.782 -6.929 4.330 -6.782 -5.303 0 -8 0 4.330 -3.314 -11.641
5 24 4.330 -6.782 -5.303 5.848 -6.782 -2.870 0 -8 0 8 -3.314 -8.910
5 24 5.848 -6.782 -2.870 6.123 -6.782 -0 0 -8 0 10.453 -3.314 -4.822
4 16 -11.314 -3.314 0 -6.123 -6.782 0 -5.848 -6.782 -2.870 -10.453 -3.314 -4.822
4 16 -10.453 -3.314 -4.822 -5.848 -6.782 -2.870 -4.330 -6.782 -5.3 -8 -3.314 -8.910
4 16 -8 -3.314 -8.910 -4.330 -6.782 -5.303 -2.343 -6.782 -6.929 -4.330 -3.314 -11.641
4 16 -4.330 -3.314 -11.641 -2.343 -6.782 -6.929 -0 -6.782 -7.5 -0 -3.314 -12.6
4 16 -0 -3.314 -12.6 -0 -6.782 -7.5 2.343 -6.782 -6.929 4.330 -3.314 -11.641
4 16 4.330 -3.314 -11.641 2.343 -6.782 -6.929 4.330 -6.782 -5.3 8 -3.314 -8.910
4 16 8 -3.314 -8.910 4.330 -6.782 -5.303 5.848 -6.782 -2.870 10.453 -3.314 -4.822
4 16 10.453 -3.314 -4.822 5.848 -6.782 -2.870 6.123 -6.782 -0 11.314 -3.314 -0
5 24 -10.453 -3.314 -4.822 -5.848 -6.782 -2.870 -11.314 -3.314 0 -8 -3.314 -8.910
5 24 -8 -3.314 -8.910 -4.330 -6.782 -5.303 -10.453 -3.314 -4.822 -4.330 -3.314 -11.641
5 24 -4.330 -3.314 -11.641 -2.343 -6.782 -6.929 -8 -3.314 -8.910 -0 -3.314 -12.6
5 24 -0 -3.314 -12.6 -0 -6.782 -7.5 -4.330 -3.314 -11.641 4.330 -3.314 -11.641
5 24 4.330 -3.314 -11.641 2.343 -6.782 -6.929 -0 -3.314 -12.6 8 -3.314 -8.910
5 24 8 -3.314 -8.910 4.330 -6.782 -5.303 4.330 -3.314 -11.641 10.453 -3.314 -4.822
5 24 10.453 -3.314 -4.822 5.848 -6.782 -2.870 8 -3.314 -8.910 11.314 -3.314 -0
5 24 -11.314 -3.314 0 -10.453 -3.314 -4.822 -6.2 -6.782 0 -15.282 1.877 0
5 24 -10.453 -3.314 -4.822 -8 -3.314 -8.910 -5.848 -6.782 -2.870 -14.119 1.877 -6.123
5 24 -8 -3.314 -8.910 -4.330 -3.314 -11.641 -4.330 -6.782 -5.303 -10.806 1.877 -11.314
5 24 -4.330 -3.314 -11.641 -0 -3.314 -12.6 -2.343 -6.782 -6.929 -5.848 1.877 -15.282
5 24 -0 -3.314 -12.6 4.330 -3.314 -11.641 -0 -6.782 -7.5 -0 1.877 -16
5 24 4.330 -3.314 -11.641 8 -3.314 -8.910 2.343 -6.782 -6.929 5.848 1.877 -15.282
5 24 8 -3.314 -8.910 10.453 -3.314 -4.822 4.330 -6.782 -5.303 10.806 1.877 -11.314
5 24 10.453 -3.314 -4.822 11.314 -3.314 -0 5.848 -6.782 -2.870 14.119 1.877 -6.123
3 16 -11.314 -3.314 0 -14.119 1.877 -6.123 -14.5 1.877 0
3 16 -11.314 -3.314 0 -14.119 1.877 -6.123 -10.453 -3.314 -4.822
4 16 -14.119 1.877 -6.123 -10.453 -3.314 -4.822 -8 -3.314 -8.910 -10.806 1.877 -11.314
4 16 -10.806 1.877 -11.314 -8 -3.314 -8.910 -4.330 -3.314 -11.641 -5.848 1.877 -15.282
4 16 -5.848 1.877 -15.282 -4.330 -3.314 -11.641 -0 -3.314 -12.6 -0 1.877 -16
4 16 -0 1.877 -16 -0 -3.314 -12.6 4.330 -3.314 -11.641 5.848 1.877 -15.282
4 16 5.848 1.877 -15.282 4.330 -3.314 -11.641 8 -3.314 -8.910 10.806 1.877 -11.314
4 16 10.806 1.877 -11.314 8 -3.314 -8.910 10.453 -3.314 -4.822 14.119 1.877 -6.123
3 16 11.314 -3.314 0 14.119 1.877 -6.123 10.453 -3.314 -4.822
3 16 11.314 -3.314 0 14.119 1.877 -6.123 14.5 1.877 0
5 24 -11.314 -3.314 0 -14.119 1.877 -6.123 -14.5 1.877 0 -10.453 -3.314 -4.822
5 24 -14.119 1.877 -6.123 -10.453 -3.314 -4.822 -15.282 1.877 0 -10.806 1.877 -11.314
5 24 -10.806 1.877 -11.314 -8 -3.314 -8.910 -14.119 1.877 -6.123 -5.848 1.877 -15.282
5 24 -5.848 1.877 -15.282 -4.330 -3.314 -11.641 -10.806 1.877 -11.314 -0 1.877 -16
5 24 -0 1.877 -16 -0 -3.314 -12.6 -5.848 1.877 -15.282 5.848 1.877 -15.282
5 24 5.848 1.877 -15.282 4.330 -3.314 -11.641 -0 1.877 -16 10.806 1.877 -11.314
5 24 10.806 1.877 -11.314 8 -3.314 -8.910 5.848 1.877 -15.282 14.119 1.877 -6.123
5 24 14.119 1.877 -6.123 10.453 -3.314 -4.822 10.806 1.877 -11.314 15.282 1.877 -0
5 24 11.314 -3.314 0 14.119 1.877 -6.123 14.5 1.877 0 10.453 -3.314 -4.822
5 24 -14.5 1.877 0 -14.119 1.877 -6.123 -10.453 -3.314 -4.822 -13.858 7 -6.506
5 24 -14.119 1.877 -6.123 -10.806 1.877 -11.314 -8 -3.314 -8.910 -10.607 7 -12.021
5 24 -10.806 1.877 -11.314 -5.848 1.877 -15.282 -4.330 -3.314 -11.641 -5.740 7 -15.706
5 24 -5.848 1.877 -15.282 -0 1.877 -16 -0 -3.314 -12.6 -0 7 -17
5 24 -0 1.877 -16 5.848 1.877 -15.282 0 -3.314 -12.6 0 7 -17
5 24 5.848 1.877 -15.282 10.806 1.877 -11.314 4.330 -3.314 -11.641 5.740 7 -15.706
5 24 10.806 1.877 -11.314 14.119 1.877 -6.123 8 -3.314 -8.910 10.607 7 -12.021
5 24 14.119 1.877 -6.123 14.5 1.877 -0 10.453 -3.314 -4.822 13.858 7 -6.506
3 16 -14.119 1.877 -6.123 -14.5 7 -8 -14.5 1.877 2.5
3 16 -14.119 1.877 -6.123 -10.607 7 -12.021 -14.5 7 -8 
3 16 -10.806 1.877 -11.314 -10.607 7 -12.021 -14.119 1.877 -6.123
4 16 -10.607 7 -12.021 -10.806 1.877 -11.314 -5.848 1.877 -15.282 -5.740 7 -15.706
4 16 -5.740 7 -15.706 -5.848 1.877 -15.282 -0 1.877 -16 -0 7 -17
4 16 -0 7 -17 -0 1.877 -16 5.848 1.877 -15.282 5.740 7 -15.706
4 16 5.740 7 -15.706 5.848 1.877 -15.282 10.806 1.877 -11.314 10.607 7 -12.021
3 16 10.806 1.877 -11.314 10.607 7 -12.021 14.119 1.877 -6.123
3 16 14.119 1.877 -6.123 10.607 7 -12.021 14.5 7 -8 
3 16 14.119 1.877 -6.123 14.5 7 -8 14.5 1.877 2.5
5 24 -14.5 7 -8 -14.119 1.877 -6.123 -10.607 7 -12.021 -14.5 7 -0
5 24 -10.607 7 -12.021 -14.119 1.877 -6.123 -14.5 7 -8 -10.806 1.877 -11.314
5 24 -10.607 7 -12.021 -10.806 1.877 -11.314 -13.858 7 -6.506 -5.740 7 -15.706
5 24 -5.740 7 -15.706 -5.848 1.877 -15.282 -10.607 7 -12.021 -0 7 -17
5 24 -0 7 -17 -0 1.877 -16 -5.740 7 -15.706 5.740 7 -15.706
5 24 5.740 7 -15.706 5.848 1.877 -15.282 -0 7 -17 10.607 7 -12.021
5 24 10.607 7 -12.021 10.806 1.877 -11.314 5.740 7 -15.706 13.858 7 -6.506
5 24 10.607 7 -12.021 14.119 1.877 -6.123 14.5 7 -8 10.806 1.877 -11.314
5 24 14.5 7 -8 14.119 1.877 -6.123 10.607 7 -12.021 14.5 7 -0 
2 24 -14.5 7 -8 -10.607 7 -12.021
2 24 -10.607 7 -12.021 -5.740 7 -15.706
2 24 -5.740 7 -15.706 -0 7 -17
2 24 -0 7 -17 5.740 7 -15.706
2 24 5.740 7 -15.706 10.607 7 -12.021
2 24 10.607 7 -12.021 14.5 7 -8
2 24 0 22 13 5.740 22.176 11.858
2 24 5.740 22.176 11.858 10.607 22.676 8.607
2 24 10.607 22.676 8.607 13.858 23.425 3.740
2 24 13.858 23.425 3.740 15 24.308 -2
2 24 15 24.308 -2 13.858 25.191 -7.740
2 24 13.858 25.191 -7.740 10.607 25.939 -12.607
2 24 10.607 25.939 -12.607 5.740 26.440 -15.858
2 24 5.740 26.440 -15.858 0 26.615 -17
2 24 0 26.615 -17 -5.740 26.440 -15.858
2 24 -5.740 26.440 -15.858 -10.607 25.939 -12.607
2 24 -10.607 25.939 -12.607 -13.858 25.191 -7.740
2 24 -13.858 25.191 -7.740 -15 24.308 -2
2 24 -15 24.308 -2 -13.858 23.425 3.740
2 24 -13.858 23.425 3.740 -10.607 22.676 8.607
2 24 -10.607 22.676 8.607 -5.740 22.176 11.858
2 24 -5.740 22.176 11.858 0 22 13
4 16 9.192 22.586 9.192 4.975 22.152 12.010 5.740 22.176 11.858 10.607 22.676 8.607 
4 16 12.010 23.262 4.975 9.192 22.586 9.192 10.607 22.676 8.607 13.858 23.425 3.740
4 16 13 24 0 12.010 23.262 4.975 13.858 23.425 3.740 15 24.308 -2
4 16 12.010 24.738 -4.795 13 24 0 15 24.308 -2 13.858 25.191 -7.740
4 16 9.192 25.414 -9.192 12.010 24.738 -4.795 13.858 25.191 -7.740 10.607 25.939 -12.607
4 16 4.975 25.848 -12.010 9.192 25.414 -9.192 10.607 25.939 -12.607 5.740 26.440 -15.858
4 16 0 26 -13 4.975 25.848 -12.010 5.740 26.440 -15.858 0 26.615 -17
4 16 0 26 -13 -4.975 25.848 -12.010 -5.740 26.440 -15.858 0 26.615 -17
4 16 -4.975 25.848 -12.010 -9.192 25.414 -9.192 -10.607 25.939 -12.607 -5.740 26.440 -15.858
4 16 -9.192 25.414 -9.192 -12.010 24.738 -4.795 -13.858 25.191 -7.740 -10.607 25.939 -12.607
4 16 -12.010 24.738 -4.795 -13 24 0 -15 24.308 -2 -13.858 25.191 -7.740
4 16 -13 24 0 -12.010 23.262 4.975 -13.858 23.425 3.740 -15 24.308 -2
4 16 -12.010 23.262 4.975 -9.192 22.586 9.192 -10.607 22.676 8.607 -13.858 23.425 3.740
4 16 -9.192 22.586 9.192 -4.975 22.152 12.010 -5.740 22.176 11.858 -10.607 22.676 8.607
3 16 15.244 15.496 -6.071 15 24.308 -2 16.5 12.157 1.722
3 16 13.858 25.191 -7.740 15.244 15.496 -6.071 15 24.308 -2
3 16 11.667 18.295 -12.603 13.858 25.191 -7.740 15.244 15.496 -6.071
3 16 10.607 25.939 -12.607 11.667 18.295 -12.603 13.858 25.191 -7.740
3 16 6.314 20.165 -16.968 10.607 25.939 -12.607 11.667 18.295 -12.603
3 16 5.740 26.440 -15.858 6.314 20.165 -16.968 10.607 25.939 -12.607
3 16 0 20.822 -18.5 5.740 26.440 -15.858 6.314 20.165 -16.968
3 16 0 26.615 -17 0 20.822 -18.5 5.740 26.440 -15.858
3 16 0 26.615 -17 0 20.822 -18.5 -5.740 26.440 -15.858
3 16 0 20.822 -18.5 -5.740 26.440 -15.858 -6.314 20.165 -16.968
3 16 -5.740 26.440 -15.858 -6.314 20.165 -16.968 -10.607 25.939 -12.607
3 16 -6.314 20.165 -16.968 -10.607 25.939 -12.607 -11.667 18.295 -12.603
3 16 -10.607 25.939 -12.607 -11.667 18.295 -12.603 -13.858 25.191 -7.740
3 16 -11.667 18.295 -12.603 -13.858 25.191 -7.740 -15.244 15.496 -6.071
3 16 -13.858 25.191 -7.740 -15.244 15.496 -6.071 -15 24.308 -2
3 16 -15.244 15.496 -6.071 -15 24.308 -2 -16.5 12.157 1.722
3 16 -15 24.308 -2 -16.5 12.157 1.722 -13.858 23.425 3.740
3 16 -16.5 12.157 1.722 -13.858 23.425 3.740 -14.119 14.123 5.848
3 16 -13.858 23.425 3.740 -14.119 14.123 5.848 -10.607 22.676 8.607
3 16 -14.119 14.123 5.848 -10.607 22.676 8.607 -10.806 14.123 10.806
3 16 -10.607 22.676 8.607 -10.806 14.123 10.806 -5.740 22.176 11.858
3 16 -10.806 14.123 10.806 -5.740 22.176 11.858 -5.848 14.123 14.119
3 16 -5.740 22.176 11.858 -5.848 14.123 14.119 0 22 13.2
3 16 -5.848 14.123 14.119 0 22 13.2 0 14.123 15.282
3 16 5.848 14.123 14.119 0 22 13.2 0 14.123 15.282
3 16 5.740 22.176 11.858 5.848 14.123 14.119 0 22 13.2
3 16 10.806 14.123 10.806 5.740 22.176 11.858 5.848 14.123 14.119
3 16 10.607 22.676 8.607 10.806 14.123 10.806 5.740 22.176 11.858
3 16 14.119 14.123 5.848 10.607 22.676 8.607 10.806 14.123 10.806
3 16 13.858 23.425 3.740 14.119 14.123 5.848 10.607 22.676 8.607
3 16 16.5 12.157 1.722 13.858 23.425 3.740 14.119 14.123 5.848
3 16 15 24.308 -2 16.5 12.157 1.722 13.858 23.425 3.740
5 24 15 24.308 -2 16.5 12.157 1.722 13.858 23.425 3.740 15.244 15.496 -6.071
5 24 15.244 15.496 -6.071 15 24.308 -2 16.5 12.157 1.722 13.858 25.191 -7.740
5 24 13.858 25.191 -7.740 15.244 15.496 -6.071 15 24.308 -2 11.667 18.295 -12.603
5 24 11.667 18.295 -12.603 13.858 25.191 -7.740 15.244 15.496 -6.071 10.607 25.939 -12.607
5 24 10.607 25.939 -12.607 11.667 18.295 -12.603 13.858 25.191 -7.740 6.314 20.165 -16.968
5 24 6.314 20.165 -16.968 10.607 25.939 -12.607 11.667 18.295 -12.603 5.740 26.440 -15.858
5 24 5.740 26.440 -15.858 6.314 20.165 -16.968 10.607 25.939 -12.607 0 20.822 -18.5
5 24 0 20.822 -18.5 5.740 26.440 -15.858 6.314 20.165 -16.968 0 26.615 -17
5 24 0 26.615 -17 0 20.822 -18.5 5.740 26.440 -15.858 -5.740 26.440 -15.858
5 24 0 20.822 -18.5 -5.740 26.440 -15.858 -6.314 20.165 -16.968 0 26.615 -17
5 24 -5.740 26.440 -15.858 -6.314 20.165 -16.968 -10.607 25.939 -12.607 0 20.822 -18.5
5 24 -6.314 20.165 -16.968 -10.607 25.939 -12.607 -11.667 18.295 -12.603 -5.740 26.440 -15.858
5 24 -10.607 25.939 -12.607 -11.667 18.295 -12.603 -13.858 25.191 -7.740 -6.314 20.165 -16.968
5 24 -11.667 18.295 -12.603 -13.858 25.191 -7.740 -15.244 15.496 -6.071 -10.607 25.939 -12.607
5 24 -13.858 25.191 -7.740 -15.244 15.496 -6.071 -15 24.308 -2 -11.667 18.295 -12.603
5 24 -15.244 15.496 -6.071 -15 24.308 -2 -16.5 12.157 1.722 -13.858 25.191 -7.740
5 24 -15 24.308 -2 -16.5 12.157 1.722 -13.858 23.425 3.740 -15.244 15.496 -6.071
5 24 -13.858 23.425 3.740 -14.119 14.123 5.848 -10.806 14.123 10.806 -16.5 12.157 1.722
5 24 -14.119 14.123 5.848 -10.607 22.676 8.607 -10.806 14.123 10.806 -13.858 23.425 3.740
5 24 -10.607 22.676 8.607 -10.806 14.123 10.806 -5.848 14.123 14.119 -14.119 14.123 5.848
5 24 -10.806 14.123 10.806 -5.740 22.176 11.858 -5.848 14.123 14.119 -10.607 22.676 8.607
5 24 -5.740 22.176 11.858 -5.848 14.123 14.119 0 14.123 15.282 -10.806 14.123 10.806
5 24 -5.848 14.123 14.119 0 22 13 0 14.123 15.282 -5.740 22.176 11.858
5 24 0 22 13 0 14.123 15.282 -5.848 14.123 14.119 5.848 14.123 14.119
5 24 5.848 14.123 14.119 0 22 13 0 14.123 15.282 5.740 22.176 11.858 
5 24 5.740 22.176 11.858 5.848 14.123 14.119 0 14.123 15.282 10.806 14.123 10.806
5 24 10.806 14.123 10.806 5.740 22.176 11.858 5.848 14.123 14.119 10.607 22.676 8.607
5 24 10.607 22.676 8.607 10.806 14.123 10.806 5.848 14.123 14.119 14.119 14.123 5.848
5 24 14.119 14.123 5.848 10.607 22.676 8.607 10.806 14.123 10.806 13.858 23.425 3.740
5 24 13.858 23.425 3.740 14.119 14.123 5.848 10.806 14.123 10.806 16.5 12.157 1.722
2 24 14.5 1.877 2.5 15.356 6.278 4.157
2 24 15.356 6.278 4.157 15.691 8 4.5
2 24 15.691 8 4.5 16.026 9.722 4.157
2 24 16.026 9.722 4.157 16.310 11.182 3.182
2 24 16.310 11.182 3.182 16.5 12.157 1.722
2 24 16.5 12.157 1.722 15.244 15.496 -6.071
2 24 15.244 15.496 -6.071 11.667 18.295 -12.603
2 24 11.667 18.295 -12.603 6.314 20.165 -16.968
2 24 6.314 20.165 -16.968 0 20.822 -18.5
2 24 0 20.822 -18.5 -6.314 20.165 -16.968
2 24 -6.314 20.165 -16.968 -11.667 18.295 -12.603
2 24 -11.667 18.295 -12.603 -15.244 15.496 -6.071
2 24 -15.244 15.496 -6.071 -16.5 12.157 1.722
2 24 -16.310 11.182 3.182 -16.5 12.157 1.722
2 24 -16.026 9.722 4.157 -16.310 11.182 3.182
2 24 -15.691 8 4.5 -16.026 9.722 4.157
2 24 -15.356 6.278 4.157 -15.691 8 4.5
2 24 -14.5 1.877 2.5 -15.356 6.278 4.157
2 24 14.5 1.877 2.5 14.5 6.278 4.157
2 24 14.5 6.278 4.157 14.5 8 4.5
2 24 14.5 8 4.5 14.5 9.722 4.157
2 24 14.5 9.722 4.157 14.5 11.182 3.182
2 24 14.5 11.182 3.182 14.5 12.157 1.722
2 24 14.5 12.157 1.722 14.5 14.823 -4.5
2 24 -14.5 12.157 1.722 -14.5 14.823 -4.5
2 24 -14.5 11.182 3.182 -14.5 12.157 1.722
2 24 -14.5 9.722 4.157 -14.5 11.182 3.182
2 24 -14.5 8 4.5 -14.5 9.722 4.157
2 24 -14.5 6.278 4.157 -14.5 8 4.5
2 24 -14.5 1.877 2.5 -14.5 6.278 4.157
3 16 14.5 1.877 2.5 15.356 6.278 4.157 14.5 6.278 4.157
4 16 15.356 6.278 4.157 14.5 6.278 4.157 14.5 8 4.5 15.691 8 4.5
4 16 15.691 8 4.5 14.5 8 4.5 14.5 9.722 4.157 16.026 9.722 4.157
4 16 16.026 9.722 4.157 14.5 9.722 4.157 14.5 11.182 3.182 16.310 11.182 3.182
4 16 16.310 11.182 3.182 14.5 11.182 3.182 14.5 12.157 1.722 16.5 12.157 1.722
4 16 16.5 12.157 1.722 14.5 12.157 1.722 14.5 14.823 -4.5 15.538 14.823 -4.5
4 16 -16.5 12.157 1.722 -14.5 12.157 1.722 -14.5 14.823 -4.5 -15.538 14.823 -4.5
4 16 -16.310 11.182 3.182 -14.5 11.182 3.182 -14.5 12.157 1.722 -16.5 12.157 1.722
4 16 -16.026 9.722 4.157 -14.5 9.722 4.157 -14.5 11.182 3.182 -16.310 11.182 3.182
4 16 -15.691 8 4.5 -14.5 8 4.5 -14.5 9.722 4.157 -16.026 9.722 4.157
4 16 -15.356 6.278 4.157 -14.5 6.278 4.157 -14.5 8 4.5 -15.691 8 4.5
3 16 -14.5 1.877 2.5 -15.356 6.278 4.157 -14.5 6.278 4.157
4 16 14.5 12 -3 14.5 9.5 0 14.5 12.157 1.722 14.5 14.823 -4.5
4 16 14.5 10.087 -3.381 14.5 9.5 -1.5 14.5 9.5 0 14.5 12 -3
4 16 14.5 8.464 -4.464 14.5 6.5 -1.5 14.5 9.5 -1.5 14.5 10.087 -3.381
3 16 14.5 7.381 -6.087 14.5 6.5 -1.5 14.5 8.464 -4.464
3 16 14.5 7 -8 14.5 6.5 -1.5 14.5 7.381 -6.087
3 16 14.5 1.877 2.5 14.5 6.5 -1.5 14.5 7 -8
3 16 14.5 1.877 2.5 14.5 6.5 1.5 14.5 6.5 -1.5
4 16 14.5 1.877 2.5 14.5 6.278 4.157 14.5 8 1.5 14.5 6.5 1.5
4 16 14.5 8 1.5 14.5 6.278 4.157 14.5 6.278 4.5 14.5 9.722 4.157
4 16 14.5 8 1.5 14.5 9.722 4.157 14.5 11.182 3.182 14.5 9.5 1.5
4 16 14.5 9.5 1.5 14.5 11.182 3.182 14.5 12.157 1.722 14.5 9.5 0
4 16 -14.5 9.5 1.5 -14.5 11.182 3.182 -14.5 12.157 1.722 -14.5 9.5 0
4 16 -14.5 8 1.5 -14.5 9.722 4.157 -14.5 11.182 3.182 -14.5 9.5 1.5
4 16 -14.5 8 1.5 -14.5 6.278 4.157 -14.5 6.278 4.5 -14.5 9.722 4.157
4 16 -14.5 1.877 2.5 -14.5 6.278 4.157 -14.5 8 1.5 -14.5 6.5 1.5
3 16 -14.5 1.877 2.5 -14.5 6.5 1.5 -14.5 6.5 -1.5
3 16 -14.5 1.877 2.5 -14.5 6.5 -1.5 -14.5 7 -8
3 16 -14.5 7 -8 -14.5 6.5 -1.5 -14.5 7.381 -6.087
3 16 -14.5 7.381 -6.087 -14.5 6.5 -1.5 -14.5 8.464 -4.464
4 16 -14.5 8.464 -4.464 -14.5 6.5 -1.5 -14.5 9.5 -1.5 -14.5 10.087 -3.381
4 16 -14.5 10.087 -3.381 -14.5 9.5 -1.5 -14.5 9.5 0 -14.5 12 -3
4 16 -14.5 12 -3 -14.5 9.5 0 -14.5 12.157 1.722 -14.5 14.823 -4.5
2 24 14.5 7 -8 14.5 7.381 -6.087
2 24 14.5 7.381 -6.087 14.5 8.464 -4.464
2 24 14.5 8.464 -4.464 14.5 10.087 -3.381
2 24 14.5 10.087 -3.381 14.5 12 -3
2 24 14.5 12 -3 14.5 14.823 -4.5
2 24 -14.5 7 -8 -14.5 7.381 -6.087
2 24 -14.5 7.381 -6.087 -14.5 8.464 -4.464
2 24 -14.5 8.464 -4.464 -14.5 10.087 -3.381
2 24 -14.5 10.087 -3.381 -14.5 12 -3
2 24 -14.5 12 -3 -14.5 14.823 -4.5
4 16 14.5 7 -8 14.5 7.381 -6.087 11.267 7.381 -6.087 9.989 7 -8
4 16 14.5 7.381 -6.087 14.5 7.722 -4.975 12.010 7.722 -4.975 11.267 7.381 -6.087
4 16 14.5 7.722 -4.975 14.5 8.464 -4.464 12.112 8.464 -4.464 12.010 7.722 -4.975
4 16 14.5 8.464 -4.464 14.5 10.087 -3.381 12.327 10.087 -3.381 12.112 8.464 -4.464
4 16 14.5 10.087 -3.381 14.5 12 -3 12.403 12 -3 12.327 10.087 -3.381
4 16 14.5 12 -3 14.5 14.823 -4.5 12.105 14.823 -4.5 12.403 12 -3
4 16 -14.5 7 -8 -14.5 7.381 -6.087 -11.267 7.381 -6.087 -9.989 7 -8
4 16 -14.5 7.381 -6.087 -14.5 7.722 -4.975 -12.010 7.722 -4.975 -11.267 7.381 -6.087
4 16 -14.5 7.722 -4.975 -14.5 8.464 -4.464 -12.112 8.464 -4.464 -12.010 7.722 -4.975
4 16 -14.5 8.464 -4.464 -14.5 10.087 -3.381 -12.327 10.087 -3.381 -12.112 8.464 -4.464
4 16 -14.5 10.087 -3.381 -14.5 12 -3 -12.403 12 -3 -12.327 10.087 -3.381
4 16 -14.5 12 -3 -14.5 14.823 -4.5 -12.105 14.823 -4.5 -12.403 12 -3
4 16 15.538 14.823 -4.5 15.244 15.496 -6.071 12.010 15.027 -4.975 12.105 14.823 -4.5 
4 16 15.244 15.496 -6.071 11.667 18.295 -12.603 9.192 16.833 -9.192 12.010 15.027 -4.975
4 16 11.667 18.295 -12.603 6.314 20.165 -16.968 4.975 18.041 -12.010 9.192 16.833 -9.192
4 16 6.314 20.165 -16.968 0 20.822 -18.5 0 18.465 -13 4.975 18.041 -12.010
4 16 -6.314 20.165 -16.968 0 20.822 -18.5 0 18.465 -13 -4.975 18.041 -12.010
4 16 -11.667 18.295 -12.603 -6.314 20.165 -16.968 -4.975 18.041 -12.010 -9.192 16.833 -9.192
4 16 -15.244 15.496 -6.071 -11.667 18.295 -12.603 -9.192 16.833 -9.192 -12.010 15.027 -4.975
4 16 -15.538 14.823 -4.5 -15.244 15.496 -6.071 -12.010 15.027 -4.975 -12.105 14.823 -4.5 
4 16 14.5 7 -8 10.607 7 -12.021 9.192 7 -9.192 12.010 7 -4.975
4 16 10.607 7 -12.021 5.740 7 -15.706 4.975 7 -12.010 9.192 7 -9.192
4 16 5.740 7 -15.706 0 7 -17 0 7 -13 4.975 7 -12.010
4 16 -5.740 7 -15.706 0 7 -17 0 7 -13 -4.975 7 -12.010
4 16 -10.607 7 -12.021 -5.740 7 -15.706 -4.975 7 -12.010 -9.192 7 -9.192
4 16 -14.5 7 -8 -10.607 7 -12.021 -9.192 7 -9.192 -12.010 7 -4.975
1 16 14.5 8 0 0 -1 0 1.5 0 0 0 0 1.5 4-4edge.dat
1 16 -14.5 8 0 0 1 0 -1.5 0 0 0 0 1.5 4-4edge.dat
1 16 14.5 8 0 0 -1 0 1.5 0 0 0 0 1.5 4-4ndis.dat
1 16 -14.5 8 0 0 1 0 -1.5 0 0 0 0 1.5 4-4ndis.dat
1 16 14.5 8 0 0 -1 0 1.5 0 0 0 0 1.5 4-8sphe.dat
1 16 -14.5 8 0 0 1 0 -1.5 0 0 0 0 1.5 4-8sphe.dat
0