0 Minifig Helmet Visor
0 Name: 2447.dat
0 Author: Chris Dee (chris_w_dee@hotmail.com)
0 Original LDraw Part - 2000-02 Update
0 LDRAW_ORG Part UPDATE 2002-03

0 2000-08-30 SEB Replaced polygons in lower section of visor with 2-4cyls2 and rings.
0 2002-04-08 DG  Removed quad overlapping.

1 16 -15 8 0 0 -1 0 -4 0 0 0 0 4 1-4disc.dat
1 16 -15 8 0 0 -1 0 0 0 4 4 0 0 1-8disc.dat
3 16 -15 8 0 -15 10.828 2.828 -15 11.648 1.641
3 16 -15 8 0 -15 13.505 -3 -15 11.648 1.641
4 16 -15 4 0 -15 4 -3 -15 13.505 -3 -15 8 0
1 16 15 8 0 0 -1 0 -4 0 0 0 0 4 1-4disc.dat
1 16 15 8 0 0 -1 0 0 0 4 4 0 0 1-8disc.dat
3 16 15 8 0 15 10.828 2.828 15 11.648 1.641
3 16 15 8 0 15 13.505 -3 15 11.648 1.641
4 16 15 4 0 15 4 -3 15 13.505 -3 15 8 0
1 16 -17 8 0 0 -1 0 -4 0 0 0 0 4 1-4disc.dat
1 16 -17 8 0 0 -1 0 0 0 4 4 0 0 1-8disc.dat
3 16 -17 8 0 -17 10.828 2.828 -17 11.648 1.641
3 16 -17 8 0 -17 13.505 -3 -17 11.648 1.641
4 16 -17 4 0 -17 4 -3 -17 13.505 -3 -17 8 0
1 16 17 8 0 0 -1 0 -4 0 0 0 0 4 1-4disc.dat
1 16 17 8 0 0 -1 0 0 0 4 4 0 0 1-8disc.dat
3 16 17 8 0 17 10.828 2.828 17 11.648 1.641
3 16 17 8 0 17 13.505 -3 17 11.648 1.641
4 16 17 4 0 17 4 -3 17 13.505 -3 17 8 0

1 16 0 4 -3 0 0 1.5 0 1 0 -1.5 0 0 1-4rin10.dat
1 16 0 4 -3 0 0 1.545455 0 1 0 -1.545455 0 0 1-4rin10.dat
1 16 0 4 -3 -1.5 0 0 0 1 0 0 0 -1.5 1-4rin10.dat
1 16 0 4 -3 -1.545455 0 0 0 1 0 0 0 -1.545455 1-4rin10.dat

1 16 0 13.505 -3 0 0 1.5 0.6613 1 0 -1.5 0 0 1-4rin10.dat
1 16 0 13.505 -3 0 0 1.545455 0.681364 1 0 -1.545455 0 0 1-4rin10.dat
1 16 0 13.505 -3 -1.5 0 0 0 1 0.6613 0 0 -1.5 1-4rin10.dat
1 16 0 13.505 -3 -1.545455 0 0 0 1 0.681364 0 0 -1.545455 1-4rin10.dat

1 16 0 4 -3 15 0 0 0 9.505 0 0 0 -15 2-4cyli.dat
1 16 0 13.505 -3  0 0 15  0 6.613 0  15 0 0 1-4cyls2.dat
1 16 0 13.505 -3  0 0 -15  0 6.613 0  15 0 0 1-4cyls2.dat

1 16 0 4 -3 17 0 0 0 9.505 0 0 0 -17 2-4cyli.dat
1 16 0 13.505 -3 0 0 17 0 7.495 0 17 0 0 1-4cyls2.dat
1 16 0 13.505 -3 0 0 -17 0 7.495 0 17 0 0 1-4cyls2.dat

2 24 17 4 -3 17 4 0
1 16 0 4 -3 17 0 0 0 1 0 0 0 -17 2-4edge.dat
1 16 0 4 -3 15 0 0 0 1 0 0 0 -15 2-4edge.dat
2 24 -17 4 -3 -17 4 0
1 16 0 13.505 -3 17 0 0 0 1 7.495 0 0 -17 2-4edge.dat
1 16 0 13.505 -3 15 0 0 0 1 6.613 0 0 -15 2-4edge.dat
1 16 17 8 0 0 -2 0 -4 0 0 0 0 4 1-4cyli.dat
1 16 17 8 0 0 -2 0 0 0 4 4 0 0 1-8cyli.dat

4 16 17 4 -3 17 4  0 15 4 0 15 4 -3
4 16 -17 4 -3 -17 4 0 -15 4 0 -15 4 -3

4 16 17 11.648 1.641 17 10.828 2.828 15 10.828 2.828 15 11.648 1.641
4 16 17 13.505 -3 17 11.648 1.641 15 11.648 1.641 15 13.505 -3
4 16 -17 13.505 -3 -17 11.648 1.641 -15 11.648 1.641 -15 13.505 -3
4 16 -17 11.648 1.641 -17 10.828 2.828 -15 10.828 2.828 -15 11.648 1.641

1 16 -15 8 0 0 -2 0 0 0 4 4 0 0 1-8cyli.dat
1 16 -15 8 0 0 -2 0 -4 0 0 0 0 4 1-4cyli.dat
2 24 -17 4 0 -17 4 -3
1 16 -17 8 0 0 -1 0 -4 0 0 0 0 4 1-4edge.dat
1 16 -17 8 0 0 -1 0 0 0 4 4 0 0 1-8edge.dat
2 24 -17 13.505 -3 -17 11.648 1.641
2 24 17 13.505 -3 17 11.648 1.641
1 16 17 8 0 0 -1 0 0 0 4 4 0 0 1-8edge.dat
1 16 17 8 0 0 -1 0 -4 0 0 0 0 4 1-4edge.dat
2 24 17 4 0 17 4 -3
2 24 -15 4 0 -15 4 -3
1 16 -15 8 0 0 -1 0 -4 0 0 0 0 4 1-4edge.dat
1 16 -15 8 0 0 -1 0 0 0 4 4 0 0 1-8edge.dat
2 24 -15 13.505 -3 -15 11.648 1.641
2 24 15 13.505 -3 15 11.648 1.641
1 16 15 8 0 0 -1 0 0 0 4 4 0 0 1-8edge.dat
1 16 15 8 0 0 -1 0 -4 0 0 0 0 4 1-4edge.dat
2 24 15 4 0 15 4 -3
1 16 15 8 0 0 -1 0 1.5 0 0 0 0 1.5 4-8sphe.dat
1 16 -15 8 0 0 1 0 -1.5 0 0 0 0 1.5 4-8sphe.dat
1 16 15 8 0 0 -1 0 1.5 0 0 0 0 1.5 4-4edge.dat
1 16 -15 8 0 0 1 0 -1.5 0 0 0 0 1.5 4-4edge.dat
0
