0 Slope Brick 75  2 x  1 x  3 Inverted
0 Name: 2449.dat
0 Author: James Jessiman
0 Original LDraw Part - LDraw beta 0.27 Archive

 1 16 0 72 0 6 0 0 0 -12 0 0 0 6 box5.dat

 4 16 10 72 10 6 72 6 -6 72 6 -10 72 10
 4 16 -10 72 10 -6 72 6 -6 72 -6 -10 72 -10
 4 16 -10 72 -10 -6 72 -6 6 72 -6 10 72 -10
 4 16 10 72 -10 6 72 -6 6 72 6 10 72 10

 2 24 10 72 10 -10 72 10
 2 24 -10 72 10 -10 72 -10
 2 24 -10 72 -10 10 72 -10
 2 24 10 72 -10 10 72 10

 1 16 0 56 0.235 6 0 0 0 0 0 0 0 9.765 rect.dat
 1 16 0 4 -8 6 0 0 0 0 0 0 0 18 rect.dat
 2 24 10 4 -30 -10 4 -30
 1 16 0 0 -10 10 0 0 0 0 0 0 0 20 rect.dat

 2 24 6 56 10 6 4 10
 2 24 -6 56 10 -6 4 10
 2 24 6 56 -9.53 6 4 -26
 2 24 -6 56 -9.53 -6 4 -26
 2 24 10 72 10 10 0 10
 2 24 -10 72 10 -10 0 10
 2 24 10 72 -10 10 4 -30
 2 24 -10 72 -10 -10 4 -30
 2 24 10 4 -30 10 0 -30
 2 24 -10 4 -30 -10 0 -30

 1 16 0 20 10 4 0 0 0 0 4 0 0 0 4-4edge.dat
 1 16 0 40 10 4 0 0 0 0 4 0 0 0 4-4edge.dat
 1 16 0 20 -21.29 4 0 0 0 0 4 0 0 1.18 4-4edge.dat
 1 16 0 40 -15.41 4 0 0 0 0 4 0 0 1.18 4-4edge.dat

 1 16 0 20 10 4 0 0 0 0 4 0 0 0 4-4disc.dat
 1 16 0 40 10 4 0 0 0 0 4 0 0 0 4-4disc.dat
 1 16 0 20 10 4 0 0 0 0 4 0 -32.47 0 4-4cyli.dat
 1 16 0 40 10 4 0 0 0 0 4 0 -26.59 0 4-4cyli.dat

 4 16 10 72 10 6 56 10 -6 56 10 -10 72 10
 4 16 10 72 10 6 56 10 6 4 10 10 0 10
 4 16 -10 72 10 -6 56 10 -6 4 10 -10 0 10
 4 16 10 0 10 6 4 10 -6 4 10 -10 0 10
 4 16 6 56 -9.53 6 4 -26 -6 4 -26 -6 56 -9.53
 4 16 10 72 -10 10 4 -30 -10 4 -30 -10 72 -10
 4 16 10 4 -30 10 0 -30 -10 0 -30 -10 4 -30

 4 16 10 72 10 10 0 10 10 4 -30 10 72 -10
 3 16 10 0 10 10 4 -30 10 0 -30
 4 16 6 56 10 6 4 10 6 4 -26 6 56 -9.53
 4 16 -6 56 10 -6 4 10 -6 4 -26 -6 56 -9.53
 4 16 -10 72 10 -10 0 10 -10 4 -30 -10 72 -10
 3 16 -10 0 10 -10 4 -30 -10 0 -30

 1 16 0 0 0 1 0 0 0 1 0 0 0 1 stud2.dat
 1 16 0 0 -20 1 0 0 0 1 0 0 0 1 stud2.dat

