0 Brick  1 x  2 x  5
0 Name: 2454.dat
0 Author: James Jessiman
0 Original LDraw Part - LDraw beta 0.27 Archive

 2 24 16 120 6 6 120 6
 2 24 6 120 6 4 120 4
 2 24 4 120 4 4 120 6
 2 24 4 120 6 -4 120 6
 2 24 -4 120 6 -4 120 4
 2 24 -4 120 4 -6 120 6
 2 24 -6 120 6 -16 120 6
 2 24 -16 120 6 -16 120 -6
 2 24 -16 120 -6 -6 120 -6
 2 24 -6 120 -6 -4 120 -4
 2 24 -4 120 -4 -4 120 -6
 2 24 -4 120 -6 4 120 -6
 2 24 4 120 -6 4 120 -4
 2 24 4 120 -4 6 120 -6
 2 24 6 120 -6 16 120 -6
 2 24 16 120 -6 16 120 6

 2 24 16 4 6 6 4 6
 2 24 6 4 6 4 4 4
 2 24 4 4 4 4 4 6
 2 24 4 4 6 -4 4 6
 2 24 -4 4 6 -4 4 4
 2 24 -4 4 4 -6 4 6
 2 24 -6 4 6 -16 4 6
 2 24 -16 4 6 -16 4 -6
 2 24 -16 4 -6 -6 4 -6
 2 24 -6 4 -6 -4 4 -4
 2 24 -4 4 -4 -4 4 -6
 2 24 -4 4 -6 4 4 -6
 2 24 4 4 -6 4 4 -4
 2 24 4 4 -4 6 4 -6
 2 24 6 4 -6 16 4 -6
 2 24 16 4 -6 16 4 6

 2 24 16 4 6 16 120 6
 2 24 6 4 6 6 120 6
 2 24 4 4 4 4 120 4
 2 24 4 4 6 4 120 6
 2 24 -4 4 6 -4 120 6
 2 24 -4 4 4 -4 120 4
 2 24 -6 4 6 -6 120 6
 2 24 -16 4 6 -16 120 6
 2 24 -16 4 -6 -16 120 -6
 2 24 -6 4 -6 -6 120 -6
 2 24 -4 4 -4 -4 120 -4
 2 24 -4 4 -6 -4 120 -6
 2 24 4 4 -6 4 120 -6
 2 24 4 4 -4 4 120 -4
 2 24 6 4 -6 6 120 -6
 2 24 16 4 -6 16 120 -6

 1 16 10 4 0 4 0 0 0 0 0 0 0 4 4-4edge.dat
 1 16 -10 4 0 4 0 0 0 0 0 0 0 4 4-4edge.dat

 2 24 20 120 10 -20 120 10
 2 24 -20 120 10 -20 120 -10
 2 24 -20 120 -10 20 120 -10
 2 24 20 120 -10 20 120 10

 2 24 20 0 10 -20 0 10
 2 24 -20 0 10 -20 0 -10
 2 24 -20 0 -10 20 0 -10
 2 24 20 0 -10 20 0 10

 2 24 20 0 10 20 120 10
 2 24 -20 0 10 -20 120 10
 2 24 -20 0 -10 -20 120 -10
 2 24 20 0 -10 20 120 -10

 1 16 10 0 0 6 0 0 0 0 0 0 0 6 4-4edge.dat
 1 16 -10 0 0 6 0 0 0 0 0 0 0 6 4-4edge.dat

 4 16 20 120 10 16 120 6 -16 120 6 -20 120 10
 4 16 -20 120 10 -16 120 6 -16 120 -6 -20 120 -10
 4 16 -20 120 -10 -16 120 -6 16 120 -6 20 120 -10
 4 16 20 120 -10 16 120 -6 16 120 6 20 120 10
 3 16 4 120 4 4 120 6 6 120 6
 3 16 -4 120 4 -4 120 6 -6 120 6
 3 16 4 120 -4 4 120 -6 6 120 -6
 3 16 -4 120 -4 -4 120 -6 -6 120 -6

 1 16 10 4 0 4 0 0 0 0 0 0 0 4 4-4ndis.dat
 1 16 -10 4 0 4 0 0 0 0 0 0 0 4 4-4ndis.dat

 4 16 16 4 6 14 4 4 -14 4 4 -16 4 6
 4 16 -16 4 6 -14 4 4 -14 4 -4 -16 4 -6
 4 16 -16 4 -6 -14 4 -4 14 4 -4 16 4 -6
 4 16 16 4 -6 14 4 -4 14 4 4 16 4 6
 4 16 6 4 4 -6 4 4 -6 4 -4 6 4 -4

 1 16 10 0 0 6 0 0 0 0 0 0 0 6 4-4ndis.dat
 1 16 -10 0 0 6 0 0 0 0 0 0 0 6 4-4ndis.dat

 4 16 20 0 10 16 0 6 -16 0 6 -20 0 10
 4 16 -20 0 10 -16 0 6 -16 0 -6 -20 0 -10
 4 16 -20 0 -10 -16 0 -6 16 0 -6 20 0 -10
 4 16 20 0 -10 16 0 -6 16 0 6 20 0 10
 4 16 4 0 6 -4 0 6 -4 0 -6 4 0 -6

 1 16 10 0 0 4 0 0 0 4 0 0 0 4 4-4cyli.dat
 1 16 -10 0 0 4 0 0 0 4 0 0 0 4 4-4cyli.dat

 4 16  16 4  6   6 4  6   6 120  6  16 120  6
 4 16   6 4  6   4 4  4   4 120  4   6 120  6
 4 16   4 4  4   4 4  6   4 120  6   4 120  4
 4 16   4 4  6  -4 4  6  -4 120  6   4 120  6
 4 16  -4 4  6  -4 4  4  -4 120  4  -4 120  6
 4 16  -4 4  4  -6 4  6  -6 120  6  -4 120  4
 4 16  -6 4  6 -16 4  6 -16 120  6  -6 120  6
 4 16 -16 4  6 -16 4 -6 -16 120 -6 -16 120  6
 4 16 -16 4 -6  -6 4 -6  -6 120 -6 -16 120 -6
 4 16  -6 4 -6  -4 4 -4  -4 120 -4  -6 120 -6
 4 16  -4 4 -4  -4 4 -6  -4 120 -6  -4 120 -4
 4 16  -4 4 -6   4 4 -6   4 120 -6  -4 120 -6
 4 16   4 4 -6   4 4 -4   4 120 -4   4 120 -6
 4 16   4 4 -4   6 4 -6   6 120 -6   4 120 -4
 4 16   6 4 -6  16 4 -6  16 120 -6   6 120 -6
 4 16  16 4 -6  16 4  6  16 120  6  16 120 -6

 4 16 20 0 10 -20 0 10 -20 120 10 20 120 10
 4 16 -20 0 10 -20 0 -10 -20 120 -10 -20 120 10
 4 16 -20 0 -10 20 0 -10 20 120 -10 -20 120 -10
 4 16 20 0 -10 20 0 10 20 120 10 20 120 -10

 1 16 10 0 0 1 0 0 0 1 0 0 0 1 stud2a.dat
 1 16 -10 0 0 1 0 0 0 1 0 0 0 1 stud2a.dat
