0 Brick  1 x  3 x  5
0 Name: 2455.dat
0 Author: James Jessiman
0 Original LDraw Part - LDraw beta 0.27 Archive

 1 16 0 4 0 26 0 0 0 116 0 0 0 6 box4.dat

 4 16 30 120 10 26 120 6 -26 120 6 -30 120 10
 4 16 -30 120 10 -26 120 6 -26 120 -6 -30 120 -10
 4 16 -30 120 -10 -26 120 -6 26 120 -6 30 120 -10
 4 16 30 120 -10 26 120 -6 26 120 6 30 120 10

 1 16 0 0 0 30 0 0 0 120 0 0 0 10 box4.dat

 1 16 20 4 0 4 0 0 0 0 0 0 0 4 4-4edge.dat
 1 16 -20 4 0 4 0 0 0 0 0 0 0 4 4-4edge.dat

 1 16 20 0 0 6 0 0 0 0 0 0 0 6 4-4edge.dat
 1 16 -20 0 0 6 0 0 0 0 0 0 0 6 4-4edge.dat

 1 16 20 4 0 4 0 0 0 0 0 0 0 4 4-4ndis.dat
 1 16 -20 4 0 4 0 0 0 0 0 0 0 4 4-4ndis.dat

 4 16 26 4 6 24 4 4 -24 4 4 -26 4 6
 4 16 -26 4 6 -24 4 4 -24 4 -4 -26 4 -6
 4 16 -26 4 -6 -24 4 -4 24 4 -4 26 4 -6
 4 16 26 4 -6 24 4 -4 24 4 4 26 4 6
 4 16 16 4 4 -16 4 4 -16 4 -4 16 4 -4

 1 16 20 0 0 6 0 0 0 0 0 0 0 6 4-4ndis.dat
 1 16 -20 0 0 6 0 0 0 0 0 0 0 6 4-4ndis.dat

 4 16 30 0 10 26 0 6 -26 0 6 -30 0 10
 4 16 -30 0 10 -26 0 6 -26 0 -6 -30 0 -10
 4 16 -30 0 -10 -26 0 -6 26 0 -6 30 0 -10
 4 16 30 0 -10 26 0 -6 26 0 6 30 0 10
 4 16 14 0 6 -14 0 6 -14 0 -6 14 0 -6

 1 16 20 0 0 4 0 0 0 4 0 0 0 4 4-4cyli.dat
 1 16 -20 0 0 4 0 0 0 4 0 0 0 4 4-4cyli.dat

 1 16 20 0 0 1 0 0 0 1 0 0 0 1 stud2a.dat
 1 16 0 0 0 1 0 0 0 1 0 0 0 1 stud2.dat
 1 16 -20 0 0 1 0 0 0 1 0 0 0 1 stud2a.dat

