0 Propellor  4 Blade  5 Diameter
0 Name: 2479.dat
0 Author: James Jessiman
0 Original LDraw Part
0 LDRAW_ORG Part UPDATE 2001-01

 1 16 14 24 0 0 0 2 0 0 0 2 0 0 2-4edge.dat
 1 16 -14 24 0 0 0 -2 0 0 0 2 0 0 2-4edge.dat
 1 16 0 24 14 2 0 0 0 0 0 0 0 2 2-4edge.dat
 1 16 0 24 -14 2 0 0 0 0 0 0 0 -2 2-4edge.dat

 2 24 14 24 2 8 24 2
 2 24 -14 24 2 -8 24 2
 2 24 14 24 -2 8 24 -2
 2 24 -14 24 -2 -8 24 -2
 2 24 8 24 2 8 24 -2
 2 24 -8 24 2 -8 24 -2
 2 24 2 24 14 2 24 8
 2 24 2 24 -14 2 24 -8
 2 24 -2 24 14 -2 24 8
 2 24 -2 24 -14 -2 24 -8
 2 24 2 24 8 -2 24 8
 2 24 2 24 -8 -2 24 -8

 1 16 7 22 0 1 0 0 0 0 0 0 0 2 rect.dat
 1 16 -7 22 0 1 0 0 0 0 0 0 0 2 rect.dat
 1 16 0 22 7 2 0 0 0 0 0 0 0 1 rect.dat
 1 16 0 22 -7 2 0 0 0 0 0 0 0 1 rect.dat

 1 16 14 4 0 0 0 2 0 0 0 2 0 0 2-4edge.dat
 1 16 -14 4 0 0 0 -2 0 0 0 2 0 0 2-4edge.dat
 1 16 0 4 14 2 0 0 0 0 0 0 0 2 2-4edge.dat
 1 16 0 4 -14 2 0 0 0 0 0 0 0 -2 2-4edge.dat

 2 24 14 4 2 10 4 2
 2 24 -14 4 2 -10 4 2
 2 24 14 4 -2 10 4 -2
 2 24 -14 4 -2 -10 4 -2
 2 24 10 4 2 10 4 -2
 2 24 -10 4 2 -10 4 -2
 2 24 2 4 14 2 4 10
 2 24 2 4 -14 2 4 -10
 2 24 -2 4 14 -2 4 10
 2 24 -2 4 -14 -2 4 -10
 2 24 2 4 10 -2 4 10
 2 24 2 4 -10 -2 4 -10

 1 16 8 8 0 2 0 0 0 0 0 0 0 2 rect.dat
 1 16 -8 8 0 2 0 0 0 0 0 0 0 2 rect.dat
 1 16 0 8 8 2 0 0 0 0 0 0 0 2 rect.dat
 1 16 0 8 -8 2 0 0 0 0 0 0 0 2 rect.dat

 2 24 8 22 2 8 24 2
 2 24 -8 22 2 -8 24 2
 2 24 8 22 -2 8 24 -2
 2 24 -8 22 -2 -8 24 -2
 2 24 2 22 8 2 24 8
 2 24 2 22 -8 2 24 -8
 2 24 -2 22 8 -2 24 8
 2 24 -2 22 -8 -2 24 -8

 2 24 10 4 2 10 8 2
 2 24 -10 4 2 -10 8 2
 2 24 10 4 -2 10 8 -2
 2 24 -10 4 -2 -10 8 -2
 2 24 2 4 10 2 8 10
 2 24 2 4 -10 2 8 -10
 2 24 -2 4 10 -2 8 10
 2 24 -2 4 -10 -2 8 -10

 2 24 6 8 2 6 22 2
 2 24 -6 8 2 -6 22 2
 2 24 6 8 -2 6 22 -2
 2 24 -6 8 -2 -6 22 -2
 2 24 2 8 6 2 22 6
 2 24 2 8 -6 2 22 -6
 2 24 -2 8 6 -2 22 6
 2 24 -2 8 -6 -2 22 -6

 1 16 14 24 0 0 0 2 0 0 0 2 0 0 2-4disc.dat
 1 16 -14 24 0 0 0 -2 0 0 0 2 0 0 2-4disc.dat
 1 16 0 24 14 2 0 0 0 0 0 0 0 2 2-4disc.dat
 1 16 0 24 -14 2 0 0 0 0 0 0 0 -2 2-4disc.dat

 4 16 14 24 2 8 24 2 8 24 -2 14 24 -2
 4 16 -14 24 2 -8 24 2 -8 24 -2 -14 24 -2
 4 16 2 24 14 2 24 8 -2 24 8 -2 24 14
 4 16 2 24 -14 2 24 -8 -2 24 -8 -2 24 -14

 4 16 8 24 2 8 22 2 8 22 -2 8 24 -2
 4 16 -8 24 2 -8 22 2 -8 22 -2 -8 24 -2
 4 16 2 24 8 2 22 8 -2 22 8 -2 24 8
 4 16 2 24 -8 2 22 -8 -2 22 -8 -2 24 -8

 4 16 6 22 2 6 8 2 6 8 -2 6 22 -2
 4 16 -6 22 2 -6 8 2 -6 8 -2 -6 22 -2
 4 16 2 22 6 2 8 6 -2 8 6 -2 22 6
 4 16 2 22 -6 2 8 -6 -2 8 -6 -2 22 -6

 4 16 8 22 2 10 8 2 6 8 2 6 22 2
 4 16 -8 22 2 -10 8 2 -6 8 2 -6 22 2
 4 16 8 22 -2 10 8 -2 6 8 -2 6 22 -2
 4 16 -8 22 -2 -10 8 -2 -6 8 -2 -6 22 -2
 4 16 2 22 8 2 8 10 2 8 6 2 22 6
 4 16 -2 22 8 -2 8 10 -2 8 6 -2 22 6
 4 16 2 22 -8 2 8 -10 2 8 -6 2 22 -6
 4 16 -2 22 -8 -2 8 -10 -2 8 -6 -2 22 -6

 4 16 14 24 2 10 8 2 8 22 2 8 24 2
 4 16 -14 24 2 -10 8 2 -8 22 2 -8 24 2
 4 16 14 24 -2 10 8 -2 8 22 -2 8 24 -2
 4 16 -14 24 -2 -10 8 -2 -8 22 -2 -8 24 -2
 4 16 2 24 14 2 8 10 2 22 8 2 24 8
 4 16 -2 24 14 -2 8 10 -2 22 8 -2 24 8
 4 16 2 24 -14 2 8 -10 2 22 -8 2 24 -8
 4 16 -2 24 -14 -2 8 -10 -2 22 -8 -2 24 -8

 4 16 14 24 2 14 4 2 10 4 2 10 8 2
 4 16 -14 24 2 -14 4 2 -10 4 2 -10 8 2
 4 16 14 24 -2 14 4 -2 10 4 -2 10 8 -2
 4 16 -14 24 -2 -14 4 -2 -10 4 -2 -10 8 -2
 4 16 2 24 14 2 4 14 2 4 10 2 8 10
 4 16 -2 24 14 -2 4 14 -2 4 10 -2 8 10
 4 16 2 24 -14 2 4 -14 2 4 -10 2 8 -10
 4 16 -2 24 -14 -2 4 -14 -2 4 -10 -2 8 -10

 1 16 14 4 0 0 0 2 0 20 0 2 0 0 2-4cyli.dat
 1 16 -14 4 0 0 0 -2 0 20 0 2 0 0 2-4cyli.dat
 1 16 0 4 14 2 0 0 0 20 0 0 0 2 2-4cyli.dat
 1 16 0 4 -14 2 0 0 0 20 0 0 0 -2 2-4cyli.dat

 1 16 0 8 0 6 0 0 0 0 0 0 0 6 4-4edge.dat
 1 16 0 8 0 10 0 0 0 0 0 0 0 10 4-4edge.dat
 1 16 0 6 0 6 0 0 0 0 0 0 0 6 4-4edge.dat
 1 16 0 6 0 8 0 0 0 0 0 0 0 8 4-4edge.dat
 1 16 0 4 0 10 0 0 0 0 0 0 0 10 4-4edge.dat
 1 16 0 0 0 8 0 0 0 0 0 0 0 8 4-4edge.dat

 1 16 0 6 0 6 0 0 0 2 0 0 0 6 4-4cyli.dat
 1 16 0 4 0 10 0 0 0 4 0 0 0 10 4-4cyli.dat
 1 16 0 0 0 8 0 0 0 6 0 0 0 8 4-4cyli.dat

 1 16 0 4 0 10 0 0 0 0 0 0 0 10 4-4ndis.dat
 1 16 0 0 0 8 0 0 0 0 0 0 0 8 4-4ndis.dat

 1 16 40 4 0 0 0 10 0 0 0 10 0 0 2-4edge.dat
 1 16 -40 4 0 0 0 -10 0 0 0 10 0 0 2-4edge.dat
 1 16 0 4 40 10 0 0 0 0 0 0 0 10 2-4edge.dat
 1 16 0 4 -40 10 0 0 0 0 0 0 0 -10 2-4edge.dat

 2 24 10 4 10 40 4 10
 2 24 -10 4 10 -40 4 10
 2 24 10 4 -10 40 4 -10
 2 24 -10 4 -10 -40 4 -10
 2 24 10 4 10 10 4 40
 2 24 -10 4 10 -10 4 40
 2 24 10 4 -10 10 4 -40
 2 24 -10 4 -10 -10 4 -40

 1 16 40 0 0 0 0 10 0 0 0 10 0 0 2-4edge.dat
 1 16 -40 0 0 0 0 -10 0 0 0 10 0 0 2-4edge.dat
 1 16 0 0 40 10 0 0 0 0 0 0 0 10 2-4edge.dat
 1 16 0 0 -40 10 0 0 0 0 0 0 0 -10 2-4edge.dat

 2 24 10 0 10 40 0 10
 2 24 -10 0 10 -40 0 10
 2 24 10 0 -10 40 0 -10
 2 24 -10 0 -10 -40 0 -10
 2 24 10 0 10 10 0 40
 2 24 -10 0 10 -10 0 40
 2 24 10 0 -10 10 0 -40
 2 24 -10 0 -10 -10 0 -40

 2 24 10 0 10 10 4 10
 2 24 -10 0 10 -10 4 10
 2 24 10 0 -10 10 4 -10
 2 24 -10 0 -10 -10 4 -10

 1 16 40 4 0 0 0 10 0 0 0 10 0 0 2-4disc.dat
 1 16 -40 4 0 0 0 -10 0 0 0 10 0 0 2-4disc.dat
 1 16 0 4 40 10 0 0 0 0 0 0 0 10 2-4disc.dat
 1 16 0 4 -40 10 0 0 0 0 0 0 0 -10 2-4disc.dat

 4 16 10 4 10 40 4 10 40 4 -10 10 4 -10
 4 16 -10 4 10 -40 4 10 -40 4 -10 -10 4 -10
 4 16 10 4 10 10 4 40 -10 4 40 -10 4 10
 4 16 10 4 -10 10 4 -40 -10 4 -40 -10 4 -10

 1 16 40 0 0 0 0 10 0 4 0 10 0 0 2-4cyli.dat
 1 16 -40 0 0 0 0 -10 0 4 0 10 0 0 2-4cyli.dat
 1 16 0 0 40 10 0 0 0 4 0 0 0 10 2-4cyli.dat
 1 16 0 0 -40 10 0 0 0 4 0 0 0 -10 2-4cyli.dat

 4 16 10 4 10 10 0 10 40 0 10 40 4 10
 4 16 -10 4 10 -10 0 10 -40 0 10 -40 4 10
 4 16 10 4 -10 10 0 -10 40 0 -10 40 4 -10
 4 16 -10 4 -10 -10 0 -10 -40 0 -10 -40 4 -10
 4 16 10 4 10 10 0 10 10 0 40 10 4 40
 4 16 -10 4 10 -10 0 10 -10 0 40 -10 4 40
 4 16 10 4 -10 10 0 -10 10 0 -40 10 4 -40
 4 16 -10 4 -10 -10 0 -10 -10 0 -40 -10 4 -40

 1 16 40 0 0 0 0 10 0 0 0 10 0 0 2-4disc.dat
 1 16 -40 0 0 0 0 -10 0 0 0 10 0 0 2-4disc.dat
 1 16 0 0 40 10 0 0 0 0 0 0 0 10 2-4disc.dat
 1 16 0 0 -40 10 0 0 0 0 0 0 0 -10 2-4disc.dat

 4 16 8 0 10 40 0 10 40 0 -10 8 0 -10
 4 16 -8 0 10 -40 0 10 -40 0 -10 -8 0 -10
 4 16 10 0 8 10 0 40 -10 0 40 -10 0 8
 4 16 10 0 -8 10 0 -40 -10 0 -40 -10 0 -8

 4 16 0 8 6 -2.30 8 5.54 -3.83 8 9.24 0 8 10
 4 16 0 6 6 -2.30 6 5.54 -3.06 6 7.39 0 6 8
 4 16 -2.30 8 5.54 -4.24 8 4.24 -7.07 8 7.07 -3.83 8 9.24
 4 16 -2.30 6 5.54 -4.24 6 4.24 -5.66 6 5.66 -3.06 6 7.39
 4 16 -4.24 8 4.24 -5.54 8 2.30 -9.24 8 3.83 -7.07 8 7.07
 4 16 -4.24 6 4.24 -5.54 6 2.30 -7.39 6 3.06 -5.66 6 5.66
 4 16 -5.54 8 2.30 -6 8 0 -10 8 0 -9.24 8 3.83
 4 16 -5.54 6 2.30 -6 6 0 -8 6 0 -7.39 6 3.06
 4 16 -6 8 0 -5.54 8 -2.30 -9.24 8 -3.83 -10 8 0
 4 16 -6 6 0 -5.54 6 -2.30 -7.39 6 -3.06 -8 6 0
 4 16 -5.54 8 -2.30 -4.24 8 -4.24 -7.07 8 -7.07 -9.24 8 -3.83
 4 16 -5.54 6 -2.30 -4.24 6 -4.24 -5.66 6 -5.66 -7.39 6 -3.06
 4 16 -4.24 8 -4.24 -2.30 8 -5.54 -3.83 8 -9.24 -7.07 8 -7.07
 4 16 -4.24 6 -4.24 -2.30 6 -5.54 -3.06 6 -7.39 -5.66 6 -5.66
 4 16 -2.30 8 -5.54 0 8 -6 0 8 -10 -3.83 8 -9.24
 4 16 -2.30 6 -5.54 0 6 -6 0 6 -8 -3.06 6 -7.39
 4 16 0 8 -6 2.30 8 -5.54 3.83 8 -9.24 0 8 -10
 4 16 0 6 -6 2.30 6 -5.54 3.06 6 -7.39 0 6 -8
 4 16 2.30 8 -5.54 4.24 8 -4.24 7.07 8 -7.07 3.83 8 -9.24
 4 16 2.30 6 -5.54 4.24 6 -4.24 5.66 6 -5.66 3.06 6 -7.39
 4 16 4.24 8 -4.24 5.54 8 -2.30 9.24 8 -3.83 7.07 8 -7.07
 4 16 4.24 6 -4.24 5.54 6 -2.30 7.39 6 -3.06 5.66 6 -5.66
 4 16 5.54 8 -2.30 6 8 0 10 8 0 9.24 8 -3.83
 4 16 5.54 6 -2.30 6 6 0 8 6 0 7.39 6 -3.06
 4 16 6 8 0 5.54 8 2.30 9.24 8 3.83 10 8 0
 4 16 6 6 0 5.54 6 2.30 7.39 6 3.06 8 6 0
 4 16 5.54 8 2.30 4.24 8 4.24 7.07 8 7.07 9.24 8 3.83
 4 16 5.54 6 2.30 4.24 6 4.24 5.66 6 5.66 7.39 6 3.06
 4 16 4.24 8 4.24 2.30 8 5.54 3.83 8 9.24 7.07 8 7.07
 4 16 4.24 6 4.24 2.30 6 5.54 3.06 6 7.39 5.66 6 5.66
 4 16 2.30 8 5.54 0 8 6 0 8 10 3.83 8 9.24
 4 16 2.30 6 5.54 0 6 6 0 6 8 3.06 6 7.39

 1 16 40 0 0 1 0 0 0 1 0 0 0 1 stud2.dat
 1 16 20 0 0 1 0 0 0 1 0 0 0 1 stud2.dat
 1 16 -20 0 0 1 0 0 0 1 0 0 0 1 stud2.dat
 1 16 -40 0 0 1 0 0 0 1 0 0 0 1 stud2.dat
 1 16 0 0 40 1 0 0 0 1 0 0 0 1 stud2.dat
 1 16 0 0 20 1 0 0 0 1 0 0 0 1 stud2.dat
 1 16 0 0 -20 1 0 0 0 1 0 0 0 1 stud2.dat
 1 16 0 0 -40 1 0 0 0 1 0 0 0 1 stud2.dat
