0 Electric Light & Sound Brick  1 x  8 with 3 Front Lights
0 Name: 2500c01.dat
0 Author: Kevin M Bane
0 Official LCAD Part - 2000-02 Update

0 2000-06-13 SEB fix color 24 on linetype 1
0 2000-05-08 SEB change all /4-4cone1/ to /4-4con1/

1 16 60 24 0 16 0 0 0 -4 0 0 0 6 box4.dat

2 24 52.88 20 6 55 20 3.88
2 24 55 20 3.88 57.12 20 6
2 24 57.12 23.9 6 52.88 23.9 6
2 24 52.88 23.9 6 55 23.9 3.88
2 24 55 23.9 3.88 57.12 23.9 6
2 24 57.12 23.9 6 57.12 20 6
2 24 52.88 23.9 6 52.88 20 6
2 24 55 23.9 3.88 55 20 3.88
3 16 55 23.9 3.88 57.12 23.9 6 52.88 23.9 6
4 16 52.88 20 6 55 20 3.88 55 23.9 3.88 52.88 23.9 6
4 16 55 20 3.88 57.12 20 6 57.12 23.9 6 55 23.9 3.88

2 24 62.88 20 6 65 20 3.88
2 24 65 20 3.88 67.12 20 6
2 24 67.12 23.9 6 62.88 23.9 6
2 24 62.88 23.9 6 65 23.9 3.88
2 24 65 23.9 3.88 67.12 23.9 6
2 24 67.12 23.9 6 67.12 20 6
2 24 62.88 23.9 6 62.88 20 6
2 24 65 23.9 3.88 65 20 3.88
3 16 65 23.9 3.88 67.12 23.9 6 62.88 23.9 6
4 16 62.88 20 6 65 20 3.88 65 23.9 3.88 62.88 23.9 6
4 16 65 20 3.88 67.12 20 6 67.12 23.9 6 65 23.9 3.88

2 24 57.12 20 -6 55 20 -3.88
2 24 55 20 -3.88 52.88 20 -6
2 24 52.88 23.9 -6 57.12 23.9 -6
2 24 57.12 23.9 -6 55 23.9 -3.88
2 24 55 23.9 -3.88 52.88 23.9 -6
2 24 52.88 23.9 -6 52.88 20 -6
2 24 57.12 23.9 -6 57.12 20 -6
2 24 55 23.9 -3.88 55 20 -3.88
3 16 55 23.9 -3.88 52.88 23.9 -6 57.12 23.9 -6
4 16 57.12 20 -6 55 20 -3.88 55 23.9 -3.88 57.12 23.9 -6
4 16 55 20 -3.88 52.88 20 -6 52.88 23.9 -6 55 23.9 -3.88

2 24 67.12 20 -6 65 20 -3.88
2 24 65 20 -3.88 62.88 20 -6
2 24 62.88 23.9 -6 67.12 23.9 -6
2 24 67.12 23.9 -6 65 23.9 -3.88
2 24 65 23.9 -3.88 62.88 23.9 -6
2 24 62.88 23.9 -6 62.88 20 -6
2 24 67.12 23.9 -6 67.12 20 -6
2 24 65 23.9 -3.88 65 20 -3.88
3 16 65 23.9 -3.88 62.88 23.9 -6 67.12 23.9 -6
4 16 67.12 20 -6 65 20 -3.88 65 23.9 -3.88 67.12 23.9 -6
4 16 65 20 -3.88 62.88 20 -6 62.88 23.9 -6 65 23.9 -3.88

1 16 50 20 0 0 0 -6 0 1 0 -6 0 0 2-4ndis.dat
1 16 50 20 0 0 0 -6 0 1 0 -6 0 0 2-4edge.dat
1 47 50 20 0 0 0 -6 0 -6 0 6 0 0 2-8sphe.dat
1 47 50 20 0 0 10 0 0 0 -6 -6 0 0 2-4cyli.dat
1 47 60 20 0 0 0 6 0 -6 0 -6 0 0 2-8sphe.dat
1 16 60 20 0 0 0 6 0 1 0 6 0 0 2-4edge.dat
1 16 60 20 0 0 0 6 0 1 0 6 0 0 2-4ndis.dat
4 16 76 20 6 76 20 -6 66 20 -6 66 20 6

1 16 20 20 0 1 0 0 0 -1 0 0 0 1 stud3.dat
1 16 0 20 0 1 0 0 0 -1 0 0 0 1 stud3.dat
1 16 -20 20 0 1 0 0 0 -1 0 0 0 1 stud3.dat
1 16 0 24 0 40 0 0 0 -4 0 0 0 6 box5.dat

1 16 -60 24 0 16 0 0 0 -4 0 0 0 6 box4.dat

2 24 -52.88 20 -6 -55 20 -3.88
2 24 -55 20 -3.88 -57.12 20 -6
2 24 -57.12 23.9 -6 -52.88 23.9 -6
2 24 -52.88 23.9 -6 -55 23.9 -3.88
2 24 -55 23.9 -3.88 -57.12 23.9 -6
2 24 -57.12 23.9 -6 -57.12 20 -6
2 24 -52.88 23.9 -6 -52.88 20 -6
2 24 -55 23.9 -3.88 -55 20 -3.88
3 16 -55 23.9 -3.88 -57.12 23.9 -6 -52.88 23.9 -6
4 16 -52.88 20 -6 -55 20 -3.88 -55 23.9 -3.88 -52.88 23.9 -6
4 16 -55 20 -3.88 -57.12 20 -6 -57.12 23.9 -6 -55 23.9 -3.88

2 24 -62.88 20 -6 -65 20 -3.88
2 24 -65 20 -3.88 -67.12 20 -6
2 24 -67.12 23.9 -6 -62.88 23.9 -6
2 24 -62.88 23.9 -6 -65 23.9 -3.88
2 24 -65 23.9 -3.88 -67.12 23.9 -6
2 24 -67.12 23.9 -6 -67.12 20 -6
2 24 -62.88 23.9 -6 -62.88 20 -6
2 24 -65 23.9 -3.88 -65 20 -3.88
3 16 -65 23.9 -3.88 -67.12 23.9 -6 -62.88 23.9 -6
4 16 -62.88 20 -6 -65 20 -3.88 -65 23.9 -3.88 -62.88 23.9 -6
4 16 -65 20 -3.88 -67.12 20 -6 -67.12 23.9 -6 -65 23.9 -3.88

2 24 -57.12 20 6 -55 20 3.88
2 24 -55 20 3.88 -52.88 20 6
2 24 -52.88 23.9 6 -57.12 23.9 6
2 24 -57.12 23.9 6 -55 23.9 3.88
2 24 -55 23.9 3.88 -52.88 23.9 6
2 24 -52.88 23.9 6 -52.88 20 6
2 24 -57.12 23.9 6 -57.12 20 6
2 24 -55 23.9 3.88 -55 20 3.88
3 16 -55 23.9 3.88 -52.88 23.9 6 -57.12 23.9 6
4 16 -57.12 20 6 -55 20 3.88 -55 23.9 3.88 -57.12 23.9 6
4 16 -55 20 3.88 -52.88 20 6 -52.88 23.9 6 -55 23.9 3.88

2 24 -67.12 20 6 -65 20 3.88
2 24 -65 20 3.88 -62.88 20 6
2 24 -62.88 23.9 6 -67.12 23.9 6
2 24 -67.12 23.9 6 -65 23.9 3.88
2 24 -65 23.9 3.88 -62.88 23.9 6
2 24 -62.88 23.9 6 -62.88 20 6
2 24 -67.12 23.9 6 -67.12 20 6
2 24 -65 23.9 3.88 -65 20 3.88
3 16 -65 23.9 3.88 -62.88 23.9 6 -67.12 23.9 6
4 16 -67.12 20 6 -65 20 3.88 -65 23.9 3.88 -67.12 23.9 6
4 16 -65 20 3.88 -62.88 20 6 -62.88 23.9 6 -65 23.9 3.88

1 16 -50 20 0 0 0 6 0 1 0 6 0 0 2-4ndis.dat
1 16 -50 20 0 0 0 6 0 1 0 6 0 0 2-4edge.dat
1 47 -50 20 0 0 0 6 0 -6 0 -6 0 0 2-8sphe.dat
1 47 -50 20 0 0 -10 0 0 0 -6 6 0 0 2-4cyli.dat
1 47 -60 20 0 0 0 -6 0 -6 0 6 0 0 2-8sphe.dat
1 16 -60 20 0 0 0 -6 0 1 0 -6 0 0 2-4edge.dat
1 16 -60 20 0 0 0 -6 0 1 0 -6 0 0 2-4ndis.dat
4 16 -76 20 -6 -76 20 6 -66 20 6 -66 20 -6

4 16 -80 24 -10 80 24 -10 76 24 -6 -76 24 -6
4 16 76 24 -6 80 24 -10 80 24 10 76 24 6
4 16 -80 24 10 -76 24 6 76 24 6 80 24 10
4 16 -80 24 10 -80 24 -10 -76 24 -6 -76 24 6
4 16 -44 24 6 -44 24 -6 -40 24 -6 -40 24 6
4 16 40 24 6 40 24 -6 44 24 -6 44 24 6

1 16 40 10 -10 6 0 0 0 0 6 0 0 0 4-4edge.dat
1 16 0 10 -10 6 0 0 0 0 6 0 0 0 4-4edge.dat
1 16 -40 10 -10 6 0 0 0 0 6 0 0 0 4-4edge.dat
1 16 40 10 -6 6 0 0 0 0 6 0 0 0 4-4edge.dat
1 16 0 10 -6 6 0 0 0 0 6 0 0 0 4-4edge.dat
1 16 -40 10 -6 6 0 0 0 0 6 0 0 0 4-4edge.dat
1 16 40 10 -10 6 0 0 0 0 6 0 4 0 4-4cyli.dat
1 16 0 10 -10 6 0 0 0 0 6 0 4 0 4-4cyli.dat
1 16 -40 10 -10 6 0 0 0 0 6 0 4 0 4-4cyli.dat
1 16 40 10 -10 6 0 0 0 0 6 0 0 0 4-4ndis.dat
1 16 0 10 -10 6 0 0 0 0 6 0 0 0 4-4ndis.dat
1 16 -40 10 -10 6 0 0 0 0 6 0 0 0 4-4ndis.dat

4 16 76 20 6 76 4 6 76 4 -6 76 20 -6
4 16 -76 20 6 -76 4 6 -76 4 -6 -76 20 -6
4 16 -76 16 6 76 16 6 76 4 6 -76 4 6
4 16 -76 4 -6 76 4 -6 76 4 6 -76 4 6
4 16 -76 4 -6 -76 20 -6 -46 20 -6 -46 4 -6
4 16 -34 4 -6 -34 20 -6 -6 20 -6 -6 4 -6
4 16 6 4 -6 6 20 -6 34 20 -6 34 4 -6
4 16 46 4 -6 46 20 -6 76 20 -6 76 4 -6
1 16 40 10 -6 6 0 0 0 0 6 0 0 0 4-4ndis.dat
1 16 0 10 -6 6 0 0 0 0 6 0 0 0 4-4ndis.dat
1 16 -40 10 -6 6 0 0 0 0 6 0 0 0 4-4ndis.dat

2 24 76 20 -6 76 4 -6
2 24 76 20 -6 76 20 6
2 24 76 4 -6 76 4 6
2 24 76 20 6 76 4 6
2 24 -76 20 -6 -76 4 -6
2 24 -76 20 -6 -76 20 6
2 24 -76 4 -6 -76 4 6
2 24 -76 20 6 -76 4 6
2 24 -76 20 -6 76 20 -6
2 24 -76 20 6 76 20 6
2 24 -76 4 -6 76 4 -6
2 24 -76 4 6 76 4 6

4 16 80 24 10 80 0 10 80 0 -10 80 24 -10
4 16 -80 24 10 -80 0 10 -80 0 -10 -80 24 -10
4 16 -80 24 10 80 24 10 80 0 10 -80 0 10
4 16 -80 0 -10 80 0 -10 80 0 10 -80 0 10
4 16 -80 0 -10 -80 4 -10 80 4 -10 80 0 -10
4 16 -80 16 -10 -80 24 -10 80 24 -10 80 16 -10
4 16 -80 4 -10 -80 16 -10 -46 16 -10 -46 4 -10
4 16 -34 4 -10 -34 16 -10 -6 16 -10 -6 4 -10
4 16 6 4 -10 6 16 -10 34 16 -10 34 4 -10
4 16 46 4 -10 46 16 -10 80 16 -10 80 4 -10

2 24 80 0 -10 80 24 -10
2 24 80 24 10 80 24 -10
2 24 80 0 10 80 0 -10
2 24 80 0 10 80 24 10
2 24 -80 0 -10 -80 24 -10
2 24 -80 24 10 -80 24 -10
2 24 -80 0 10 -80 0 -10
2 24 -80 0 10 -80 24 10
2 24 -80 24 -10 80 24 -10
2 24 -80 24 10 80 24 10
2 24 -80 0 -10 80 0 -10
2 24 -80 0 10 80 0 10

1 47 40 10 -10.5 2 0 0 0 0 2 0 0 0 4-4disc.dat
1 47 40 10 -10.5 2 0 0 0 0 2 0 0 0 4-4edge.dat
1 47 40 10 -18 2 0 0 0 0 2 0 1.5 0 4-4con1.dat
1 47 40 10 -18 6 0 0 0 0 6 0 8 0 4-4cyli.dat
1 47 40 10 -10 6 0 0 0 0 -6 0 0 0 4-4edge.dat
1 47 40 10 -14 6 0 0 0 0 -6 0 0 0 4-4edge.dat
1 47 40 10 -18 6 0 0 0 0 -6 0 0 0 4-4edge.dat
1 47 40 10 -18 4 0 0 0 0 -4 0 0 0 4-4edge.dat
0
4 47 40 6 -18 38.47 6.3 -18 37.7 4.46 -18 40 4 -18
4 47 38.47 6.3 -18 37.17 7.17 -18 35.76 5.76 -18 37.7 4.46 -18
4 47 37.17 7.17 -18 36.3 8.47 -18 34.46 7.7 -18 35.76 5.76 -18
4 47 36.3 8.47 -18 36 10 -18 34 10 -18 34.46 7.7 -18
4 47 36 10 -18 36.3 11.53 -18 34.46 12.3 -18 34 10 -18
4 47 36.3 11.53 -18 37.17 12.83 -18 35.76 14.24 -18 34.46 12.3 -18
4 47 37.17 12.83 -18 38.47 13.7 -18 37.7 15.54 -18 35.76 14.24 -18
4 47 38.47 13.7 -18 40 14 -18 40 16 -18 37.7 15.54 -18
4 47 40 14 -18 41.53 13.7 -18 42.3 15.54 -18 40 16 -18
4 47 41.53 13.7 -18 42.83 12.83 -18 44.24 14.24 -18 42.3 15.54 -18
4 47 42.83 12.83 -18 43.7 11.53 -18 45.54 12.3 -18 44.24 14.24 -18
4 47 43.7 11.53 -18 44 10 -18 46 10 -18 45.54 12.3 -18
4 47 44 10 -18 43.7 8.47 -18 45.54 7.7 -18 46 10 -18
4 47 43.7 8.47 -18 42.83 7.17 -18 44.24 5.76 -18 45.54 7.7 -18
4 47 42.83 7.17 -18 41.53 6.3 -18 42.3 4.46 -18 44.24 5.76 -18
4 47 41.53 6.3 -18 40 6 -18 40 4 -18 42.3 4.46 -18

1 47 0 10 -10.5 2 0 0 0 0 2 0 0 0 4-4disc.dat
1 47 0 10 -10.5 2 0 0 0 0 2 0 0 0 4-4edge.dat
1 47 0 10 -18 2 0 0 0 0 2 0 1.5 0 4-4con1.dat
1 47 0 10 -18 6 0 0 0 0 6 0 8 0 4-4cyli.dat
1 47 0 10 -10 6 0 0 0 0 -6 0 0 0 4-4edge.dat
1 47 0 10 -14 6 0 0 0 0 -6 0 0 0 4-4edge.dat
1 47 0 10 -18 6 0 0 0 0 -6 0 0 0 4-4edge.dat
1 47 0 10 -18 4 0 0 0 0 -4 0 0 0 4-4edge.dat
0
4 47 0 6 -18 -1.53 6.3 -18 -2.3 4.46 -18 0 4 -18
4 47 -1.53 6.3 -18 -2.83 7.17 -18 -4.24 5.76 -18 -2.3 4.46 -18
4 47 -2.83 7.17 -18 -3.7 8.47 -18 -5.54 7.7 -18 -4.24 5.76 -18
4 47 -3.7 8.47 -18 -4 10 -18 -6 10 -18 -5.54 7.7 -18
4 47 -4 10 -18 -3.7 11.53 -18 -5.54 12.3 -18 -6 10 -18
4 47 -3.7 11.53 -18 -2.83 12.83 -18 -4.24 14.24 -18 -5.54 12.3 -18
4 47 -2.83 12.83 -18 -1.53 13.7 -18 -2.3 15.54 -18 -4.24 14.24 -18
4 47 -1.53 13.7 -18 0 14 -18 0 16 -18 -2.3 15.54 -18
4 47 0 14 -18 1.53 13.7 -18 2.3 15.54 -18 0 16 -18
4 47 1.53 13.7 -18 2.83 12.83 -18 4.24 14.24 -18 2.3 15.54 -18
4 47 2.83 12.83 -18 3.7 11.53 -18 5.54 12.3 -18 4.24 14.24 -18
4 47 3.7 11.53 -18 4 10 -18 6 10 -18 5.54 12.3 -18
4 47 4 10 -18 3.7 8.47 -18 5.54 7.7 -18 6 10 -18
4 47 3.7 8.47 -18 2.83 7.17 -18 4.24 5.76 -18 5.54 7.7 -18
4 47 2.83 7.17 -18 1.53 6.3 -18 2.3 4.46 -18 4.24 5.76 -18
4 47 1.53 6.3 -18 0 6 -18 0 4 -18 2.3 4.46 -18

1 47 -40 10 -10.5 2 0 0 0 0 2 0 0 0 4-4disc.dat
1 47 -40 10 -10.5 2 0 0 0 0 2 0 0 0 4-4edge.dat
1 47 -40 10 -18 2 0 0 0 0 2 0 1.5 0 4-4con1.dat
1 47 -40 10 -18 6 0 0 0 0 6 0 8 0 4-4cyli.dat
1 47 -40 10 -10 6 0 0 0 0 -6 0 0 0 4-4edge.dat
1 47 -40 10 -14 6 0 0 0 0 -6 0 0 0 4-4edge.dat
1 47 -40 10 -18 6 0 0 0 0 -6 0 0 0 4-4edge.dat
1 47 -40 10 -18 4 0 0 0 0 -4 0 0 0 4-4edge.dat
0
4 47 -40 6 -18 -41.53 6.3 -18 -42.3 4.46 -18 -40 4 -18
4 47 -41.53 6.3 -18 -42.83 7.17 -18 -44.24 5.76 -18 -42.3 4.46 -18
4 47 -42.83 7.17 -18 -43.7 8.47 -18 -45.54 7.7 -18 -44.24 5.76 -18
4 47 -43.7 8.47 -18 -44 10 -18 -46 10 -18 -45.54 7.7 -18
4 47 -44 10 -18 -43.7 11.53 -18 -45.54 12.3 -18 -46 10 -18
4 47 -43.7 11.53 -18 -42.83 12.83 -18 -44.24 14.24 -18 -45.54 12.3 -18
4 47 -42.83 12.83 -18 -41.53 13.7 -18 -42.3 15.54 -18 -44.24 14.24 -18
4 47 -41.53 13.7 -18 -40 14 -18 -40 16 -18 -42.3 15.54 -18
4 47 -40 14 -18 -38.47 13.7 -18 -37.7 15.54 -18 -40 16 -18
4 47 -38.47 13.7 -18 -37.17 12.83 -18 -35.76 14.24 -18 -37.7 15.54 -18
4 47 -37.17 12.83 -18 -36.3 11.53 -18 -34.46 12.3 -18 -35.76 14.24 -18
4 47 -36.3 11.53 -18 -36 10 -18 -34 10 -18 -34.46 12.3 -18
4 47 -36 10 -18 -36.3 8.47 -18 -34.46 7.7 -18 -34 10 -18
4 47 -36.3 8.47 -18 -37.17 7.17 -18 -35.76 5.76 -18 -34.46 7.7 -18
4 47 -37.17 7.17 -18 -38.47 6.3 -18 -37.7 4.46 -18 -35.76 5.76 -18
4 47 -38.47 6.3 -18 -40 6 -18 -40 4 -18 -37.7 4.46 -18

1 16 70 0 0 1 0 0 0 1 0 0 0 1 stud2.dat
1 16 50 0 0 1 0 0 0 1 0 0 0 1 stud2.dat
1 16 30 0 0 1 0 0 0 1 0 0 0 1 stud2.dat
1 16 10 0 0 1 0 0 0 1 0 0 0 1 stud2.dat
1 16 -10 0 0 1 0 0 0 1 0 0 0 1 stud2.dat
1 16 -30 0 0 1 0 0 0 1 0 0 0 1 stud2.dat
1 16 -50 0 0 1 0 0 0 1 0 0 0 1 stud2.dat
1 16 -70 0 0 1 0 0 0 1 0 0 0 1 stud2.dat
0