0 Plants Tree Palm Trunk
0 Name: 2536.dat
0 Author: Tore Eriksson
0 Official LCad update 99-02

1 16 0 8 0 6 0 0 0 -24 0  0 0 6 4-4cyli.dat
1 16 0 8 0 6 0 0 0 0 0  0 0 6 4-4edge.dat

0 2562x4
2 24 0 8 10 4.2 8 9
4 16 0 8 10 4.2 8 9 4.2 2 9 0 2 10
2 24 4.2 8 9 4.457 8 7.704
2 24 4.2 2 9 7.071 2 7.071
2 24 7.071 2 7.071 9 2 4.2
4 16 4.2 8 9 4.457 8 7.704 4.457 2 7.704 4.2 2 9
2 24 4.457 8 7.704 5.757 8 5.757
4 16 4.457 8 7.704 5.757 8 5.757 5.757 2 5.757 4.457 2 7.704
2 24 5.757 8 5.757 7.704 8 4.457
4 16 5.757 8 5.757 7.704 8 4.457 7.704 2 4.457 5.757 2 5.757
2 24 7.704 8 4.457 9 8 4.2
4 16 7.704 8 4.457 9 8 4.2 9 2 4.2 7.704 2 4.457
2 24 4.2 2 9 4.457 2 7.704
2 24 4.457 2 7.704 5.757 2 5.757
2 24 5.757 2 5.757 7.704 2 4.457
2 24 7.704 2 4.457 9 2 4.2
2 24 10 8 0 9 8 4.2
4 16 10 8 0 9 8 4.2 9 2 4.2 10 2 0
2 24 4.2 2 9 4.2 8 9
2 24 9 2 4.2 9 8 4.2
2 24 4.2 2 9 4.2 8 9
4 16 0 8 10 0 8 6 2.296 8 5.543 4.2 8 9
4 16 2.296 8 5.543 4.2 8 9 4.243 8 4.243 5.757 8 5.757
4 16 5.543 8 2.296 9 8 4.2 4.243 8 4.243 5.757 8 5.757
4 16 10 8 0 6 8 0 5.543 8 2.296 9 8 4.2

2 24 0 8 10 -4.2 8 9
4 16 0 8 10 -4.2 8 9 -4.2 2 9 0 2 10
2 24 -4.2 8 9 -4.457 8 7.704
2 24 -4.2 2 9 -7.071 2 7.071
2 24 -7.071 2 7.071 -9 2 4.2
4 16 -4.2 8 9 -4.457 8 7.704 -4.457 2 7.704 -4.2 2 9
2 24 -4.457 8 7.704 -5.757 8 5.757
4 16 -4.457 8 7.704 -5.757 8 5.757 -5.757 2 5.757 -4.457 2 7.704
2 24 -5.757 8 5.757 -7.704 8 4.457
4 16 -5.757 8 5.757 -7.704 8 4.457 -7.704 2 4.457 -5.757 2 5.757
2 24 -7.704 8 4.457 -9 8 4.2
4 16 -7.704 8 4.457 -9 8 4.2 -9 2 4.2 -7.704 2 4.457
2 24 -4.2 2 9 -4.457 2 7.704
2 24 -4.457 2 7.704 -5.757 2 5.757
2 24 -5.757 2 5.757 -7.704 2 4.457
2 24 -7.704 2 4.457 -9 2 4.2
2 24 -10 8 0 -9 8 4.2
4 16 -10 8 0 -9 8 4.2 -9 2 4.2 -10 2 0
2 24 -4.2 2 9 -4.2 8 9
2 24 -9 2 4.2 -9 8 4.2
2 24 -4.2 2 9 -4.2 8 9
4 16 0 8 10 0 8 6 -2.296 8 5.543 -4.2 8 9
4 16 -2.296 8 5.543 -4.2 8 9 -4.243 8 4.243 -5.757 8 5.757
4 16 -5.543 8 2.296 -9 8 4.2 -4.243 8 4.243 -5.757 8 5.757
4 16 -10 8 0 -6 8 0 -5.543 8 2.296 -9 8 4.2

2 24 0 8 -10 -4.2 8 -9
4 16 0 8 -10 -4.2 8 -9 -4.2 2 -9 0 2 -10
2 24 -4.2 8 -9 -4.457 8 -7.704
2 24 -4.2 2 -9 -7.071 2 -7.071
2 24 -7.071 2 -7.071 -9 2 -4.2
4 16 -4.2 8 -9 -4.457 8 -7.704 -4.457 2 -7.704 -4.2 2 -9
2 24 -4.457 8 -7.704 -5.757 8 -5.757
4 16 -4.457 8 -7.704 -5.757 8 -5.757 -5.757 2 -5.757 -4.457 2 -7.704
2 24 -5.757 8 -5.757 -7.704 8 -4.457
4 16 -5.757 8 -5.757 -7.704 8 -4.457 -7.704 2 -4.457 -5.757 2 -5.757
2 24 -7.704 8 -4.457 -9 8 -4.2
4 16 -7.704 8 -4.457 -9 8 -4.2 -9 2 -4.2 -7.704 2 -4.457
2 24 -4.2 2 -9 -4.457 2 -7.704
2 24 -4.457 2 -7.704 -5.757 2 -5.757
2 24 -5.757 2 -5.757 -7.704 2 -4.457
2 24 -7.704 2 -4.457 -9 2 -4.2
2 24 -10 8 0 -9 8 -4.2
4 16 -10 8 0 -9 8 -4.2 -9 2 -4.2 -10 2 0
2 24 -4.2 2 -9 -4.2 8 -9
2 24 -9 2 -4.2 -9 8 -4.2
2 24 -4.2 2 -9 -4.2 8 -9
4 16 0 8 -10 0 8 -6 -2.296 8 -5.543 -4.2 8 -9
4 16 -2.296 8 -5.543 -4.2 8 -9 -4.243 8 -4.243 -5.757 8 -5.757
4 16 -5.543 8 -2.296 -9 8 -4.2 -4.243 8 -4.243 -5.757 8 -5.757
4 16 -10 8 0 -6 8 0 -5.543 8 -2.296 -9 8 -4.2

2 24 0 8 -10 4.2 8 -9
4 16 0 8 -10 4.2 8 -9 4.2 2 -9 0 2 -10
2 24 4.2 8 -9 4.457 8 -7.704
2 24 4.2 2 -9 7.071 2 -7.071
2 24 7.071 2 -7.071 9 2 -4.2
4 16 4.2 8 -9 4.457 8 -7.704 4.457 2 -7.704 4.2 2 -9
2 24 4.457 8 -7.704 5.757 8 -5.757
4 16 4.457 8 -7.704 5.757 8 -5.757 5.757 2 -5.757 4.457 2 -7.704
2 24 5.757 8 -5.757 7.704 8 -4.457
4 16 5.757 8 -5.757 7.704 8 -4.457 7.704 2 -4.457 5.757 2 -5.757
2 24 7.704 8 -4.457 9 8 -4.2
4 16 7.704 8 -4.457 9 8 -4.2 9 2 -4.2 7.704 2 -4.457
2 24 4.2 2 -9 4.457 2 -7.704
2 24 4.457 2 -7.704 5.757 2 -5.757
2 24 5.757 2 -5.757 7.704 2 -4.457
2 24 7.704 2 -4.457 9 2 -4.2
2 24 10 8 0 9 8 -4.2
4 16 10 8 0 9 8 -4.2 9 2 -4.2 10 2 0
2 24 4.2 2 -9 4.2 8 -9
2 24 9 2 -4.2 9 8 -4.2
2 24 4.2 2 -9 4.2 8 -9
4 16 0 8 -10 0 8 -6 2.296 8 -5.543 4.2 8 -9
4 16 2.296 8 -5.543 4.2 8 -9 4.243 8 -4.243 5.757 8 -5.757
4 16 5.543 8 -2.296 9 8 -4.2 4.243 8 -4.243 5.757 8 -5.757
4 16 10 8 0 6 8 0 5.543 8 -2.296 9 8 -4.2
0 end 2562x4

4 16 10 2 0 9.14 1 0 8.445 1 -3.501 9.24 2 -3.83
5 24 10 2 0 9.14 1 0 9.24 2 3.83 9.24 2 -3.83
4 16 9.24 2 -3.83 8.445 1 -3.501 6.462 1 -6.462 7.07 2 -7.07
5 24 9.24 2 -3.83 8.445 1 -3.501 10 2 0 7.07 2 -7.07
4 16 7.07 2 -7.07 6.462 1 -6.462 3.501 1 -8.445 3.83 2 -9.24
5 24 7.07 2 -7.07 6.462 1 -6.462 9.24 2 -3.83 3.83 2 -9.24
4 16 3.83 2 -9.24 3.501 1 -8.445 0 1 -9.14 0 2 -10
5 24 3.83 2 -9.24 3.501 1 -8.445 7.07 2 -7.07 0 2 -10
4 16 0 2 -10 0 1 -9.14 -3.501 1 -8.445 -3.83 2 -9.24
5 24 0 2 -10 0 1 -9.14 3.83 2 -9.24 -3.83 2 -9.24
4 16 -3.83 2 -9.24 -3.501 1 -8.445 -6.462 1 -6.462 -7.07 2 -7.07
5 24 -3.83 2 -9.24 -3.501 1 -8.445 0 2 -10 -7.07 2 -7.07
4 16 -7.07 2 -7.07 -6.462 1 -6.462 -8.445 1 -3.501 -9.24 2 -3.83
5 24 -7.07 2 -7.07 -6.462 1 -6.462 -3.83 2 -9.24 -9.24 2 -3.83
4 16 -9.24 2 -3.83 -8.445 1 -3.501 -9.14 1 0 -10 2 0
5 24 -9.24 2 -3.83 -8.445 1 -3.501 -7.07 2 -7.07 -10 2 0
4 16 -10 2 0 -9.14 1 0 -8.445 1 3.501 -9.24 2 3.83
5 24 -10 2 0 -9.14 1 0 -9.24 2 -3.83 -9.24 2 3.83
4 16 -9.24 2 3.83 -8.445 1 3.501 -6.462 1 6.462 -7.07 2 7.07
5 24 -9.24 2 3.83 -8.445 1 3.501 -10 2 0 -7.07 2 7.07
4 16 -7.07 2 7.07 -6.462 1 6.462 -3.501 1 8.445 -3.83 2 9.24
5 24 -7.07 2 7.07 -6.462 1 6.462 -9.24 2 3.83 -3.83 2 9.24
4 16 -3.83 2 9.24 -3.501 1 8.445 0 1 9.14 0 2 10
5 24 -3.83 2 9.24 -3.501 1 8.445 -7.07 2 7.07 0 2 10
4 16 0 2 10 0 1 9.14 3.501 1 8.445 3.83 2 9.24
5 24 0 2 10 0 1 9.14 -3.83 2 9.24 3.83 2 9.24
4 16 3.83 2 9.24 3.501 1 8.445 6.462 1 6.462 7.07 2 7.07
5 24 3.83 2 9.24 3.501 1 8.445 0 2 10 7.07 2 7.07
4 16 7.07 2 7.07 6.462 1 6.462 8.445 1 3.501 9.24 2 3.83
5 24 7.07 2 7.07 6.462 1 6.462 3.83 2 9.24 9.24 2 3.83
4 16 9.24 2 3.83 8.445 1 3.501 9.14 1 0 10 2 0
5 24 9.24 2 3.83 8.445 1 3.501 7.07 2 7.07 10 2 0

4 16 9.14 1 0 8 0 0 7.392 0 -3.064 8.445 1 -3.501
5 24 9.14 1 0 8 0 0 8.445 1 3.501 8.445 1 -3.501
4 16 8.445 1 -3.501 7.392 0 -3.064 5.656 0 -5.656 6.462 1 -6.462
5 24 8.445 1 -3.501 7.392 0 -3.064 9.14 1 0 6.462 1 -6.462
4 16 6.462 1 -6.462 5.656 0 -5.656 3.064 0 -7.392 3.501 1 -8.445
5 24 6.462 1 -6.462 5.656 0 -5.656 8.445 1 -3.501 3.501 1 -8.445
4 16 3.501 1 -8.445 3.064 0 -7.392 0 0 -8 0 1 -9.14
5 24 3.501 1 -8.445 3.064 0 -7.392 6.462 1 -6.462 0 1 -9.14
4 16 0 1 -9.14 0 0 -8 -3.064 0 -7.392 -3.501 1 -8.445
5 24 0 1 -9.14 0 0 -8 3.501 1 -8.445 -3.501 1 -8.445
4 16 -3.501 1 -8.445 -3.064 0 -7.392 -5.656 0 -5.656 -6.462 1 -6.462
5 24 -3.501 1 -8.445 -3.064 0 -7.392 0 1 -9.14 -6.462 1 -6.462
4 16 -6.462 1 -6.462 -5.656 0 -5.656 -7.392 0 -3.064 -8.445 1 -3.501
5 24 -6.462 1 -6.462 -5.656 0 -5.656 -3.501 1 -8.445 -8.445 1 -3.501
4 16 -8.445 1 -3.501 -7.392 0 -3.064 -8 0 0 -9.14 1 0
5 24 -8.445 1 -3.501 -7.392 0 -3.064 -6.462 1 -6.462 -9.14 1 0
4 16 -9.14 1 0 -8 0 0 -7.392 0 3.064 -8.445 1 3.501
5 24 -9.14 1 0 -8 0 0 -8.445 1 -3.501 -8.445 1 3.501
4 16 -8.445 1 3.501 -7.392 0 3.064 -5.656 0 5.656 -6.462 1 6.462
5 24 -8.445 1 3.501 -7.392 0 3.064 -9.14 1 0 -6.462 1 6.462
4 16 -6.462 1 6.462 -5.656 0 5.656 -3.064 0 7.392 -3.501 1 8.445
5 24 -6.462 1 6.462 -5.656 0 5.656 -8.445 1 3.501 -3.501 1 8.445
4 16 -3.501 1 8.445 -3.064 0 7.392 0 0 8 0 1 9.14
5 24 -3.501 1 8.445 -3.064 0 7.392 -6.462 1 6.462 0 1 9.14
4 16 0 1 9.14 0 0 8 3.064 0 7.392 3.501 1 8.445
5 24 0 1 9.14 0 0 8 -3.501 1 8.445 3.501 1 8.445
4 16 3.501 1 8.445 3.064 0 7.392 5.656 0 5.656 6.462 1 6.462
5 24 3.501 1 8.445 3.064 0 7.392 0 1 9.14 6.462 1 6.462
4 16 6.462 1 6.462 5.656 0 5.656 7.392 0 3.064 8.445 1 3.501
5 24 6.462 1 6.462 5.656 0 5.656 3.501 1 8.445 8.445 1 3.501
4 16 8.445 1 3.501 7.392 0 3.064 8 0 0 9.14 1 0
5 24 8.445 1 3.501 7.392 0 3.064 6.462 1 6.462 9.14 1 0

1 16 0 0 0 10 0 0 0 0 0  0 0 10 4-4edge.dat
1 16 0 0 0  2 0 0  0 0 0  0 0 2 ring3.dat
1 16 0 0 0  2 0 0  0 0 0  0 0 2 ring4.dat
1 16 0 0 0 8 0 0 0 0 0  0 0 8 4-4edge.dat
1 16 0 0 0  10 0 0  0 -8 0  0 0 10 4-4cyli.dat
1 16 0 -16 0 6 0 0  0 0 0  0 0 6 4-4edge.dat
1 16 0 -16 0 4 0 0  0 0 0  0 0 4 4-4edge.dat
1 16 0 -16 0 2 0 0  0 0 0  0 0 2 ring2.dat
1 16 0 -12 0 6 0 0  0 0 0  0 0 6 4-4edge.dat
1 16 0 -12 0  2 0 0  0 0 0  0 0 2 ring3.dat

0 inner begin
4 16 8 -12 0 10 -32 0 9.24 -32 3.83 7.392 -12 3.064
5 24 8 -12 0 10 -32 0 7.392 -12 -3.064 7.392 -12 3.064
4 16 7.392 -12 3.064 9.24 -32 3.83 7.07 -32 7.07 5.656 -12 5.656
5 24 7.392 -12 3.064 9.24 -32 3.83 8 -12 0 5.656 -12 5.656
4 16 5.656 -12 5.656 7.07 -32 7.07 3.83 -32 9.24 3.064 -12 7.392
5 24 5.656 -12 5.656 7.07 -32 7.07 7.392 -12 3.064 3.064 -12 7.392
4 16 3.064 -12 7.392 3.83 -32 9.24 0 -32 10 0 -12 8
5 24 3.064 -12 7.392 3.83 -32 9.24 5.656 -12 5.656 0 -12 8
4 16 0 -12 8 0 -32 10 -3.83 -32 9.24 -3.064 -12 7.392
5 24 0 -12 8 0 -32 10 3.064 -12 7.392 -3.064 -12 7.392
4 16 -3.064 -12 7.392 -3.83 -32 9.24 -7.07 -32 7.07 -5.656 -12 5.656
5 24 -3.064 -12 7.392 -3.83 -32 9.24 0 -12 8 -5.656 -12 5.656
4 16 -5.656 -12 5.656 -7.07 -32 7.07 -9.24 -32 3.83 -7.392 -12 3.064
5 24 -5.656 -12 5.656 -7.07 -32 7.07 -3.064 -12 7.392 -7.392 -12 3.064
4 16 -7.392 -12 3.064 -9.24 -32 3.83 -10 -32 0 -8 -12 0
5 24 -7.392 -12 3.064 -9.24 -32 3.83 -5.656 -12 5.656 -8 -12 0
4 16 -8 -12 0 -10 -32 0 -9.24 -32 -3.83 -7.392 -12 -3.064
5 24 -8 -12 0 -10 -32 0 -7.392 -12 3.064 -7.392 -12 -3.064
4 16 -7.392 -12 -3.064 -9.24 -32 -3.83 -7.07 -32 -7.07 -5.656 -12 -5.656
5 24 -7.392 -12 -3.064 -9.24 -32 -3.83 -8 -12 0 -5.656 -12 -5.656
4 16 -5.656 -12 -5.656 -7.07 -32 -7.07 -3.83 -32 -9.24 -3.064 -12 -7.392
5 24 -5.656 -12 -5.656 -7.07 -32 -7.07 -7.392 -12 -3.064 -3.064 -12 -7.392
4 16 -3.064 -12 -7.392 -3.83 -32 -9.24 0 -32 -10 0 -12 -8
5 24 -3.064 -12 -7.392 -3.83 -32 -9.24 -5.656 -12 -5.656 0 -12 -8
4 16 0 -12 -8 0 -32 -10 3.83 -32 -9.24 3.064 -12 -7.392
5 24 0 -12 -8 0 -32 -10 -3.064 -12 -7.392 3.064 -12 -7.392
4 16 3.064 -12 -7.392 3.83 -32 -9.24 7.07 -32 -7.07 5.656 -12 -5.656
5 24 3.064 -12 -7.392 3.83 -32 -9.24 0 -12 -8 5.656 -12 -5.656
4 16 5.656 -12 -5.656 7.07 -32 -7.07 9.24 -32 -3.83 7.392 -12 -3.064
5 24 5.656 -12 -5.656 7.07 -32 -7.07 3.064 -12 -7.392 7.392 -12 -3.064
4 16 7.392 -12 -3.064 9.24 -32 -3.83 10 -32 0 8 -12 0
5 24 7.392 -12 -3.064 9.24 -32 -3.83 5.656 -12 -5.656 8 -12 0
1 16 0 -12 0 8 0 0 0 1 0 0 0 8 4-4edge.dat
0 inner end

0 outer begin
4 16 10 -8 0 14 -32 0 12.936 -32 5.362 9.24 -8 3.83
5 24 10 -8 0 14 -32 0 9.24 -8 -3.83 9.24 -8 3.83
4 16 14 -32 0 10 -32 0 9.24 -32 3.83 12.936 -32 5.362
4 16 9.24 -8 3.83 12.936 -32 5.362 9.898 -32 9.898 7.07 -8 7.07
5 24 9.24 -8 3.83 12.936 -32 5.362 10 -8 0 7.07 -8 7.07
4 16 12.936 -32 5.362 9.24 -32 3.83 7.07 -32 7.07 9.898 -32 9.898
4 16 7.07 -8 7.07 9.898 -32 9.898 5.362 -32 12.936 3.83 -8 9.24
5 24 7.07 -8 7.07 9.898 -32 9.898 9.24 -8 3.83 3.83 -8 9.24
4 16 9.898 -32 9.898 7.07 -32 7.07 3.83 -32 9.24 5.362 -32 12.936
4 16 3.83 -8 9.24 5.362 -32 12.936 0 -32 14 0 -8 10
5 24 3.83 -8 9.24 5.362 -32 12.936 7.07 -8 7.07 0 -8 10
4 16 5.362 -32 12.936 3.83 -32 9.24 0 -32 10 0 -32 14
4 16 0 -8 10 0 -32 14 -5.362 -32 12.936 -3.83 -8 9.24
5 24 0 -8 10 0 -32 14 3.83 -8 9.24 -3.83 -8 9.24
4 16 0 -32 14 0 -32 10 -3.83 -32 9.24 -5.362 -32 12.936
4 16 -3.83 -8 9.24 -5.362 -32 12.936 -9.898 -32 9.898 -7.07 -8 7.07
5 24 -3.83 -8 9.24 -5.362 -32 12.936 0 -8 10 -7.07 -8 7.07
4 16 -5.362 -32 12.936 -3.83 -32 9.24 -7.07 -32 7.07 -9.898 -32 9.898
4 16 -7.07 -8 7.07 -9.898 -32 9.898 -12.936 -32 5.362 -9.24 -8 3.83
5 24 -7.07 -8 7.07 -9.898 -32 9.898 -3.83 -8 9.24 -9.24 -8 3.83
4 16 -9.898 -32 9.898 -7.07 -32 7.07 -9.24 -32 3.83 -12.936 -32 5.362
4 16 -9.24 -8 3.83 -12.936 -32 5.362 -14 -32 0 -10 -8 0
5 24 -9.24 -8 3.83 -12.936 -32 5.362 -7.07 -8 7.07 -10 -8 0
4 16 -12.936 -32 5.362 -9.24 -32 3.83 -10 -32 0 -14 -32 0
4 16 -10 -8 0 -14 -32 0 -12.936 -32 -5.362 -9.24 -8 -3.83
5 24 -10 -8 0 -14 -32 0 -9.24 -8 3.83 -9.24 -8 -3.83
4 16 -14 -32 0 -10 -32 0 -9.24 -32 -3.83 -12.936 -32 -5.362
4 16 -9.24 -8 -3.83 -12.936 -32 -5.362 -9.898 -32 -9.898 -7.07 -8 -7.07
5 24 -9.24 -8 -3.83 -12.936 -32 -5.362 -10 -8 0 -7.07 -8 -7.07
4 16 -12.936 -32 -5.362 -9.24 -32 -3.83 -7.07 -32 -7.07 -9.898 -32 -9.898
4 16 -7.07 -8 -7.07 -9.898 -32 -9.898 -5.362 -32 -12.936 -3.83 -8 -9.24
5 24 -7.07 -8 -7.07 -9.898 -32 -9.898 -9.24 -8 -3.83 -3.83 -8 -9.24
4 16 -9.898 -32 -9.898 -7.07 -32 -7.07 -3.83 -32 -9.24 -5.362 -32 -12.936
4 16 -3.83 -8 -9.24 -5.362 -32 -12.936 0 -32 -14 0 -8 -10
5 24 -3.83 -8 -9.24 -5.362 -32 -12.936 -7.07 -8 -7.07 0 -8 -10
4 16 -5.362 -32 -12.936 -3.83 -32 -9.24 0 -32 -10 0 -32 -14
4 16 0 -8 -10 0 -32 -14 5.362 -32 -12.936 3.83 -8 -9.24
5 24 0 -8 -10 0 -32 -14 -3.83 -8 -9.24 3.83 -8 -9.24
4 16 0 -32 -14 0 -32 -10 3.83 -32 -9.24 5.362 -32 -12.936
4 16 3.83 -8 -9.24 5.362 -32 -12.936 9.898 -32 -9.898 7.07 -8 -7.07
5 24 3.83 -8 -9.24 5.362 -32 -12.936 0 -8 -10 7.07 -8 -7.07
4 16 5.362 -32 -12.936 3.83 -32 -9.24 7.07 -32 -7.07 9.898 -32 -9.898
4 16 7.07 -8 -7.07 9.898 -32 -9.898 12.936 -32 -5.362 9.24 -8 -3.83
5 24 7.07 -8 -7.07 9.898 -32 -9.898 3.83 -8 -9.24 9.24 -8 -3.83
4 16 9.898 -32 -9.898 7.07 -32 -7.07 9.24 -32 -3.83 12.936 -32 -5.362
4 16 9.24 -8 -3.83 12.936 -32 -5.362 14 -32 0 10 -8 0
5 24 9.24 -8 -3.83 12.936 -32 -5.362 7.07 -8 -7.07 10 -8 0
4 16 12.936 -32 -5.362 9.24 -32 -3.83 10 -32 0 14 -32 0
1 16 0 -32 0 14 0 0 0 1 0 0 0 14 4-4edge.dat
1 16 0 -32 0 10 0 0 0 1 0 0 0 10 4-4edge.dat
0 outer end