0 Minifig Tool Oar (needs work)
0 Name: 2542.dat            
0 Author: Howard Lande 
0 !LDRAW_ORG Part UPDATE 2000-02
0 !LICENSE Not redistributable : see NonCAreadme.txt

0 !CATEGORY Minifig Accessory

0 !HISTORY 2000-09-30 [PTadmin] Official Update 2000-02
0 !HISTORY 2007-05-14 [PTadmin] Header formatted for Contributor Agreement
0 !HISTORY 2008-07-01 [PTadmin] Official Update 2008-01

0 // Comment: Missing all edgelines

4 16 4 0 0 4 80 0 3.6955 80 1.5307 3.6955 0 1.5307
4 16 3.6955 0 1.5307 3.6955 80 1.5307 2.8284 80 2.8284 2.8284 0 2.8284
4 16 2.8284 0 2.8284 2.8284 80 2.8284 1.5307 80 3.6955 1.5307 0 3.6955
4 16 1.5307 0 3.6955 1.5307 80 3.6955 0 80 4 0 0 4
4 16 0 0 4 0 80 4 -1.5307 80 3.6955 -1.5307 0 3.6955
4 16 -1.5307 0 3.6955 -1.5307 80 3.6955 -2.8284 80 2.8284 -2.8284 0 2.8284
4 16 -2.8284 0 2.8284 -2.8284 80 2.8284 -3.6955 80 1.5307 -3.6955 0 1.5307
4 16 -3.6955 0 1.5307 -3.6955 80 1.5307 -4 80 0 -4 0 0
4 16 -4 0 0 -4 80 0 -3.6955 80 -1.5307 -3.6955 0 -1.5307
4 16 -3.6955 0 -1.5307 -3.6955 80 -1.5307 -2.8284 80 -2.8284 -2.8284 0 -2.8284
4 16 -2.8284 0 -2.8284 -2.8284 80 -2.8284 -1.5307 80 -3.6955 -1.5307 0 -3.6955
4 16 -1.5307 0 -3.6955 -1.5307 80 -3.6955 0 80 -4 0 0 -4
4 16 0 0 -4 0 80 -4 1.5307 80 -3.6955 1.5307 0 -3.6955
4 16 1.5307 0 -3.6955 1.5307 80 -3.6955 2.8284 80 -2.8284 2.8284 0 -2.8284
4 16 2.8284 0 -2.8284 2.8284 80 -2.8284 3.6955 80 -1.5307 3.6955 0 -1.5307
4 16 3.6955 0 -1.5307 3.6955 80 -1.5307 4 80 0 4 0 0
0
4 16 4 0 0 3.6955 0 1.5307 3.4142 -1.5307 1.4142 3.6955 -1.5307 0
4 16 3.6955 0 1.5307 2.8284 0 2.8284 2.6131 -1.5307 2.6131 3.4142 -1.5307 1.4142
4 16 2.8284 0 2.8284 1.5307 0 3.6955 1.4142 -1.5307 3.4142 2.6131 -1.5307 2.6131
4 16 1.5307 0 3.6955 0 0 4 0 -1.5307 3.6955 1.4142 -1.5307 3.4142
4 16 0 0 4 -1.5307 0 3.6955 -1.4142 -1.5307 3.4142 0 -1.5307 3.6955
4 16 -1.5307 0 3.6955 -2.8284 0 2.8284 -2.6131 -1.5307 2.6131 -1.4142 -1.5307 3.4142
4 16 -2.8284 0 2.8284 -3.6955 0 1.5307 -3.4142 -1.5307 1.4142 -2.6131 -1.5307 2.6131
4 16 -3.6955 0 1.5307 -4 0 0 -3.6955 -1.5307 0 -3.4142 -1.5307 1.4142
4 16 -4 0 0 -3.6955 0 -1.5307 -3.4142 -1.5307 -1.4142 -3.6955 -1.5307 0
4 16 -3.6955 0 -1.5307 -2.8284 0 -2.8284 -2.6131 -1.5307 -2.6131 -3.4142 -1.5307 -1.4142
4 16 -2.8284 0 -2.8284 -1.5307 0 -3.6955 -1.4142 -1.5307 -3.4142 -2.6131 -1.5307 -2.6131
4 16 -1.5307 0 -3.6955 0 0 -4 0 -1.5307 -3.6955 -1.4142 -1.5307 -3.4142
4 16 0 0 -4 1.5307 0 -3.6955 1.4142 -1.5307 -3.4142 0 -1.5307 -3.6955
4 16 1.5307 0 -3.6955 2.8284 0 -2.8284 2.6131 -1.5307 -2.6131 1.4142 -1.5307 -3.4142
4 16 2.8284 0 -2.8284 3.6955 0 -1.5307 3.4142 -1.5307 -1.4142 2.6131 -1.5307 -2.6131
4 16 3.6955 0 -1.5307 4 0 0 3.6955 -1.5307 0 3.4142 -1.5307 -1.4142
4 16 3.6955 -1.5307 0 3.4142 -1.5307 1.4142 2.6131 -2.8284 1.0824 2.8284 -2.8284 0
4 16 3.4142 -1.5307 1.4142 2.6131 -1.5307 2.6131 2 -2.8284 2 2.6131 -2.8284 1.0824
4 16 2.6131 -1.5307 2.6131 1.4142 -1.5307 3.4142 1.0824 -2.8284 2.6131 2 -2.8284 2
4 16 1.4142 -1.5307 3.4142 0 -1.5307 3.6955 0 -2.8284 2.8284 1.0824 -2.8284 2.6131
4 16 0 -1.5307 3.6955 -1.4142 -1.5307 3.4142 -1.0824 -2.8284 2.6131 0 -2.8284 2.8284
4 16 -1.4142 -1.5307 3.4142 -2.6131 -1.5307 2.6131 -2 -2.8284 2 -1.0824 -2.8284 2.6131
4 16 -2.6131 -1.5307 2.6131 -3.4142 -1.5307 1.4142 -2.6131 -2.8284 1.0824 -2 -2.8284 2
4 16 -3.4142 -1.5307 1.4142 -3.6955 -1.5307 0 -2.8284 -2.8284 0 -2.6131 -2.8284 1.0824
4 16 -3.6955 -1.5307 0 -3.4142 -1.5307 -1.4142 -2.6131 -2.8284 -1.0824 -2.8284 -2.8284 0
4 16 -3.4142 -1.5307 -1.4142 -2.6131 -1.5307 -2.6131 -2 -2.8284 -2 -2.6131 -2.8284 -1.0824
4 16 -2.6131 -1.5307 -2.6131 -1.4142 -1.5307 -3.4142 -1.0824 -2.8284 -2.6131 -2 -2.8284 -2
4 16 -1.4142 -1.5307 -3.4142 0 -1.5307 -3.6955 0 -2.8284 -2.8284 -1.0824 -2.8284 -2.6131
4 16 0 -1.5307 -3.6955 1.4142 -1.5307 -3.4142 1.0824 -2.8284 -2.6131 0 -2.8284 -2.8284
4 16 1.4142 -1.5307 -3.4142 2.6131 -1.5307 -2.6131 2 -2.8284 -2 1.0824 -2.8284 -2.6131
4 16 2.6131 -1.5307 -2.6131 3.4142 -1.5307 -1.4142 2.6131 -2.8284 -1.0824 2 -2.8284 -2
4 16 3.4142 -1.5307 -1.4142 3.6955 -1.5307 0 2.8284 -2.8284 0 2.6131 -2.8284 -1.0824
4 16 2.8284 -2.8284 0 2.6131 -2.8284 1.0824 1.4142 -3.6955 .5858 1.5307 -3.6955 0
4 16 2.6131 -2.8284 1.0824 2 -2.8284 2 1.0824 -3.6955 1.0824 1.4142 -3.6955 .5858
4 16 2 -2.8284 2 1.0824 -2.8284 2.6131 .5858 -3.6955 1.4142 1.0824 -3.6955 1.0824
4 16 1.0824 -2.8284 2.6131 0 -2.8284 2.8284 0 -3.6955 1.5307 .5858 -3.6955 1.4142
4 16 0 -2.8284 2.8284 -1.0824 -2.8284 2.6131 -.5858 -3.6955 1.4142 0 -3.6955 1.5307
4 16 -1.0824 -2.8284 2.6131 -2 -2.8284 2 -1.0824 -3.6955 1.0824 -.5858 -3.6955 1.4142
4 16 -2 -2.8284 2 -2.6131 -2.8284 1.0824 -1.4142 -3.6955 .5858 -1.0824 -3.6955 1.0824
4 16 -2.6131 -2.8284 1.0824 -2.8284 -2.8284 0 -1.5307 -3.6955 0 -1.4142 -3.6955 .5858
4 16 -2.8284 -2.8284 0 -2.6131 -2.8284 -1.0824 -1.4142 -3.6955 -.5858 -1.5307 -3.6955 0
4 16 -2.6131 -2.8284 -1.0824 -2 -2.8284 -2 -1.0824 -3.6955 -1.0824 -1.4142 -3.6955 -.5858
4 16 -2 -2.8284 -2 -1.0824 -2.8284 -2.6131 -.5858 -3.6955 -1.4142 -1.0824 -3.6955 -1.0824
4 16 -1.0824 -2.8284 -2.6131 0 -2.8284 -2.8284 0 -3.6955 -1.5307 -.5858 -3.6955 -1.4142
4 16 0 -2.8284 -2.8284 1.0824 -2.8284 -2.6131 .5858 -3.6955 -1.4142 0 -3.6955 -1.5307
4 16 1.0824 -2.8284 -2.6131 2 -2.8284 -2 1.0824 -3.6955 -1.0824 .5858 -3.6955 -1.4142
4 16 2 -2.8284 -2 2.6131 -2.8284 -1.0824 1.4142 -3.6955 -.5858 1.0824 -3.6955 -1.0824
4 16 2.6131 -2.8284 -1.0824 2.8284 -2.8284 0 1.5307 -3.6955 0 1.4142 -3.6955 -.5858
3 16 1.5307 -3.6955 0 1.4142 -3.6955 .5858 0 -4 0
3 16 1.4142 -3.6955 .5858 1.0824 -3.6955 1.0824 0 -4 0
3 16 1.0824 -3.6955 1.0824 .5858 -3.6955 1.4142 0 -4 0
3 16 .5858 -3.6955 1.4142 0 -3.6955 1.5307 0 -4 0
3 16 0 -3.6955 1.5307 -.5858 -3.6955 1.4142 0 -4 0
3 16 -.5858 -3.6955 1.4142 -1.0824 -3.6955 1.0824 0 -4 0
3 16 -1.0824 -3.6955 1.0824 -1.4142 -3.6955 .5858 0 -4 0
3 16 -1.4142 -3.6955 .5858 -1.5307 -3.6955 0 0 -4 0
3 16 -1.5307 -3.6955 0 -1.4142 -3.6955 -.5858 0 -4 0
3 16 -1.4142 -3.6955 -.5858 -1.0824 -3.6955 -1.0824 0 -4 0
3 16 -1.0824 -3.6955 -1.0824 -.5858 -3.6955 -1.4142 0 -4 0
3 16 -.5858 -3.6955 -1.4142 0 -3.6955 -1.5307 0 -4 0
3 16 0 -3.6955 -1.5307 .5858 -3.6955 -1.4142 0 -4 0
3 16 .5858 -3.6955 -1.4142 1.0824 -3.6955 -1.0824 0 -4 0
3 16 1.0824 -3.6955 -1.0824 1.4142 -3.6955 -.5858 0 -4 0
3 16 1.4142 -3.6955 -.5858 1.5307 -3.6955 0 0 -4 0
0
4 16 4 80 0 3.6955 80 1.5307 3.4142 81.5307 1.4142 3.6955 81.5307 0
4 16 3.6955 80 1.5307 2.8284 80 2.8284 2.6131 81.5307 2.6131 3.4142 81.5307 1.4142
4 16 2.8284 80 2.8284 1.5307 80 3.6955 1.4142 81.5307 3.4142 2.6131 81.5307 2.6131
4 16 1.5307 80 3.6955 0 80 4 0 81.5307 3.6955 1.4142 81.5307 3.4142
4 16 0 80 4 -1.5307 80 3.6955 -1.4142 81.5307 3.4142 0 81.5307 3.6955
4 16 -1.5307 80 3.6955 -2.8284 80 2.8284 -2.6131 81.5307 2.6131 -1.4142 81.5307 3.4142
4 16 -2.8284 80 2.8284 -3.6955 80 1.5307 -3.4142 81.5307 1.4142 -2.6131 81.5307 2.6131
4 16 -3.6955 80 1.5307 -4 80 0 -3.6955 81.5307 0 -3.4142 81.5307 1.4142
4 16 -4 80 0 -3.6955 80 -1.5307 -3.4142 81.5307 -1.4142 -3.6955 81.5307 0
4 16 -3.6955 80 -1.5307 -2.8284 80 -2.8284 -2.6131 81.5307 -2.6131 -3.4142 81.5307 -1.4142
4 16 -2.8284 80 -2.8284 -1.5307 80 -3.6955 -1.4142 81.5307 -3.4142 -2.6131 81.5307 -2.6131
4 16 -1.5307 80 -3.6955 0 80 -4 0 81.5307 -3.6955 -1.4142 81.5307 -3.4142
4 16 0 80 -4 1.5307 80 -3.6955 1.4142 81.5307 -3.4142 0 81.5307 -3.6955
4 16 1.5307 80 -3.6955 2.8284 80 -2.8284 2.6131 81.5307 -2.6131 1.4142 81.5307 -3.4142
4 16 2.8284 80 -2.8284 3.6955 80 -1.5307 3.4142 81.5307 -1.4142 2.6131 81.5307 -2.6131
4 16 3.6955 80 -1.5307 4 80 0 3.6955 81.5307 0 3.4142 81.5307 -1.4142
4 16 3.6955 81.5307 0 3.4142 81.5307 1.4142 2.6131 82.8284 1.0824 2.8284 82.8284 0
4 16 3.4142 81.5307 1.4142 2.6131 81.5307 2.6131 2 82.8284 2 2.6131 82.8284 1.0824
4 16 2.6131 81.5307 2.6131 1.4142 81.5307 3.4142 1.0824 82.8284 2.6131 2 82.8284 2
4 16 1.4142 81.5307 3.4142 0 81.5307 3.6955 0 82.8284 2.8284 1.0824 82.8284 2.6131
4 16 0 81.5307 3.6955 -1.4142 81.5307 3.4142 -1.0824 82.8284 2.6131 0 82.8284 2.8284
4 16 -1.4142 81.5307 3.4142 -2.6131 81.5307 2.6131 -2 82.8284 2 -1.0824 82.8284 2.6131
4 16 -2.6131 81.5307 2.6131 -3.4142 81.5307 1.4142 -2.6131 82.8284 1.0824 -2 82.8284 2
4 16 -3.4142 81.5307 1.4142 -3.6955 81.5307 0 -2.8284 82.8284 0 -2.6131 82.8284 1.0824
4 16 -3.6955 81.5307 0 -3.4142 81.5307 -1.4142 -2.6131 82.8284 -1.0824 -2.8284 82.8284 0
4 16 -3.4142 81.5307 -1.4142 -2.6131 81.5307 -2.6131 -2 82.8284 -2 -2.6131 82.8284 -1.0824
4 16 -2.6131 81.5307 -2.6131 -1.4142 81.5307 -3.4142 -1.0824 82.8284 -2.6131 -2 82.8284 -2
4 16 -1.4142 81.5307 -3.4142 0 81.5307 -3.6955 0 82.8284 -2.8284 -1.0824 82.8284 -2.6131
4 16 0 81.5307 -3.6955 1.4142 81.5307 -3.4142 1.0824 82.8284 -2.6131 0 82.8284 -2.8284
4 16 1.4142 81.5307 -3.4142 2.6131 81.5307 -2.6131 2 82.8284 -2 1.0824 82.8284 -2.6131
4 16 2.6131 81.5307 -2.6131 3.4142 81.5307 -1.4142 2.6131 82.8284 -1.0824 2 82.8284 -2
4 16 3.4142 81.5307 -1.4142 3.6955 81.5307 0 2.8284 82.8284 0 2.6131 82.8284 -1.0824
4 16 2.8284 82.8284 0 2.6131 82.8284 1.0824 1.4142 83.6955 .5858 1.5307 83.6955 0
4 16 2.6131 82.8284 1.0824 2 82.8284 2 1.0824 83.6955 1.0824 1.4142 83.6955 .5858
4 16 2 82.8284 2 1.0824 82.8284 2.6131 .5858 83.6955 1.4142 1.0824 83.6955 1.0824
4 16 1.0824 82.8284 2.6131 0 82.8284 2.8284 0 83.6955 1.5307 .5858 83.6955 1.4142
4 16 0 82.8284 2.8284 -1.0824 82.8284 2.6131 -.5858 83.6955 1.4142 0 83.6955 1.5307
4 16 -1.0824 82.8284 2.6131 -2 82.8284 2 -1.0824 83.6955 1.0824 -.5858 83.6955 1.4142
4 16 -2 82.8284 2 -2.6131 82.8284 1.0824 -1.4142 83.6955 .5858 -1.0824 83.6955 1.0824
4 16 -2.6131 82.8284 1.0824 -2.8284 82.8284 0 -1.5307 83.6955 0 -1.4142 83.6955 .5858
4 16 -2.8284 82.8284 0 -2.6131 82.8284 -1.0824 -1.4142 83.6955 -.5858 -1.5307 83.6955 0
4 16 -2.6131 82.8284 -1.0824 -2 82.8284 -2 -1.0824 83.6955 -1.0824 -1.4142 83.6955 -.5858
4 16 -2 82.8284 -2 -1.0824 82.8284 -2.6131 -.5858 83.6955 -1.4142 -1.0824 83.6955 -1.0824
4 16 -1.0824 82.8284 -2.6131 0 82.8284 -2.8284 0 83.6955 -1.5307 -.5858 83.6955 -1.4142
4 16 0 82.8284 -2.8284 1.0824 82.8284 -2.6131 .5858 83.6955 -1.4142 0 83.6955 -1.5307
4 16 1.0824 82.8284 -2.6131 2 82.8284 -2 1.0824 83.6955 -1.0824 .5858 83.6955 -1.4142
4 16 2 82.8284 -2 2.6131 82.8284 -1.0824 1.4142 83.6955 -.5858 1.0824 83.6955 -1.0824
4 16 2.6131 82.8284 -1.0824 2.8284 82.8284 0 1.5307 83.6955 0 1.4142 83.6955 -.5858
3 16 1.5307 83.6955 0 1.4142 83.6955 .5858 0 84 0
3 16 1.4142 83.6955 .5858 1.0824 83.6955 1.0824 0 84 0
3 16 1.0824 83.6955 1.0824 .5858 83.6955 1.4142 0 84 0
3 16 .5858 83.6955 1.4142 0 83.6955 1.5307 0 84 0
3 16 0 83.6955 1.5307 -.5858 83.6955 1.4142 0 84 0
3 16 -.5858 83.6955 1.4142 -1.0824 83.6955 1.0824 0 84 0
3 16 -1.0824 83.6955 1.0824 -1.4142 83.6955 .5858 0 84 0
3 16 -1.4142 83.6955 .5858 -1.5307 83.6955 0 0 84 0
3 16 -1.5307 83.6955 0 -1.4142 83.6955 -.5858 0 84 0
3 16 -1.4142 83.6955 -.5858 -1.0824 83.6955 -1.0824 0 84 0
3 16 -1.0824 83.6955 -1.0824 -.5858 83.6955 -1.4142 0 84 0
3 16 -.5858 83.6955 -1.4142 0 83.6955 -1.5307 0 84 0
3 16 0 83.6955 -1.5307 .5858 83.6955 -1.4142 0 84 0
3 16 .5858 83.6955 -1.4142 1.0824 83.6955 -1.0824 0 84 0
3 16 1.0824 83.6955 -1.0824 1.4142 83.6955 -.5858 0 84 0
3 16 1.4142 83.6955 -.5858 1.5307 83.6955 0 0 84 0
0
4 16 10 130 0 9.8079 131.9509 0 9.6108 131.9117 .75 9.799 130 .75
4 16 9.8079 131.9509 0 9.2388 133.8268 0 9.0531 133.7499 .75 9.6108 131.9117 .75
4 16 9.2388 133.8268 0 8.3147 135.5557 0 8.1476 135.4441 .75 9.0531 133.7499 .75
4 16 8.3147 135.5557 0 7.0711 137.0711 0 6.929 136.929 .75 8.1476 135.4441 .75
4 16 7.0711 137.0711 0 5.5557 138.3147 0 5.4441 138.1476 .75 6.929 136.929 .75
4 16 5.5557 138.3147 0 3.8268 139.2388 0 3.7499 139.0531 .75 5.4441 138.1476 .75
4 16 3.8268 139.2388 0 1.9509 139.8079 0 1.9117 139.6108 .75 3.7499 139.0531 .75
4 16 1.9509 139.8079 0 0 140 0 0 139.799 .75 1.9117 139.6108 .75
4 16 0 140 0 -1.9509 139.8079 0 -1.9117 139.6108 .75 0 139.799 .75
4 16 -1.9509 139.8079 0 -3.8268 139.2388 0 -3.7499 139.0531 .75 -1.9117 139.6108 .75
4 16 -3.8268 139.2388 0 -5.5557 138.3147 0 -5.4441 138.1476 .75 -3.7499 139.0531 .75
4 16 -5.5557 138.3147 0 -7.0711 137.0711 0 -6.929 136.929 .75 -5.4441 138.1476 .75
4 16 -7.0711 137.0711 0 -8.3147 135.5557 0 -8.1476 135.4441 .75 -6.929 136.929 .75
4 16 -8.3147 135.5557 0 -9.2388 133.8268 0 -9.0531 133.7499 .75 -8.1476 135.4441 .75
4 16 -9.2388 133.8268 0 -9.8079 131.9509 0 -9.6108 131.9117 .75 -9.0531 133.7499 .75
4 16 -9.8079 131.9509 0 -10 130 0 -9.799 130 .75 -9.6108 131.9117 .75
4 16 9.799 130 .75 9.6108 131.9117 .75 9.0723 131.8046 1.299 9.25 130 1.299
4 16 9.6108 131.9117 .75 9.0531 133.7499 .75 8.5459 133.5398 1.299 9.0723 131.8046 1.299
4 16 9.0531 133.7499 .75 8.1476 135.4441 .75 7.6911 135.139 1.299 8.5459 133.5398 1.299
4 16 8.1476 135.4441 .75 6.929 136.929 .75 6.5407 136.5407 1.299 7.6911 135.139 1.299
4 16 6.929 136.929 .75 5.4441 138.1476 .75 5.139 137.6911 1.299 6.5407 136.5407 1.299
4 16 5.4441 138.1476 .75 3.7499 139.0531 .75 3.5398 138.5459 1.299 5.139 137.6911 1.299
4 16 3.7499 139.0531 .75 1.9117 139.6108 .75 1.8046 139.0723 1.299 3.5398 138.5459 1.299
4 16 1.9117 139.6108 .75 0 139.799 .75 0 139.25 1.299 1.8046 139.0723 1.299
4 16 0 139.799 .75 -1.9117 139.6108 .75 -1.8046 139.0723 1.299 0 139.25 1.299
4 16 -1.9117 139.6108 .75 -3.7499 139.0531 .75 -3.5398 138.5459 1.299 -1.8046 139.0723 1.299
4 16 -3.7499 139.0531 .75 -5.4441 138.1476 .75 -5.139 137.6911 1.299 -3.5398 138.5459 1.299
4 16 -5.4441 138.1476 .75 -6.929 136.929 .75 -6.5407 136.5407 1.299 -5.139 137.6911 1.299
4 16 -6.929 136.929 .75 -8.1476 135.4441 .75 -7.6911 135.139 1.299 -6.5407 136.5407 1.299
4 16 -8.1476 135.4441 .75 -9.0531 133.7499 .75 -8.5459 133.5398 1.299 -7.6911 135.139 1.299
4 16 -9.0531 133.7499 .75 -9.6108 131.9117 .75 -9.0723 131.8046 1.299 -8.5459 133.5398 1.299
4 16 -9.6108 131.9117 .75 -9.799 130 .75 -9.25 130 1.299 -9.0723 131.8046 1.299
4 16 9.25 130 1.299 9.0723 131.8046 1.299 8.3367 131.6583 1.5 8.5 130 1.5
4 16 9.0723 131.8046 1.299 8.5459 133.5398 1.299 7.853 133.2528 1.5 8.3367 131.6583 1.5
4 16 8.5459 133.5398 1.299 7.6911 135.139 1.299 7.0675 134.7223 1.5 7.853 133.2528 1.5
4 16 7.6911 135.139 1.299 6.5407 136.5407 1.299 6.0104 136.0104 1.5 7.0675 134.7223 1.5
4 16 6.5407 136.5407 1.299 5.139 137.6911 1.299 4.7223 137.0675 1.5 6.0104 136.0104 1.5
4 16 5.139 137.6911 1.299 3.5398 138.5459 1.299 3.2528 137.853 1.5 4.7223 137.0675 1.5
4 16 3.5398 138.5459 1.299 1.8046 139.0723 1.299 1.6583 138.3367 1.5 3.2528 137.853 1.5
4 16 1.8046 139.0723 1.299 0 139.25 1.299 0 138.5 1.5 1.6583 138.3367 1.5
4 16 0 139.25 1.299 -1.8046 139.0723 1.299 -1.6583 138.3367 1.5 0 138.5 1.5
4 16 -1.8046 139.0723 1.299 -3.5398 138.5459 1.299 -3.2528 137.853 1.5 -1.6583 138.3367 1.5
4 16 -3.5398 138.5459 1.299 -5.139 137.6911 1.299 -4.7223 137.0675 1.5 -3.2528 137.853 1.5
4 16 -5.139 137.6911 1.299 -6.5407 136.5407 1.299 -6.0104 136.0104 1.5 -4.7223 137.0675 1.5
4 16 -6.5407 136.5407 1.299 -7.6911 135.139 1.299 -7.0675 134.7223 1.5 -6.0104 136.0104 1.5
4 16 -7.6911 135.139 1.299 -8.5459 133.5398 1.299 -7.853 133.2528 1.5 -7.0675 134.7223 1.5
4 16 -8.5459 133.5398 1.299 -9.0723 131.8046 1.299 -8.3367 131.6583 1.5 -7.853 133.2528 1.5
4 16 -9.0723 131.8046 1.299 -9.25 130 1.299 -8.5 130 1.5 -8.3367 131.6583 1.5
0
4 16 10 130 0 9.8079 131.9509 0 9.6108 131.9117 -.75 9.799 130 -.75
4 16 9.8079 131.9509 0 9.2388 133.8268 0 9.0531 133.7499 -.75 9.6108 131.9117 -.75
4 16 9.2388 133.8268 0 8.3147 135.5557 0 8.1476 135.4441 -.75 9.0531 133.7499 -.75
4 16 8.3147 135.5557 0 7.0711 137.0711 0 6.929 136.929 -.75 8.1476 135.4441 -.75
4 16 7.0711 137.0711 0 5.5557 138.3147 0 5.4441 138.1476 -.75 6.929 136.929 -.75
4 16 5.5557 138.3147 0 3.8268 139.2388 0 3.7499 139.0531 -.75 5.4441 138.1476 -.75
4 16 3.8268 139.2388 0 1.9509 139.8079 0 1.9117 139.6108 -.75 3.7499 139.0531 -.75
4 16 1.9509 139.8079 0 0 140 0 0 139.799 -.75 1.9117 139.6108 -.75
4 16 0 140 0 -1.9509 139.8079 0 -1.9117 139.6108 -.75 0 139.799 -.75
4 16 -1.9509 139.8079 0 -3.8268 139.2388 0 -3.7499 139.0531 -.75 -1.9117 139.6108 -.75
4 16 -3.8268 139.2388 0 -5.5557 138.3147 0 -5.4441 138.1476 -.75 -3.7499 139.0531 -.75
4 16 -5.5557 138.3147 0 -7.0711 137.0711 0 -6.929 136.929 -.75 -5.4441 138.1476 -.75
4 16 -7.0711 137.0711 0 -8.3147 135.5557 0 -8.1476 135.4441 -.75 -6.929 136.929 -.75
4 16 -8.3147 135.5557 0 -9.2388 133.8268 0 -9.0531 133.7499 -.75 -8.1476 135.4441 -.75
4 16 -9.2388 133.8268 0 -9.8079 131.9509 0 -9.6108 131.9117 -.75 -9.0531 133.7499 -.75
4 16 -9.8079 131.9509 0 -10 130 0 -9.799 130 -.75 -9.6108 131.9117 -.75
4 16 9.799 130 -.75 9.6108 131.9117 -.75 9.0723 131.8046 -1.299 9.25 130 -1.299
4 16 9.6108 131.9117 -.75 9.0531 133.7499 -.75 8.5459 133.5398 -1.299 9.0723 131.8046 -1.299
4 16 9.0531 133.7499 -.75 8.1476 135.4441 -.75 7.6911 135.139 -1.299 8.5459 133.5398 -1.299
4 16 8.1476 135.4441 -.75 6.929 136.929 -.75 6.5407 136.5407 -1.299 7.6911 135.139 -1.299
4 16 6.929 136.929 -.75 5.4441 138.1476 -.75 5.139 137.6911 -1.299 6.5407 136.5407 -1.299
4 16 5.4441 138.1476 -.75 3.7499 139.0531 -.75 3.5398 138.5459 -1.299 5.139 137.6911 -1.299
4 16 3.7499 139.0531 -.75 1.9117 139.6108 -.75 1.8046 139.0723 -1.299 3.5398 138.5459 -1.299
4 16 1.9117 139.6108 -.75 0 139.799 -.75 0 139.25 -1.299 1.8046 139.0723 -1.299
4 16 0 139.799 -.75 -1.9117 139.6108 -.75 -1.8046 139.0723 -1.299 0 139.25 -1.299
4 16 -1.9117 139.6108 -.75 -3.7499 139.0531 -.75 -3.5398 138.5459 -1.299 -1.8046 139.0723 -1.299
4 16 -3.7499 139.0531 -.75 -5.4441 138.1476 -.75 -5.139 137.6911 -1.299 -3.5398 138.5459 -1.299
4 16 -5.4441 138.1476 -.75 -6.929 136.929 -.75 -6.5407 136.5407 -1.299 -5.139 137.6911 -1.299
4 16 -6.929 136.929 -.75 -8.1476 135.4441 -.75 -7.6911 135.139 -1.299 -6.5407 136.5407 -1.299
4 16 -8.1476 135.4441 -.75 -9.0531 133.7499 -.75 -8.5459 133.5398 -1.299 -7.6911 135.139 -1.299
4 16 -9.0531 133.7499 -.75 -9.6108 131.9117 -.75 -9.0723 131.8046 -1.299 -8.5459 133.5398 -1.299
4 16 -9.6108 131.9117 -.75 -9.799 130 -.75 -9.25 130 -1.299 -9.0723 131.8046 -1.299
4 16 9.25 130 -1.299 9.0723 131.8046 -1.299 8.3367 131.6583 -1.5 8.5 130 -1.5
4 16 9.0723 131.8046 -1.299 8.5459 133.5398 -1.299 7.853 133.2528 -1.5 8.3367 131.6583 -1.5
4 16 8.5459 133.5398 -1.299 7.6911 135.139 -1.299 7.0675 134.7223 -1.5 7.853 133.2528 -1.5
4 16 7.6911 135.139 -1.299 6.5407 136.5407 -1.299 6.0104 136.0104 -1.5 7.0675 134.7223 -1.5
4 16 6.5407 136.5407 -1.299 5.139 137.6911 -1.299 4.7223 137.0675 -1.5 6.0104 136.0104 -1.5
4 16 5.139 137.6911 -1.299 3.5398 138.5459 -1.299 3.2528 137.853 -1.5 4.7223 137.0675 -1.5
4 16 3.5398 138.5459 -1.299 1.8046 139.0723 -1.299 1.6583 138.3367 -1.5 3.2528 137.853 -1.5
4 16 1.8046 139.0723 -1.299 0 139.25 -1.299 0 138.5 -1.5 1.6583 138.3367 -1.5
4 16 0 139.25 -1.299 -1.8046 139.0723 -1.299 -1.6583 138.3367 -1.5 0 138.5 -1.5
4 16 -1.8046 139.0723 -1.299 -3.5398 138.5459 -1.299 -3.2528 137.853 -1.5 -1.6583 138.3367 -1.5
4 16 -3.5398 138.5459 -1.299 -5.139 137.6911 -1.299 -4.7223 137.0675 -1.5 -3.2528 137.853 -1.5
4 16 -5.139 137.6911 -1.299 -6.5407 136.5407 -1.299 -6.0104 136.0104 -1.5 -4.7223 137.0675 -1.5
4 16 -6.5407 136.5407 -1.299 -7.6911 135.139 -1.299 -7.0675 134.7223 -1.5 -6.0104 136.0104 -1.5
4 16 -7.6911 135.139 -1.299 -8.5459 133.5398 -1.299 -7.853 133.2528 -1.5 -7.0675 134.7223 -1.5
4 16 -8.5459 133.5398 -1.299 -9.0723 131.8046 -1.299 -8.3367 131.6583 -1.5 -7.853 133.2528 -1.5
4 16 -9.0723 131.8046 -1.299 -9.25 130 -1.299 -8.5 130 -1.5 -8.3367 131.6583 -1.5
0
4 16 10 130 0 9.8079 119.27 0 9.6108 119.4857 .75 9.799 130 .75
4 16 9.8079 119.27 0 9.2388 108.9524 0 9.0531 109.3754 .75 9.6108 119.4857 .75
4 16 9.2388 108.9524 0 8.3147 99.4436 0 8.1476 100.0577 .75 9.0531 109.3754 .75
4 16 8.3147 99.4436 0 7.0711 91.1091 0 6.929 91.8907 .75 8.1476 100.0577 .75
4 16 7.0711 91.1091 0 5.5557 84.2692 0 5.4441 85.1882 .75 6.929 91.8907 .75
4 16 5.5557 84.2692 0 3.8268 79.1866 0 3.7499 80.2078 .75 5.4441 85.1882 .75
4 16 3.8268 79.1866 0 1.9509 76.0568 0 1.9117 77.1409 .75 3.7499 80.2078 .75
4 16 1.9509 76.0568 0 0 75 0 0 76.1053 .75 1.9117 77.1409 .75
4 16 0 75 0 -1.9509 76.0568 0 -1.9117 77.1409 .75 0 76.1053 .75
4 16 -1.9509 76.0568 0 -3.8268 79.1866 0 -3.7499 80.2078 .75 -1.9117 77.1409 .75
4 16 -3.8268 79.1866 0 -5.5557 84.2692 0 -5.4441 85.1882 .75 -3.7499 80.2078 .75
4 16 -5.5557 84.2692 0 -7.0711 91.1091 0 -6.929 91.8907 .75 -5.4441 85.1882 .75
4 16 -7.0711 91.1091 0 -8.3147 99.4436 0 -8.1476 100.0577 .75 -6.929 91.8907 .75
4 16 -8.3147 99.4436 0 -9.2388 108.9524 0 -9.0531 109.3754 .75 -8.1476 100.0577 .75
4 16 -9.2388 108.9524 0 -9.8079 119.27 0 -9.6108 119.4857 .75 -9.0531 109.3754 .75
4 16 -9.8079 119.27 0 -10 130 0 -9.799 130 .75 -9.6108 119.4857 .75
4 16 9.799 130 .75 9.6108 119.4857 .75 9.0723 120.0748 1.299 9.25 130 1.299
4 16 9.6108 119.4857 .75 9.0531 109.3754 .75 8.5459 110.531 1.299 9.0723 120.0748 1.299
4 16 9.0531 109.3754 .75 8.1476 100.0577 .75 7.6911 101.7354 1.299 8.5459 110.531 1.299
4 16 8.1476 100.0577 .75 6.929 91.8907 .75 6.5407 94.0259 1.299 7.6911 101.7354 1.299
4 16 6.929 91.8907 .75 5.4441 85.1882 .75 5.139 87.699 1.299 6.5407 94.0259 1.299
4 16 5.4441 85.1882 .75 3.7499 80.2078 .75 3.5398 82.9976 1.299 5.139 87.699 1.299
4 16 3.7499 80.2078 .75 1.9117 77.1409 .75 1.8046 80.1025 1.299 3.5398 82.9976 1.299
4 16 1.9117 77.1409 .75 0 76.1053 .75 0 79.125 1.299 1.8046 80.1025 1.299
4 16 0 76.1053 .75 -1.9117 77.1409 .75 -1.8046 80.1025 1.299 0 79.125 1.299
4 16 -1.9117 77.1409 .75 -3.7499 80.2078 .75 -3.5398 82.9976 1.299 -1.8046 80.1025 1.299
4 16 -3.7499 80.2078 .75 -5.4441 85.1882 .75 -5.139 87.699 1.299 -3.5398 82.9976 1.299
4 16 -5.4441 85.1882 .75 -6.929 91.8907 .75 -6.5407 94.0259 1.299 -5.139 87.699 1.299
4 16 -6.929 91.8907 .75 -8.1476 100.0577 .75 -7.6911 101.7354 1.299 -6.5407 94.0259 1.299
4 16 -8.1476 100.0577 .75 -9.0531 109.3754 .75 -8.5459 110.531 1.299 -7.6911 101.7354 1.299
4 16 -9.0531 109.3754 .75 -9.6108 119.4857 .75 -9.0723 120.0748 1.299 -8.5459 110.531 1.299
4 16 -9.6108 119.4857 .75 -9.799 130 .75 -9.25 130 1.299 -9.0723 120.0748 1.299
4 16 9.25 130 1.299 9.0723 120.0748 1.299 8.3367 120.8795 1.5 8.5 130 1.5
4 16 9.0723 120.0748 1.299 8.5459 110.531 1.299 7.853 112.1095 1.5 8.3367 120.8795 1.5
4 16 8.5459 110.531 1.299 7.6911 101.7354 1.299 7.0675 104.0271 1.5 7.853 112.1095 1.5
4 16 7.6911 101.7354 1.299 6.5407 94.0259 1.299 6.0104 96.9428 1.5 7.0675 104.0271 1.5
4 16 6.5407 94.0259 1.299 5.139 87.699 1.299 4.7223 91.1288 1.5 6.0104 96.9428 1.5
4 16 5.139 87.699 1.299 3.5398 82.9976 1.299 3.2528 86.8086 1.5 4.7223 91.1288 1.5
4 16 3.5398 82.9976 1.299 1.8046 80.1025 1.299 1.6583 84.1483 1.5 3.2528 86.8086 1.5
4 16 1.8046 80.1025 1.299 0 79.125 1.299 0 83.25 1.5 1.6583 84.1483 1.5
4 16 0 79.125 1.299 -1.8046 80.1025 1.299 -1.6583 84.1483 1.5 0 83.25 1.5
4 16 -1.8046 80.1025 1.299 -3.5398 82.9976 1.299 -3.2528 86.8086 1.5 -1.6583 84.1483 1.5
4 16 -3.5398 82.9976 1.299 -5.139 87.699 1.299 -4.7223 91.1288 1.5 -3.2528 86.8086 1.5
4 16 -5.139 87.699 1.299 -6.5407 94.0259 1.299 -6.0104 96.9428 1.5 -4.7223 91.1288 1.5
4 16 -6.5407 94.0259 1.299 -7.6911 101.7354 1.299 -7.0675 104.0271 1.5 -6.0104 96.9428 1.5
4 16 -7.6911 101.7354 1.299 -8.5459 110.531 1.299 -7.853 112.1095 1.5 -7.0675 104.0271 1.5
4 16 -8.5459 110.531 1.299 -9.0723 120.0748 1.299 -8.3367 120.8795 1.5 -7.853 112.1095 1.5
4 16 -9.0723 120.0748 1.299 -9.25 130 1.299 -8.5 130 1.5 -8.3367 120.8795 1.5
0
4 16 10 130 0 9.8079 119.27 0 9.6108 119.4857 -.75 9.799 130 -.75
4 16 9.8079 119.27 0 9.2388 108.9524 0 9.0531 109.3754 -.75 9.6108 119.4857 -.75
4 16 9.2388 108.9524 0 8.3147 99.4436 0 8.1476 100.0577 -.75 9.0531 109.3754 -.75
4 16 8.3147 99.4436 0 7.0711 91.1091 0 6.929 91.8907 -.75 8.1476 100.0577 -.75
4 16 7.0711 91.1091 0 5.5557 84.2692 0 5.4441 85.1882 -.75 6.929 91.8907 -.75
4 16 5.5557 84.2692 0 3.8268 79.1866 0 3.7499 80.2078 -.75 5.4441 85.1882 -.75
4 16 3.8268 79.1866 0 1.9509 76.0568 0 1.9117 77.1409 -.75 3.7499 80.2078 -.75
4 16 1.9509 76.0568 0 0 75 0 0 76.1053 -.75 1.9117 77.1409 -.75
4 16 0 75 0 -1.9509 76.0568 0 -1.9117 77.1409 -.75 0 76.1053 -.75
4 16 -1.9509 76.0568 0 -3.8268 79.1866 0 -3.7499 80.2078 -.75 -1.9117 77.1409 -.75
4 16 -3.8268 79.1866 0 -5.5557 84.2692 0 -5.4441 85.1882 -.75 -3.7499 80.2078 -.75
4 16 -5.5557 84.2692 0 -7.0711 91.1091 0 -6.929 91.8907 -.75 -5.4441 85.1882 -.75
4 16 -7.0711 91.1091 0 -8.3147 99.4436 0 -8.1476 100.0577 -.75 -6.929 91.8907 -.75
4 16 -8.3147 99.4436 0 -9.2388 108.9524 0 -9.0531 109.3754 -.75 -8.1476 100.0577 -.75
4 16 -9.2388 108.9524 0 -9.8079 119.27 0 -9.6108 119.4857 -.75 -9.0531 109.3754 -.75
4 16 -9.8079 119.27 0 -10 130 0 -9.799 130 -.75 -9.6108 119.4857 -.75
4 16 9.799 130 -.75 9.6108 119.4857 -.75 9.0723 120.0748 -1.299 9.25 130 -1.299
4 16 9.6108 119.4857 -.75 9.0531 109.3754 -.75 8.5459 110.531 -1.299 9.0723 120.0748 -1.299
4 16 9.0531 109.3754 -.75 8.1476 100.0577 -.75 7.6911 101.7354 -1.299 8.5459 110.531 -1.299
4 16 8.1476 100.0577 -.75 6.929 91.8907 -.75 6.5407 94.0259 -1.299 7.6911 101.7354 -1.299
4 16 6.929 91.8907 -.75 5.4441 85.1882 -.75 5.139 87.699 -1.299 6.5407 94.0259 -1.299
4 16 5.4441 85.1882 -.75 3.7499 80.2078 -.75 3.5398 82.9976 -1.299 5.139 87.699 -1.299
4 16 3.7499 80.2078 -.75 1.9117 77.1409 -.75 1.8046 80.1025 -1.299 3.5398 82.9976 -1.299
4 16 1.9117 77.1409 -.75 0 76.1053 -.75 0 79.125 -1.299 1.8046 80.1025 -1.299
4 16 0 76.1053 -.75 -1.9117 77.1409 -.75 -1.8046 80.1025 -1.299 0 79.125 -1.299
4 16 -1.9117 77.1409 -.75 -3.7499 80.2078 -.75 -3.5398 82.9976 -1.299 -1.8046 80.1025 -1.299
4 16 -3.7499 80.2078 -.75 -5.4441 85.1882 -.75 -5.139 87.699 -1.299 -3.5398 82.9976 -1.299
4 16 -5.4441 85.1882 -.75 -6.929 91.8907 -.75 -6.5407 94.0259 -1.299 -5.139 87.699 -1.299
4 16 -6.929 91.8907 -.75 -8.1476 100.0577 -.75 -7.6911 101.7354 -1.299 -6.5407 94.0259 -1.299
4 16 -8.1476 100.0577 -.75 -9.0531 109.3754 -.75 -8.5459 110.531 -1.299 -7.6911 101.7354 -1.299
4 16 -9.0531 109.3754 -.75 -9.6108 119.4857 -.75 -9.0723 120.0748 -1.299 -8.5459 110.531 -1.299
4 16 -9.6108 119.4857 -.75 -9.799 130 -.75 -9.25 130 -1.299 -9.0723 120.0748 -1.299
4 16 9.25 130 -1.299 9.0723 120.0748 -1.299 8.3367 120.8795 -1.5 8.5 130 -1.5
4 16 9.0723 120.0748 -1.299 8.5459 110.531 -1.299 7.853 112.1095 -1.5 8.3367 120.8795 -1.5
4 16 8.5459 110.531 -1.299 7.6911 101.7354 -1.299 7.0675 104.0271 -1.5 7.853 112.1095 -1.5
4 16 7.6911 101.7354 -1.299 6.5407 94.0259 -1.299 6.0104 96.9428 -1.5 7.0675 104.0271 -1.5
4 16 6.5407 94.0259 -1.299 5.139 87.699 -1.299 4.7223 91.1288 -1.5 6.0104 96.9428 -1.5
4 16 5.139 87.699 -1.299 3.5398 82.9976 -1.299 3.2528 86.8086 -1.5 4.7223 91.1288 -1.5
4 16 3.5398 82.9976 -1.299 1.8046 80.1025 -1.299 1.6583 84.1483 -1.5 3.2528 86.8086 -1.5
4 16 1.8046 80.1025 -1.299 0 79.125 -1.299 0 83.25 -1.5 1.6583 84.1483 -1.5
4 16 0 79.125 -1.299 -1.8046 80.1025 -1.299 -1.6583 84.1483 -1.5 0 83.25 -1.5
4 16 -1.8046 80.1025 -1.299 -3.5398 82.9976 -1.299 -3.2528 86.8086 -1.5 -1.6583 84.1483 -1.5
4 16 -3.5398 82.9976 -1.299 -5.139 87.699 -1.299 -4.7223 91.1288 -1.5 -3.2528 86.8086 -1.5
4 16 -5.139 87.699 -1.299 -6.5407 94.0259 -1.299 -6.0104 96.9428 -1.5 -4.7223 91.1288 -1.5
4 16 -6.5407 94.0259 -1.299 -7.6911 101.7354 -1.299 -7.0675 104.0271 -1.5 -6.0104 96.9428 -1.5
4 16 -7.6911 101.7354 -1.299 -8.5459 110.531 -1.299 -7.853 112.1095 -1.5 -7.0675 104.0271 -1.5
4 16 -8.5459 110.531 -1.299 -9.0723 120.0748 -1.299 -8.3367 120.8795 -1.5 -7.853 112.1095 -1.5
4 16 -9.0723 120.0748 -1.299 -9.25 130 -1.299 -8.5 130 -1.5 -8.3367 120.8795 -1.5
0
3 16 8.5 130 1.5 8.3367 131.6583 1.5 0 130 1.5
3 16 8.3367 131.6583 1.5 7.853 133.2528 1.5 0 130 1.5
3 16 7.853 133.2528 1.5 7.0675 134.7223 1.5 0 130 1.5
3 16 7.0675 134.7223 1.5 6.0104 136.0104 1.5 0 130 1.5
3 16 6.0104 136.0104 1.5 4.7223 137.0675 1.5 0 130 1.5
3 16 4.7223 137.0675 1.5 3.2528 137.853 1.5 0 130 1.5
3 16 3.2528 137.853 1.5 1.6583 138.3367 1.5 0 130 1.5
3 16 1.6583 138.3367 1.5 0 138.5 1.5 0 130 1.5
3 16 0 138.5 1.5 -1.6583 138.3367 1.5 0 130 1.5
3 16 -1.6583 138.3367 1.5 -3.2528 137.853 1.5 0 130 1.5
3 16 -3.2528 137.853 1.5 -4.7223 137.0675 1.5 0 130 1.5
3 16 -4.7223 137.0675 1.5 -6.0104 136.0104 1.5 0 130 1.5
3 16 -6.0104 136.0104 1.5 -7.0675 134.7223 1.5 0 130 1.5
3 16 -7.0675 134.7223 1.5 -7.853 133.2528 1.5 0 130 1.5
3 16 -7.853 133.2528 1.5 -8.3367 131.6583 1.5 0 130 1.5
3 16 -8.3367 131.6583 1.5 -8.5 130 1.5 0 130 1.5
0
3 16 8.5 130 -1.5 8.3367 131.6583 -1.5 0 130 -1.5
3 16 8.3367 131.6583 -1.5 7.853 133.2528 -1.5 0 130 -1.5
3 16 7.853 133.2528 -1.5 7.0675 134.7223 -1.5 0 130 -1.5
3 16 7.0675 134.7223 -1.5 6.0104 136.0104 -1.5 0 130 -1.5
3 16 6.0104 136.0104 -1.5 4.7223 137.0675 -1.5 0 130 -1.5
3 16 4.7223 137.0675 -1.5 3.2528 137.853 -1.5 0 130 -1.5
3 16 3.2528 137.853 -1.5 1.6583 138.3367 -1.5 0 130 -1.5
3 16 1.6583 138.3367 -1.5 0 138.5 -1.5 0 130 -1.5
3 16 0 138.5 -1.5 -1.6583 138.3367 -1.5 0 130 -1.5
3 16 -1.6583 138.3367 -1.5 -3.2528 137.853 -1.5 0 130 -1.5
3 16 -3.2528 137.853 -1.5 -4.7223 137.0675 -1.5 0 130 -1.5
3 16 -4.7223 137.0675 -1.5 -6.0104 136.0104 -1.5 0 130 -1.5
3 16 -6.0104 136.0104 -1.5 -7.0675 134.7223 -1.5 0 130 -1.5
3 16 -7.0675 134.7223 -1.5 -7.853 133.2528 -1.5 0 130 -1.5
3 16 -7.853 133.2528 -1.5 -8.3367 131.6583 -1.5 0 130 -1.5
3 16 -8.3367 131.6583 -1.5 -8.5 130 -1.5 0 130 -1.5
0
3 16 8.3367 120.8795 1.5 8.5 130 1.5 0 130 1.5
3 16 7.853 112.1095 1.5 8.3367 120.8795 1.5 0 130 1.5
3 16 7.0675 104.0271 1.5 7.853 112.1095 1.5 0 130 1.5
3 16 6.0104 96.9428 1.5 7.0675 104.0271 1.5 0 130 1.5
3 16 4.7223 91.1288 1.5 6.0104 96.9428 1.5 0 130 1.5
3 16 3.2528 86.8086 1.5 4.7223 91.1288 1.5 0 130 1.5
3 16 1.6583 84.1483 1.5 3.2528 86.8086 1.5 0 130 1.5
3 16 0 83.25 1.5 1.6583 84.1483 1.5 0 130 1.5
3 16 -1.6583 84.1483 1.5 0 83.25 1.5 0 130 1.5
3 16 -3.2528 86.8086 1.5 -1.6583 84.1483 1.5 0 130 1.5
3 16 -4.7223 91.1288 1.5 -3.2528 86.8086 1.5 0 130 1.5
3 16 -6.0104 96.9428 1.5 -4.7223 91.1288 1.5 0 130 1.5
3 16 -7.0675 104.0271 1.5 -6.0104 96.9428 1.5 0 130 1.5
3 16 -7.853 112.1095 1.5 -7.0675 104.0271 1.5 0 130 1.5
3 16 -8.3367 120.8795 1.5 -7.853 112.1095 1.5 0 130 1.5
3 16 -8.5 130 1.5 -8.3367 120.8795 1.5 0 130 1.5
0
3 16 8.3367 120.8795 -1.5 8.5 130 -1.5 0 130 -1.5
3 16 7.853 112.1095 -1.5 8.3367 120.8795 -1.5 0 130 -1.5
3 16 7.0675 104.0271 -1.5 7.853 112.1095 -1.5 0 130 -1.5
3 16 6.0104 96.9428 -1.5 7.0675 104.0271 -1.5 0 130 -1.5
3 16 4.7223 91.1288 -1.5 6.0104 96.9428 -1.5 0 130 -1.5
3 16 3.2528 86.8086 -1.5 4.7223 91.1288 -1.5 0 130 -1.5
3 16 1.6583 84.1483 -1.5 3.2528 86.8086 -1.5 0 130 -1.5
3 16 0 83.25 -1.5 1.6583 84.1483 -1.5 0 130 -1.5
3 16 -1.6583 84.1483 -1.5 0 83.25 -1.5 0 130 -1.5
3 16 -3.2528 86.8086 -1.5 -1.6583 84.1483 -1.5 0 130 -1.5
3 16 -4.7223 91.1288 -1.5 -3.2528 86.8086 -1.5 0 130 -1.5
3 16 -6.0104 96.9428 -1.5 -4.7223 91.1288 -1.5 0 130 -1.5
3 16 -7.0675 104.0271 -1.5 -6.0104 96.9428 -1.5 0 130 -1.5
3 16 -7.853 112.1095 -1.5 -7.0675 104.0271 -1.5 0 130 -1.5
3 16 -8.3367 120.8795 -1.5 -7.853 112.1095 -1.5 0 130 -1.5
3 16 -8.5 130 -1.5 -8.3367 120.8795 -1.5 0 130 -1.5
0
