0 Baseplate 32 x 32 Raised with Ramp (needs work)
0 Name: 2552.dat
0 Author: Jonathan Wilson
0 Official LCad Part 2000-01

1 16 300 0 300 1 0 0 0 1 0 0 0 1 stud.dat
1 16 280 0 300 1 0 0 0 1 0 0 0 1 stud.dat
1 16 260 0 300 1 0 0 0 1 0 0 0 1 stud.dat
1 16 240 0 300 1 0 0 0 1 0 0 0 1 stud.dat
1 16 220 0 300 1 0 0 0 1 0 0 0 1 stud.dat
1 16 200 0 300 1 0 0 0 1 0 0 0 1 stud.dat
1 16 180 0 300 1 0 0 0 1 0 0 0 1 stud.dat
1 16 160 0 300 1 0 0 0 1 0 0 0 1 stud.dat
1 16 140 0 300 1 0 0 0 1 0 0 0 1 stud.dat
1 16 120 0 300 1 0 0 0 1 0 0 0 1 stud.dat
1 16 100 0 300 1 0 0 0 1 0 0 0 1 stud.dat
1 16 80 0 300 1 0 0 0 1 0 0 0 1 stud.dat
1 16 60 0 300 1 0 0 0 1 0 0 0 1 stud.dat
1 16 40 0 300 1 0 0 0 1 0 0 0 1 stud.dat
1 16 20 0 300 1 0 0 0 1 0 0 0 1 stud.dat
1 16 0 0 300 1 0 0 0 1 0 0 0 1 stud.dat
1 16 -20 0 300 1 0 0 0 1 0 0 0 1 stud.dat
1 16 -40 0 300 1 0 0 0 1 0 0 0 1 stud.dat
1 16 -60 0 300 1 0 0 0 1 0 0 0 1 stud.dat
1 16 -80 0 300 1 0 0 0 1 0 0 0 1 stud.dat
1 16 -100 0 300 1 0 0 0 1 0 0 0 1 stud.dat
1 16 -120 0 300 1 0 0 0 1 0 0 0 1 stud.dat
1 16 -140 0 300 1 0 0 0 1 0 0 0 1 stud.dat
1 16 -160 0 300 1 0 0 0 1 0 0 0 1 stud.dat
1 16 -180 0 300 1 0 0 0 1 0 0 0 1 stud.dat
1 16 -200 0 300 1 0 0 0 1 0 0 0 1 stud.dat
1 16 -220 0 300 1 0 0 0 1 0 0 0 1 stud.dat
1 16 -240 0 300 1 0 0 0 1 0 0 0 1 stud.dat
1 16 -260 0 300 1 0 0 0 1 0 0 0 1 stud.dat
1 16 -280 0 300 1 0 0 0 1 0 0 0 1 stud.dat
1 16 -300 0 300 1 0 0 0 1 0 0 0 1 stud.dat
1 16 -320 0 300 1 0 0 0 1 0 0 0 1 stud.dat
1 16 300 0 -320 1 0 0 0 1 0 0 0 1 stud.dat
1 16 280 0 -320 1 0 0 0 1 0 0 0 1 stud.dat
1 16 260 0 -320 1 0 0 0 1 0 0 0 1 stud.dat
1 16 240 0 -320 1 0 0 0 1 0 0 0 1 stud.dat
1 16 220 0 -320 1 0 0 0 1 0 0 0 1 stud.dat
1 16 200 0 -320 1 0 0 0 1 0 0 0 1 stud.dat
1 16 180 0 -320 1 0 0 0 1 0 0 0 1 stud.dat
1 16 160 0 -320 1 0 0 0 1 0 0 0 1 stud.dat
1 16 140 0 -320 1 0 0 0 1 0 0 0 1 stud.dat
1 16 120 0 -320 1 0 0 0 1 0 0 0 1 stud.dat
1 16 100 0 -320 1 0 0 0 1 0 0 0 1 stud.dat
1 16 80 0 -320 1 0 0 0 1 0 0 0 1 stud.dat
1 16 60 0 -320 1 0 0 0 1 0 0 0 1 stud.dat
1 16 40 0 -320 1 0 0 0 1 0 0 0 1 stud.dat
1 16 20 0 -320 1 0 0 0 1 0 0 0 1 stud.dat
1 16 0 0 -320 1 0 0 0 1 0 0 0 1 stud.dat
1 16 -20 0 -320 1 0 0 0 1 0 0 0 1 stud.dat
1 16 -40 0 -320 1 0 0 0 1 0 0 0 1 stud.dat
1 16 -60 0 -320 1 0 0 0 1 0 0 0 1 stud.dat
1 16 -80 0 -320 1 0 0 0 1 0 0 0 1 stud.dat
1 16 -100 0 -320 1 0 0 0 1 0 0 0 1 stud.dat
1 16 -120 0 -320 1 0 0 0 1 0 0 0 1 stud.dat
1 16 -140 0 -320 1 0 0 0 1 0 0 0 1 stud.dat
1 16 -160 0 -320 1 0 0 0 1 0 0 0 1 stud.dat
1 16 -180 0 -320 1 0 0 0 1 0 0 0 1 stud.dat
1 16 -200 0 -320 1 0 0 0 1 0 0 0 1 stud.dat
1 16 -220 0 -320 1 0 0 0 1 0 0 0 1 stud.dat
1 16 -240 0 -320 1 0 0 0 1 0 0 0 1 stud.dat
1 16 -260 0 -320 1 0 0 0 1 0 0 0 1 stud.dat
1 16 -280 0 -320 1 0 0 0 1 0 0 0 1 stud.dat
1 16 -300 0 -320 1 0 0 0 1 0 0 0 1 stud.dat
1 16 -320 0 -320 1 0 0 0 1 0 0 0 1 stud.dat
1 16 -320 0 -280 1 0 0 0 1 0 0 0 1 stud.dat
1 16 -320 0 -300 1 0 0 0 1 0 0 0 1 stud.dat
1 16 -320 0 -260 1 0 0 0 1 0 0 0 1 stud.dat
1 16 -320 0 -240 1 0 0 0 1 0 0 0 1 stud.dat
1 16 -320 0 -220 1 0 0 0 1 0 0 0 1 stud.dat
1 16 -320 0 -200 1 0 0 0 1 0 0 0 1 stud.dat
1 16 -320 0 -180 1 0 0 0 1 0 0 0 1 stud.dat
1 16 -320 0 -160 1 0 0 0 1 0 0 0 1 stud.dat
1 16 -320 0 -140 1 0 0 0 1 0 0 0 1 stud.dat
1 16 -320 0 -120 1 0 0 0 1 0 0 0 1 stud.dat
1 16 -320 0 -100 1 0 0 0 1 0 0 0 1 stud.dat
1 16 -320 0 -80 1 0 0 0 1 0 0 0 1 stud.dat
1 16 -320 0 -60 1 0 0 0 1 0 0 0 1 stud.dat
1 16 -320 0 -40 1 0 0 0 1 0 0 0 1 stud.dat
1 16 -320 0 -20 1 0 0 0 1 0 0 0 1 stud.dat
1 16 -320 0 0 1 0 0 0 1 0 0 0 1 stud.dat
1 16 -320 0 20 1 0 0 0 1 0 0 0 1 stud.dat
1 16 -320 0 40 1 0 0 0 1 0 0 0 1 stud.dat
1 16 -320 0 60 1 0 0 0 1 0 0 0 1 stud.dat
1 16 -320 0 80 1 0 0 0 1 0 0 0 1 stud.dat
1 16 -320 0 100 1 0 0 0 1 0 0 0 1 stud.dat
1 16 -320 0 120 1 0 0 0 1 0 0 0 1 stud.dat
1 16 -320 0 140 1 0 0 0 1 0 0 0 1 stud.dat
1 16 -320 0 160 1 0 0 0 1 0 0 0 1 stud.dat
1 16 -320 0 180 1 0 0 0 1 0 0 0 1 stud.dat
1 16 -320 0 200 1 0 0 0 1 0 0 0 1 stud.dat
1 16 -320 0 220 1 0 0 0 1 0 0 0 1 stud.dat
1 16 -320 0 240 1 0 0 0 1 0 0 0 1 stud.dat
1 16 -320 0 260 1 0 0 0 1 0 0 0 1 stud.dat
1 16 -320 0 280 1 0 0 0 1 0 0 0 1 stud.dat
1 16 300 0 120 1 0 0 0 1 0 0 0 1 stud.dat
1 16 300 0 100 1 0 0 0 1 0 0 0 1 stud.dat
1 16 300 0 80 1 0 0 0 1 0 0 0 1 stud.dat
1 16 300 0 60 1 0 0 0 1 0 0 0 1 stud.dat
1 16 300 0 40 1 0 0 0 1 0 0 0 1 stud.dat
1 16 300 0 20 1 0 0 0 1 0 0 0 1 stud.dat
1 16 300 0 0 1 0 0 0 1 0 0 0 1 stud.dat
1 16 300 0 -20 1 0 0 0 1 0 0 0 1 stud.dat
1 16 300 0 -40 1 0 0 0 1 0 0 0 1 stud.dat
1 16 300 0 -60 1 0 0 0 1 0 0 0 1 stud.dat
1 16 300 0 -80 1 0 0 0 1 0 0 0 1 stud.dat
1 16 300 0 -100 1 0 0 0 1 0 0 0 1 stud.dat
1 16 300 0 -120 1 0 0 0 1 0 0 0 1 stud.dat
1 16 300 0 -140 1 0 0 0 1 0 0 0 1 stud.dat
1 16 300 0 140 1 0 0 0 1 0 0 0 1 stud.dat
1 16 300 0 160 1 0 0 0 1 0 0 0 1 stud.dat
1 16 300 0 180 1 0 0 0 1 0 0 0 1 stud.dat
1 16 300 0 200 1 0 0 0 1 0 0 0 1 stud.dat
1 16 300 0 220 1 0 0 0 1 0 0 0 1 stud.dat
1 16 300 0 240 1 0 0 0 1 0 0 0 1 stud.dat
1 16 300 0 260 1 0 0 0 1 0 0 0 1 stud.dat
1 16 300 0 280 1 0 0 0 1 0 0 0 1 stud.dat
1 16 200 -144 -40 1 0 0 0 1 0 0 0 1 stud.dat
1 16 180 -144 -40 1 0 0 0 1 0 0 0 1 stud.dat
1 16 220 -144 -40 1 0 0 0 1 0 0 0 1 stud.dat
1 16 200 -144 -20 1 0 0 0 1 0 0 0 1 stud.dat
1 16 180 -144 -20 1 0 0 0 1 0 0 0 1 stud.dat
1 16 220 -144 -20 1 0 0 0 1 0 0 0 1 stud.dat
1 16 200 -144 0 1 0 0 0 1 0 0 0 1 stud.dat
1 16 180 -144 0 1 0 0 0 1 0 0 0 1 stud.dat
1 16 220 -144 0 1 0 0 0 1 0 0 0 1 stud.dat
1 16 200 -144 20 1 0 0 0 1 0 0 0 1 stud.dat
1 16 180 -144 20 1 0 0 0 1 0 0 0 1 stud.dat
1 16 220 -144 20 1 0 0 0 1 0 0 0 1 stud.dat
1 16 200 -144 40 1 0 0 0 1 0 0 0 1 stud.dat
1 16 180 -144 40 1 0 0 0 1 0 0 0 1 stud.dat
1 16 220 -144 40 1 0 0 0 1 0 0 0 1 stud.dat
1 16 200 -144 60 1 0 0 0 1 0 0 0 1 stud.dat
1 16 180 -144 60 1 0 0 0 1 0 0 0 1 stud.dat
1 16 220 -144 60 1 0 0 0 1 0 0 0 1 stud.dat
1 16 200 -144 80 1 0 0 0 1 0 0 0 1 stud.dat
1 16 180 -144 80 1 0 0 0 1 0 0 0 1 stud.dat
1 16 220 -144 80 1 0 0 0 1 0 0 0 1 stud.dat
1 16 200 -144 100 1 0 0 0 1 0 0 0 1 stud.dat
1 16 180 -144 100 1 0 0 0 1 0 0 0 1 stud.dat
1 16 220 -144 100 1 0 0 0 1 0 0 0 1 stud.dat
1 16 200 -144 120 1 0 0 0 1 0 0 0 1 stud.dat
1 16 180 -144 120 1 0 0 0 1 0 0 0 1 stud.dat
1 16 220 -144 120 1 0 0 0 1 0 0 0 1 stud.dat
1 16 200 -144 140 1 0 0 0 1 0 0 0 1 stud.dat
1 16 180 -144 140 1 0 0 0 1 0 0 0 1 stud.dat
1 16 220 -144 140 1 0 0 0 1 0 0 0 1 stud.dat
1 16 200 -144 160 1 0 0 0 1 0 0 0 1 stud.dat
1 16 180 -144 160 1 0 0 0 1 0 0 0 1 stud.dat
1 16 220 -144 160 1 0 0 0 1 0 0 0 1 stud.dat
1 16 200 -144 180 1 0 0 0 1 0 0 0 1 stud.dat
1 16 180 -144 180 1 0 0 0 1 0 0 0 1 stud.dat
1 16 220 -144 180 1 0 0 0 1 0 0 0 1 stud.dat
1 16 180 -144 200 1 0 0 0 1 0 0 0 1 stud.dat
1 16 180 -144 220 1 0 0 0 1 0 0 0 1 stud.dat
1 16 160 -144 200 1 0 0 0 1 0 0 0 1 stud.dat
1 16 160 -144 180 1 0 0 0 1 0 0 0 1 stud.dat
1 16 160 -144 220 1 0 0 0 1 0 0 0 1 stud.dat
1 16 140 -144 200 1 0 0 0 1 0 0 0 1 stud.dat
1 16 140 -144 180 1 0 0 0 1 0 0 0 1 stud.dat
1 16 140 -144 220 1 0 0 0 1 0 0 0 1 stud.dat
1 16 120 -144 200 1 0 0 0 1 0 0 0 1 stud.dat
1 16 120 -144 180 1 0 0 0 1 0 0 0 1 stud.dat
1 16 120 -144 220 1 0 0 0 1 0 0 0 1 stud.dat
1 16 100 -144 200 1 0 0 0 1 0 0 0 1 stud.dat
1 16 100 -144 180 1 0 0 0 1 0 0 0 1 stud.dat
1 16 100 -144 220 1 0 0 0 1 0 0 0 1 stud.dat
1 16 80 -144 200 1 0 0 0 1 0 0 0 1 stud.dat
1 16 80 -144 180 1 0 0 0 1 0 0 0 1 stud.dat
1 16 80 -144 220 1 0 0 0 1 0 0 0 1 stud.dat
1 16 60 -144 200 1 0 0 0 1 0 0 0 1 stud.dat
1 16 60 -144 180 1 0 0 0 1 0 0 0 1 stud.dat
1 16 60 -144 220 1 0 0 0 1 0 0 0 1 stud.dat
1 16 40 -144 200 1 0 0 0 1 0 0 0 1 stud.dat
1 16 40 -144 180 1 0 0 0 1 0 0 0 1 stud.dat
1 16 40 -144 220 1 0 0 0 1 0 0 0 1 stud.dat
1 16 20 -144 200 1 0 0 0 1 0 0 0 1 stud.dat
1 16 20 -144 180 1 0 0 0 1 0 0 0 1 stud.dat
1 16 20 -144 220 1 0 0 0 1 0 0 0 1 stud.dat
1 16 0 -144 200 1 0 0 0 1 0 0 0 1 stud.dat
1 16 0 -144 180 1 0 0 0 1 0 0 0 1 stud.dat
1 16 0 -144 220 1 0 0 0 1 0 0 0 1 stud.dat
1 16 -20 -144 200 1 0 0 0 1 0 0 0 1 stud.dat
1 16 -20 -144 180 1 0 0 0 1 0 0 0 1 stud.dat
1 16 -20 -144 220 1 0 0 0 1 0 0 0 1 stud.dat
1 16 -40 -144 200 1 0 0 0 1 0 0 0 1 stud.dat
1 16 -40 -144 180 1 0 0 0 1 0 0 0 1 stud.dat
1 16 -40 -144 220 1 0 0 0 1 0 0 0 1 stud.dat
1 16 -60 -144 200 1 0 0 0 1 0 0 0 1 stud.dat
1 16 -60 -144 180 1 0 0 0 1 0 0 0 1 stud.dat
1 16 -60 -144 220 1 0 0 0 1 0 0 0 1 stud.dat
1 16 -80 -144 200 1 0 0 0 1 0 0 0 1 stud.dat
1 16 -80 -144 180 1 0 0 0 1 0 0 0 1 stud.dat
1 16 -80 -144 220 1 0 0 0 1 0 0 0 1 stud.dat
1 16 -100 -144 200 1 0 0 0 1 0 0 0 1 stud.dat
1 16 -100 -144 180 1 0 0 0 1 0 0 0 1 stud.dat
1 16 -100 -144 220 1 0 0 0 1 0 0 0 1 stud.dat
1 16 -120 -144 200 1 0 0 0 1 0 0 0 1 stud.dat
1 16 -120 -144 180 1 0 0 0 1 0 0 0 1 stud.dat
1 16 -120 -144 220 1 0 0 0 1 0 0 0 1 stud.dat
1 16 -140 -144 200 1 0 0 0 1 0 0 0 1 stud.dat
1 16 -140 -144 180 1 0 0 0 1 0 0 0 1 stud.dat
1 16 -140 -144 220 1 0 0 0 1 0 0 0 1 stud.dat
1 16 -160 -144 200 1 0 0 0 1 0 0 0 1 stud.dat
1 16 -160 -144 180 1 0 0 0 1 0 0 0 1 stud.dat
1 16 -160 -144 220 1 0 0 0 1 0 0 0 1 stud.dat
1 16 -180 -144 200 1 0 0 0 1 0 0 0 1 stud.dat
1 16 -180 -144 180 1 0 0 0 1 0 0 0 1 stud.dat
1 16 -180 -144 220 1 0 0 0 1 0 0 0 1 stud.dat
1 16 -200 -144 200 1 0 0 0 1 0 0 0 1 stud.dat
1 16 -200 -144 180 1 0 0 0 1 0 0 0 1 stud.dat
1 16 -200 -144 220 1 0 0 0 1 0 0 0 1 stud.dat
1 16 -220 -144 180 1 0 0 0 1 0 0 0 1 stud.dat
1 16 -240 -144 180 1 0 0 0 1 0 0 0 1 stud.dat
1 16 -220 -144 160 1 0 0 0 1 0 0 0 1 stud.dat
1 16 -240 -144 160 1 0 0 0 1 0 0 0 1 stud.dat
1 16 -200 -144 160 1 0 0 0 1 0 0 0 1 stud.dat
1 16 -220 -144 140 1 0 0 0 1 0 0 0 1 stud.dat
1 16 -240 -144 140 1 0 0 0 1 0 0 0 1 stud.dat
1 16 -200 -144 140 1 0 0 0 1 0 0 0 1 stud.dat
1 16 -220 -144 120 1 0 0 0 1 0 0 0 1 stud.dat
1 16 -240 -144 120 1 0 0 0 1 0 0 0 1 stud.dat
1 16 -200 -144 120 1 0 0 0 1 0 0 0 1 stud.dat
1 16 -220 -144 100 1 0 0 0 1 0 0 0 1 stud.dat
1 16 -240 -144 100 1 0 0 0 1 0 0 0 1 stud.dat
1 16 -200 -144 100 1 0 0 0 1 0 0 0 1 stud.dat
1 16 -220 -144 80 1 0 0 0 1 0 0 0 1 stud.dat
1 16 -240 -144 80 1 0 0 0 1 0 0 0 1 stud.dat
1 16 -200 -144 80 1 0 0 0 1 0 0 0 1 stud.dat
1 16 -220 -144 60 1 0 0 0 1 0 0 0 1 stud.dat
1 16 -240 -144 60 1 0 0 0 1 0 0 0 1 stud.dat
1 16 -200 -144 60 1 0 0 0 1 0 0 0 1 stud.dat
1 16 -220 -144 40 1 0 0 0 1 0 0 0 1 stud.dat
1 16 -240 -144 40 1 0 0 0 1 0 0 0 1 stud.dat
1 16 -200 -144 40 1 0 0 0 1 0 0 0 1 stud.dat
1 16 -220 -144 20 1 0 0 0 1 0 0 0 1 stud.dat
1 16 -240 -144 20 1 0 0 0 1 0 0 0 1 stud.dat
1 16 -200 -144 20 1 0 0 0 1 0 0 0 1 stud.dat
1 16 -220 -144 0 1 0 0 0 1 0 0 0 1 stud.dat
1 16 -240 -144 0 1 0 0 0 1 0 0 0 1 stud.dat
1 16 -200 -144 0 1 0 0 0 1 0 0 0 1 stud.dat
1 16 -220 -144 -20 1 0 0 0 1 0 0 0 1 stud.dat
1 16 -240 -144 -20 1 0 0 0 1 0 0 0 1 stud.dat
1 16 -200 -144 -20 1 0 0 0 1 0 0 0 1 stud.dat
1 16 -220 -144 -40 1 0 0 0 1 0 0 0 1 stud.dat
1 16 -240 -144 -40 1 0 0 0 1 0 0 0 1 stud.dat
1 16 -200 -144 -40 1 0 0 0 1 0 0 0 1 stud.dat
1 16 -220 -144 -60 1 0 0 0 1 0 0 0 1 stud.dat
1 16 -240 -144 -60 1 0 0 0 1 0 0 0 1 stud.dat
1 16 -200 -144 -60 1 0 0 0 1 0 0 0 1 stud.dat
1 16 -220 -144 -80 1 0 0 0 1 0 0 0 1 stud.dat
1 16 -240 -144 -80 1 0 0 0 1 0 0 0 1 stud.dat
1 16 -200 -144 -80 1 0 0 0 1 0 0 0 1 stud.dat
1 16 -160 -144 -80 1 0 0 0 1 0 0 0 1 stud.dat
1 16 -180 -144 -80 1 0 0 0 1 0 0 0 1 stud.dat
1 16 -140 -144 -80 1 0 0 0 1 0 0 0 1 stud.dat
1 16 -100 -144 -80 1 0 0 0 1 0 0 0 1 stud.dat
1 16 -120 -144 -80 1 0 0 0 1 0 0 0 1 stud.dat
1 16 -80 -144 -80 1 0 0 0 1 0 0 0 1 stud.dat
1 16 -40 -144 -80 1 0 0 0 1 0 0 0 1 stud.dat
1 16 -60 -144 -80 1 0 0 0 1 0 0 0 1 stud.dat
1 16 -20 -144 -80 1 0 0 0 1 0 0 0 1 stud.dat
1 16 -20 -144 -60 1 0 0 0 1 0 0 0 1 stud.dat
1 16 -20 -144 -40 1 0 0 0 1 0 0 0 1 stud.dat
1 16 0 -144 -60 1 0 0 0 1 0 0 0 1 stud.dat
1 16 0 -144 -80 1 0 0 0 1 0 0 0 1 stud.dat
1 16 0 -144 -40 1 0 0 0 1 0 0 0 1 stud.dat
1 16 20 -144 -60 1 0 0 0 1 0 0 0 1 stud.dat
1 16 20 -144 -80 1 0 0 0 1 0 0 0 1 stud.dat
1 16 20 -144 -40 1 0 0 0 1 0 0 0 1 stud.dat
1 16 40 -144 -60 1 0 0 0 1 0 0 0 1 stud.dat
1 16 40 -144 -80 1 0 0 0 1 0 0 0 1 stud.dat
1 16 40 -144 -40 1 0 0 0 1 0 0 0 1 stud.dat
1 16 60 -144 -60 1 0 0 0 1 0 0 0 1 stud.dat
1 16 60 -144 -80 1 0 0 0 1 0 0 0 1 stud.dat
1 16 60 -144 -40 1 0 0 0 1 0 0 0 1 stud.dat
1 16 80 -144 -60 1 0 0 0 1 0 0 0 1 stud.dat
1 16 80 -144 -80 1 0 0 0 1 0 0 0 1 stud.dat
1 16 80 -144 -40 1 0 0 0 1 0 0 0 1 stud.dat
1 16 100 -144 -60 1 0 0 0 1 0 0 0 1 stud.dat
1 16 100 -144 -80 1 0 0 0 1 0 0 0 1 stud.dat
1 16 100 -144 -40 1 0 0 0 1 0 0 0 1 stud.dat
1 16 120 -144 -60 1 0 0 0 1 0 0 0 1 stud.dat
1 16 120 -144 -80 1 0 0 0 1 0 0 0 1 stud.dat
1 16 120 -144 -40 1 0 0 0 1 0 0 0 1 stud.dat
1 16 140 -144 -60 1 0 0 0 1 0 0 0 1 stud.dat
1 16 140 -144 -80 1 0 0 0 1 0 0 0 1 stud.dat
1 16 140 -144 -40 1 0 0 0 1 0 0 0 1 stud.dat
1 16 160 -144 -60 1 0 0 0 1 0 0 0 1 stud.dat
1 16 160 -144 -80 1 0 0 0 1 0 0 0 1 stud.dat
1 16 160 -144 -40 1 0 0 0 1 0 0 0 1 stud.dat
1 16 180 -144 -80 1 0 0 0 1 0 0 0 1 stud.dat
1 16 180 -144 -60 1 0 0 0 1 0 0 0 1 stud.dat
1 16 -240 -144 -120 1 0 0 0 1 0 0 0 1 stud.dat
1 16 -240 -144 -140 1 0 0 0 1 0 0 0 1 stud.dat
1 16 -240 -144 -100 1 0 0 0 1 0 0 0 1 stud.dat
1 16 -240 -144 -180 1 0 0 0 1 0 0 0 1 stud.dat
1 16 -240 -144 -200 1 0 0 0 1 0 0 0 1 stud.dat
1 16 -240 -144 -160 1 0 0 0 1 0 0 0 1 stud.dat
1 16 -100 -144 -100 1 0 0 0 1 0 0 0 1 stud.dat
1 16 100 0 60 1 0 0 0 1 0 0 0 1 stud.dat
1 16 100 0 80 1 0 0 0 1 0 0 0 1 stud.dat
1 16 80 0 80 1 0 0 0 1 0 0 0 1 stud.dat
1 16 80 0 60 1 0 0 0 1 0 0 0 1 stud.dat
1 16 60 0 60 1 0 0 0 1 0 0 0 1 stud.dat
1 16 60 0 80 1 0 0 0 1 0 0 0 1 stud.dat
1 16 40 0 80 1 0 0 0 1 0 0 0 1 stud.dat
1 16 40 0 60 1 0 0 0 1 0 0 0 1 stud.dat
1 16 20 0 60 1 0 0 0 1 0 0 0 1 stud.dat
1 16 20 0 80 1 0 0 0 1 0 0 0 1 stud.dat
1 16 0 0 80 1 0 0 0 1 0 0 0 1 stud.dat
1 16 0 0 60 1 0 0 0 1 0 0 0 1 stud.dat
1 16 -20 0 60 1 0 0 0 1 0 0 0 1 stud.dat
1 16 -20 0 80 1 0 0 0 1 0 0 0 1 stud.dat
1 16 -40 0 80 1 0 0 0 1 0 0 0 1 stud.dat
1 16 -40 0 60 1 0 0 0 1 0 0 0 1 stud.dat
1 16 -60 0 60 1 0 0 0 1 0 0 0 1 stud.dat
1 16 -60 0 80 1 0 0 0 1 0 0 0 1 stud.dat
1 16 -80 0 80 1 0 0 0 1 0 0 0 1 stud.dat
1 16 -80 0 60 1 0 0 0 1 0 0 0 1 stud.dat
1 16 -100 0 20 1 0 0 0 1 0 0 0 1 stud.dat
1 16 -100 0 40 1 0 0 0 1 0 0 0 1 stud.dat
1 16 -100 0 60 1 0 0 0 1 0 0 0 1 stud.dat
1 16 -100 0 80 1 0 0 0 1 0 0 0 1 stud.dat
1 16 -120 0 80 1 0 0 0 1 0 0 0 1 stud.dat
1 16 -120 0 60 1 0 0 0 1 0 0 0 1 stud.dat
1 16 -120 0 40 1 0 0 0 1 0 0 0 1 stud.dat
1 16 -120 0 20 1 0 0 0 1 0 0 0 1 stud.dat
1 16 -120 0 0 1 0 0 0 1 0 0 0 1 stud.dat
1 16 -100 0 0 1 0 0 0 1 0 0 0 1 stud.dat
1 16 240 -72 220 1 0 0 0 1 0 0 0 1 stud.dat
1 16 220 -72 220 1 0 0 0 1 0 0 0 1 stud.dat
1 16 240 -72 240 1 0 0 0 1 0 0 0 1 stud.dat
1 16 220 -72 240 1 0 0 0 1 0 0 0 1 stud.dat
1 16 -240 -72 240 1 0 0 0 1 0 0 0 1 stud.dat
1 16 -260 -72 240 1 0 0 0 1 0 0 0 1 stud.dat
1 16 -240 -72 220 1 0 0 0 1 0 0 0 1 stud.dat
1 16 -260 -72 220 1 0 0 0 1 0 0 0 1 stud.dat
1 16 240 -72 -100 1 0 0 0 1 0 0 0 1 stud.dat
1 16 220 -72 -100 1 0 0 0 1 0 0 0 1 stud.dat
1 16 240 -72 -80 1 0 0 0 1 0 0 0 1 stud.dat
1 16 220 -72 -80 1 0 0 0 1 0 0 0 1 stud.dat
1 16 -240 -72 -240 1 0 0 0 1 0 0 0 1 stud.dat
1 16 -260 -72 -240 1 0 0 0 1 0 0 0 1 stud.dat
1 16 -240 -72 -260 1 0 0 0 1 0 0 0 1 stud.dat
1 16 -260 -72 -260 1 0 0 0 1 0 0 0 1 stud.dat
1 16 -180 -144 -240 1 0 0 0 1 0 0 0 1 stud.dat
1 16 -200 -144 -240 1 0 0 0 1 0 0 0 1 stud.dat
1 16 -140 -144 -240 1 0 0 0 1 0 0 0 1 stud.dat
1 16 -160 -144 -240 1 0 0 0 1 0 0 0 1 stud.dat
1 16 -100 -144 -240 1 0 0 0 1 0 0 0 1 stud.dat
1 16 -120 -144 -240 1 0 0 0 1 0 0 0 1 stud.dat
1 16 -100 -144 -220 1 0 0 0 1 0 0 0 1 stud.dat
3 16 -90 0 -310 -90 -144 -270 290 0 -310
4 16 -170 -136 -50 -190 -136 -70 -190 -136 170 -170 -136 150
4 16 -170 -136 150 -190 -136 170 170 -136 170 150 -136 150
4 16 -190 -136 -70 -190 -136 170 -190 -144 170 -190 -144 -70
4 16 -190 -144 -270 -200 -144 -110 -90 -144 -110 -90 -144 -270
4 16 -190 -144 -70 -200 -144 -110 -30 -144 -110 -30 -144 -70
4 16 -190 -144 -70 -30 -144 -70 -30 -136 -70 -190 -136 -70
4 16 -190 -144 150 -190 -144 200 -270 -144 200 -270 -144 150
4 16 -200 -144 170 -190 -136 170 170 -136 170 170 -144 170
4 16 -220 -144 -220 -220 -144 -270 -170 -144 -270 -170 -144 -210
4 16 -270 -144 200 -270 -144 -220 -310 0 -230 -310 0 210
4 16 -290 -72 -226 -230 -72 -230 -220 -144 -220 -270 -144 -220
4 16 -290 -72 -290 -290 -72 -226 -310 0 -230 -310 0 -310
4 16 -290 -72 270 -290 -72 206 -310 0 210 -310 0 290
4 16 -30 -136 -70 -30 -136 -30 -30 -144 -30 -30 -144 -70
4 16 -30 -144 -30 -30 -136 -30 170 -136 -30 170 -144 -30
4 16 -310 0 -310 -230 0 -310 -226 -72 -290 -290 -72 -290
4 16 -310 0 290 -230 0 290 -226 -72 270 -290 -72 270
4 16 -50 -136 -10 -30 -136 -30 -30 -136 -70 -50 -136 -50
4 16 -50 -136 -50 -30 -136 -70 -190 -136 -70 -170 -136 -50
4 16 -90 -144 -110 200 -144 -110 210 -72 -130 180 -40 -140
4 16 -90 -144 -270 -220 -144 -270 -230 0 -310 -90 0 -310
4 16 150 -136 -10 170 -136 -30 -30 -136 -30 -50 -136 -10
4 16 150 -136 150 170 -136 170 170 -136 -30 150 -136 -10
4 16 150 -144 170 150 -144 250 -220 -144 250 -220 -144 170
4 16 150 -144 170 200 -144 170 200 -144 250 150 -144 250
4 16 170 -144 -30 170 -136 -30 170 -136 170 170 -144 170
4 16 200 -144 -110 200 -144 -30 -30 -144 -30 -30 -144 -110
4 16 210 0 290 -230 0 290 -220 -144 250 200 -144 250
4 16 250 -144 -60 170 -144 -60 170 -144 200 250 -144 200
4 16 250 -144 -60 290 0 -70 290 0 210 250 -144 200
4 16 270 -72 -130 270 -72 -66 290 0 -70 290 0 -150
4 16 270 -72 206 270 -72 270 290 0 290 290 0 210
4 16 290 0 -150 270 -72 -130 210 -72 -130 180 -40 -140
4 16 290 0 -150 290 0 -310 -90 -144 -270 -90 -144 -110
4 16 290 0 290 210 0 290 206 -72 270 270 -72 270
4 16 -130 0 110 110 0 110 110 0 30 -130 0 30
4 16 -130 0 -10 -90 0 -10 -90 0 30 -130 0 30
4 16 150 -136 150 110 0 110 150 -136 -10 110 0 30
4 16 -50 -136 -10 -90 0 30 150 -136 -10 110 0 30
4 16 -50 -136 -50 -90 0 -10 -50 -136 -10 -90 0 30
4 16 -170 -136 150 -130 0 110 150 -136 150 110 0 110
4 16 -170 -136 -50 -130 0 -10 -50 -136 -50 -90 0 -10
4 16 -170 -136 -50 -130 0 -10 -170 -136 150 -130 0 110
4 16 -220 -144 -220 -220 -144 -270 -226 -72 -290 -230 -72 -230
4 16 -220 -144 200 -270 -144 200 -290 -72 206 -230 -72 210
4 16 -230 -72 -230 -290 -72 -226 -226 -72 -290 -290 -72 -290
4 16 -230 -72 210 -226 -72 270 -220 -144 250 -220 -144 200
4 16 -230 -72 210 -226 -72 270 -290 -72 206 -290 -72 270
4 16 -270 -144 150 -190 -144 150 -270 -144 -220 -190 -144 -220
4 16 200 -144 200 250 -144 200 270 -72 206 210 -72 210
4 16 210 -72 -70 210 -72 -130 200 -144 -110 200 -144 -60
4 16 210 -72 -70 270 -72 -66 210 -72 -130 270 -72 -130
4 16 210 -72 -70 270 -72 -66 250 -144 -60 200 -144 -60
4 16 206 -72 270 210 -72 210 200 -144 200 200 -144 250
4 16 270 -72 206 270 -72 270 206 -72 270 210 -72 210
1 16 305 4 305 4 0 0 0 0 0 0 0 4 1-4edge.dat
2 24 305 4 310 -325 4 310
1 16 -325 4 305 -4 0 0 0 0 0 0 0 4 1-4edge.dat
2 24 -330 4 305 -330 4 -325
1 16 -325 4 -325 -4 0 0 0 0 0 0 0 -4 1-4edge.dat
2 24 -325 4 -330 305 4 -330
1 16 305 4 -325 4 0 0 0 0 0 0 0 -4 1-4edge.dat
2 24 310 4 -325 310 4 305
1 16 305 0 305 4 0 0 0 0 0 0 0 4 1-4edge.dat
2 24 305 0 310 -325 0 310
1 16 -325 0 305 -4 0 0 0 0 0 0 0 4 1-4edge.dat
2 24 -330 0 305 -330 0 -325
1 16 -325 0 -325 -4 0 0 0 0 0 0 0 -4 1-4edge.dat
2 24 -325 0 -330 305 0 -330
1 16 305 0 -325 4 0 0 0 0 0 0 0 -4 1-4edge.dat
2 24 310 0 -325 310 0 305
1 16 305 4 305 4 0 0 0 0 0 0 0 4 1-4disc.dat
4 16 305 4 305 305 4 310 -325 4 310 -325 4 305
1 16 -325 4 305 -4 0 0 0 0 0 0 0 4 1-4disc.dat
4 16 -325 4 305 -330 4 305 -330 4 -325 -325 4 -325
1 16 -325 4 -325 -4 0 0 0 0 0 0 0 -4 1-4disc.dat
4 16 -325 4 -325 -325 4 -330 305 4 -330 305 4 -325
1 16 305 4 -325 4 0 0 0 0 0 0 0 -4 1-4disc.dat
4 16 305 4 -325 310 4 -325 310 4 305 305 4 305
1 16 305 0 305 4 0 0 0 0 0 0 0 4 1-4disc.dat
4 16 305 0 305 305 0 310 -325 0 310 -325 0 305
1 16 -325 0 305 -4 0 0 0 0 0 0 0 4 1-4disc.dat
4 16 -325 0 305 -330 0 305 -330 0 -325 -325 0 -325
1 16 -325 0 -325 -4 0 0 0 0 0 0 0 -4 1-4disc.dat
4 16 -325 0 -325 -325 0 -330 305 0 -330 305 0 -325
1 16 305 0 -325 4 0 0 0 0 0 0 0 -4 1-4disc.dat
4 16 305 0 -325 310 0 -325 310 0 305 305 0 305
1 16 305 0 305 4 0 0 0 4 0 0 0 4 1-4cyli.dat
4 16 305 4 310 305 0 310 -325 0 310 -325 4 310
1 16 -325 0 305 -4 0 0 0 4 0 0 0 4 1-4cyli.dat
4 16 -330 4 305 -330 0 305 -330 0 -325 -330 4 -325
1 16 -325 0 -325 -4 0 0 0 4 0 0 0 -4 1-4cyli.dat
4 16 -325 4 -330 -325 0 -330 305 0 -330 305 4 -330
1 16 305 0 -325 4 0 0 0 4 0 0 0 -4 1-4cyli.dat
4 16 -310 0 -310 -325 0 -325 305 0 -325 290 0 -310
4 16 290 0 -310 305 0 -325 305 0 305 290 0 290
4 16 290 0 290 305 0 305 -325 0 305 -310 0 290
4 16 -310 0 290 -325 0 305 -325 0 -325 -310 0 -310
4 16 -310 4 -310 -325 4 -325 305 4 -325 290 4 -310
4 16 290 4 -310 305 4 -325 305 4 305 290 4 290
4 16 290 4 290 305 4 305 -325 4 305 -310 4 290
4 16 -310 4 290 -325 4 305 -325 4 -325 -310 4 -310
2 24 -170 -136 -50 -170 -136 150
2 24 -170 -136 -50 -50 -136 -50
2 24 -170 -136 150 150 -136 150
2 24 -190 -136 -70 -190 -136 170
2 24 -190 -136 -70 -190 -144 -70
2 24 -190 -136 170 -190 -144 170
2 24 -190 -136 170 170 -136 170
2 24 -190 -144 -70 -190 -144 -70
2 24 -190 -144 -70 -30 -144 -70
2 24 -190 -144 170 -190 -136 170
2 24 -190 -144 170 -190 -144 -70
2 24 -190 -144 170 170 -144 170
2 24 -220 -144 -220 -220 -144 -270
2 24 -220 -144 -220 -220 -144 -270
2 24 -220 -144 -220 -270 -144 -220
2 24 -220 -144 -220 -270 -144 -220
2 24 -220 -144 -270 -170 -144 -270
2 24 -220 -144 -270 -226 -72 -290
2 24 -220 -144 200 -230 -72 210
2 24 -220 -144 200 -270 -144 200
2 24 -220 -144 200 -270 -144 200
2 24 -220 -144 250 -220 -144 200
2 24 -220 -144 250 -220 -144 200
2 24 -220 -144 250 200 -144 250
2 24 -230 -72 -230 -220 -144 -220
2 24 -230 -72 -230 -220 -144 -220
2 24 -230 -72 -230 -290 -72 -226
2 24 -226 -72 -290 -230 -72 -230
2 24 -226 -72 -290 -230 -72 -230
2 24 -226 -72 -290 -290 -72 -290
2 24 -230 -72 210 -220 -144 200
2 24 -226 -72 270 -220 -144 250
2 24 -226 -72 270 -230 -72 210
2 24 -226 -72 270 -290 -72 270
2 24 -226 -72 270 -290 -72 270
2 24 -230 0 -310 -90 0 -310
2 24 -226 -72 270 -220 -144 250
2 24 -270 -144 -220 -270 -144 150
2 24 -270 -144 -220 -290 -72 -226
2 24 -270 -144 -220 -290 -72 -226
2 24 -270 -144 200 -270 -144 -220
2 24 -270 -144 200 -270 -144 150
2 24 -270 -144 200 -290 -72 206
2 24 -290 -72 -226 -230 -72 -230
2 24 -290 -72 -226 -290 -72 -290
2 24 -290 -72 -290 -226 -72 -290
2 24 -290 -72 -290 -290 -72 -226
2 24 -290 -72 -290 -310 0 -310
2 24 -290 -72 206 -230 -72 210
2 24 -290 -72 206 -230 -72 210
2 24 -290 -72 270 -290 -72 206
2 24 -290 -72 270 -290 -72 206
2 24 -290 -72 270 -310 0 290
2 24 -30 -136 -30 170 -136 -30
2 24 -30 -136 -70 -190 -136 -70
2 24 -30 -136 -70 -30 -136 -30
2 24 -30 -144 -30 -30 -136 -30
2 24 -30 -144 -30 -30 -144 -70
2 24 -30 -144 -30 -30 -144 -70
2 24 -30 -144 -70 -190 -144 -70
2 24 -30 -144 -70 -30 -136 -70
2 24 -30 -144 -70 -30 -136 -70
2 24 -310 0 -230 -310 0 -310
2 24 -310 0 -230 -310 0 210
2 24 -310 0 -310 -230 0 -310
2 24 -310 0 -310 -290 -72 -290
2 24 -290 -72 206 -270 -144 200
2 24 -310 0 210 -310 0 290
2 24 -310 0 290 -230 0 290
2 24 -310 0 290 -290 -72 270
2 24 -50 -136 -50 -50 -136 -10
2 24 -90 -144 -110 290 0 -150
2 24 -90 -144 -130 -90 -144 -270
2 24 -90 -144 -270 -190 -144 -270
2 24 -90 -144 -270 -220 -144 -270
2 24 -90 -144 -270 -90 -144 -110
2 24 -90 -144 -270 290 0 -310
2 24 150 -136 150 150 -136 -10
2 24 150 -136 -10 -50 -136 -10
2 24 150 -144 250 -220 -144 250
2 24 170 -136 -30 170 -136 170
2 24 170 -136 -30 170 -144 -30
2 24 170 -136 170 170 -144 170
2 24 170 -136 170 170 -144 170
2 24 170 -144 -30 -30 -144 -30
2 24 170 -144 -30 -30 -144 -30
2 24 170 -144 -30 170 -136 -30
2 24 170 -144 -30 170 -144 170
2 24 170 -144 170 -190 -144 170
2 24 170 -144 170 170 -144 -30
2 24 200 -144 -110 -90 -144 -110
2 24 200 -144 -110 200 -144 -60
2 24 200 -144 -110 210 -72 -130
2 24 200 -144 -60 210 -72 -66
2 24 200 -144 -60 250 -144 -60
2 24 200 -144 200 200 -144 250
2 24 200 -144 200 200 -144 250
2 24 200 -144 200 250 -144 200
2 24 200 -144 200 250 -144 200
2 24 200 -144 250 150 -144 250
2 24 200 -144 250 206 -72 270
2 24 200 -144 250 206 -72 270
2 24 210 -72 -130 210 -72 -66
2 24 210 -72 -70 270 -72 -66
2 24 210 -72 -70 270 -72 -66
2 24 210 -72 210 200 -144 200
2 24 210 -72 210 200 -144 200
2 24 210 -72 210 270 -72 206
2 24 206 -72 270 210 -72 210
2 24 206 -72 270 210 -72 210
2 24 206 -72 270 270 -72 270
2 24 210 0 290 -230 0 290
2 24 250 -144 -60 200 -144 -60
2 24 250 -144 -60 270 -72 -66
2 24 250 -144 200 250 -144 -60
2 24 250 -144 200 250 -144 -60
2 24 250 -144 200 270 -72 206
2 24 270 -72 -130 210 -72 -130
2 24 270 -72 -130 270 -72 -66
2 24 270 -72 -66 250 -144 -60
2 24 270 -72 -66 270 -72 -130
2 24 270 -72 206 210 -72 210
2 24 270 -72 206 270 -72 270
2 24 270 -72 206 270 -72 270
2 24 270 -72 270 206 -72 270
2 24 270 -72 270 290 0 290
2 24 270 -72 270 290 0 290
2 24 290 0 -150 270 -72 -130
2 24 290 0 -150 290 0 -310
2 24 290 0 -310 -90 -144 -270
2 24 290 0 -310 -90 0 -310
2 24 290 0 -70 290 0 -150
2 24 290 0 -70 290 0 210
2 24 270 -72 206 250 -144 200
2 24 290 0 210 290 0 290
2 24 290 0 290 210 0 290
2 24 -170 -136 -50 -170 -136 150
2 24 -170 -136 -50 -50 -136 -50
2 24 -170 -136 150 150 -136 150
2 24 -50 -136 -50 -50 -136 -10
2 24 150 -136 150 150 -136 -10
2 24 150 -136 -10 -50 -136 -10
2 24 -130 0 -10 -130 0 110
2 24 -130 0 -10 -90 0 -10
2 24 -130 0 110 110 0 110
2 24 -90 0 -10 -90 0 30
2 24 110 0 110 110 0 30
2 24 110 0 30 -90 0 30
2 24 -170 -136 -50 -130 0 -10
2 24 -170 -136 150 -130 0 110
2 24 -50 -136 -50 -90 0 -10
2 24 150 -136 150 110 0 110
2 24 -50 -136 -10 -90 0 30
2 24 150 -136 -10 110 0 30
3 16 -90 4 -310 -86 -140 -266 290 4 -310
4 16 -196 -140 -266 -196 -140 -106 -86 -140 -106 -86 -140 -266
4 16 -196 -140 -74 -196 -140 -106 -26 -140 -106 -26 -140 -74
4 16 -194 -140 146 -194 -140 196 -266 -140 196 -266 -140 146
4 16 -216 -140 -216 -216 -140 -266 -166 -140 -266 -166 -140 -206
4 16 -266 -140 196 -266 -140 -216 -310 4 -230 -310 4 210
4 16 -286 -68 -222 -226 -68 -226 -216 -140 -216 -266 -140 -216
4 16 -286 -68 -286 -286 -68 -222 -310 4 -230 -310 4 -310
4 16 -286 -68 266 -286 -68 202 -310 4 210 -310 4 290
4 16 -310 4 -310 -230 4 -310 -222 -68 -286 -286 -68 -286
4 16 -310 4 290 -230 4 290 -222 -68 266 -286 -68 266
4 16 -86 -140 -106 196 -140 -106 206 -68 -126 176 -36 -136
4 16 -86 -140 -266 -216 -140 -266 -230 4 -310 -90 4 -310
4 16 146 -140 174 146 -140 246 -216 -140 246 -216 -140 174
4 16 146 -140 174 196 -140 174 196 -140 246 146 -140 246
4 16 196 -140 -106 196 -140 -34 -34 -140 -34 -34 -140 -106
4 16 210 4 290 -230 4 290 -216 -140 246 196 -140 246
4 16 246 -140 -56 174 -140 -56 174 -140 196 246 -140 196
4 16 246 -140 -56 290 4 -70 290 4 210 246 -140 196
4 16 266 -68 -126 266 -68 -62 290 4 -70 290 4 -150
4 16 266 -68 202 266 -68 266 290 4 290 290 4 210
4 16 290 4 -150 266 -68 -126 206 -68 -126 176 -36 -136
4 16 290 4 -150 290 4 -310 -86 -140 -266 -86 -140 -106
4 16 290 4 290 210 4 290 202 -68 266 266 -68 266
4 16 -130 4 110 110 4 110 110 4 30 -130 4 30
4 16 -130 4 -10 -86 4 -10 -86 4 30 -130 4 30
4 16 -216 -140 -216 -216 -140 -266 -222 -68 -286 -226 -68 -226
4 16 -216 -140 196 -266 -140 196 -286 -68 202 -226 -68 206
4 16 -226 -68 -226 -286 -68 -222 -222 -68 -286 -286 -68 -286
4 16 -226 -68 206 -222 -68 266 -216 -140 246 -216 -140 196
4 16 -226 -68 206 -222 -68 266 -286 -68 202 -286 -68 266
4 16 -266 -140 146 -194 -140 146 -266 -140 -216 -194 -140 -216
4 16 196 -140 196 246 -140 196 266 -68 202 206 -68 206
4 16 206 -68 -66 206 -68 -126 196 -140 -106 196 -140 -56
4 16 206 -68 -66 266 -68 -62 206 -68 -126 266 -68 -126
4 16 206 -68 -66 266 -68 -62 246 -140 -56 196 -140 -56
4 16 202 -68 266 206 -68 206 196 -140 196 196 -140 246
4 16 266 -68 202 266 -68 266 202 -68 266 206 -68 206
4 16 -174 -132 -54 -194 -132 -74 -194 -132 174 -174 -132 154
4 16 -174 -132 154 -194 -132 174 174 -132 174 154 -132 154
4 16 -194 -132 -74 -194 -132 174 -194 -140 174 -194 -140 -74
4 16 -194 -140 -74 -26 -140 -74 -26 -132 -74 -194 -132 -74
4 16 -194 -140 174 -194 -132 174 174 -132 174 174 -140 174
4 16 -26 -132 -74 -26 -132 -34 -26 -140 -34 -26 -140 -74
4 16 -26 -140 -34 -26 -132 -34 174 -132 -34 174 -140 -34
4 16 -46 -132 -14 -26 -132 -34 -26 -132 -74 -46 -132 -54
4 16 -46 -132 -54 -26 -132 -74 -194 -132 -74 -174 -132 -54
4 16 154 -132 -14 174 -132 -34 -26 -132 -34 -46 -132 -14
4 16 154 -132 154 174 -132 174 174 -132 -34 154 -132 -14
4 16 154 -132 154 110 4 110 154 -132 -14 110 4 30
4 16 -46 -132 -14 -86 4 30 154 -132 -14 110 4 30
4 16 -46 -132 -54 -86 4 -10 -46 -132 -14 -86 4 30
4 16 -174 -132 154 -130 4 110 154 -132 154 110 4 110
4 16 -174 -132 -54 -130 4 -10 -46 -132 -54 -86 4 -10
4 16 -174 -132 -54 -130 4 -10 -174 -132 154 -130 4 110
2 24 -174 -132 -54 -174 -132 154
2 24 -194 -132 -74 -194 -132 174
2 24 -174 -132 154 -194 -132 174
2 24 -194 -132 174 174 -132 174
2 24 174 -132 174 154 -132 154
2 24 154 -132 154 -174 -132 154
2 24 -194 -132 -74 -194 -132 174
2 24 -194 -132 174 -194 -140 174
2 24 -194 -140 174 -194 -140 -74
2 24 -194 -140 -74 -194 -132 -74
2 24 -194 -140 -74 -26 -140 -74
2 24 -26 -140 -74 -26 -132 -74
2 24 -26 -132 -74 -194 -132 -74
2 24 -194 -132 -74 -194 -140 -74
2 24 -194 -140 174 -194 -132 174
2 24 -194 -132 174 174 -132 174
2 24 174 -132 174 174 -140 174
2 24 174 -140 174 -194 -140 174
2 24 -26 -132 -74 -26 -132 -34
2 24 -26 -132 -34 -26 -140 -34
2 24 -26 -140 -34 -26 -140 -74
2 24 -26 -140 -74 -26 -132 -74
2 24 -26 -140 -34 -26 -132 -34
2 24 -26 -132 -34 174 -132 -34
2 24 174 -132 -34 174 -140 -34
2 24 174 -140 -34 -26 -140 -34
2 24 -46 -132 -14 -26 -132 -34
2 24 -26 -132 -34 -26 -132 -74
2 24 -26 -132 -74 -46 -132 -54
2 24 -46 -132 -54 -46 -132 -14
2 24 -46 -132 -54 -26 -132 -74
2 24 -26 -132 -74 -194 -132 -74
2 24 -194 -132 -74 -174 -132 -54
2 24 -174 -132 -54 -46 -132 -54
2 24 154 -132 -14 174 -132 -34
2 24 174 -132 -34 -26 -132 -34
2 24 -26 -132 -34 -46 -132 -14
2 24 -46 -132 -14 154 -132 -14
2 24 154 -132 154 174 -132 174
2 24 174 -132 174 174 -132 -34
2 24 174 -132 -34 154 -132 -14
2 24 154 -132 -14 154 -132 154
2 24 154 -132 -14 154 -132 154
2 24 154 -132 -14 -46 -132 -14
2 24 -46 -132 -54 -46 -132 -14
2 24 -174 -132 154 154 -132 154
2 24 -46 -132 -54 -174 -132 -54
2 24 -174 -132 154 -174 -132 -54
2 24 -216 -140 -216 -216 -140 -266
2 24 -216 -140 -216 -216 -140 -266
2 24 -216 -140 -216 -266 -140 -216
2 24 -216 -140 -216 -266 -140 -216
2 24 -216 -140 -266 -166 -140 -266
2 24 -216 -140 -266 -222 -68 -286
2 24 -216 -140 196 -226 -68 206
2 24 -216 -140 196 -266 -140 196
2 24 -216 -140 196 -266 -140 196
2 24 -216 -140 246 -216 -140 196
2 24 -216 -140 246 -216 -140 196
2 24 -216 -140 246 196 -140 246
2 24 -226 -68 -226 -216 -140 -216
2 24 -226 -68 -226 -216 -140 -216
2 24 -226 -68 -226 -286 -68 -222
2 24 -222 -68 -286 -226 -68 -226
2 24 -222 -68 -286 -226 -68 -226
2 24 -222 -68 -286 -286 -68 -286
2 24 -226 -68 206 -216 -140 196
2 24 -222 -68 266 -216 -140 246
2 24 -222 -68 266 -226 -68 206
2 24 -222 -68 266 -286 -68 266
2 24 -222 -68 266 -286 -68 266
2 24 -226 4 -306 -86 4 -306
2 24 -222 -68 266 -216 -140 246
2 24 -266 -140 -216 -266 -140 146
2 24 -266 -140 -216 -286 -68 -222
2 24 -266 -140 -216 -286 -68 -222
2 24 -266 -140 196 -266 -140 -216
2 24 -266 -140 196 -266 -140 146
2 24 -266 -140 196 -286 -68 202
2 24 -286 -68 -222 -226 -68 -226
2 24 -286 -68 -222 -286 -68 -286
2 24 -286 -68 -286 -222 -68 -286
2 24 -286 -68 -286 -286 -68 -222
2 24 -286 -68 -286 -306 4 -306
2 24 -286 -68 202 -226 -68 206
2 24 -286 -68 202 -226 -68 206
2 24 -286 -68 266 -286 -68 202
2 24 -286 -68 266 -286 -68 202
2 24 -286 -68 266 -306 4 286
2 24 -306 4 -226 -306 4 -306
2 24 -306 4 -226 -306 4 206
2 24 -306 4 -306 -226 4 -306
2 24 -306 4 -306 -286 -68 -286
2 24 -286 -68 202 -266 -140 196
2 24 -306 4 206 -306 4 286
2 24 -306 4 286 -226 4 286
2 24 -306 4 286 -286 -68 266
2 24 -86 -140 -106 286 4 -146
2 24 -86 -140 -126 -86 -140 -266
2 24 -86 -140 -266 -186 -140 -266
2 24 -86 -140 -266 -216 -140 -266
2 24 -86 -140 -266 -86 -140 -106
2 24 -86 -140 -266 286 4 -306
2 24 146 -140 246 -216 -140 246
2 24 196 -140 -106 -86 -140 -106
2 24 196 -140 -106 196 -140 -56
2 24 196 -140 -106 206 -68 -126
2 24 196 -140 -56 206 -68 -62
2 24 196 -140 -56 246 -140 -56
2 24 196 -140 196 196 -140 246
2 24 196 -140 196 196 -140 246
2 24 196 -140 196 246 -140 196
2 24 196 -140 196 246 -140 196
2 24 196 -140 246 146 -140 246
2 24 196 -140 246 202 -68 266
2 24 196 -140 246 202 -68 266
2 24 206 -68 -126 206 -68 -62
2 24 206 -68 -66 266 -68 -62
2 24 206 -68 -66 266 -68 -62
2 24 206 -68 206 196 -140 196
2 24 206 -68 206 196 -140 196
2 24 206 -68 206 266 -68 202
2 24 202 -68 266 206 -68 206
2 24 202 -68 266 206 -68 206
2 24 202 -68 266 266 -68 266
2 24 206 4 286 -226 4 286
2 24 246 -140 -56 196 -140 -56
2 24 246 -140 -56 266 -68 -62
2 24 246 -140 196 246 -140 -56
2 24 246 -140 196 246 -140 -56
2 24 246 -140 196 266 -68 202
2 24 266 -68 -126 206 -68 -126
2 24 266 -68 -126 266 -68 -62
2 24 266 -68 -62 246 -140 -56
2 24 266 -68 -62 266 -68 -126
2 24 266 -68 202 206 -68 206
2 24 266 -68 202 266 -68 266
2 24 266 -68 202 266 -68 266
2 24 266 -68 266 202 -68 266
2 24 266 -68 266 286 4 286
2 24 266 -68 266 286 4 286
2 24 286 4 -146 266 -68 -126
2 24 286 4 -146 286 4 -306
2 24 286 4 -306 -86 -140 -266
2 24 286 4 -306 -86 4 -306
2 24 286 4 -66 286 4 -146
2 24 286 4 -66 286 4 206
2 24 266 -68 202 246 -140 196
2 24 286 4 206 286 4 286
2 24 286 4 286 206 4 286
2 24 114 4 30 114 4 114
2 24 -46 -132 -14 -86 4 30
2 24 -86 4 30 114 4 30
2 24 154 -132 154 114 4 114
2 24 114 4 114 -134 4 114
2 24 -134 4 114 -174 -132 154
2 24 -174 -132 -54 -134 4 -14
2 24 -134 4 -14 -86 4 -14
2 24 -86 4 -14 -46 -132 -54
2 24 -174 -132 -54 -134 4 -14
2 24 -134 4 -14 -134 4 114
2 24 -134 4 114 -174 -132 154
2 24 -86 4 -14 -86 4 30
2 24 114 4 30 154 -132 -14
0
