0 Tile  1 x  1 with Clip
0 Name: 2555.dat
0 Author: James Jessiman
0 Original LDraw Part
0 LDRAW_ORG Part UPDATE 2003-03

0 BFC CERTIFY CW

0 // 2003-11-13  SEB Updated 3070 reference to 3070a
0 // 2003-11-13  Steffen  BFCed


1 16 0 0 0 1 0 0 0 1 0 0 0 1 3070a.dat
2 24 10 0 4 -10 0 4
2 24 10 0 -4 -10 0 -4
2 24 8 -10 4 4 -10 4
2 24 4 -10 4 4 -10 -4
2 24 4 -10 -4 8 -10 -4
2 24 8 -10 -4 8 -10 4
2 24 -8 -10 4 -4 -10 4
2 24 -4 -10 4 -4 -10 -4
2 24 -4 -10 -4 -8 -10 -4
2 24 -8 -10 -4 -8 -10 4
2 24 4 -10 4 4 -6 4
2 24 -4 -10 4 -4 -6 4
2 24 4 -10 -4 4 -6 -4
2 24 -4 -10 -4 -4 -6 -4
2 24 8 -10 4 10 0 4
2 24 -8 -10 4 -10 0 4
2 24 8 -10 -4 10 0 -4
2 24 -8 -10 -4 -10 0 -4
1 16 0 -6 4 4 0 0 0 0 4 0 4 0 2-4edge.dat
1 16 0 -6 -4 4 0 0 0 0 4 0 4 0 2-4edge.dat
1 16 0 -6 4 -4 0 0 0 0 4 0 -4 0 2-4ndis.dat
1 16 0 -6 -4 4 0 0 0 0 4 0 4 0 2-4ndis.dat
0 BFC INVERTNEXT
1 16 0 -6 4 4 0 0 0 0 4 0 -8 0 2-4cyli.dat
4 16 10 0 4 4 -2 4 -4 -2 4 -10 0 4
4 16 -10 0 -4 -4 -2 -4 4 -2 -4 10 0 -4
4 16 10 0 4 8 -10 4 4 -10 4 4 -2 4
4 16 4 -10 -4 8 -10 -4 10 0 -4 4 -2 -4
4 16 -4 -10 4 -8 -10 4 -10 0 4 -4 -2 4
4 16 -10 0 -4 -8 -10 -4 -4 -10 -4 -4 -2 -4
4 16 4 -6 4 4 -10 4 4 -10 -4 4 -6 -4
4 16 -4 -6 -4 -4 -10 -4 -4 -10 4 -4 -6 4
4 16 4 -10 4 8 -10 4 8 -10 -4 4 -10 -4
4 16 -4 -10 -4 -8 -10 -4 -8 -10 4 -4 -10 4
4 16 8 -10 4 10 0 4 10 0 -4 8 -10 -4
4 16 -10 0 4 -8 -10 4 -8 -10 -4 -10 0 -4
0
