0 Plant Tree Palm Top
0 Name: 2566.dat
0 Author: Tore Eriksson
0 Official LCad update 99-04

0 Note: One or more STUD references in this file
0 have been purposely capitalized to ensure that
0 the stud is fully visible in LEdit

1 16 0 0 0 1 0 0 0 1 0 0 0 1 stud2a.dat
1 16 0 0 0 4 0 0 0 8 0 0 0 4 4-4cyli.dat
1 16 0 8 0 4 0 0 0 0 0 0 0 4 4-4disc.dat
1 16 0 8 0 4 0 0 0 0 0 0 0 4 4-4edge.dat
1 16 0 0 0 6 0 0 0 0 0 0 0 6 4-4edge.dat
1 16 0 24 0 4 0 0 0 0 0 0 0 4 4-4edge.dat
1 16 0 0 0 4 0 0 0 0 0 0 0 4 ring1.dat
1 16 0 0 0 2 0 0 0 0 0 0 0 2 ring4.dat
1 16 0 0 0 10 0 0 0 8 0 0 0 10 4-4cyli.dat
1 16 0 16 0 1 0 0 0 -6 0 0 0 1 STUD3.dat

1 16 10 0 10 1 0 0 0 5 0 0 0 1 STUD3a.dat
1 16 10 0 10 -2.828 0 2.828 0 4 0 2.828 0 2.828 2-4cyli.dat
1 16 10 0 10 2.828 0 -2.828 0 0 0 -2.828 0 -2.828 2-4edge.dat
1 16 10 4 10 -2.828 0 2.828 0 4 0 2.828 0 2.828 2-8sphe.dat
1 16 6.5 4 6.5 -2.828 3.5 0 0 0 4 2.828 3.5 0 2-4cyli.dat
1 16 6.5 4 6.5 -2.828 3.5 0 0 0 4 2.828 3.5 0 2-4edge.dat
2 24 9.2 0 3.8 12.82 0 7.16
2 24 3.8 0 9.2 7.16 0 12.82
4 16 9.2 0 3.8 12.82 0 7.16 3.8 0 9.2 7.16 0 12.82
4 16 9.2 0 3.8 12.82 0 7.16 12.82 4 7.16 9.2 4 3.8
4 16 3.8 0 9.2 7.16 0 12.82 7.16 4 12.82 3.8 4 9.2
2 24 9.2 0 3.8 10 0 0
2 24 9.2 0 3.8 9.2 24 3.8
2 24 9.2 24 3.8 10 24 0
4 16 9.2 0 3.8 9.2 24 3.8 10 24 0 10 0 0
4 16 10 24 0 10 0 0 9.2 0 -3.8 9.2 24 -3.8
2 24 10 24 0 9.2 24 -3.8
2 24 10 0 0 9.2 0 -3.8
2 24 9.2 0 -3.8 9.2 24 -3.8
4 16 3.8 4 9.2 4.457 4 7.704 4.457 24 7.704 3.8 24 9.2
4 16 4.457 4 7.704 5.757 4 5.757 5.757 24 5.757 4.457 24 7.704
4 16 5.757 4 5.757 7.704 4 4.457 7.704 24 4.457 5.757 24 5.757
4 16 7.704 4 4.457 9.2 4 3.8 9.2 24 3.8 7.704 24 4.457
2 24 3.8 24 9.2 4.457 24 7.704
2 24 4.457 24 7.704 5.757 24 5.757
2 24 5.757 24 5.757 7.704 24 4.457
2 24 7.704 24 4.457 9.2 24 3.8
4 16 0 24 0 9.2 24 -3.8 10 24 0 9.2 24 3.8
3 16 0 24 0 9.2 24 -3.8 7.704 24 -4.457
3 16 0 24 0 7.704 24 -4.457 5.757 24 -5.757
3 16 0 24 0 7.704 24 4.457 5.757 24 5.757
3 16 0 24 0 9.2 24 3.8 7.704 24 4.457

1 16 10 0 -10 0 0 1 0 5 0 -1 0 0 STUD3a.dat
1 16 10 0 -10 2.828 0 2.828 0 4 0 2.828 0 -2.828 2-4cyli.dat
1 16 10 0 -10 -2.828 0 -2.828 0 0 0 -2.828 0 2.828 2-4edge.dat
1 16 10 4 -10 2.828 0 2.828 0 4 0 2.828 0 -2.828 2-8sphe.dat
1 16 6.5 4 -6.5 2.828 3.5 0 0 0 4 2.828 -3.5 0 2-4cyli.dat
1 16 6.5 4 -6.5 2.828 3.5 0 0 0 4 2.828 -3.5 0 2-4edge.dat
2 24 3.8 0 -9.2 7.16 0 -12.82
2 24 9.2 0 -3.8 12.82 0 -7.16
4 16 3.8 0 -9.2 7.16 0 -12.82 9.2 0 -3.8 12.82 0 -7.16
4 16 3.8 0 -9.2 7.16 0 -12.82 7.16 4 -12.82 3.8 4 -9.2
4 16 9.2 0 -3.8 12.82 0 -7.16 12.82 4 -7.16 9.2 4 -3.8
2 24 3.8 0 -9.2 0 0 -10
2 24 3.8 0 -9.2 3.8 24 -9.2
2 24 3.8 24 -9.2 0 24 -10
4 16 3.8 0 -9.2 3.8 24 -9.2 0 24 -10 0 0 -10
4 16 0 24 -10 0 0 -10 -3.8 0 -9.2 -3.8 24 -9.2
2 24 0 24 -10 -3.8 24 -9.2
2 24 0 0 -10 -3.8 0 -9.2
2 24 -3.8 0 -9.2 -3.8 24 -9.2
4 16 9.2 4 -3.8 7.704 4 -4.457 7.704 24 -4.457 9.2 24 -3.8
4 16 7.704 4 -4.457 5.757 4 -5.757 5.757 24 -5.757 7.704 24 -4.457
4 16 5.757 4 -5.757 4.457 4 -7.704 4.457 24 -7.704 5.757 24 -5.757
4 16 4.457 4 -7.704 3.8 4 -9.2 3.8 24 -9.2 4.457 24 -7.704
2 24 9.2 24 -3.8 7.704 24 -4.457
2 24 7.704 24 -4.457 5.757 24 -5.757
2 24 5.757 24 -5.757 4.457 24 -7.704
2 24 4.457 24 -7.704 3.8 24 -9.2
4 16 0 24 0 -3.8 24 -9.2 0 24 -10 3.8 24 -9.2
3 16 0 24 0 -3.8 24 -9.2 -4.457 24 -7.704
3 16 0 24 0 -4.457 24 -7.704 -5.757 24 -5.757
3 16 0 24 0 4.457 24 -7.704 5.757 24 -5.757
3 16 0 24 0 3.8 24 -9.2 4.457 24 -7.704

1 16 -10 0 -10 -1 0 0 0 5 0 0 0 -1 STUD3a.dat
1 16 -10 0 -10 2.828 0 -2.828 0 4 0 -2.828 0 -2.828 2-4cyli.dat
1 16 -10 0 -10 -2.828 0 2.828 0 0 0 2.828 0 2.828 2-4edge.dat
1 16 -10 4 -10 2.828 0 -2.828 0 4 0 -2.828 0 -2.828 2-8sphe.dat
1 16 -6.5 4 -6.5 2.828 -3.5 0 0 0 4 -2.828 -3.5 0 2-4cyli.dat
1 16 -6.5 4 -6.5 2.828 -3.5 0 0 0 4 -2.828 -3.5 0 2-4edge.dat
2 24 -9.2 0 -3.8 -12.82 0 -7.16
2 24 -3.8 0 -9.2 -7.16 0 -12.82
4 16 -9.2 0 -3.8 -12.82 0 -7.16 -3.8 0 -9.2 -7.16 0 -12.82
4 16 -9.2 0 -3.8 -12.82 0 -7.16 -12.82 4 -7.16 -9.2 4 -3.8
4 16 -3.8 0 -9.2 -7.16 0 -12.82 -7.16 4 -12.82 -3.8 4 -9.2
2 24 -9.2 0 -3.8 -10 0 0
2 24 -9.2 0 -3.8 -9.2 24 -3.8
2 24 -9.2 24 -3.8 -10 24 0
4 16 -9.2 0 -3.8 -9.2 24 -3.8 -10 24 0 -10 0 0
4 16 -10 24 0 -10 0 0 -9.2 0 3.8 -9.2 24 3.8
2 24 -10 24 0 -9.2 24 3.8
2 24 -10 0 0 -9.2 0 3.8
2 24 -9.2 0 3.8 -9.2 24 3.8
4 16 -3.8 4 -9.2 -4.457 4 -7.704 -4.457 24 -7.704 -3.8 24 -9.2
4 16 -4.457 4 -7.704 -5.757 4 -5.757 -5.757 24 -5.757 -4.457 24 -7.704
4 16 -5.757 4 -5.757 -7.704 4 -4.457 -7.704 24 -4.457 -5.757 24 -5.757
4 16 -7.704 4 -4.457 -9.2 4 -3.8 -9.2 24 -3.8 -7.704 24 -4.457
2 24 -3.8 24 -9.2 -4.457 24 -7.704
2 24 -4.457 24 -7.704 -5.757 24 -5.757
2 24 -5.757 24 -5.757 -7.704 24 -4.457
2 24 -7.704 24 -4.457 -9.2 24 -3.8
4 16 0 24 0 -9.2 24 3.8 -10 24 0 -9.2 24 -3.8
3 16 0 24 0 -9.2 24 3.8 -7.704 24 4.457
3 16 0 24 0 -7.704 24 4.457 -5.757 24 5.757
3 16 0 24 0 -7.704 24 -4.457 -5.757 24 -5.757
3 16 0 24 0 -9.2 24 -3.8 -7.704 24 -4.457

1 16 -10 0 10 0 0 -1 0 5 0 1 0 0 STUD3a.dat
1 16 -10 0 10 -2.828 0 -2.828 0 4 0 -2.828 0 2.828 2-4cyli.dat
1 16 -10 0 10 2.828 0 2.828 0 0 0 2.828 0 -2.828 2-4edge.dat
1 16 -10 4 10 -2.828 0 -2.828 0 4 0 -2.828 0 2.828 2-8sphe.dat
1 16 -6.5 4 6.5 -2.828 -3.5 0 0 0 4 -2.828 3.5 0 2-4cyli.dat
1 16 -6.5 4 6.5 -2.828 -3.5 0 0 0 4 -2.828 3.5 0 2-4edge.dat
2 24 -3.8 0 9.2 -7.16 0 12.82
2 24 -9.2 0 3.8 -12.82 0 7.16
4 16 -3.8 0 9.2 -7.16 0 12.82 -9.2 0 3.8 -12.82 0 7.16
4 16 -3.8 0 9.2 -7.16 0 12.82 -7.16 4 12.82 -3.8 4 9.2
4 16 -9.2 0 3.8 -12.82 0 7.16 -12.82 4 7.16 -9.2 4 3.8
2 24 -3.8 0 9.2 0 0 10
2 24 -3.8 0 9.2 -3.8 24 9.2
2 24 -3.8 24 9.2 0 24 10
4 16 -3.8 0 9.2 -3.8 24 9.2 0 24 10 0 0 10
4 16 0 24 10 0 0 10 3.8 0 9.2 3.8 24 9.2
2 24 0 24 10 3.8 24 9.2
2 24 0 0 10 3.8 0 9.2
2 24 3.8 0 9.2 3.8 24 9.2
4 16 -9.2 4 3.8 -7.704 4 4.457 -7.704 24 4.457 -9.2 24 3.8
4 16 -7.704 4 4.457 -5.757 4 5.757 -5.757 24 5.757 -7.704 24 4.457
4 16 -5.757 4 5.757 -4.457 4 7.704 -4.457 24 7.704 -5.757 24 5.757
4 16 -4.457 4 7.704 -3.8 4 9.2 -3.8 24 9.2 -4.457 24 7.704
2 24 -9.2 24 3.8 -7.704 24 4.457
2 24 -7.704 24 4.457 -5.757 24 5.757
2 24 -5.757 24 5.757 -4.457 24 7.704
2 24 -4.457 24 7.704 -3.8 24 9.2
4 16 0 24 0 3.8 24 9.2 0 24 10 -3.8 24 9.2
3 16 0 24 0 3.8 24 9.2 4.457 24 7.704
3 16 0 24 0 4.457 24 7.704 5.757 24 5.757
3 16 0 24 0 -4.457 24 7.704 -5.757 24 5.757
3 16 0 24 0 -3.8 24 9.2 -4.457 24 7.704
3 16 0 24 0 -3.8 24 9.2 -4.457 24 7.704
0