0 Hose Reel  2 x  2 Holder
0 Name: 2584.dat
0 Author: Luis E. Fernandez (lfernand@super.zippo.com)
0 Official LCad update 98-04

1 16 -14 12.5 0 0 0 -2 0 3.5 0 0.5 0 0 box.dat
1 16 -16 -6 0 0 1 0 0 0 -12 -12 0 0 2-4edge.dat
1 16 -16 -6 0 0 1 0 8 0 0 0 0 -8 4-4edge.dat
1 16 -16 -6 0 0 2 0 2 0 0 0 0 -2 ring4.dat
1 16 -16 -6 0 0 3 0 3 0 0 0 0 -3 ring3.dat
1 16 -20 -6 0 0 1 0 0 0 -12 -12 0 0 2-4edge.dat
1 16 -20 -6 0 0 1 0 8 0 0 0 0 -8 4-4edge.dat
1 16 -20 -6 0 0 2 0 2 0 0 0 0 -2 ring4.dat
1 16 -20 -6 0 0 3 0 3 0 0 0 0 -3 ring3.dat
1 16 -20 -6 0 0 3 0 8 0 0 0 0 -8 4-4cyli.dat
1 16 -20 -6 0 0 4 0 0 0 -12 -12 0 0 2-4cyli.dat
1 16 0 16 0 6 0 0 0 4 0 0 0 6 4-4cyli.dat
1 16 0 16 0 6 0 0 0 4 0 0 0 6 4-4edge.dat
1 16 0 16 0 6 0 0 0 4 0 0 0 6 4-4ndis.dat
1 16 0 20 0 1 0 0 0 -1 0 0 0 1 stud4a.dat
1 16 0 20 0 16 0 0 0 4 0 0 0 16 box4.dat
1 16 0 20 0 8 0 0 0 4 0 0 0 8 4-4edge.dat
1 16 0 20 0 8 0 0 0 4 0 0 0 8 4-4ndis.dat
1 16 14 12.5 0 0 0 2 0 3.5 0 -0.5 0 0 box.dat
1 16 16 -6 0 0 -1 0 0 0 -12 12 0 0 2-4edge.dat
1 16 16 -6 0 0 -1 0 8 0 0 0 0 8 4-4edge.dat
1 16 16 -6 0 0 -2 0 2 0 0 0 0 2 ring4.dat
1 16 16 -6 0 0 -3 0 3 0 0 0 0 3 ring3.dat
1 16 20 -6 0 0 -1 0 0 0 -12 12 0 0 2-4edge.dat
1 16 20 -6 0 0 -1 0 8 0 0 0 0 8 4-4edge.dat
1 16 20 -6 0 0 -2 0 2 0 0 0 0 2 ring4.dat
1 16 20 -6 0 0 -3 0 3 0 0 0 0 3 ring3.dat
1 16 20 -6 0 0 -3 0 8 0 0 0 0 8 4-4cyli.dat
1 16 20 -6 0 0 -4 0 0 0 -12 12 0 0 2-4cyli.dat
2 24 -16 16 -0.5 -16 9 -0.5
2 24 -16 16 -20 -16 -6 -12
2 24 -16 16 -20 -16 16 -0.5
2 24 -16 16 -20 -16 16 -1
2 24 -16 16 -20 16 16 -20
2 24 -16 16 0.5 -16 16 20
2 24 -16 16 0.5 -16 16 20
2 24 -16 16 20 -16 -6 12
2 24 -16 16 20 16 16 20
2 24 -16 9 -0.5 -16 9 0.5
2 24 -16 9 0.5 -16 16 0.5
2 24 -20 16 -20 -20 -6 -12
2 24 -20 16 20 -20 -6 12
2 24 -20 24 -20 -20 16 -20
2 24 -20 24 -20 20 24 -20
2 24 -20 24 20 -20 16 20
2 24 -20 24 20 -20 24 -20
2 24 16 16 -0.5 16 16 -20
2 24 16 16 -20 16 -6 -12
2 24 16 16 -20 16 16 -1
2 24 16 16 0.5 16 9 0.5
2 24 16 16 0.5 16 16 20
2 24 16 16 20 16 -6 12
2 24 16 16 20 16 16 0.5
2 24 16 9 -0.5 16 16 -0.5
2 24 16 9 0.5 16 9 -0.5
2 24 20 16 -20 20 -6 -12
2 24 20 16 20 20 -6 12
2 24 20 24 -20 20 16 -20
2 24 20 24 -20 20 24 20
2 24 20 24 20 -20 24 20
2 24 20 24 20 20 16 20
3 16 -16 2 -14.9 -16 -6 -12 -16 2 -8
3 16 -16 2 14.9 -16 -6 12 -16 2 8
3 16 -20 2 -14.9 -20 -6 -12 -20 2 -8
3 16 -20 2 14.9 -20 -6 12 -20 2 8
3 16 16 2 -14.9 16 -6 -12 16 2 -8
3 16 16 2 14.9 16 -6 12 16 2 8
3 16 20 2 -14.9 20 -6 -12 20 2 -8
3 16 20 2 14.9 20 -6 12 20 2 8
4 16 -16 16 -20 -6 16 -6 -6 16 6 -16 16 20
4 16 -16 16 20 -6 16 6 6 16 6 16 16 20
4 16 -16 16 20 -16 6 16.31 -16 6 -16.31 -16 16 -20
4 16 -16 20 -16 -8 20 -8 -8 20 8 -16 20 16
4 16 -16 20 16 -8 20 8 8 20 8 16 20 16
4 16 -16 6 16.31 -16 6 -16.31 -16 2 14.9 -16 2 -14.9
4 16 -20 16 -20 -20 -6 -12 -16 16 -20 -16 -6 -12
4 16 -20 16 -20 -20 24 -20 20 24 -20 20 16 -20
4 16 -20 16 20 -20 -6 12 -16 16 20 -16 -6 12
4 16 -20 16 20 -20 24 20 -20 24 -20 -20 16 -20
4 16 -20 16 20 -20 6 16.31 -20 6 -16.31 -20 16 -20
4 16 -20 24 20 -16 24 16 -16 24 -16 -20 24 -20
4 16 -20 6 16.31 -20 6 -16.31 -20 2 14.9 -20 2 -14.9
4 16 16 16 -20 16 6 -16.31 16 6 16.31 16 16 20
4 16 16 16 -20 6 16 -6 -6 16 -6 -16 16 -20
4 16 16 16 20 6 16 6 6 16 -6 16 16 -20
4 16 16 20 -16 8 20 -8 -8 20 -8 -16 20 -16
4 16 16 20 16 8 20 8 8 20 -8 16 20 -16
4 16 16 6 -16.31 16 6 16.31 16 2 -14.9 16 2 14.9
4 16 20 16 -20 20 -6 -12 16 16 -20 16 -6 -12
4 16 20 16 -20 20 24 -20 20 24 20 20 16 20
4 16 20 16 -20 20 6 -16.31 20 6 16.31 20 16 20
4 16 20 16 20 20 -6 12 16 16 20 16 -6 12
4 16 20 16 20 20 24 20 -20 24 20 -20 16 20
4 16 20 24 -20 16 24 -16 -16 24 -16 -20 24 -20
4 16 20 24 20 16 24 16 -16 24 16 -20 24 20
4 16 20 24 20 16 24 16 16 24 -16 20 24 -20
4 16 20 6 -16.31 20 6 16.31 20 2 -14.9 20 2 14.9
0