0 Boat Base  8 x 10 
0 Name: 2622.dat
0 Author: Chris Alano 
0 !LDRAW_ORG Part UPDATE 2000-02
0 !LICENSE Not redistributable : see NonCAreadme.txt

0 !KEYWORDS delta, wedge, bow, inverted slope

0 !HISTORY 2000-09-30 [PTadmin] Official Update 2000-02
0 !HISTORY 2007-05-17 [PTadmin] Header formatted for Contributor Agreement
0 !HISTORY 2008-07-01 [PTadmin] Official Update 2008-01

0 // Made from Jeff "Auld Dragon" Stembel's 2623.dat (Boat Top 8x10)
0 // (thanks for hashing out the major vertices)
0 // Outer perimiter

2 24 100 24 80 80 24 20
2 24 80 24 20 52 24 -24
2 24 52 24 -24 20 24 -60
2 24 20 24 -60 -20 24 -60
2 24 -20 24 -60 -52 24 -24
2 24 -52 24 -24 -80 24 20
2 24 -80 24 20 -100 24 80
2 24 100 24 80 60 24 80
2 24 -100 24 80 -60 24 80
0 Quadrant 1b
0 Bottom Surfaces
0 Bottom Side Surfaces
1 16 -70 4 60 1 0 0 0 -5 0 0 0 1 stud3.dat
1 16 -70 4 40 1 0 0 0 -5 0 0 0 1 stud3.dat
1 16 70 4 60 1 0 0 0 -5 0 0 0 1 stud3.dat
1 16 70 4 40 1 0 0 0 -5 0 0 0 1 stud3.dat
1 16 -50 4 0 1 0 0 0 -5 0 0 0 1 stud3.dat
1 16 50 4 0 1 0 0 0 -5 0 0 0 1 stud3.dat
1 16 0 4 -40 1 0 0 0 -5 0 0 0 1 stud4.dat
0 More Edgelines
0 Slopes
2 24 100 24 80 100 0 80
2 24 -100 24 80 -100 0 80
2 24 96 0 76 96 0 60
2 24 -96 0 76 -96 0 60
2 24 96 0 60 76.333 0 0
2 24 -96 0 60 -76.333 0 0
2 24 76.333 0 0 50 0 -41
2 24 -76.333 0 0 -50 0 -41
2 24 50 0 -41 18.889 0 -76
2 24 -50 0 -41 -18.889 0 -76
2 24 18.889 0 -76 -18.889 0 -76
2 24 100 24 80 100 1 60
2 24 100 1 60 100 0 60
2 24 -100 24 80 -100 1 60
2 24 -100 1 60 -100 0 60
2 24 80 24 20 80 1 0
2 24 80 1 0 80 0 0
2 24 -80 24 20 -80 1 0
2 24 -80 1 0 -80 0 0
2 24 52 24 -24 52 1 -44
2 24 52 1 -44 52 0 -44
2 24 -52 24 -24 -52 1 -44
2 24 -52 1 -44 -52 0 -44
2 24 20 24 -60 20 1 -80
2 24 20 1 -80 20 0 -80
2 24 -20 24 -60 -20 1 -80
2 24 -20 1 -80 -20 0 -80
0
2 24 100 1 60 80 1 0
2 24 80 1 0 52 1 -44
2 24 52 1 -44 20 1 -80
2 24 20 1 -80 -20 1 -80
2 24 -20 1 -80 -52 1 -44
2 24 -52 1 -44 -80 1 0
2 24 -80 1 0 -100 1 60

2 24 100 0 80 100 0 60
2 24 100 0 60 80 0 0
2 24 80 0 0 52 0 -44
2 24 52 0 -44 20 0 -80
2 24 20 0 -80 -20 0 -80
2 24 -20 0 -80 -52 0 -44
2 24 -52 0 -44 -80 0 0
2 24 -80 0 0 -100 0 60
2 24 -100 0 60 -100 0 80
0 outside slopes
4 16 -100 0 60 -100 0 80 -100 24 80 -100 1 60
4 16 -80 1 0 -100 1 60 -100 24 80 -80 24 20
4 16 -80 1 0 -80 24 20 -52 24 -24 -52 1 -44
4 16 -20 1 -80 -52 1 -44 -52 24 -24 -20 24 -60
4 16 -80 1 0 -80 0 0 -100 0 60 -100 1 60
4 16 -52 0 -44 -80 0 0 -80 1 0 -52 1 -44
4 16 -52 0 -44 -52 1 -44 -20 1 -80 -20 0 -80
4 16 20 24 -60 20 1 -80 -20 1 -80 -20 24 -60
4 16 20 0 -80 -20 0 -80 -20 1 -80 20 1 -80
4 16 20 1 -80 52 1 -44 52 0 -44 20 0 -80
4 16 80 1 0 80 0 0 52 0 -44 52 1 -44
4 16 100 0 60 80 0 0 80 1 0 100 1 60
4 16 52 24 -24 52 1 -44 20 1 -80 20 24 -60
4 16 52 24 -24 80 24 20 80 1 0 52 1 -44
4 16 100 24 80 100 1 60 80 1 0 80 24 20
4 16 100 24 80 100 0 80 100 0 60 100 1 60
0 inside slope lines
2 24 -80 10.576 20 -80 16 24.52
2 24 -80 10.576 20 -78.519 16 20
2 24 -76.333 0 0 -76.333 16 13.333
2 24 -96 16 73.333 -96 0 60
2 24 -76.333 0 0 -76.333 16 13.333
2 24 -50 0 -41 -50 16 -27.667
2 24 -18.889 16 -62.667 -18.889 0 -76
2 24 18.889 16 -62.667 18.889 0 -76
2 24 50 0 -41 50 16 -27.667
2 24 76.333 0 0 76.333 16 13.333
2 24 96 16 73.333 96 0 60
2 24 76.333 0 0 76.333 16 13.333
2 24 80 10.576 20 80 16 24.52
2 24 78.818 16 20 80 10.576 20
0
4 16 -96 16 73.333 -96 16 76 -96 0 76 -96 0 60
4 16 -80 10.576 20 -80 16 24.52 -96 16 73.333 -96 0 60
3 16 -80 10.576 20 -96 0 60 -76.333 0 0
4 16 -78.519 16 20 -80 10.576 20 -76.333 0 0 -76.333 16 13.333

3 16 -76.333 0 0 -50 0 -41 -60 6.516 -20
2 24 -60 6.516 -20 -54.924 16 -20
2 24 -60 6.516 -20 -60 16 -12.097
4 16 -50 16 -27.667 -54.924 16 -20 -60 6.516 -20 -50 0 -41
4 16 -76.333 0 0 -60 6.516 -20 -60 16 -12.097 -76.333 16 13.333

3 16 -18.889 0 -76 -40 14.7 -40 -50 0 -41
2 24 -40 14.7 -40 -40 16 -38.917
2 24 -40 14.7 -40 -39.037 16 -40
4 16 -50 0 -41 -40 14.7 -40 -40 16 -38.917 -50 16 -27.667
4 16 -18.889 16 -62.667 -39.037 16 -40 -40 14.7 -40 -18.889 0 -76
4 16 -18.889 16 -62.667 -18.889 0 -76 18.889 0 -76 18.889 16 -62.667

3 16 50 0 -41 40 14.7 -40 18.889 0 -76
2 24 40 14.7 -40 40 16 -38.917
2 24 40 14.7 -40 39.037 16 -40
4 16 50 0 -41 50 16 -27.667 40 16 -38.917 40 14.7 -40
4 16 40 14.7 -40 39.037 16 -40 18.889 16 -62.667 18.889 0 -76

3 16 60 6.516 -20 50 0 -41 76.333 0 0
2 24 60 6.516 -20 54.923 16 -20
2 24 60 6.516 -20 60 16 -12.097
4 16 50 16 -27.667 50 0 -41 60 6.516 -20 54.923 16 -20
4 16 60 16 -12.097 60 6.516 -20 76.333 0 0 76.333 16 13.333

4 16 76.333 0 0 80 10.576 20 78.519 16 20 76.333 16 13.333
3 16 80 10.576 20 76.333 0 0 96 0 60
4 16 96 16 73.333 80 16 24.52 80 10.576 20 96 0 60
4 16 96 0 76 96 16 76 96 16 73.333 96 0 60
0 closeout top slopes
4 16 100 0 80 96 0 76 96 0 60 100 0 60
4 16 76.333 0 0 80 0 0 100 0 60 96 0 60
4 16 80 0 0 76.333 0 0 50 0 -41 52 0 -44
4 16 20 0 -80 52 0 -44 50 0 -41 18.889 0 -76
4 16 20 0 -80 18.889 0 -76 -18.889 0 -76 -20 0 -80
4 16 -50 0 -41 -52 0 -44 -20 0 -80 -18.889 0 -76
4 16 -50 0 -41 -76.333 0 0 -80 0 0 -52 0 -44
4 16 -100 0 60 -80 0 0 -76.333 0 0 -96 0 60
4 16 -96 0 60 -96 0 76 -100 0 80 -100 0 60
0 End of Jeff's part
0
0 underside bricks
1 16 0 24 -40 -16 0 0 0 -20 0 0 0 16 box5.dat
1 16 22 4 -30 0 0 2 0 20 0 2 0 0 box4-1.dat
1 16 -22 4 -30 0 0 -2 0 20 0 -2 0 0 box4-1.dat

1 16 28 24 -30 -8 0 0 0 -20 0 0 0 6 box5.dat
1 16 -28 24 -30 -8 0 0 0 -20 0 0 0 6 box5.dat

1 16 70 24 50 -6 0 0 0 -20 0 0 0 26 box5.dat
1 16 -70 24 50 -6 0 0 0 -20 0 0 0 26 box5.dat
2 24 56 4 16 44 4 16
2 24 44 4 16 44 4 -16
2 24 44 4 -16 50 4 -16
2 24 56 4 -10 56 4 16
2 24 56 24 16 44 24 16
2 24 44 24 16 44 24 -16
2 24 44 24 -16 50 24 -16
2 24 56 24 -10 56 24 16
2 24 56 24 16 56 4 16
2 24 44 24 16 44 4 16
2 24 44 24 -16 44 4 -16
1 16 50 4 -10 6 0 0 0 1 0 0 0 -6 1-4edge.dat
1 16 50 24 -10 6 0 0 0 1 0 0 0 -6 1-4edge.dat
1 16 50 4 -10 6 0 0 0 1 0 0 0 -6 1-4disc.dat
1 16 50 24 -10 6 0 0 0 -20 0 0 0 -6 1-4cyli.dat
1 16 50 24 -10 0 0 6 0 1 0 -6 0 0 1-4ndis.dat

4 16 50 4 -10 50 4 -16 44 4 -16 44 4 16
4 16 56 4 16 56 4 -10 50 4 -10 44 4 16
4 16 44 24 16 56 24 16 56 4 16 44 4 16
4 16 44 24 -16 44 24 16 44 4 16 44 4 -16
4 16 50 24 -16 44 24 -16 44 4 -16 50 4 -16
4 16 56 24 16 56 24 -10 56 4 -10 56 4 16
2 24 -44 4 16 -56 4 16
2 24 -56 4 16 -56 4 -10
2 24 -50 4 -16 -44 4 -16
2 24 -44 4 -16 -44 4 16
2 24 -44 24 16 -56 24 16
2 24 -56 24 16 -56 24 -10
2 24 -50 24 -16 -44 24 -16
2 24 -44 24 -16 -44 24 16
2 24 -44 24 16 -44 4 16
2 24 -56 24 16 -56 4 16
2 24 -44 24 -16 -44 4 -16
1 16 -50 4 -10 0 0 -6 0 1 0 -6 0 0 1-4edge.dat
1 16 -50 24 -10 0 0 -6 0 1 0 -6 0 0 1-4edge.dat
1 16 -50 4 -10 0 0 -6 0 1 0 -6 0 0 1-4disc.dat
1 16 -50 24 -10 0 0 -6 0 -20 0 -6 0 0 1-4cyli.dat
1 16 -50 24 -10 -6 0 0 0 1 0 0 0 -6 1-4ndis.dat
4 16 -44 4 -16 -50 4 -16 -50 4 -10 -44 4 16
4 16 -50 4 -10 -56 4 -10 -56 4 16 -44 4 16
4 16 -56 24 16 -44 24 16 -44 4 16 -56 4 16
4 16 -56 24 -10 -56 24 16 -56 4 16 -56 4 -10
4 16 -44 24 -16 -50 24 -16 -50 4 -16 -44 4 -16
4 16 -44 24 16 -44 24 -16 -44 4 -16 -44 4 16
0
0 wall-inside
1 16 60 12 50 0 -1 0 12 0 0 0 0 30 rect.dat
1 16 -60 12 50 0 1 0 12 0 0 0 0 -30 rect.dat
1 16 40 12 0 0 -1 0 12 0 0 0 0 20 rect.dat
1 16 -40 12 0 0 1 0 12 0 0 0 0 -20 rect.dat
2 24 40 24 -20 -40 24 -20
2 24 40 0 -20 -40 0 -20
4 16 40 24 -20 -40 24 -20 -40 0 -20 40 0 -20
2 24 40 24 20 60 24 20
2 24 40 0 20 60 0 20
4 16 60 0 20 60 24 20 40 24 20 40 0 20
2 24 -40 24 20 -60 24 20
2 24 -40 0 20 -60 0 20
4 16 -40 24 20 -60 24 20 -60 0 20 -40 0 20
2 24 100 0 80 60 0 80
2 24 -100 0 80 -60 0 80
4 16 100 0 80 100 24 80 60 24 80 60 0 80
4 16 -60 0 80 -60 24 80 -100 24 80 -100 0 80
0
0 topside-cutouts
2 24 96 16 76 96 16 73.333
2 24 96 16 73.333 80 16 24.52
2 24 80 16 24.52 80 16 76
2 24 80 10.576 20 80 0 20
2 24 80 0 20 80 0 76
1 16 88 8 76 8 0 0 0 0 8 0 -1 0 rect.dat
4 16 80 16 24.52 96 16 73.333 96 16 76 80 16 76
4 16 80 0 76 80 10.576 20 80 16 24.52 80 16 76
3 16 80 0 76 80 0 20 80 10.576 20
0
2 24 78.818 16 20 76.333 16 13.333
2 24 76.333 16 13.333 60 16 -12.097
2 24 60 16 -12.097 60 16 12
2 24 60 16 12 68 16 20
2 24 68 16 20 78.818 16 20
2 24 60 6.516 -20 60 0 -20
2 24 60 16 12 60 0 12
2 24 60 0 12 60 0 -20
2 24 60 0 12 68 0 20
2 24 68 16 20 68 0 20
2 24 71 0 20 80 0 20
2 24 68 0 20 69 0 20
4 16 60 16 12 76.333 16 13.333 78.818 16 20 68 16 20
3 16 60 16 12 60 16 -12.097 76.333 16 13.333
4 16 60 0 12 60 6.516 -20 60 16 -12.097 60 16 12
3 16 60 0 12 60 0 -20 60 6.516 -20
4 16 68 0 20 60 0 12 60 16 12 68 16 20
4 16 68 16 20 78.519 16 20 80 10.576 20 68 0 20
3 16 80 10.576 20 80 0 20 68 0 20
0
2 24 54.924 16 -20 50 16 -27.667
2 24 50 16 -27.667 40 16 -38.917
2 24 40 16 -38.917 40 16 -28
2 24 40 16 -28 48 16 -20
2 24 48 16 -20 54.924 16 -20
2 24 40 14.7 -40 40 0 -40
2 24 40 0 -40 40 0 -28
2 24 40 0 -28 40 16 -28
2 24 48 16 -20 48 0 -20
2 24 48 0 -20 40 0 -28
2 24 48 0 -20 60 0 -20
4 16 40 16 -28 50 16 -27.667 54.924 16 -20 48 16 -20
3 16 40 16 -28 40 16 -38.917 50 16 -27.667
4 16 40 0 -28 40 14.7 -40 40 16 -38.917 40 16 -28
3 16 40 0 -28 40 0 -40 40 14.7 -40
4 16 48 0 -20 40 0 -28 40 16 -28 48 16 -20
4 16 54.924 16 -20 60 6.516 -20 48 0 -20 48 16 -20
3 16 60 6.516 -20 60 0 -20 48 0 -20
0
2 24 39.037 16 -40 18.889 16 -62.667
2 24 39.037 16 -40 20 16 -40
2 24 40 0 -40 31 0 -40
2 24 29 0 -40 20 0 -40
1 16 20 8 -50 0 1 0 -8 0 0 0 0 10 rect.dat
3 16 20 16 -60 18.889 16 -62.667 39.037 16 -40
3 16 20 16 -40 20 16 -60 39.037 16 -40
4 16 39.037 16 -40 40 14.7 -40 20 0 -40 20 16 -40
3 16 40 14.7 -40 40 0 -40 20 0 -40
0
0 topside cutouts-center
2 24 20 16 -60 -20 16 -60
2 24 20 0 -60 -20 0 -60
2 24 18.889 16 -62.667 -18.889 16 -62.667
4 16 -20 16 -60 -18.889 16 -62.667 18.889 16 -62.667 20 16 -60
4 16 20 0 -60 -20 0 -60 -20 16 -60 20 16 -60
0 mirror of top cutouts
2 24 -96 16 76 -96 16 73.333
2 24 -96 16 73.333 -80 16 24.52
2 24 -80 16 24.52 -80 16 76
2 24 -80 10.576 20 -80 0 20
2 24 -80 0 20 -80 0 76
1 16 -88 8 76 8 0 0 0 0 8 0 1 0 rect.dat
4 16 -96 16 76 -96 16 73.333 -80 16 24.52 -80 16 76
4 16 -80 16 24.52 -80 10.576 20 -80 0 76 -80 16 76
3 16 -80 10.576 20 -80 0 20 -80 0 76
0
2 24 -78.818 16 20 -76.333 16 13.333
2 24 -76.333 16 13.333 -60 16 -12.097
2 24 -60 16 -12.097 -60 16 12
2 24 -60 16 12 -68 16 20
2 24 -68 16 20 -78.818 16 20
2 24 -60 6.516 -20 -60 0 -20
2 24 -60 16 12 -60 0 12
2 24 -60 0 12 -60 0 -20
2 24 -60 0 12 -68 0 20
2 24 -68 16 20 -68 0 20
2 24 -71 0 20 -80 0 20
2 24 -68 0 20 -69 0 20
4 16 -78.818 16 20 -76.333 16 13.333 -60 16 12 -68 16 20
3 16 -76.333 16 13.333 -60 16 -12.097 -60 16 12
4 16 -60 16 -12.097 -60 6.516 -20 -60 0 12 -60 16 12
3 16 -60 6.516 -20 -60 0 -20 -60 0 12
4 16 -60 16 12 -60 0 12 -68 0 20 -68 16 20
4 16 -80 10.576 20 -78.519 16 20 -68 16 20 -68 0 20
3 16 -68 0 20 -80 0 20 -80 10.576 20
0
2 24 -54.924 16 -20 -50 16 -27.667
2 24 -50 16 -27.667 -40 16 -38.917
2 24 -40 16 -38.917 -40 16 -28
2 24 -40 16 -28 -48 16 -20
2 24 -48 16 -20 -54.924 16 -20
2 24 -40 14.7 -40 -40 0 -40
2 24 -40 0 -40 -40 0 -28
2 24 -40 0 -28 -40 16 -28
2 24 -48 16 -20 -48 0 -20
2 24 -48 0 -20 -40 0 -28
2 24 -48 0 -20 -60 0 -20
4 16 -54.924 16 -20 -50 16 -27.667 -40 16 -28 -48 16 -20
3 16 -50 16 -27.667 -40 16 -38.917 -40 16 -28
4 16 -40 16 -38.917 -40 14.7 -40 -40 0 -28 -40 16 -28
3 16 -40 14.7 -40 -40 0 -40 -40 0 -28
4 16 -40 16 -28 -40 0 -28 -48 0 -20 -48 16 -20
4 16 -48 0 -20 -60 6.516 -20 -54.924 16 -20 -48 16 -20
3 16 -48 0 -20 -60 0 -20 -60 6.516 -20
0
2 24 -39.037 16 -40 -18.889 16 -62.667
2 24 -39.037 16 -40 -20 16 -40
2 24 -40 0 -40 -31 0 -40
2 24 -29 0 -40 -20 0 -40
1 16 -20 8 -50 0 1 0 8 0 0 0 0 10 rect.dat
3 16 -39.037 16 -40 -18.889 16 -62.667 -20 16 -60
3 16 -39.037 16 -40 -20 16 -60 -20 16 -40
4 16 -20 0 -40 -40 14.7 -40 -39.037 16 -40 -20 16 -40
3 16 -20 0 -40 -40 0 -40 -40 14.7 -40
0 end mirror-top cutouts
0 closeout bottom
4 16 100 24 80 76 24 76 64 24 76 60 24 80
4 16 76 24 24 76 24 76 100 24 80 80 24 20
4 16 60 24 80 64 24 76 64 24 24 60 24 20
4 16 64 24 24 76 24 24 80 24 20 56 24 16
3 16 56 24 -16 56 24 16 80 24 20
3 16 52 24 -24 56 24 -16 80 24 20
4 16 60 24 20 56 24 16 44 24 16 40 24 20
4 16 44 24 -16 40 24 -20 40 24 20 44 24 16
4 16 44 24 -16 56 24 -16 52 24 -24 36 24 -24
3 16 20 24 -60 36 24 -36 52 24 -24
3 16 52 24 -24 36 24 -36 36 24 -24
4 16 16 24 -56 20 24 -36 36 24 -36 20 24 -60
4 16 20 24 -24 20 24 -36 16 24 -56 16 24 -24
0 closeout bottom center
4 16 20 24 -60 -20 24 -60 -16 24 -56 16 24 -56
4 16 40 24 -20 36 24 -24 -36 24 -24 -40 24 -20
0 mirror closeout bottom
4 16 -64 24 76 -76 24 76 -100 24 80 -60 24 80
4 16 -100 24 80 -76 24 76 -76 24 24 -80 24 20
4 16 -64 24 24 -64 24 76 -60 24 80 -60 24 20
4 16 -80 24 20 -76 24 24 -64 24 24 -56 24 16
3 16 -80 24 20 -56 24 16 -56 24 -16
3 16 -80 24 20 -56 24 -16 -52 24 -24
4 16 -44 24 16 -56 24 16 -60 24 20 -40 24 20
4 16 -40 24 20 -40 24 -20 -44 24 -16 -44 24 16
4 16 -52 24 -24 -56 24 -16 -44 24 -16 -36 24 -24
3 16 -52 24 -24 -36 24 -36 -20 24 -60
3 16 -36 24 -24 -36 24 -36 -52 24 -24
4 16 -36 24 -36 -20 24 -36 -16 24 -56 -20 24 -60
4 16 -16 24 -56 -20 24 -36 -20 24 -24 -16 24 -24
0 end mirror-closeout bottom
0 closeout top
4 16 80 0 76 96 0 76 100 0 80 60 0 80
4 16 80 0 20 80 0 76 60 0 80 60 0 20
3 16 60 0 12 68 0 20 60 0 20
4 16 40 0 -20 60 0 -20 60 0 20 40 0 20
3 16 40 0 -28 48 0 -20 40 0 -20
0 center-closeout top
4 16 -40 0 -40 40 0 -40 40 0 -20 -40 0 -20
4 16 -20 0 -40 -20 0 -60 20 0 -60 20 0 -40
0 mirror closeout top
4 16 -100 0 80 -96 0 76 -80 0 76 -60 0 80
4 16 -60 0 80 -80 0 76 -80 0 20 -60 0 20
3 16 -60 0 20 -68 0 20 -60 0 12
4 16 -60 0 20 -60 0 -20 -40 0 -20 -40 0 20
3 16 -40 0 -20 -48 0 -20 -40 0 -28
0 end mirror closeout top
0 studs on slopes
2 24 95.58 16 72.08 96 12 70
2 24 96 12 70 95.54 10.91 67.7
2 24 95.54 10.91 67.7 94.2 13.3 65.7
2 24 94.2 13.3 65.7 93.1 16 64.9
1 16 90 16 70 5.543 0 -2.296 0 1 0 2.296 0 5.543 3-4edge.dat
1 16 90 16 70 4 0 0 0 1 0 0 0 4 4-4edge.dat
1 16 90 16 70 4 0 0 0 -16 0 0 0 -4 4-4cyli.dat
1 16 90 16 70 6 0 0 0 -16 0 0 0 6 4-4cyli.dat
1 16 90 0 70 1 0 0 0 1 0 0 0 1 stud2a.dat
2 24 75.5 16 12.15 76 12.6 10
2 24 76 12.6 10 75.5 10.7 7.7
2 24 75.5 10.7 7.7 74.2 10.8 5.7
2 24 74.2 10.8 5.7 72.2 12.85 4.4
2 24 72.2 12.85 4.4 70.3 16 4
1 16 70 16 10 4 0 0 0 1 0 0 0 4 4-4edge.dat
1 16 70 16 10 6 0 0 0 1 0 0 0 6 3-4edge.dat
1 16 70 16 10 4 0 0 0 -16 0 0 0 -4 4-4cyli.dat
1 16 70 16 10 6 0 0 0 -16 0 0 0 6 4-4cyli.dat
1 16 70 0 10 1 0 0 0 1 0 0 0 1 stud2a.dat
1 16 69 8 17.9 0 1 0 0 0 8 -2.1 0 0 rect.dat
1 16 71 8 17.9 0 1 0 0 0 -8 -2.1 0 0 rect.dat
2 24 71 0 15.8 70 0 16
2 24 69 0 15.8 70 0 16
4 16 70 0 16 71 0 15.8 71 0 20 69 0 20
3 16 69 0 20 69 0 15.8 70 0 16
0
1 16 30 16 -50 -2.709 .644 2.943 0 .484 -7 -2.943 -.593 -2.709 2-4edge.dat
1 16 30 16 -50 -2.709 0 -2.943 0 1 0 -2.943 0 2.709 2-4edge.dat
1 16 30 16 -50 -4.064 .644 4.414 0 .484 -10.7 -4.414 -.593 -4.064 2-4edge.dat
1 16 30 16 -50 -4.064 0 -4.414 0 1 0 -4.414 0 4.064 2-4edge.dat
1 16 30 9 -50 2.828 0 2.828 0 7 0 -2.828 0 2.828 1-4cyls.dat
1 16 30 9 -50 2.828 0 -2.828 0 7 0 -2.828 0 -2.828 1-4cyls.dat
1 16 30 0 -50 2.828 0 -2.828 0 16 0 2.828 0 2.828 2-4cyli.dat
1 16 30 9 -50 2.828 0 2.828 0 -9 0 2.828 0 -2.828 2-4cyli.dat
1 16 30 5.3 -50 4.243 0 4.243 0 10.7 0 -4.243 0 4.243 1-4cyls.dat
1 16 30 5.3 -50 4.243 0 -4.243 0 10.7 0 -4.243 0 -4.243 1-4cyls.dat
1 16 30 16 -50 4.243 0 -4.243 0 -16 0 4.243 0 4.243 2-4cyli.dat
1 16 30 0 -50 4.243 0 4.243 0 5.3 0 4.243 0 -4.243 2-4cyli.dat
1 16 30 0 -50 1 0 0 0 1 0 0 0 1 stud2a.dat
1 16 29 8 -42.1 0 1 0 0 0 8 -2.1 0 0 rect.dat
1 16 31 8 -42.1 0 1 0 0 0 -8 -2.1 0 0 rect.dat
2 24 31 0 -44.2 30 0 -44
2 24 29 0 -44.2 30 0 -44
4 16 30 0 -44 31 0 -44.2 31 0 -40 29 0 -40
3 16 29 0 -40 29 0 -44.2 30 0 -44
0
1 16 10 7.2 -70 4 0 0 0 .64 4.8 0 -.768 4 4-4edge.dat
1 16 10 7.2 -70 6 0 0 0 .64 7.2 0 -.768 6 4-4edge.dat
1 16 10 0 -70 0 0 4 0 4.8 0 -4 0 0 2-4cyls.dat
1 16 10 0 -70 0 0 -4 0 4.8 0 -4 0 0 2-4cyls.dat
1 16 10 0 -70 0 0 6 0 7.2 0 -6 0 0 2-4cyls.dat
1 16 10 0 -70 0 0 -6 0 7.2 0 -6 0 0 2-4cyls.dat
1 16 10 0 -70 1 0 0 0 1 0 0 0 1 stud2a.dat
2 24 4.199 0 -69 4 0 -70
2 24 4.199 0 -71 4 0 -70
0 center-studs on slopes
1 16 0 4.186 -69 4.19 0 0 0 0 -4.18 0 1 0 rect.dat
1 16 0 3 -71 4.19 0 0 0 0 3 0 1 0 rect.dat
4 16 -4 0 -70 4 0 -70 4.199 0 -69 -4.199 0 -69
4 16 -4 0 -70 -4.199 0 -71 4.199 0 -71 4 0 -70
0 mirror slope studs
2 24 -95.58 16 72.08 -96 12 70
2 24 -96 12 70 -95.54 10.91 67.7
2 24 -95.54 10.91 67.7 -94.2 13.3 65.7
2 24 -94.2 13.3 65.7 -93.1 16 64.9
1 16 -90 16 70 -2.296 0 5.543 0 1 0 -5.543 0 -2.296 3-4edge.dat
1 16 -90 16 70 4 0 0 0 1 0 0 0 4 4-4edge.dat
1 16 -90 16 70 4 0 0 0 -16 0 0 0 -4 4-4cyli.dat
1 16 -90 16 70 6 0 0 0 -16 0 0 0 6 4-4cyli.dat
1 16 -90 0 70 1 0 0 0 1 0 0 0 1 stud2a.dat
2 24 -75.5 16 12.15 -76 12.6 10
2 24 -76 12.6 10 -75.5 10.7 7.7
2 24 -75.5 10.7 7.7 -74.2 10.8 5.7
2 24 -74.2 10.8 5.7 -72.2 12.85 4.4
2 24 -72.2 12.85 4.4 -70.3 16 4
1 16 -70 16 10 4 0 0 0 1 0 0 0 4 4-4edge.dat
1 16 -70 16 10 0 0 6 0 1 0 -6 0 0 3-4edge.dat
1 16 -70 16 10 4 0 0 0 -16 0 0 0 -4 4-4cyli.dat
1 16 -70 16 10 6 0 0 0 -16 0 0 0 6 4-4cyli.dat
1 16 -70 0 10 1 0 0 0 1 0 0 0 1 stud2a.dat
1 16 -71 8 17.9 0 1 0 0 0 8 -2.1 0 0 rect.dat
1 16 -69 8 17.9 0 1 0 0 0 -8 -2.1 0 0 rect.dat
2 24 -71 0 15.8 -70 0 16
2 24 -69 0 15.8 -70 0 16
4 16 -71 0 20 -71 0 15.8 -70 0 16 -69 0 20
3 16 -70 0 16 -69 0 15.8 -69 0 20
0
1 16 -30 16 -50 -2.709 -.644 -2.943 0 .484 -7 2.943 -.593 -2.709 2-4edge.dat
1 16 -30 16 -50 -2.709 0 2.943 0 1 0 2.943 0 2.709 2-4edge.dat
1 16 -30 16 -50 -4.064 -.644 -4.414 0 .484 -10.7 4.414 -.593 -4.064 2-4edge.dat
1 16 -30 16 -50 -4.064 0 4.414 0 1 0 4.414 0 4.064 2-4edge.dat
1 16 -30 9 -50 -3.052 0 2.585 0 7 0 -2.585 0 -3.052 1-4cyls.dat
1 16 -30 9 -50 -3.052 0 -2.585 0 7 0 -2.585 0 3.052 1-4cyls.dat
1 16 -30 0 -50 2.585 0 3.052 0 16 0 -3.052 0 2.585 2-4cyli.dat
1 16 -30 9 -50 2.585 0 -3.052 0 -9 0 -3.052 0 -2.585 2-4cyli.dat
1 16 -30 5.3 -50 -4.579 0 3.878 0 10.7 0 -3.878 0 -4.579 1-4cyls.dat
1 16 -30 5.3 -50 -4.579 0 -3.878 0 10.7 0 -3.878 0 4.579 1-4cyls.dat
1 16 -30 16 -50 3.878 0 4.579 0 -16 0 -4.579 0 3.878 2-4cyli.dat
1 16 -30 0 -50 3.878 0 -4.579 0 5.3 0 -4.579 0 -3.878 2-4cyli.dat
1 16 -30 0 -50 1 0 0 0 1 0 0 0 1 stud2a.dat
1 16 -31 8 -42.1 0 1 0 0 0 8 -2.1 0 0 rect.dat
1 16 -29 8 -42.1 0 1 0 0 0 -8 -2.1 0 0 rect.dat
2 24 -31 0 -44.2 -30 0 -44
2 24 -29 0 -44.2 -30 0 -44
4 16 -31 0 -40 -31 0 -44.2 -30 0 -44 -29 0 -40
3 16 -30 0 -44 -29 0 -44.2 -29 0 -40
0
1 16 -10 7.2 -70 4 0 0 0 .64 4.8 0 -.768 4 4-4edge.dat
1 16 -10 7.2 -70 6 0 0 0 .64 7.2 0 -.768 6 4-4edge.dat
1 16 -10 0 -70 0 0 4 0 4.8 0 -4 0 0 2-4cyls.dat
1 16 -10 0 -70 0 0 -4 0 4.8 0 -4 0 0 2-4cyls.dat
1 16 -10 0 -70 0 0 6 0 7.2 0 -6 0 0 2-4cyls.dat
1 16 -10 0 -70 0 0 -6 0 7.2 0 -6 0 0 2-4cyls.dat
1 16 -10 0 -70 1 0 0 0 1 0 0 0 1 stud2a.dat
2 24 -4.199 0 -69 -4 0 -70
2 24 -4.199 0 -71 -4 0 -70
0 end mirror-slope studs
0 studs
1 16 70 0 70 1 0 0 0 1 0 0 0 1 stud.dat
1 16 70 0 50 1 0 0 0 1 0 0 0 1 stud.dat
1 16 70 0 30 1 0 0 0 1 0 0 0 1 stud.dat
1 16 50 0 10 1 0 0 0 1 0 0 0 1 stud.dat
1 16 50 0 -10 1 0 0 0 1 0 0 0 1 stud.dat
1 16 30 0 -30 1 0 0 0 1 0 0 0 1 stud.dat
1 16 10 0 -30 1 0 0 0 1 0 0 0 1 stud.dat
1 16 10 0 -50 1 0 0 0 1 0 0 0 1 stud.dat

1 16 -70 0 70 1 0 0 0 1 0 0 0 1 stud.dat
1 16 -70 0 50 1 0 0 0 1 0 0 0 1 stud.dat
1 16 -70 0 30 1 0 0 0 1 0 0 0 1 stud.dat
1 16 -50 0 10 1 0 0 0 1 0 0 0 1 stud.dat
1 16 -50 0 -10 1 0 0 0 1 0 0 0 1 stud.dat
1 16 -30 0 -30 1 0 0 0 1 0 0 0 1 stud.dat
1 16 -10 0 -30 1 0 0 0 1 0 0 0 1 stud.dat
1 16 -10 0 -50 1 0 0 0 1 0 0 0 1 stud.dat
0
0 Thanks James
0
