0 Plate  2 x  2 Round with Wheel Holder
0 Name: 2655.dat
0 Author: James Jessiman
0 Original LDraw Part - LDraw beta 0.27 Archive

 1 16 10 0 10 1 0 0 0 1 0 0 0 1 stud2.dat
 1 16 -10 0 10 1 0 0 0 1 0 0 0 1 stud2.dat
 1 16 10 0 -10 1 0 0 0 1 0 0 0 1 stud2.dat
 1 16 -10 0 -10 1 0 0 0 1 0 0 0 1 stud2.dat

 1 16 0 4 0 20 0 0 0 0 0 0 0 20 4-4edge.dat
 1 16 0 0 0 20 0 0 0 0 0 0 0 20 4-4edge.dat

 1 16 12 14 0 0 0 0 0 0 -2 2 0 0 2-4edge.dat
 1 16 8 14 0 0 0 0 0 0 -2 2 0 0 2-4edge.dat
 1 16 -8 14 0 0 0 0 0 0 -2 2 0 0 2-4edge.dat
 1 16 -12 14 0 0 0 0 0 0 -2 2 0 0 2-4edge.dat

 2 24 12 14 2 12 16 2
 2 24 8 14 2 8 16 2
 2 24 -8 14 2 -8 16 2
 2 24 -12 14 2 -12 16 2
 2 24 12 14 -2 12 16 -2
 2 24 8 14 -2 8 16 -2
 2 24 -8 14 -2 -8 16 -2
 2 24 -12 14 -2 -12 16 -2

 1 16 12 16 4 0 0 0 0 0 2 2 0 0 2-4edge.dat
 1 16 8 16 4 0 0 0 0 0 2 2 0 0 2-4edge.dat
 1 16 -8 16 4 0 0 0 0 0 2 2 0 0 2-4edge.dat
 1 16 -12 16 4 0 0 0 0 0 2 2 0 0 2-4edge.dat
 1 16 12 16 -4 0 0 0 0 0 2 2 0 0 2-4edge.dat
 1 16 8 16 -4 0 0 0 0 0 2 2 0 0 2-4edge.dat
 1 16 -8 16 -4 0 0 0 0 0 2 2 0 0 2-4edge.dat
 1 16 -12 16 -4 0 0 0 0 0 2 2 0 0 2-4edge.dat

 2 24 12 4 8 12 16 6
 2 24 8 4 8 8 16 6
 2 24 -8 4 8 -8 16 6
 2 24 -12 4 8 -12 16 6
 2 24 12 4 -8 12 16 -6
 2 24 8 4 -8 8 16 -6
 2 24 -8 4 -8 -8 16 -6
 2 24 -12 4 -8 -12 16 -6

 2 24 12 4 8 12 4 -8
 2 24 8 4 8 8 4 -8
 2 24 -8 4 8 -8 4 -8
 2 24 -12 4 8 -12 4 -8

 2 24 12 4 8 8 4 8
 2 24 -12 4 8 -8 4 8
 2 24 12 4 -8 8 4 -8
 2 24 -12 4 -8 -8 4 -8

 1 16 12 14 0 0 0 0 0 0 -2 2 0 0 2-4ndis.dat
 1 16 8 14 0 0 0 0 0 0 -2 2 0 0 2-4ndis.dat
 1 16 -8 14 0 0 0 0 0 0 -2 2 0 0 2-4ndis.dat
 1 16 -12 14 0 0 0 0 0 0 -2 2 0 0 2-4ndis.dat
 1 16 12 16 4 0 0 0 0 0 2 2 0 0 2-4disc.dat
 1 16 8 16 4 0 0 0 0 0 2 2 0 0 2-4disc.dat
 1 16 -8 16 4 0 0 0 0 0 2 2 0 0 2-4disc.dat
 1 16 -12 16 4 0 0 0 0 0 2 2 0 0 2-4disc.dat
 1 16 12 16 -4 0 0 0 0 0 2 2 0 0 2-4disc.dat
 1 16 8 16 -4 0 0 0 0 0 2 2 0 0 2-4disc.dat
 1 16 -8 16 -4 0 0 0 0 0 2 2 0 0 2-4disc.dat
 1 16 -12 16 -4 0 0 0 0 0 2 2 0 0 2-4disc.dat

 1 16 12 14 0 0 -4 0 0 0 -2 2 0 0 2-4cyli.dat
 1 16 -12 14 0 0 4 0 0 0 -2 2 0 0 2-4cyli.dat
 1 16 12 16 4 0 -4 0 0 0 2 2 0 0 2-4cyli.dat
 1 16 -12 16 4 0 4 0 0 0 2 2 0 0 2-4cyli.dat
 1 16 12 16 -4 0 -4 0 0 0 2 2 0 0 2-4cyli.dat
 1 16 -12 16 -4 0 4 0 0 0 2 2 0 0 2-4cyli.dat

 4 16 12 16 2 12 14 2 8 14 2 8 16 2
 4 16 -12 16 2 -12 14 2 -8 14 2 -8 16 2
 4 16 12 16 -2 12 14 -2 8 14 -2 8 16 -2
 4 16 -12 16 -2 -12 14 -2 -8 14 -2 -8 16 -2

 4 16  12 4  8  12 16  6  12 16  2  12 12  2
 4 16   8 4  8   8 16  6   8 16  2   8 12  2
 4 16  -8 4  8  -8 16  6  -8 16  2  -8 12  2
 4 16 -12 4  8 -12 16  6 -12 16  2 -12 12  2
 4 16  12 4 -8  12 16 -6  12 16 -2  12 12 -2
 4 16   8 4 -8   8 16 -6   8 16 -2   8 12 -2
 4 16  -8 4 -8  -8 16 -6  -8 16 -2  -8 12 -2
 4 16 -12 4 -8 -12 16 -6 -12 16 -2 -12 12 -2

 4 16 12 4 8 12 12 2 12 12 -2 12 4 -8
 4 16 8 4 8 8 12 2 8 12 -2 8 4 -8
 4 16 -8 4 8 -8 12 2 -8 12 -2 -8 4 -8
 4 16 -12 4 8 -12 12 2 -12 12 -2 -12 4 -8

 4 16 12 4 8 12 16 6 8 16 6 8 4 8
 4 16 -12 4 8 -12 16 6 -8 16 6 -8 4 8
 4 16 12 4 -8 12 16 -6 8 16 -6 8 4 -8
 4 16 -12 4 -8 -12 16 -6 -8 16 -6 -8 4 -8

 1 16 0 4 0 20 0 0 0 0 0 0 0 20 4-4disc.dat
 1 16 0 0 0 20 0 0 0 0 0 0 0 20 4-4disc.dat
 1 16 0 0 0 20 0 0 0 4 0 0 0 20 4-4cyli.dat











