0 Technic Ski
0 Name: 2713.dat
0 Author: Thomas Burger
0 Official LCad update 98-02

2 24 20 0 10 20 8 10
2 24 20 0 10 25 0 10
2 24 25 0 10 25 8 10
2 24 25 8 10 120 8 10
2 24 20 8 10 -100 8 10
2 24 -100 8 10 -100 12 10
2 24 -100 12 10 120 12 10
0
2 24 20 0 -10 20 8 -10
2 24 20 0 -10 25 0 -10
2 24 25 0 -10 25 8 -10
2 24 25 8 -10 120 8 -10
2 24 153.15 -5.36 0 155.44 -2.09 0
2 24 20 8 -10 -100 8 -10
2 24 -100 8 -10 -100 12 -10
2 24 -100 12 -10 120 12 -10
0
2 24 20 8 -10 20 8 10
2 24 -100 8 -10 -100 8 10
2 24 25 0 -10 25 0 10
2 24 25 8 -10 35 8 -5
2 24 35 8 -5 35 8 5
2 24 35 8 5 25 8 10
3 16 35 8 -10 25 8 -10 35 8 -5
3 16 35 8 5 25 8 10 35 8 10
2 24 35 8 5 25 8 10
2 24 35 8 -5 25 8 -10
2 24 20 0 -10 20 0 10
2 24 -100 12 -10 -100 12 10
2 24 25 0 -10 35 8 -5
2 24 25 0 10 35 8 5
1 16 -10 8 0 1 0 0 0 1 0 0 0 1 stud2.DAT
1 16 10 8 0 1 0 0 0 1 0 0 0 1 stud2.DAT
0
4 16 -100 8 -10 -100 8 10 -100 12 -10 -100 12 10
4 16 35 8 5 25 8 10 25 0 10 25 8 10
4 16 25 0 -10 25 8 -10 25 8 -10 35 8 -5
4 16 25 0 -10 25 0 10 35 8 -5 35 8 5
4 16 35 8 -10 35 8 10 120 8 -10 120 8 10
4 16 -100 8 10 -100 8 -10 20 8 10 20 8 -10
4 16 20 8 10 20 8 -10 20 0 10 20 0 -10
4 16 20 0 -10 20 0 10 25 0 -10 25 0 10
4 16 -100 12 10 -100 12 -10 120 12 10 120 12 -10
4 16 25 0 10 25 8 10 20 0 10 20 8 10
4 16 120 8 -10 120 12 -10 -100 8 -10 -100 12 -10
4 16 20 0 -10 20 8 -10 25 0 -10 25 8 -10
4 16 -100 8 10 -100 12 10 120 8 10 120 12 10
0 ski front
2 24 120 12 -10 136 10 -7.5
2 24 136 10 -7.5 148 6 -3.5
2 24 148 6 -3.5 156 -2 0
2 24 120 12 10 136 10 7.5
2 24 136 10 7.5 148 6 3.5
2 24 148 6 3.5 156 -2 0
4 16 120 12 -10 136 10 -7.5 120 12 10 136 10 7.5
4 16 136 10 -7.5 148 6 -3.5 136 10 7.5 148 6 3.5
4 16 148 6 -3.5 156 -2 0 148 6 3.5 156 -2 0
0 ski top
2 24 119 8 -10 134 6 -7.5
2 24 134 6 -7.5 146 2 -3.5
2 24 146 2 -3.5 153 -6 0
2 24 119 8 10 134 6 7.5
2 24 134 6 7.5 146 2 3.5
2 24 146 2 3.5 153 -6 0
4 16 119 8 -10 134 6 -7.5 119 8 10 135 6 7.5
4 16 134 6 -7.5 146 2 -3.5 134 6 7.5 146 2 3.5
4 16 146 2 -3.5 153 -6 0 146 2 3.5 153 -6 0
0
4 16 120 12 -10 136 10 -7.5 119 8 -10 134 6 -7.5
4 16 136 10 -7.5 148 6 -3.5 134 6 -7.5 146 2 -3.5
4 16 148 6 -3.5 156 -2 0 146 2 -3.5 153 -6 0
4 16 120 12 10 136 10 7.5 119 8 10 134 6 7.5
4 16 136 10 7.5 148 6 3.5 134 6 7.5 146 2 3.5
4 16 148 6 3.5 156 -2 0 146 2 3.5 153 -6 0
