0 Technic Ski Pole
0 Name: 2714.dat
0 Author: Kevin M Bane 6/18/99
0 Official LCad update 99-06

1 16 -80 0 0 0 1 0 0 0 1 1 0 0 connect.dat
1 16 -80 0 0 0 2 0 8 0 0 0 0 8 4-4cyli.dat
1 16 -78 0 0 0 0 0 8 0 0 0 0 8 4-4edge.dat

4 16 -78 0 6 -78 -2.3 5.54 -78 -3.06 7.39 -78 0 8
4 16 -78 -2.3 5.54 -78 -4.24 4.24 -78 -5.66 5.66 -78 -3.06 7.39
4 16 -78 -4.24 4.24 -78 -5.54 2.3 -78 -7.39 3.06 -78 -5.66 5.66
4 16 -78 -5.54 2.3 -78 -6 0 -78 -8 0 -78 -7.39 3.06
4 16 -78 -6 0 -78 -5.54 -2.3 -78 -7.39 -3.06 -78 -8 0
4 16 -78 -5.54 -2.3 -78 -4.24 -4.24 -78 -5.66 -5.66 -78 -7.39 -3.06
4 16 -78 -4.24 -4.24 -78 -2.3 -5.54 -78 -3.06 -7.39 -78 -5.66 -5.66
4 16 -78 -2.3 -5.54 -78 0 -6 -78 0 -8 -78 -3.06 -7.39
4 16 -78 0 -6 -78 2.3 -5.54 -78 3.06 -7.39 -78 0 -8
4 16 -78 2.3 -5.54 -78 4.24 -4.24 -78 5.66 -5.66 -78 3.06 -7.39
4 16 -78 4.24 -4.24 -78 5.54 -2.3 -78 7.39 -3.06 -78 5.66 -5.66
4 16 -78 5.54 -2.3 -78 6 0 -78 8 0 -78 7.39 -3.06
4 16 -78 6 0 -78 5.54 2.3 -78 7.39 3.06 -78 8 0
4 16 -78 5.54 2.3 -78 4.24 4.24 -78 5.66 5.66 -78 7.39 3.06
4 16 -78 4.24 4.24 -78 2.3 5.54 -78 3.06 7.39 -78 5.66 5.66
4 16 -78 2.3 5.54 -78 0 6 -78 0 8 -78 3.06 7.39
1 16 -78 0 0 0 0 0 6 0 0 0 0 6 4-4edge.dat

1 16 -78 0 0 0 2 0 0 0 6 6 0 0 4-4cyli.dat
1 16 -76 0 0 0 0 0 0 0 6 6 0 0 4-4edge.dat
1 16 -76 0 0 0 1 0 -2 0 0 0 0 2 1-4con2.dat
1 16 -76 0 0 0 1 0 0 0 -2 -2 0 0 1-4con2.dat
1 16 -76 0 0 0 1 0 2 0 0 0 0 -2 1-4con2.dat
1 16 -76 0 0 0 1 0 0 0 2 2 0 0 1-4con2.dat
1 16 -75 0 0 0 0 0 0 0 4 4 0 0 4-4edge.dat

1 16 -80 0 0 0 140 0 4 0 0 0 0 4 4-4cyli.dat
1 16 -80 0 0 0 0 0 4 0 0 0 0 4 4-4edge.dat
1 16 -80 0 0 0 0 0 4 0 0 0 0 4 4-4disc.dat
1 16 60 0 0 0 3 0 4 0 0 0 0 4 4-8sphe.dat

2 24 42 0 -9 42 3.44 -8.31
2 24 42 3.44 -8.31 42 4.55 -7.57
2 24 42 4.55 -7.57 42 5.76 -5.76
2 24 42 5.76 -5.76 42 7.57 -4.55
2 24 42 7.57 -4.55 42 8.31 -3.44
2 24 42 8.31 -3.44 42 9 0
2 24 42 0 9 42 3.44 8.31
2 24 42 3.44 8.31 42 4.55 7.57
2 24 42 4.55 7.57 42 5.76 5.76
2 24 42 5.76 5.76 42 7.57 4.55
2 24 42 7.57 4.55 42 8.31 3.44
2 24 42 8.31 3.44 42 9 0
2 24 42 0 -9 42 -3.44 -8.31
2 24 42 -3.44 -8.31 42 -4.55 -7.57
2 24 42 -4.55 -7.57 42 -5.76 -5.76
2 24 42 -5.76 -5.76 42 -7.57 -4.55
2 24 42 -7.57 -4.55 42 -8.31 -3.44
2 24 42 -8.31 -3.44 42 -9 0
2 24 42 0 9 42 -3.44 8.31
2 24 42 -3.44 8.31 42 -4.55 7.57
2 24 42 -4.55 7.57 42 -5.76 5.76
2 24 42 -5.76 5.76 42 -7.57 4.55
2 24 42 -7.57 4.55 42 -8.31 3.44
2 24 42 -8.31 3.44 42 -9 0
2 24 39 0 -9 39 3.44 -8.31
2 24 39 3.44 -8.31 39 4.55 -7.57
2 24 39 4.55 -7.57 38.57 5.76 -5.76
2 24 38.57 5.76 -5.76 39 7.57 -4.55
2 24 39 7.57 -4.55 39 8.31 -3.44
2 24 39 8.31 -3.44 39 9 0
2 24 39 0 9 39 3.44 8.31
2 24 39 3.44 8.31 39 4.55 7.57
2 24 39 4.55 7.57 38.57 5.76 5.76
2 24 38.57 5.76 5.76 39 7.57 4.55
2 24 39 7.57 4.55 39 8.31 3.44
2 24 39 8.31 3.44 39 9 0
2 24 39 0 -9 39 -3.44 -8.31
2 24 39 -3.44 -8.31 39 -4.55 -7.57
2 24 39 -4.55 -7.57 38.57 -5.76 -5.76
2 24 38.57 -5.76 -5.76 39 -7.57 -4.55
2 24 39 -7.57 -4.55 39 -8.31 -3.44
2 24 39 -8.31 -3.44 39 -9 0
2 24 39 0 9 39 -3.44 8.31
2 24 39 -3.44 8.31 39 -4.55 7.57
2 24 39 -4.55 7.57 38.57 -5.76 5.76
2 24 38.57 -5.76 5.76 39 -7.57 4.55
2 24 39 -7.57 4.55 39 -8.31 3.44
2 24 39 -8.31 3.44 39 -9 0
2 24 42 4.55 -7.57 39 4.55 -7.57
2 24 42 7.57 -4.55 39 7.57 -4.55
2 24 42 4.55 7.57 39 4.55 7.57
2 24 42 7.57 4.55 39 7.57 4.55
2 24 42 -4.55 -7.57 39 -4.55 -7.57
2 24 42 -7.57 -4.55 39 -7.57 -4.55
2 24 42 -4.55 7.57 39 -4.55 7.57
2 24 42 -7.57 4.55 39 -7.57 4.55
4 16 42 2.3 -5.54 42 3.44 -8.31 42 4.55 -7.57 42 4.24 -4.24
4 16 42 5.54 -2.3 42 8.31 -3.44 42 7.57 -4.55 42 4.24 -4.24
3 16 42 4.55 -7.57 42 5.76 -5.76 42 4.24 -4.24
3 16 42 7.57 -4.55 42 5.76 -5.76 42 4.24 -4.24
4 16 42 2.3 5.54 42 3.44 8.31 42 4.55 7.57 42 4.24 4.24
4 16 42 5.54 2.3 42 8.31 3.44 42 7.57 4.55 42 4.24 4.24
3 16 42 4.55 7.57 42 5.76 5.76 42 4.24 4.24
3 16 42 7.57 4.55 42 5.76 5.76 42 4.24 4.24
4 16 42 -2.3 -5.54 42 -3.44 -8.31 42 -4.55 -7.57 42 -4.24 -4.24
4 16 42 -5.54 -2.3 42 -8.31 -3.44 42 -7.57 -4.55 42 -4.24 -4.24
3 16 42 -4.55 -7.57 42 -5.76 -5.76 42 -4.24 -4.24
3 16 42 -7.57 -4.55 42 -5.76 -5.76 42 -4.24 -4.24
4 16 42 -2.3 5.54 42 -3.44 8.31 42 -4.55 7.57 42 -4.24 4.24
4 16 42 -5.54 2.3 42 -8.31 3.44 42 -7.57 4.55 42 -4.24 4.24
3 16 42 -4.55 7.57 42 -5.76 5.76 42 -4.24 4.24
3 16 42 -7.57 4.55 42 -5.76 5.76 42 -4.24 4.24
4 16 38 2.68 -6.47 39 3.44 -8.31 39 4.55 -7.57 38 4.95 -4.95
4 16 38 6.47 -2.68 39 8.31 -3.44 39 7.57 -4.55 38 4.95 -4.95
3 16 39 4.55 -7.57 38.57 5.76 -5.76 38 4.95 -4.95
3 16 39 7.57 -4.55 38.57 5.76 -5.76 38 4.95 -4.95
4 16 38 2.68 6.47 39 3.44 8.31 39 4.55 7.57 38 4.95 4.95
4 16 38 6.47 2.68 39 8.31 3.44 39 7.57 4.55 38 4.95 4.95
3 16 39 4.55 7.57 38.57 5.76 5.76 38 4.95 4.95
3 16 39 7.57 4.55 38.57 5.76 5.76 38 4.95 4.95
4 16 38 -2.68 -6.47 39 -3.44 -8.31 39 -4.55 -7.57 38 -4.95 -4.95
4 16 38 -6.47 -2.68 39 -8.31 -3.44 39 -7.57 -4.55 38 -4.95 -4.95
3 16 39 -4.55 -7.57 38.57 -5.76 -5.76 38 -4.95 -4.95
3 16 39 -7.57 -4.55 38.57 -5.76 -5.76 38 -4.95 -4.95
4 16 38 -2.68 6.47 39 -3.44 8.31 39 -4.55 7.57 38 -4.95 4.95
4 16 38 -6.47 2.68 39 -8.31 3.44 39 -7.57 4.55 38 -4.95 4.95
3 16 39 -4.55 7.57 38.57 -5.76 5.76 38 -4.95 4.95
3 16 39 -7.57 4.55 38.57 -5.76 5.76 38 -4.95 4.95
4 16 42 0 -9 42 3.44 -8.31 39 3.44 -8.31 39 0 -9
4 16 42 3.44 -8.31 42 4.55 -7.57 39 4.55 -7.57 39 3.44 -8.31
4 16 42 4.55 -7.57 42 5.76 -5.76 38.57 5.76 -5.76 39 4.55 -7.57
4 16 42 5.76 -5.76 42 7.57 -4.55 39 7.57 -4.55 38.57 5.76 -5.76
4 16 42 7.57 -4.55 42 8.31 -3.44 39 8.31 -3.44 39 7.57 -4.55
4 16 42 8.31 -3.44 42 9 0 39 9 0 39 8.31 -3.44
4 16 42 0 9 42 3.44 8.31 39 3.44 8.31 39 0 9
4 16 42 3.44 8.31 42 4.55 7.57 39 4.55 7.57 39 3.44 8.31
4 16 42 4.55 7.57 42 5.76 5.76 38.57 5.76 5.76 39 4.55 7.57
4 16 42 5.76 5.76 42 7.57 4.55 39 7.57 4.55 38.57 5.76 5.76
4 16 42 7.57 4.55 42 8.31 3.44 39 8.31 3.44 39 7.57 4.55
4 16 42 8.31 3.44 42 9 0 39 9 0 39 8.31 3.44
4 16 42 0 -9 42 -3.44 -8.31 39 -3.44 -8.31 39 0 -9
4 16 42 -3.44 -8.31 42 -4.55 -7.57 39 -4.55 -7.57 39 -3.44 -8.31
4 16 42 -4.55 -7.57 42 -5.76 -5.76 38.57 -5.76 -5.76 39 -4.55 -7.57
4 16 42 -5.76 -5.76 42 -7.57 -4.55 39 -7.57 -4.55 38.57 -5.76 -5.76
4 16 42 -7.57 -4.55 42 -8.31 -3.44 39 -8.31 -3.44 39 -7.57 -4.55
4 16 42 -8.31 -3.44 42 -9 0 39 -9 0 39 -8.31 -3.44
4 16 42 0 9 42 -3.44 8.31 39 -3.44 8.31 39 0 9
4 16 42 -3.44 8.31 42 -4.55 7.57 39 -4.55 7.57 39 -3.44 8.31
4 16 42 -4.55 7.57 42 -5.76 5.76 38.57 -5.76 5.76 39 -4.55 7.57
4 16 42 -5.76 5.76 42 -7.57 4.55 39 -7.57 4.55 38.57 -5.76 5.76
4 16 42 -7.57 4.55 42 -8.31 3.44 39 -8.31 3.44 39 -7.57 4.55
4 16 42 -8.31 3.44 42 -9 0 39 -9 0 39 -8.31 3.44
4 16 38 0 -7 38 -2.68 -6.47 39 -3.44 -8.31 39 0 -9
4 16 38 0 -7 39 0 -9 38 -2.68 -6.47 38 2.68 -6.47
4 16 42 0 -6 42 -2.3 -5.54 42 -3.44 -8.31 42 0 -9
4 16 38 -2.68 -6.47 39 -3.44 -8.31 38 -4.95 -4.95 38 0 -7
4 16 38 -4.95 -4.95 38.57 -5.76 -5.76 38 -6.47 -2.68 38 -2.68 -6.47
4 16 38 -6.47 -2.68 38 -7 0 39 -9 0 39 -8.31 -3.44
4 16 38 -6.47 -2.68 39 -8.31 -3.44 38 -7 0 38 -4.95 -4.95
4 16 42 -5.54 -2.3 42 -6 0 42 -9 0 42 -8.31 -3.44
4 16 38 -7 0 38 -6.47 2.68 39 -8.31 3.44 39 -9 0
4 16 38 -7 0 39 -9 0 38 -6.47 2.68 38 -6.47 -2.68
4 16 42 -6 0 42 -5.54 2.3 42 -8.31 3.44 42 -9 0
4 16 38 -6.47 2.68 39 -8.31 3.44 38 -4.95 4.95 38 -7 0
4 16 38 -4.95 4.95 38.57 -5.76 5.76 38 -2.68 6.47 38 -6.47 2.68
4 16 38 -2.68 6.47 38 0 7 39 0 9 39 -3.44 8.31
4 16 38 -2.68 6.47 39 -3.44 8.31 38 0 7 38 -4.95 4.95
4 16 42 -2.3 5.54 42 0 6 42 0 9 42 -3.44 8.31
4 16 38 0 7 38 2.68 6.47 39 3.44 8.31 39 0 9
4 16 38 0 7 39 0 9 38 2.68 6.47 38 -2.68 6.47
4 16 42 0 6 42 2.3 5.54 42 3.44 8.31 42 0 9
4 16 38 2.68 6.47 39 3.44 8.31 38 4.95 4.95 38 0 7
4 16 38 4.95 4.95 38.57 5.76 5.76 38 6.47 2.68 38 2.68 6.47
4 16 38 6.47 2.68 38 7 0 39 9 0 39 8.31 3.44
4 16 38 6.47 2.68 39 8.31 3.44 38 7 0 38 4.95 4.95
4 16 42 5.54 2.3 42 6 0 42 9 0 42 8.31 3.44
4 16 38 7 0 38 6.47 -2.68 39 8.31 -3.44 39 9 0
4 16 38 7 0 39 9 0 38 6.47 -2.68 38 6.47 2.68
4 16 42 6 0 42 5.54 -2.3 42 8.31 -3.44 42 9 0
4 16 38 6.47 -2.68 39 8.31 -3.44 38 4.95 -4.95 38 7 0
4 16 38 4.95 -4.95 38.57 5.76 -5.76 38 2.68 -6.47 38 6.47 -2.68
4 16 38 2.68 -6.47 38 0 -7 39 0 -9 39 3.44 -8.31
4 16 38 2.68 -6.47 39 3.44 -8.31 38 0 -7 38 4.95 -4.95
4 16 42 2.3 -5.54 42 0 -6 42 0 -9 42 3.44 -8.31
1 16 42 0 0 0 0 0 7 0 0 0 0 7 4-4disc.dat
1 16 38 0 0 0 0 0 7 0 0 0 0 7 4-4disc.dat
0