0 Technic Steering Rack
0 Name: 2791.dat
0 Author: James Jessiman
0 Original LDraw Part - LDraw beta 0.27 Archive

 1 16 30 0 0 0 0 0 10 0 0 0 0 10 4-4edge.dat
 1 16 27 0 0 0 0 0 10 0 0 0 0 10 4-4edge.dat
 1 16 25 0 0 0 0 0 4 0 0 0 0 4 4-4edge.dat
 1 16 23 0 0 0 0 0 4 0 0 0 0 4 4-4edge.dat
 1 16 21 0 0 0 0 0 10 0 0 0 0 10 4-4edge.dat
 1 16 19 0 0 0 0 0 10 0 0 0 0 10 4-4edge.dat
 1 16 17 0 0 0 0 0 4 0 0 0 0 4 4-4edge.dat
 1 16 15 0 0 0 0 0 4 0 0 0 0 4 4-4edge.dat
 1 16 13 0 0 0 0 0 10 0 0 0 0 10 4-4edge.dat
 1 16 11 0 0 0 0 0 10 0 0 0 0 10 4-4edge.dat
 1 16 9 0 0 0 0 0 4 0 0 0 0 4 4-4edge.dat
 1 16 7 0 0 0 0 0 4 0 0 0 0 4 4-4edge.dat
 1 16 5 0 0 0 0 0 10 0 0 0 0 10 4-4edge.dat
 1 16 3 0 0 0 0 0 10 0 0 0 0 10 4-4edge.dat
 1 16 1 0 0 0 0 0 4 0 0 0 0 4 4-4edge.dat
 1 16 -1 0 0 0 0 0 4 0 0 0 0 4 4-4edge.dat
 1 16 -3 0 0 0 0 0 10 0 0 0 0 10 4-4edge.dat
 1 16 -5 0 0 0 0 0 10 0 0 0 0 10 4-4edge.dat
 1 16 -7 0 0 0 0 0 4 0 0 0 0 4 4-4edge.dat
 1 16 -9 0 0 0 0 0 4 0 0 0 0 4 4-4edge.dat
 1 16 -11 0 0 0 0 0 10 0 0 0 0 10 4-4edge.dat
 1 16 -13 0 0 0 0 0 10 0 0 0 0 10 4-4edge.dat
 1 16 -15 0 0 0 0 0 4 0 0 0 0 4 4-4edge.dat
 1 16 -17 0 0 0 0 0 4 0 0 0 0 4 4-4edge.dat
 1 16 -19 0 0 0 0 0 10 0 0 0 0 10 4-4edge.dat
 1 16 -21 0 0 0 0 0 10 0 0 0 0 10 4-4edge.dat
 1 16 -23 0 0 0 0 0 4 0 0 0 0 4 4-4edge.dat
 1 16 -25 0 0 0 0 0 4 0 0 0 0 4 4-4edge.dat
 1 16 -27 0 0 0 0 0 10 0 0 0 0 10 4-4edge.dat
 1 16 -30 0 0 0 0 0 10 0 0 0 0 10 4-4edge.dat
0
 1 16 30 0 0 0 0 0 10 0 0 0 0 10 4-4disc.dat
 1 16 -30 0 0 0 0 0 10 0 0 0 0 10 4-4disc.dat
0
 1 16 30 0 0 0 -3 0 10 0 0 0 0 10 4-4cyli.dat
 1 16 21 0 0 0 -2 0 10 0 0 0 0 10 4-4cyli.dat
 1 16 13 0 0 0 -2 0 10 0 0 0 0 10 4-4cyli.dat
 1 16 5 0 0 0 -2 0 10 0 0 0 0 10 4-4cyli.dat
 1 16 -5 0 0 0 2 0 10 0 0 0 0 10 4-4cyli.dat
 1 16 -13 0 0 0 2 0 10 0 0 0 0 10 4-4cyli.dat
 1 16 -21 0 0 0 2 0 10 0 0 0 0 10 4-4cyli.dat
 1 16 -30 0 0 0 3 0 10 0 0 0 0 10 4-4cyli.dat
0
 1 16 25 0 0 0 -2 0 4 0 0 0 0 4 4-4cyli.dat
 1 16 17 0 0 0 -2 0 4 0 0 0 0 4 4-4cyli.dat
 1 16 9 0 0 0 -2 0 4 0 0 0 0 4 4-4cyli.dat
 1 16 1 0 0 0 -2 0 4 0 0 0 0 4 4-4cyli.dat
 1 16 -9 0 0 0 2 0 4 0 0 0 0 4 4-4cyli.dat
 1 16 -17 0 0 0 2 0 4 0 0 0 0 4 4-4cyli.dat
 1 16 -25 0 0 0 2 0 4 0 0 0 0 4 4-4cyli.dat
0
 1 16 70 10 0 6 0 0 0 0 0 0 0 6 4-4edge.dat
 1 16 -70 10 0 6 0 0 0 0 0 0 0 6 4-4edge.dat
 1 16 70 18 0 6 0 0 0 0 0 0 0 6 4-4edge.dat
 1 16 -70 18 0 6 0 0 0 0 0 0 0 6 4-4edge.dat
 1 16 70 10 0 10 0 0 0 0 0 0 0 10 4-4edge.dat
 1 16 -70 10 0 10 0 0 0 0 0 0 0 10 4-4edge.dat
 1 16 70 18 0 10 0 0 0 0 0 0 0 10 4-4edge.dat
 1 16 -70 18 0 10 0 0 0 0 0 0 0 10 4-4edge.dat
0
 1 16 70 10 0 6 0 0 0 8 0 0 0 6 4-4cyli.dat
 1 16 -70 10 0 6 0 0 0 8 0 0 0 6 4-4cyli.dat
 1 16 70 10 0 10 0 0 0 8 0 0 0 10 4-4cyli.dat
 1 16 -70 10 0 10 0 0 0 8 0 0 0 10 4-4cyli.dat
0
 2 24 60 10 4 30 -8 4
 2 24 -60 10 4 -30 -8 4
 2 24 60 10 -4 30 -8 -4
 2 24 -60 10 -4 -30 -8 -4
 2 24 30 8 4 40 8 4
 2 24 -30 8 4 -40 8 4
 2 24 30 8 -4 40 8 -4
 2 24 -30 8 -4 -40 8 -4
 2 24 40 8 4 60 18 4
 2 24 -40 8 4 -60 18 4
 2 24 40 8 -4 60 18 -4
 2 24 -40 8 -4 -60 18 -4

 2 24 60 10 4 60 10 -4
 2 24 55  7 4 55  7 -4
 2 24 50  4 4 50  4 -4
 2 24 45  1 4 45  1 -4
 2 24 40 -2 4 40 -2 -4
 2 24 35 -5 4 35 -5 -4
 2 24 30 -8 4 30 -8 -4
 2 24 -60 10 4 -60 10 -4
 2 24 -55  7 4 -55  7 -4
 2 24 -50  4 4 -50  4 -4
 2 24 -45  1 4 -45  1 -4
 2 24 -40 -2 4 -40 -2 -4
 2 24 -35 -5 4 -35 -5 -4
 2 24 -30 -8 4 -30 -8 -4

 2 24 60 18   4 60 18   -4
 2 24 55 15.5 4 55 15.5 -4
 2 24 50 13   4 50 13   -4
 2 24 45 10.5 4 45 10.5 -4
 2 24 40  8   4 40  8   -4
 2 24 35  8   4 35  8   -4
 2 24 30  8   4 30  8   -4
 2 24 -60 18   4 -60 18   -4
 2 24 -55 15.5 4 -55 15.5 -4
 2 24 -50 13   4 -50 13   -4
 2 24 -45 10.5 4 -45 10.5 -4
 2 24 -40  8   4 -40  8   -4
 2 24 -35  8   4 -35  8   -4
 2 24 -30  8   4 -30  8   -4

 2 24 60 10 4 60 18   4
 2 24 55  7 4 55 15.5 4
 2 24 50  4 4 50 13   4
 2 24 45  1 4 45 10.5 4
 2 24 40 -2 4 40  8   4
 2 24 35 -5 4 35  8   4
 2 24 30 -8 4 30  8   4
 2 24 -60 10 4 -60 18   4
 2 24 -55  7 4 -55 15.5 4
 2 24 -50  4 4 -50 13   4
 2 24 -45  1 4 -45 10.5 4
 2 24 -40 -2 4 -40  8   4
 2 24 -35 -5 4 -35  8   4
 2 24 -30 -8 4 -30  8   4
 2 24 60 10 -4 60 18   -4
 2 24 55  7 -4 55 15.5 -4
 2 24 50  4 -4 50 13   -4
 2 24 45  1 -4 45 10.5 -4
 2 24 40 -2 -4 40  8   -4
 2 24 35 -5 -4 35  8   -4
 2 24 30 -8 -4 30  8   -4
 2 24 -60 10 -4 -60 18   -4
 2 24 -55  7 -4 -55 15.5 -4
 2 24 -50  4 -4 -50 13   -4
 2 24 -45  1 -4 -45 10.5 -4
 2 24 -40 -2 -4 -40  8   -4
 2 24 -35 -5 -4 -35  8   -4
 2 24 -30 -8 -4 -30  8   -4

 4 16 60 10 4 30 -8 4 30 -8 -4 60 10 -4
 4 16 -60 10 4 -30 -8 4 -30 -8 -4 -60 10 -4

 4 16 60 18 4 40 8 4 40 8 -4 60 18 -4
 4 16 -60 18 4 -40 8 4 -40 8 -4 -60 18 -4
 4 16 40 8 4 30 8 4 30 8 -4 40 8 -4
 4 16 -40 8 4 -30 8 4 -30 8 -4 -40 8 -4

 4 16 60 18 4 60 10 4 30 -8 4 40 8 4
 4 16 -60 18 4 -60 10 4 -30 -8 4 -40 8 4
 4 16 60 18 -4 60 10 -4 30 -8 -4 40 8 -4
 4 16 -60 18 -4 -60 10 -4 -30 -8 -4 -40 8 -4
 3 16 40 8 4 30 -8 4 30 8 4
 3 16 -40 8 4 -30 -8 4 -30 8 4
 3 16 40 8 -4 30 -8 -4 30 8 -4
 3 16 -40 8 -4 -30 -8 -4 -30 8 -4

 4 16 70 10 6 67.70 10 5.54 66.17 10 9.24 70 10 10
 4 16 -70 10 6 -72.30 10 5.54 -73.83 10 9.24 -70 10 10
 4 16 70 18 6 67.70 18 5.54 66.17 18 9.24 70 18 10
 4 16 -70 18 6 -72.30 18 5.54 -73.83 18 9.24 -70 18 10
 4 16 1 0 4 1 -1.53 3.70 3 -3.83 9.24 3 0 10
 5 24 1 0 4 3 0 10 1 -1.53 3.70 1 1.53 3.70
 4 16 -1 0 4 -1 -1.53 3.70 -3 -3.83 9.24 -3 0 10
 5 24 -1 0 4 -3 0 10 -1 -1.53 3.70 -1 1.53 3.70
 4 16 7 0 4 7 -1.53 3.70 5 -3.83 9.24 5 0 10
 5 24 7 0 4 5 0 10 7 -1.53 3.70 7 1.53 3.70
 4 16 -7 0 4 -7 -1.53 3.70 -5 -3.83 9.24 -5 0 10
 5 24 -7 0 4 -5 0 10 -7 -1.53 3.70 -7 1.53 3.70
 4 16 9 0 4 9 -1.53 3.70 11 -3.83 9.24 11 0 10
 5 24 9 0 4 11 0 10 9 -1.53 3.70 9 1.53 3.70
 4 16 -9 0 4 -9 -1.53 3.70 -11 -3.83 9.24 -11 0 10
 5 24 -9 0 4 -11 0 10 -9 -1.53 3.70 -9 1.53 3.70
 4 16 15 0 4 15 -1.53 3.70 13 -3.83 9.24 13 0 10
 5 24 15 0 4 13 0 10 15 -1.53 3.70 15 1.53 3.70
 4 16 -15 0 4 -15 -1.53 3.70 -13 -3.83 9.24 -13 0 10
 5 24 -15 0 4 -13 0 10 -15 -1.53 3.70 -15 1.53 3.70
 4 16 17 0 4 17 -1.53 3.70 19 -3.83 9.24 19 0 10
 5 24 17 0 4 19 0 10 17 -1.53 3.70 17 1.53 3.70
 4 16 -17 0 4 -17 -1.53 3.70 -19 -3.83 9.24 -19 0 10
 5 24 -17 0 4 -19 0 10 -17 -1.53 3.70 -17 1.53 3.70
 4 16 23 0 4 23 -1.53 3.70 21 -3.83 9.24 21 0 10
 5 24 23 0 4 21 0 10 23 -1.53 3.70 23 1.53 3.70
 4 16 -23 0 4 -23 -1.53 3.70 -21 -3.83 9.24 -21 0 10
 5 24 -23 0 4 -21 0 10 -23 -1.53 3.70 -23 1.53 3.70
 4 16 25 0 4 25 -1.53 3.70 27 -3.83 9.24 27 0 10
 5 24 25 0 4 27 0 10 25 -1.53 3.70 25 1.53 3.70
 4 16 -25 0 4 -25 -1.53 3.70 -27 -3.83 9.24 -27 0 10
 5 24 -25 0 4 -27 0 10 -25 -1.53 3.70 -25 1.53 3.70
 4 16 67.70 10 5.54 65.76 10 4.24 62.93 10 7.07 66.17 10 9.24
 4 16 -72.30 10 5.54 -74.24 10 4.24 -77.07 10 7.07 -73.83 10 9.24
 4 16 67.70 18 5.54 65.76 18 4.24 62.93 18 7.07 66.17 18 9.24
 4 16 -72.30 18 5.54 -74.24 18 4.24 -77.07 18 7.07 -73.83 18 9.24
 4 16 1 -1.53 3.70 1 -2.83 2.83 3 -7.07 7.07 3 -3.83 9.24
 5 24 1 -1.53 3.70 3 -3.83 9.24 1 -2.83 2.83 1 0 4
 4 16 -1 -1.53 3.70 -1 -2.83 2.83 -3 -7.07 7.07 -3 -3.83 9.24
 5 24 -1 -1.53 3.70 -3 -3.83 9.24 -1 -2.83 2.83 -1 0 4
 4 16 7 -1.53 3.70 7 -2.83 2.83 5 -7.07 7.07 5 -3.83 9.24
 5 24 7 -1.53 3.70 5 -3.83 9.24 7 -2.83 2.83 7 0 4
 4 16 -7 -1.53 3.70 -7 -2.83 2.83 -5 -7.07 7.07 -5 -3.83 9.24
 5 24 -7 -1.53 3.70 -5 -3.83 9.24 -7 -2.83 2.83 -7 0 4
 4 16 9 -1.53 3.70 9 -2.83 2.83 11 -7.07 7.07 11 -3.83 9.24
 5 24 9 -1.53 3.70 11 -3.83 9.24 9 -2.83 2.83 9 0 4
 4 16 -9 -1.53 3.70 -9 -2.83 2.83 -11 -7.07 7.07 -11 -3.83 9.24
 5 24 -9 -1.53 3.70 -11 -3.83 9.24 -9 -2.83 2.83 -9 0 4
 4 16 15 -1.53 3.70 15 -2.83 2.83 13 -7.07 7.07 13 -3.83 9.24
 5 24 15 -1.53 3.70 13 -3.83 9.24 15 -2.83 2.83 15 0 4
 4 16 -15 -1.53 3.70 -15 -2.83 2.83 -13 -7.07 7.07 -13 -3.83 9.24
 5 24 -15 -1.53 3.70 -13 -3.83 9.24 -15 -2.83 2.83 -15 0 4
 4 16 17 -1.53 3.70 17 -2.83 2.83 19 -7.07 7.07 19 -3.83 9.24
 5 24 17 -1.53 3.70 19 -3.83 9.24 17 -2.83 2.83 17 0 4
 4 16 -17 -1.53 3.70 -17 -2.83 2.83 -19 -7.07 7.07 -19 -3.83 9.24
 5 24 -17 -1.53 3.70 -19 -3.83 9.24 -17 -2.83 2.83 -17 0 4
 4 16 23 -1.53 3.70 23 -2.83 2.83 21 -7.07 7.07 21 -3.83 9.24
 5 24 23 -1.53 3.70 21 -3.83 9.24 23 -2.83 2.83 23 0 4
 4 16 -23 -1.53 3.70 -23 -2.83 2.83 -21 -7.07 7.07 -21 -3.83 9.24
 5 24 -23 -1.53 3.70 -21 -3.83 9.24 -23 -2.83 2.83 -23 0 4
 4 16 25 -1.53 3.70 25 -2.83 2.83 27 -7.07 7.07 27 -3.83 9.24
 5 24 25 -1.53 3.70 27 -3.83 9.24 25 -2.83 2.83 25 0 4
 4 16 -25 -1.53 3.70 -25 -2.83 2.83 -27 -7.07 7.07 -27 -3.83 9.24
 5 24 -25 -1.53 3.70 -27 -3.83 9.24 -25 -2.83 2.83 -25 0 4
 4 16 65.76 10 4.24 64.46 10 2.30 60.76 10 3.83 62.93 10 7.07
 4 16 -74.24 10 4.24 -75.54 10 2.30 -79.24 10 3.83 -77.07 10 7.07
 4 16 65.76 18 4.24 64.46 18 2.30 60.76 18 3.83 62.93 18 7.07
 4 16 -74.24 18 4.24 -75.54 18 2.30 -79.24 18 3.83 -77.07 18 7.07
 4 16 1 -2.83 2.83 1 -3.70 1.53 3 -9.24 3.83 3 -7.07 7.07
 5 24 1 -2.83 2.83 3 -7.07 7.07 1 -3.70 1.53 1 -1.53 3.70
 4 16 -1 -2.83 2.83 -1 -3.70 1.53 -3 -9.24 3.83 -3 -7.07 7.07
 5 24 -1 -2.83 2.83 -3 -7.07 7.07 -1 -3.70 1.53 -1 -1.53 3.70
 4 16 7 -2.83 2.83 7 -3.70 1.53 5 -9.24 3.83 5 -7.07 7.07
 5 24 7 -2.83 2.83 5 -7.07 7.07 7 -3.70 1.53 7 -1.53 3.70
 4 16 -7 -2.83 2.83 -7 -3.70 1.53 -5 -9.24 3.83 -5 -7.07 7.07
 5 24 -7 -2.83 2.83 -5 -7.07 7.07 -7 -3.70 1.53 -7 -1.53 3.70
 4 16 9 -2.83 2.83 9 -3.70 1.53 11 -9.24 3.83 11 -7.07 7.07
 5 24 9 -2.83 2.83 11 -7.07 7.07 9 -3.70 1.53 9 -1.53 3.70
 4 16 -9 -2.83 2.83 -9 -3.70 1.53 -11 -9.24 3.83 -11 -7.07 7.07
 5 24 -9 -2.83 2.83 -11 -7.07 7.07 -9 -3.70 1.53 -9 -1.53 3.70
 4 16 15 -2.83 2.83 15 -3.70 1.53 13 -9.24 3.83 13 -7.07 7.07
 5 24 15 -2.83 2.83 13 -7.07 7.07 15 -3.70 1.53 15 -1.53 3.70
 4 16 -15 -2.83 2.83 -15 -3.70 1.53 -13 -9.24 3.83 -13 -7.07 7.07
 5 24 -15 -2.83 2.83 -13 -7.07 7.07 -15 -3.70 1.53 -15 -1.53 3.70
 4 16 17 -2.83 2.83 17 -3.70 1.53 19 -9.24 3.83 19 -7.07 7.07
 5 24 17 -2.83 2.83 19 -7.07 7.07 17 -3.70 1.53 17 -1.53 3.70
 4 16 -17 -2.83 2.83 -17 -3.70 1.53 -19 -9.24 3.83 -19 -7.07 7.07
 5 24 -17 -2.83 2.83 -19 -7.07 7.07 -17 -3.70 1.53 -17 -1.53 3.70
 4 16 23 -2.83 2.83 23 -3.70 1.53 21 -9.24 3.83 21 -7.07 7.07
 5 24 23 -2.83 2.83 21 -7.07 7.07 23 -3.70 1.53 23 -1.53 3.70
 4 16 -23 -2.83 2.83 -23 -3.70 1.53 -21 -9.24 3.83 -21 -7.07 7.07
 5 24 -23 -2.83 2.83 -21 -7.07 7.07 -23 -3.70 1.53 -23 -1.53 3.70
 4 16 25 -2.83 2.83 25 -3.70 1.53 27 -9.24 3.83 27 -7.07 7.07
 5 24 25 -2.83 2.83 27 -7.07 7.07 25 -3.70 1.53 25 -1.53 3.70
 4 16 -25 -2.83 2.83 -25 -3.70 1.53 -27 -9.24 3.83 -27 -7.07 7.07
 5 24 -25 -2.83 2.83 -27 -7.07 7.07 -25 -3.70 1.53 -25 -1.53 3.70
 4 16 64.46 10 2.30 64 10 0 60 10 0 60.76 10 3.83
 4 16 -75.54 10 2.30 -76 10 0 -80 10 0 -79.24 10 3.83
 4 16 64.46 18 2.30 64 18 0 60 18 0 60.76 18 3.83
 4 16 -75.54 18 2.30 -76 18 0 -80 18 0 -79.24 18 3.83
 4 16 1 -3.70 1.53 1 -4 0 3 -10 0 3 -9.24 3.83
 5 24 1 -3.70 1.53 3 -9.24 3.83 1 -4 0 1 -2.83 2.83
 4 16 -1 -3.70 1.53 -1 -4 0 -3 -10 0 -3 -9.24 3.83
 5 24 -1 -3.70 1.53 -3 -9.24 3.83 -1 -4 0 -1 -2.83 2.83
 4 16 7 -3.70 1.53 7 -4 0 5 -10 0 5 -9.24 3.83
 5 24 7 -3.70 1.53 5 -9.24 3.83 7 -4 0 7 -2.83 2.83
 4 16 -7 -3.70 1.53 -7 -4 0 -5 -10 0 -5 -9.24 3.83
 5 24 -7 -3.70 1.53 -5 -9.24 3.83 -7 -4 0 -7 -2.83 2.83
 4 16 9 -3.70 1.53 9 -4 0 11 -10 0 11 -9.24 3.83
 5 24 9 -3.70 1.53 11 -9.24 3.83 9 -4 0 9 -2.83 2.83
 4 16 -9 -3.70 1.53 -9 -4 0 -11 -10 0 -11 -9.24 3.83
 5 24 -9 -3.70 1.53 -11 -9.24 3.83 -9 -4 0 -9 -2.83 2.83
 4 16 15 -3.70 1.53 15 -4 0 13 -10 0 13 -9.24 3.83
 5 24 15 -3.70 1.53 13 -9.24 3.83 15 -4 0 15 -2.83 2.83
 4 16 -15 -3.70 1.53 -15 -4 0 -13 -10 0 -13 -9.24 3.83
 5 24 -15 -3.70 1.53 -13 -9.24 3.83 -15 -4 0 -15 -2.83 2.83
 4 16 17 -3.70 1.53 17 -4 0 19 -10 0 19 -9.24 3.83
 5 24 17 -3.70 1.53 19 -9.24 3.83 17 -4 0 17 -2.83 2.83
 4 16 -17 -3.70 1.53 -17 -4 0 -19 -10 0 -19 -9.24 3.83
 5 24 -17 -3.70 1.53 -19 -9.24 3.83 -17 -4 0 -17 -2.83 2.83
 4 16 23 -3.70 1.53 23 -4 0 21 -10 0 21 -9.24 3.83
 5 24 23 -3.70 1.53 21 -9.24 3.83 23 -4 0 23 -2.83 2.83
 4 16 -23 -3.70 1.53 -23 -4 0 -21 -10 0 -21 -9.24 3.83
 5 24 -23 -3.70 1.53 -21 -9.24 3.83 -23 -4 0 -23 -2.83 2.83
 4 16 25 -3.70 1.53 25 -4 0 27 -10 0 27 -9.24 3.83
 5 24 25 -3.70 1.53 27 -9.24 3.83 25 -4 0 25 -2.83 2.83
 4 16 -25 -3.70 1.53 -25 -4 0 -27 -10 0 -27 -9.24 3.83
 5 24 -25 -3.70 1.53 -27 -9.24 3.83 -25 -4 0 -25 -2.83 2.83
 4 16 64 10 0 64.46 10 -2.30 60.76 10 -3.83 60 10 0
 4 16 -76 10 0 -75.54 10 -2.30 -79.24 10 -3.83 -80 10 0
 4 16 64 18 0 64.46 18 -2.30 60.76 18 -3.83 60 18 0
 4 16 -76 18 0 -75.54 18 -2.30 -79.24 18 -3.83 -80 18 0
 4 16 1 -4 0 1 -3.70 -1.53 3 -9.24 -3.83 3 -10 0
 5 24 1 -4 0 3 -10 0 1 -3.70 -1.53 1 -3.70 1.53
 4 16 -1 -4 0 -1 -3.70 -1.53 -3 -9.24 -3.83 -3 -10 0
 5 24 -1 -4 0 -3 -10 0 -1 -3.70 -1.53 -1 -3.70 1.53
 4 16 7 -4 0 7 -3.70 -1.53 5 -9.24 -3.83 5 -10 0
 5 24 7 -4 0 5 -10 0 7 -3.70 -1.53 7 -3.70 1.53
 4 16 -7 -4 0 -7 -3.70 -1.53 -5 -9.24 -3.83 -5 -10 0
 5 24 -7 -4 0 -5 -10 0 -7 -3.70 -1.53 -7 -3.70 1.53
 4 16 9 -4 0 9 -3.70 -1.53 11 -9.24 -3.83 11 -10 0
 5 24 9 -4 0 11 -10 0 9 -3.70 -1.53 9 -3.70 1.53
 4 16 -9 -4 0 -9 -3.70 -1.53 -11 -9.24 -3.83 -11 -10 0
 5 24 -9 -4 0 -11 -10 0 -9 -3.70 -1.53 -9 -3.70 1.53
 4 16 15 -4 0 15 -3.70 -1.53 13 -9.24 -3.83 13 -10 0
 5 24 15 -4 0 13 -10 0 15 -3.70 -1.53 15 -3.70 1.53
 4 16 -15 -4 0 -15 -3.70 -1.53 -13 -9.24 -3.83 -13 -10 0
 5 24 -15 -4 0 -13 -10 0 -15 -3.70 -1.53 -15 -3.70 1.53
 4 16 17 -4 0 17 -3.70 -1.53 19 -9.24 -3.83 19 -10 0
 5 24 17 -4 0 19 -10 0 17 -3.70 -1.53 17 -3.70 1.53
 4 16 -17 -4 0 -17 -3.70 -1.53 -19 -9.24 -3.83 -19 -10 0
 5 24 -17 -4 0 -19 -10 0 -17 -3.70 -1.53 -17 -3.70 1.53
 4 16 23 -4 0 23 -3.70 -1.53 21 -9.24 -3.83 21 -10 0
 5 24 23 -4 0 21 -10 0 23 -3.70 -1.53 23 -3.70 1.53
 4 16 -23 -4 0 -23 -3.70 -1.53 -21 -9.24 -3.83 -21 -10 0
 5 24 -23 -4 0 -21 -10 0 -23 -3.70 -1.53 -23 -3.70 1.53
 4 16 25 -4 0 25 -3.70 -1.53 27 -9.24 -3.83 27 -10 0
 5 24 25 -4 0 27 -10 0 25 -3.70 -1.53 25 -3.70 1.53
 4 16 -25 -4 0 -25 -3.70 -1.53 -27 -9.24 -3.83 -27 -10 0
 5 24 -25 -4 0 -27 -10 0 -25 -3.70 -1.53 -25 -3.70 1.53
 4 16 64.46 10 -2.30 65.76 10 -4.24 62.93 10 -7.07 60.76 10 -3.83
 4 16 -75.54 10 -2.30 -74.24 10 -4.24 -77.07 10 -7.07 -79.24 10 -3.83
 4 16 64.46 18 -2.30 65.76 18 -4.24 62.93 18 -7.07 60.76 18 -3.83
 4 16 -75.54 18 -2.30 -74.24 18 -4.24 -77.07 18 -7.07 -79.24 18 -3.83
 4 16 1 -3.70 -1.53 1 -2.83 -2.83 3 -7.07 -7.07 3 -9.24 -3.83
 5 24 1 -3.70 -1.53 3 -9.24 -3.83 1 -2.83 -2.83 1 -4 0
 4 16 -1 -3.70 -1.53 -1 -2.83 -2.83 -3 -7.07 -7.07 -3 -9.24 -3.83
 5 24 -1 -3.70 -1.53 -3 -9.24 -3.83 -1 -2.83 -2.83 -1 -4 0
 4 16 7 -3.70 -1.53 7 -2.83 -2.83 5 -7.07 -7.07 5 -9.24 -3.83
 5 24 7 -3.70 -1.53 5 -9.24 -3.83 7 -2.83 -2.83 7 -4 0
 4 16 -7 -3.70 -1.53 -7 -2.83 -2.83 -5 -7.07 -7.07 -5 -9.24 -3.83
 5 24 -7 -3.70 -1.53 -5 -9.24 -3.83 -7 -2.83 -2.83 -7 -4 0
 4 16 9 -3.70 -1.53 9 -2.83 -2.83 11 -7.07 -7.07 11 -9.24 -3.83
 5 24 9 -3.70 -1.53 11 -9.24 -3.83 9 -2.83 -2.83 9 -4 0
 4 16 -9 -3.70 -1.53 -9 -2.83 -2.83 -11 -7.07 -7.07 -11 -9.24 -3.83
 5 24 -9 -3.70 -1.53 -11 -9.24 -3.83 -9 -2.83 -2.83 -9 -4 0
 4 16 15 -3.70 -1.53 15 -2.83 -2.83 13 -7.07 -7.07 13 -9.24 -3.83
 5 24 15 -3.70 -1.53 13 -9.24 -3.83 15 -2.83 -2.83 15 -4 0
 4 16 -15 -3.70 -1.53 -15 -2.83 -2.83 -13 -7.07 -7.07 -13 -9.24 -3.83
 5 24 -15 -3.70 -1.53 -13 -9.24 -3.83 -15 -2.83 -2.83 -15 -4 0
 4 16 17 -3.70 -1.53 17 -2.83 -2.83 19 -7.07 -7.07 19 -9.24 -3.83
 5 24 17 -3.70 -1.53 19 -9.24 -3.83 17 -2.83 -2.83 17 -4 0
 4 16 -17 -3.70 -1.53 -17 -2.83 -2.83 -19 -7.07 -7.07 -19 -9.24 -3.83
 5 24 -17 -3.70 -1.53 -19 -9.24 -3.83 -17 -2.83 -2.83 -17 -4 0
 4 16 23 -3.70 -1.53 23 -2.83 -2.83 21 -7.07 -7.07 21 -9.24 -3.83
 5 24 23 -3.70 -1.53 21 -9.24 -3.83 23 -2.83 -2.83 23 -4 0
 4 16 -23 -3.70 -1.53 -23 -2.83 -2.83 -21 -7.07 -7.07 -21 -9.24 -3.83
 5 24 -23 -3.70 -1.53 -21 -9.24 -3.83 -23 -2.83 -2.83 -23 -4 0
 4 16 25 -3.70 -1.53 25 -2.83 -2.83 27 -7.07 -7.07 27 -9.24 -3.83
 5 24 25 -3.70 -1.53 27 -9.24 -3.83 25 -2.83 -2.83 25 -4 0
 4 16 -25 -3.70 -1.53 -25 -2.83 -2.83 -27 -7.07 -7.07 -27 -9.24 -3.83
 5 24 -25 -3.70 -1.53 -27 -9.24 -3.83 -25 -2.83 -2.83 -25 -4 0
 4 16 65.76 10 -4.24 67.70 10 -5.54 66.17 10 -9.24 62.93 10 -7.07
 4 16 -74.24 10 -4.24 -72.30 10 -5.54 -73.83 10 -9.24 -77.07 10 -7.07
 4 16 65.76 18 -4.24 67.70 18 -5.54 66.17 18 -9.24 62.93 18 -7.07
 4 16 -74.24 18 -4.24 -72.30 18 -5.54 -73.83 18 -9.24 -77.07 18 -7.07
 4 16 1 -2.83 -2.83 1 -1.53 -3.70 3 -3.83 -9.24 3 -7.07 -7.07
 5 24 1 -2.83 -2.83 3 -7.07 -7.07 1 -1.53 -3.70 1 -3.70 -1.53
 4 16 -1 -2.83 -2.83 -1 -1.53 -3.70 -3 -3.83 -9.24 -3 -7.07 -7.07
 5 24 -1 -2.83 -2.83 -3 -7.07 -7.07 -1 -1.53 -3.70 -1 -3.70 -1.53
 4 16 7 -2.83 -2.83 7 -1.53 -3.70 5 -3.83 -9.24 5 -7.07 -7.07
 5 24 7 -2.83 -2.83 5 -7.07 -7.07 7 -1.53 -3.70 7 -3.70 -1.53
 4 16 -7 -2.83 -2.83 -7 -1.53 -3.70 -5 -3.83 -9.24 -5 -7.07 -7.07
 5 24 -7 -2.83 -2.83 -5 -7.07 -7.07 -7 -1.53 -3.70 -7 -3.70 -1.53
 4 16 9 -2.83 -2.83 9 -1.53 -3.70 11 -3.83 -9.24 11 -7.07 -7.07
 5 24 9 -2.83 -2.83 11 -7.07 -7.07 9 -1.53 -3.70 9 -3.70 -1.53
 4 16 -9 -2.83 -2.83 -9 -1.53 -3.70 -11 -3.83 -9.24 -11 -7.07 -7.07
 5 24 -9 -2.83 -2.83 -11 -7.07 -7.07 -9 -1.53 -3.70 -9 -3.70 -1.53
 4 16 15 -2.83 -2.83 15 -1.53 -3.70 13 -3.83 -9.24 13 -7.07 -7.07
 5 24 15 -2.83 -2.83 13 -7.07 -7.07 15 -1.53 -3.70 15 -3.70 -1.53
 4 16 -15 -2.83 -2.83 -15 -1.53 -3.70 -13 -3.83 -9.24 -13 -7.07 -7.07
 5 24 -15 -2.83 -2.83 -13 -7.07 -7.07 -15 -1.53 -3.70 -15 -3.70 -1.53
 4 16 17 -2.83 -2.83 17 -1.53 -3.70 19 -3.83 -9.24 19 -7.07 -7.07
 5 24 17 -2.83 -2.83 19 -7.07 -7.07 17 -1.53 -3.70 17 -3.70 -1.53
 4 16 -17 -2.83 -2.83 -17 -1.53 -3.70 -19 -3.83 -9.24 -19 -7.07 -7.07
 5 24 -17 -2.83 -2.83 -19 -7.07 -7.07 -17 -1.53 -3.70 -17 -3.70 -1.53
 4 16 23 -2.83 -2.83 23 -1.53 -3.70 21 -3.83 -9.24 21 -7.07 -7.07
 5 24 23 -2.83 -2.83 21 -7.07 -7.07 23 -1.53 -3.70 23 -3.70 -1.53
 4 16 -23 -2.83 -2.83 -23 -1.53 -3.70 -21 -3.83 -9.24 -21 -7.07 -7.07
 5 24 -23 -2.83 -2.83 -21 -7.07 -7.07 -23 -1.53 -3.70 -23 -3.70 -1.53
 4 16 25 -2.83 -2.83 25 -1.53 -3.70 27 -3.83 -9.24 27 -7.07 -7.07
 5 24 25 -2.83 -2.83 27 -7.07 -7.07 25 -1.53 -3.70 25 -3.70 -1.53
 4 16 -25 -2.83 -2.83 -25 -1.53 -3.70 -27 -3.83 -9.24 -27 -7.07 -7.07
 5 24 -25 -2.83 -2.83 -27 -7.07 -7.07 -25 -1.53 -3.70 -25 -3.70 -1.53
 4 16 67.70 10 -5.54 70 10 -6 70 10 -10 66.17 10 -9.24
 4 16 -72.30 10 -5.54 -70 10 -6 -70 10 -10 -73.83 10 -9.24
 4 16 67.70 18 -5.54 70 18 -6 70 18 -10 66.17 18 -9.24
 4 16 -72.30 18 -5.54 -70 18 -6 -70 18 -10 -73.83 18 -9.24
 4 16 1 -1.53 -3.70 1 0 -4 3 0 -10 3 -3.83 -9.24
 5 24 1 -1.53 -3.70 3 -3.83 -9.24 1 0 -4 1 -2.83 -2.83
 4 16 -1 -1.53 -3.70 -1 0 -4 -3 0 -10 -3 -3.83 -9.24
 5 24 -1 -1.53 -3.70 -3 -3.83 -9.24 -1 0 -4 -1 -2.83 -2.83
 4 16 7 -1.53 -3.70 7 0 -4 5 0 -10 5 -3.83 -9.24
 5 24 7 -1.53 -3.70 5 -3.83 -9.24 7 0 -4 7 -2.83 -2.83
 4 16 -7 -1.53 -3.70 -7 0 -4 -5 0 -10 -5 -3.83 -9.24
 5 24 -7 -1.53 -3.70 -5 -3.83 -9.24 -7 0 -4 -7 -2.83 -2.83
 4 16 9 -1.53 -3.70 9 0 -4 11 0 -10 11 -3.83 -9.24
 5 24 9 -1.53 -3.70 11 -3.83 -9.24 9 0 -4 9 -2.83 -2.83
 4 16 -9 -1.53 -3.70 -9 0 -4 -11 0 -10 -11 -3.83 -9.24
 5 24 -9 -1.53 -3.70 -11 -3.83 -9.24 -9 0 -4 -9 -2.83 -2.83
 4 16 15 -1.53 -3.70 15 0 -4 13 0 -10 13 -3.83 -9.24
 5 24 15 -1.53 -3.70 13 -3.83 -9.24 15 0 -4 15 -2.83 -2.83
 4 16 -15 -1.53 -3.70 -15 0 -4 -13 0 -10 -13 -3.83 -9.24
 5 24 -15 -1.53 -3.70 -13 -3.83 -9.24 -15 0 -4 -15 -2.83 -2.83
 4 16 17 -1.53 -3.70 17 0 -4 19 0 -10 19 -3.83 -9.24
 5 24 17 -1.53 -3.70 19 -3.83 -9.24 17 0 -4 17 -2.83 -2.83
 4 16 -17 -1.53 -3.70 -17 0 -4 -19 0 -10 -19 -3.83 -9.24
 5 24 -17 -1.53 -3.70 -19 -3.83 -9.24 -17 0 -4 -17 -2.83 -2.83
 4 16 23 -1.53 -3.70 23 0 -4 21 0 -10 21 -3.83 -9.24
 5 24 23 -1.53 -3.70 21 -3.83 -9.24 23 0 -4 23 -2.83 -2.83
 4 16 -23 -1.53 -3.70 -23 0 -4 -21 0 -10 -21 -3.83 -9.24
 5 24 -23 -1.53 -3.70 -21 -3.83 -9.24 -23 0 -4 -23 -2.83 -2.83
 4 16 25 -1.53 -3.70 25 0 -4 27 0 -10 27 -3.83 -9.24
 5 24 25 -1.53 -3.70 27 -3.83 -9.24 25 0 -4 25 -2.83 -2.83
 4 16 -25 -1.53 -3.70 -25 0 -4 -27 0 -10 -27 -3.83 -9.24
 5 24 -25 -1.53 -3.70 -27 -3.83 -9.24 -25 0 -4 -25 -2.83 -2.83
 4 16 70 10 -6 72.30 10 -5.54 73.83 10 -9.24 70 10 -10
 4 16 -70 10 -6 -67.70 10 -5.54 -66.17 10 -9.24 -70 10 -10
 4 16 70 18 -6 72.30 18 -5.54 73.83 18 -9.24 70 18 -10
 4 16 -70 18 -6 -67.70 18 -5.54 -66.17 18 -9.24 -70 18 -10
 4 16 1 0 -4 1 1.53 -3.70 3 3.83 -9.24 3 0 -10
 5 24 1 0 -4 3 0 -10 1 1.53 -3.70 1 -1.53 -3.70
 4 16 -1 0 -4 -1 1.53 -3.70 -3 3.83 -9.24 -3 0 -10
 5 24 -1 0 -4 -3 0 -10 -1 1.53 -3.70 -1 -1.53 -3.70
 4 16 7 0 -4 7 1.53 -3.70 5 3.83 -9.24 5 0 -10
 5 24 7 0 -4 5 0 -10 7 1.53 -3.70 7 -1.53 -3.70
 4 16 -7 0 -4 -7 1.53 -3.70 -5 3.83 -9.24 -5 0 -10
 5 24 -7 0 -4 -5 0 -10 -7 1.53 -3.70 -7 -1.53 -3.70
 4 16 9 0 -4 9 1.53 -3.70 11 3.83 -9.24 11 0 -10
 5 24 9 0 -4 11 0 -10 9 1.53 -3.70 9 -1.53 -3.70
 4 16 -9 0 -4 -9 1.53 -3.70 -11 3.83 -9.24 -11 0 -10
 5 24 -9 0 -4 -11 0 -10 -9 1.53 -3.70 -9 -1.53 -3.70
 4 16 15 0 -4 15 1.53 -3.70 13 3.83 -9.24 13 0 -10
 5 24 15 0 -4 13 0 -10 15 1.53 -3.70 15 -1.53 -3.70
 4 16 -15 0 -4 -15 1.53 -3.70 -13 3.83 -9.24 -13 0 -10
 5 24 -15 0 -4 -13 0 -10 -15 1.53 -3.70 -15 -1.53 -3.70
 4 16 17 0 -4 17 1.53 -3.70 19 3.83 -9.24 19 0 -10
 5 24 17 0 -4 19 0 -10 17 1.53 -3.70 17 -1.53 -3.70
 4 16 -17 0 -4 -17 1.53 -3.70 -19 3.83 -9.24 -19 0 -10
 5 24 -17 0 -4 -19 0 -10 -17 1.53 -3.70 -17 -1.53 -3.70
 4 16 23 0 -4 23 1.53 -3.70 21 3.83 -9.24 21 0 -10
 5 24 23 0 -4 21 0 -10 23 1.53 -3.70 23 -1.53 -3.70
 4 16 -23 0 -4 -23 1.53 -3.70 -21 3.83 -9.24 -21 0 -10
 5 24 -23 0 -4 -21 0 -10 -23 1.53 -3.70 -23 -1.53 -3.70
 4 16 25 0 -4 25 1.53 -3.70 27 3.83 -9.24 27 0 -10
 5 24 25 0 -4 27 0 -10 25 1.53 -3.70 25 -1.53 -3.70
 4 16 -25 0 -4 -25 1.53 -3.70 -27 3.83 -9.24 -27 0 -10
 5 24 -25 0 -4 -27 0 -10 -25 1.53 -3.70 -25 -1.53 -3.70
 4 16 72.30 10 -5.54 74.24 10 -4.24 77.07 10 -7.07 73.83 10 -9.24
 4 16 -67.70 10 -5.54 -65.76 10 -4.24 -62.93 10 -7.07 -66.17 10 -9.24
 4 16 72.30 18 -5.54 74.24 18 -4.24 77.07 18 -7.07 73.83 18 -9.24
 4 16 -67.70 18 -5.54 -65.76 18 -4.24 -62.93 18 -7.07 -66.17 18 -9.24
 4 16 1 1.53 -3.70 1 2.83 -2.83 3 7.07 -7.07 3 3.83 -9.24
 5 24 1 1.53 -3.70 3 3.83 -9.24 1 2.83 -2.83 1 0 -4
 4 16 -1 1.53 -3.70 -1 2.83 -2.83 -3 7.07 -7.07 -3 3.83 -9.24
 5 24 -1 1.53 -3.70 -3 3.83 -9.24 -1 2.83 -2.83 -1 0 -4
 4 16 7 1.53 -3.70 7 2.83 -2.83 5 7.07 -7.07 5 3.83 -9.24
 5 24 7 1.53 -3.70 5 3.83 -9.24 7 2.83 -2.83 7 0 -4
 4 16 -7 1.53 -3.70 -7 2.83 -2.83 -5 7.07 -7.07 -5 3.83 -9.24
 5 24 -7 1.53 -3.70 -5 3.83 -9.24 -7 2.83 -2.83 -7 0 -4
 4 16 9 1.53 -3.70 9 2.83 -2.83 11 7.07 -7.07 11 3.83 -9.24
 5 24 9 1.53 -3.70 11 3.83 -9.24 9 2.83 -2.83 9 0 -4
 4 16 -9 1.53 -3.70 -9 2.83 -2.83 -11 7.07 -7.07 -11 3.83 -9.24
 5 24 -9 1.53 -3.70 -11 3.83 -9.24 -9 2.83 -2.83 -9 0 -4
 4 16 15 1.53 -3.70 15 2.83 -2.83 13 7.07 -7.07 13 3.83 -9.24
 5 24 15 1.53 -3.70 13 3.83 -9.24 15 2.83 -2.83 15 0 -4
 4 16 -15 1.53 -3.70 -15 2.83 -2.83 -13 7.07 -7.07 -13 3.83 -9.24
 5 24 -15 1.53 -3.70 -13 3.83 -9.24 -15 2.83 -2.83 -15 0 -4
 4 16 17 1.53 -3.70 17 2.83 -2.83 19 7.07 -7.07 19 3.83 -9.24
 5 24 17 1.53 -3.70 19 3.83 -9.24 17 2.83 -2.83 17 0 -4
 4 16 -17 1.53 -3.70 -17 2.83 -2.83 -19 7.07 -7.07 -19 3.83 -9.24
 5 24 -17 1.53 -3.70 -19 3.83 -9.24 -17 2.83 -2.83 -17 0 -4
 4 16 23 1.53 -3.70 23 2.83 -2.83 21 7.07 -7.07 21 3.83 -9.24
 5 24 23 1.53 -3.70 21 3.83 -9.24 23 2.83 -2.83 23 0 -4
 4 16 -23 1.53 -3.70 -23 2.83 -2.83 -21 7.07 -7.07 -21 3.83 -9.24
 5 24 -23 1.53 -3.70 -21 3.83 -9.24 -23 2.83 -2.83 -23 0 -4
 4 16 25 1.53 -3.70 25 2.83 -2.83 27 7.07 -7.07 27 3.83 -9.24
 5 24 25 1.53 -3.70 27 3.83 -9.24 25 2.83 -2.83 25 0 -4
 4 16 -25 1.53 -3.70 -25 2.83 -2.83 -27 7.07 -7.07 -27 3.83 -9.24
 5 24 -25 1.53 -3.70 -27 3.83 -9.24 -25 2.83 -2.83 -25 0 -4
 4 16 74.24 10 -4.24 75.54 10 -2.30 79.24 10 -3.83 77.07 10 -7.07
 4 16 -65.76 10 -4.24 -64.46 10 -2.30 -60.76 10 -3.83 -62.93 10 -7.07
 4 16 74.24 18 -4.24 75.54 18 -2.30 79.24 18 -3.83 77.07 18 -7.07
 4 16 -65.76 18 -4.24 -64.46 18 -2.30 -60.76 18 -3.83 -62.93 18 -7.07
 4 16 1 2.83 -2.83 1 3.70 -1.53 3 9.24 -3.83 3 7.07 -7.07
 5 24 1 2.83 -2.83 3 7.07 -7.07 1 3.70 -1.53 1 1.53 -3.70
 4 16 -1 2.83 -2.83 -1 3.70 -1.53 -3 9.24 -3.83 -3 7.07 -7.07
 5 24 -1 2.83 -2.83 -3 7.07 -7.07 -1 3.70 -1.53 -1 1.53 -3.70
 4 16 7 2.83 -2.83 7 3.70 -1.53 5 9.24 -3.83 5 7.07 -7.07
 5 24 7 2.83 -2.83 5 7.07 -7.07 7 3.70 -1.53 7 1.53 -3.70
 4 16 -7 2.83 -2.83 -7 3.70 -1.53 -5 9.24 -3.83 -5 7.07 -7.07
 5 24 -7 2.83 -2.83 -5 7.07 -7.07 -7 3.70 -1.53 -7 1.53 -3.70
 4 16 9 2.83 -2.83 9 3.70 -1.53 11 9.24 -3.83 11 7.07 -7.07
 5 24 9 2.83 -2.83 11 7.07 -7.07 9 3.70 -1.53 9 1.53 -3.70
 4 16 -9 2.83 -2.83 -9 3.70 -1.53 -11 9.24 -3.83 -11 7.07 -7.07
 5 24 -9 2.83 -2.83 -11 7.07 -7.07 -9 3.70 -1.53 -9 1.53 -3.70
 4 16 15 2.83 -2.83 15 3.70 -1.53 13 9.24 -3.83 13 7.07 -7.07
 5 24 15 2.83 -2.83 13 7.07 -7.07 15 3.70 -1.53 15 1.53 -3.70
 4 16 -15 2.83 -2.83 -15 3.70 -1.53 -13 9.24 -3.83 -13 7.07 -7.07
 5 24 -15 2.83 -2.83 -13 7.07 -7.07 -15 3.70 -1.53 -15 1.53 -3.70
 4 16 17 2.83 -2.83 17 3.70 -1.53 19 9.24 -3.83 19 7.07 -7.07
 5 24 17 2.83 -2.83 19 7.07 -7.07 17 3.70 -1.53 17 1.53 -3.70
 4 16 -17 2.83 -2.83 -17 3.70 -1.53 -19 9.24 -3.83 -19 7.07 -7.07
 5 24 -17 2.83 -2.83 -19 7.07 -7.07 -17 3.70 -1.53 -17 1.53 -3.70
 4 16 23 2.83 -2.83 23 3.70 -1.53 21 9.24 -3.83 21 7.07 -7.07
 5 24 23 2.83 -2.83 21 7.07 -7.07 23 3.70 -1.53 23 1.53 -3.70
 4 16 -23 2.83 -2.83 -23 3.70 -1.53 -21 9.24 -3.83 -21 7.07 -7.07
 5 24 -23 2.83 -2.83 -21 7.07 -7.07 -23 3.70 -1.53 -23 1.53 -3.70
 4 16 25 2.83 -2.83 25 3.70 -1.53 27 9.24 -3.83 27 7.07 -7.07
 5 24 25 2.83 -2.83 27 7.07 -7.07 25 3.70 -1.53 25 1.53 -3.70
 4 16 -25 2.83 -2.83 -25 3.70 -1.53 -27 9.24 -3.83 -27 7.07 -7.07
 5 24 -25 2.83 -2.83 -27 7.07 -7.07 -25 3.70 -1.53 -25 1.53 -3.70
 4 16 75.54 10 -2.30 76 10 0 80 10 0 79.24 10 -3.83
 4 16 -64.46 10 -2.30 -64 10 0 -60 10 0 -60.76 10 -3.83
 4 16 75.54 18 -2.30 76 18 0 80 18 0 79.24 18 -3.83
 4 16 -64.46 18 -2.30 -64 18 0 -60 18 0 -60.76 18 -3.83
 4 16 1 3.70 -1.53 1 4 0 3 10 0 3 9.24 -3.83
 5 24 1 3.70 -1.53 3 9.24 -3.83 1 4 0 1 2.83 -2.83
 4 16 -1 3.70 -1.53 -1 4 0 -3 10 0 -3 9.24 -3.83
 5 24 -1 3.70 -1.53 -3 9.24 -3.83 -1 4 0 -1 2.83 -2.83
 4 16 7 3.70 -1.53 7 4 0 5 10 0 5 9.24 -3.83
 5 24 7 3.70 -1.53 5 9.24 -3.83 7 4 0 7 2.83 -2.83
 4 16 -7 3.70 -1.53 -7 4 0 -5 10 0 -5 9.24 -3.83
 5 24 -7 3.70 -1.53 -5 9.24 -3.83 -7 4 0 -7 2.83 -2.83
 4 16 9 3.70 -1.53 9 4 0 11 10 0 11 9.24 -3.83
 5 24 9 3.70 -1.53 11 9.24 -3.83 9 4 0 9 2.83 -2.83
 4 16 -9 3.70 -1.53 -9 4 0 -11 10 0 -11 9.24 -3.83
 5 24 -9 3.70 -1.53 -11 9.24 -3.83 -9 4 0 -9 2.83 -2.83
 4 16 15 3.70 -1.53 15 4 0 13 10 0 13 9.24 -3.83
 5 24 15 3.70 -1.53 13 9.24 -3.83 15 4 0 15 2.83 -2.83
 4 16 -15 3.70 -1.53 -15 4 0 -13 10 0 -13 9.24 -3.83
 5 24 -15 3.70 -1.53 -13 9.24 -3.83 -15 4 0 -15 2.83 -2.83
 4 16 17 3.70 -1.53 17 4 0 19 10 0 19 9.24 -3.83
 5 24 17 3.70 -1.53 19 9.24 -3.83 17 4 0 17 2.83 -2.83
 4 16 -17 3.70 -1.53 -17 4 0 -19 10 0 -19 9.24 -3.83
 5 24 -17 3.70 -1.53 -19 9.24 -3.83 -17 4 0 -17 2.83 -2.83
 4 16 23 3.70 -1.53 23 4 0 21 10 0 21 9.24 -3.83
 5 24 23 3.70 -1.53 21 9.24 -3.83 23 4 0 23 2.83 -2.83
 4 16 -23 3.70 -1.53 -23 4 0 -21 10 0 -21 9.24 -3.83
 5 24 -23 3.70 -1.53 -21 9.24 -3.83 -23 4 0 -23 2.83 -2.83
 4 16 25 3.70 -1.53 25 4 0 27 10 0 27 9.24 -3.83
 5 24 25 3.70 -1.53 27 9.24 -3.83 25 4 0 25 2.83 -2.83
 4 16 -25 3.70 -1.53 -25 4 0 -27 10 0 -27 9.24 -3.83
 5 24 -25 3.70 -1.53 -27 9.24 -3.83 -25 4 0 -25 2.83 -2.83
 4 16 76 10 0 75.54 10 2.30 79.24 10 3.83 80 10 0
 4 16 -64 10 0 -64.46 10 2.30 -60.76 10 3.83 -60 10 0
 4 16 76 18 0 75.54 18 2.30 79.24 18 3.83 80 18 0
 4 16 -64 18 0 -64.46 18 2.30 -60.76 18 3.83 -60 18 0
 4 16 1 4 0 1 3.70 1.53 3 9.24 3.83 3 10 0
 5 24 1 4 0 3 10 0 1 3.70 1.53 1 3.70 -1.53
 4 16 -1 4 0 -1 3.70 1.53 -3 9.24 3.83 -3 10 0
 5 24 -1 4 0 -3 10 0 -1 3.70 1.53 -1 3.70 -1.53
 4 16 7 4 0 7 3.70 1.53 5 9.24 3.83 5 10 0
 5 24 7 4 0 5 10 0 7 3.70 1.53 7 3.70 -1.53
 4 16 -7 4 0 -7 3.70 1.53 -5 9.24 3.83 -5 10 0
 5 24 -7 4 0 -5 10 0 -7 3.70 1.53 -7 3.70 -1.53
 4 16 9 4 0 9 3.70 1.53 11 9.24 3.83 11 10 0
 5 24 9 4 0 11 10 0 9 3.70 1.53 9 3.70 -1.53
 4 16 -9 4 0 -9 3.70 1.53 -11 9.24 3.83 -11 10 0
 5 24 -9 4 0 -11 10 0 -9 3.70 1.53 -9 3.70 -1.53
 4 16 15 4 0 15 3.70 1.53 13 9.24 3.83 13 10 0
 5 24 15 4 0 13 10 0 15 3.70 1.53 15 3.70 -1.53
 4 16 -15 4 0 -15 3.70 1.53 -13 9.24 3.83 -13 10 0
 5 24 -15 4 0 -13 10 0 -15 3.70 1.53 -15 3.70 -1.53
 4 16 17 4 0 17 3.70 1.53 19 9.24 3.83 19 10 0
 5 24 17 4 0 19 10 0 17 3.70 1.53 17 3.70 -1.53
 4 16 -17 4 0 -17 3.70 1.53 -19 9.24 3.83 -19 10 0
 5 24 -17 4 0 -19 10 0 -17 3.70 1.53 -17 3.70 -1.53
 4 16 23 4 0 23 3.70 1.53 21 9.24 3.83 21 10 0
 5 24 23 4 0 21 10 0 23 3.70 1.53 23 3.70 -1.53
 4 16 -23 4 0 -23 3.70 1.53 -21 9.24 3.83 -21 10 0
 5 24 -23 4 0 -21 10 0 -23 3.70 1.53 -23 3.70 -1.53
 4 16 25 4 0 25 3.70 1.53 27 9.24 3.83 27 10 0
 5 24 25 4 0 27 10 0 25 3.70 1.53 25 3.70 -1.53
 4 16 -25 4 0 -25 3.70 1.53 -27 9.24 3.83 -27 10 0
 5 24 -25 4 0 -27 10 0 -25 3.70 1.53 -25 3.70 -1.53
 4 16 75.54 10 2.30 74.24 10 4.24 77.07 10 7.07 79.24 10 3.83
 4 16 -64.46 10 2.30 -65.76 10 4.24 -62.93 10 7.07 -60.76 10 3.83
 4 16 75.54 18 2.30 74.24 18 4.24 77.07 18 7.07 79.24 18 3.83
 4 16 -64.46 18 2.30 -65.76 18 4.24 -62.93 18 7.07 -60.76 18 3.83
 4 16 1 3.70 1.53 1 2.83 2.83 3 7.07 7.07 3 9.24 3.83
 5 24 1 3.70 1.53 3 9.24 3.83 1 2.83 2.83 1 4 0
 4 16 -1 3.70 1.53 -1 2.83 2.83 -3 7.07 7.07 -3 9.24 3.83
 5 24 -1 3.70 1.53 -3 9.24 3.83 -1 2.83 2.83 -1 4 0
 4 16 7 3.70 1.53 7 2.83 2.83 5 7.07 7.07 5 9.24 3.83
 5 24 7 3.70 1.53 5 9.24 3.83 7 2.83 2.83 7 4 0
 4 16 -7 3.70 1.53 -7 2.83 2.83 -5 7.07 7.07 -5 9.24 3.83
 5 24 -7 3.70 1.53 -5 9.24 3.83 -7 2.83 2.83 -7 4 0
 4 16 9 3.70 1.53 9 2.83 2.83 11 7.07 7.07 11 9.24 3.83
 5 24 9 3.70 1.53 11 9.24 3.83 9 2.83 2.83 9 4 0
 4 16 -9 3.70 1.53 -9 2.83 2.83 -11 7.07 7.07 -11 9.24 3.83
 5 24 -9 3.70 1.53 -11 9.24 3.83 -9 2.83 2.83 -9 4 0
 4 16 15 3.70 1.53 15 2.83 2.83 13 7.07 7.07 13 9.24 3.83
 5 24 15 3.70 1.53 13 9.24 3.83 15 2.83 2.83 15 4 0
 4 16 -15 3.70 1.53 -15 2.83 2.83 -13 7.07 7.07 -13 9.24 3.83
 5 24 -15 3.70 1.53 -13 9.24 3.83 -15 2.83 2.83 -15 4 0
 4 16 17 3.70 1.53 17 2.83 2.83 19 7.07 7.07 19 9.24 3.83
 5 24 17 3.70 1.53 19 9.24 3.83 17 2.83 2.83 17 4 0
 4 16 -17 3.70 1.53 -17 2.83 2.83 -19 7.07 7.07 -19 9.24 3.83
 5 24 -17 3.70 1.53 -19 9.24 3.83 -17 2.83 2.83 -17 4 0
 4 16 23 3.70 1.53 23 2.83 2.83 21 7.07 7.07 21 9.24 3.83
 5 24 23 3.70 1.53 21 9.24 3.83 23 2.83 2.83 23 4 0
 4 16 -23 3.70 1.53 -23 2.83 2.83 -21 7.07 7.07 -21 9.24 3.83
 5 24 -23 3.70 1.53 -21 9.24 3.83 -23 2.83 2.83 -23 4 0
 4 16 25 3.70 1.53 25 2.83 2.83 27 7.07 7.07 27 9.24 3.83
 5 24 25 3.70 1.53 27 9.24 3.83 25 2.83 2.83 25 4 0
 4 16 -25 3.70 1.53 -25 2.83 2.83 -27 7.07 7.07 -27 9.24 3.83
 5 24 -25 3.70 1.53 -27 9.24 3.83 -25 2.83 2.83 -25 4 0
 4 16 74.24 10 4.24 72.30 10 5.54 73.83 10 9.24 77.07 10 7.07
 4 16 -65.76 10 4.24 -67.70 10 5.54 -66.17 10 9.24 -62.93 10 7.07
 4 16 74.24 18 4.24 72.30 18 5.54 73.83 18 9.24 77.07 18 7.07
 4 16 -65.76 18 4.24 -67.70 18 5.54 -66.17 18 9.24 -62.93 18 7.07
 4 16 1 2.83 2.83 1 1.53 3.70 3 3.83 9.24 3 7.07 7.07
 5 24 1 2.83 2.83 3 7.07 7.07 1 1.53 3.70 1 3.70 1.53
 4 16 -1 2.83 2.83 -1 1.53 3.70 -3 3.83 9.24 -3 7.07 7.07
 5 24 -1 2.83 2.83 -3 7.07 7.07 -1 1.53 3.70 -1 3.70 1.53
 4 16 7 2.83 2.83 7 1.53 3.70 5 3.83 9.24 5 7.07 7.07
 5 24 7 2.83 2.83 5 7.07 7.07 7 1.53 3.70 7 3.70 1.53
 4 16 -7 2.83 2.83 -7 1.53 3.70 -5 3.83 9.24 -5 7.07 7.07
 5 24 -7 2.83 2.83 -5 7.07 7.07 -7 1.53 3.70 -7 3.70 1.53
 4 16 9 2.83 2.83 9 1.53 3.70 11 3.83 9.24 11 7.07 7.07
 5 24 9 2.83 2.83 11 7.07 7.07 9 1.53 3.70 9 3.70 1.53
 4 16 -9 2.83 2.83 -9 1.53 3.70 -11 3.83 9.24 -11 7.07 7.07
 5 24 -9 2.83 2.83 -11 7.07 7.07 -9 1.53 3.70 -9 3.70 1.53
 4 16 15 2.83 2.83 15 1.53 3.70 13 3.83 9.24 13 7.07 7.07
 5 24 15 2.83 2.83 13 7.07 7.07 15 1.53 3.70 15 3.70 1.53
 4 16 -15 2.83 2.83 -15 1.53 3.70 -13 3.83 9.24 -13 7.07 7.07
 5 24 -15 2.83 2.83 -13 7.07 7.07 -15 1.53 3.70 -15 3.70 1.53
 4 16 17 2.83 2.83 17 1.53 3.70 19 3.83 9.24 19 7.07 7.07
 5 24 17 2.83 2.83 19 7.07 7.07 17 1.53 3.70 17 3.70 1.53
 4 16 -17 2.83 2.83 -17 1.53 3.70 -19 3.83 9.24 -19 7.07 7.07
 5 24 -17 2.83 2.83 -19 7.07 7.07 -17 1.53 3.70 -17 3.70 1.53
 4 16 23 2.83 2.83 23 1.53 3.70 21 3.83 9.24 21 7.07 7.07
 5 24 23 2.83 2.83 21 7.07 7.07 23 1.53 3.70 23 3.70 1.53
 4 16 -23 2.83 2.83 -23 1.53 3.70 -21 3.83 9.24 -21 7.07 7.07
 5 24 -23 2.83 2.83 -21 7.07 7.07 -23 1.53 3.70 -23 3.70 1.53
 4 16 25 2.83 2.83 25 1.53 3.70 27 3.83 9.24 27 7.07 7.07
 5 24 25 2.83 2.83 27 7.07 7.07 25 1.53 3.70 25 3.70 1.53
 4 16 -25 2.83 2.83 -25 1.53 3.70 -27 3.83 9.24 -27 7.07 7.07
 5 24 -25 2.83 2.83 -27 7.07 7.07 -25 1.53 3.70 -25 3.70 1.53
 4 16 72.30 10 5.54 70 10 6 70 10 10 73.83 10 9.24
 4 16 -67.70 10 5.54 -70 10 6 -70 10 10 -66.17 10 9.24
 4 16 72.30 18 5.54 70 18 6 70 18 10 73.83 18 9.24
 4 16 -67.70 18 5.54 -70 18 6 -70 18 10 -66.17 18 9.24
 4 16 1 1.53 3.70 1 0 4 3 0 10 3 3.83 9.24
 5 24 1 1.53 3.70 3 3.83 9.24 1 0 4 1 2.83 2.83
 4 16 -1 1.53 3.70 -1 0 4 -3 0 10 -3 3.83 9.24
 5 24 -1 1.53 3.70 -3 3.83 9.24 -1 0 4 -1 2.83 2.83
 4 16 7 1.53 3.70 7 0 4 5 0 10 5 3.83 9.24
 5 24 7 1.53 3.70 5 3.83 9.24 7 0 4 7 2.83 2.83
 4 16 -7 1.53 3.70 -7 0 4 -5 0 10 -5 3.83 9.24
 5 24 -7 1.53 3.70 -5 3.83 9.24 -7 0 4 -7 2.83 2.83
 4 16 9 1.53 3.70 9 0 4 11 0 10 11 3.83 9.24
 5 24 9 1.53 3.70 11 3.83 9.24 9 0 4 9 2.83 2.83
 4 16 -9 1.53 3.70 -9 0 4 -11 0 10 -11 3.83 9.24
 5 24 -9 1.53 3.70 -11 3.83 9.24 -9 0 4 -9 2.83 2.83
 4 16 15 1.53 3.70 15 0 4 13 0 10 13 3.83 9.24
 5 24 15 1.53 3.70 13 3.83 9.24 15 0 4 15 2.83 2.83
 4 16 -15 1.53 3.70 -15 0 4 -13 0 10 -13 3.83 9.24
 5 24 -15 1.53 3.70 -13 3.83 9.24 -15 0 4 -15 2.83 2.83
 4 16 17 1.53 3.70 17 0 4 19 0 10 19 3.83 9.24
 5 24 17 1.53 3.70 19 3.83 9.24 17 0 4 17 2.83 2.83
 4 16 -17 1.53 3.70 -17 0 4 -19 0 10 -19 3.83 9.24
 5 24 -17 1.53 3.70 -19 3.83 9.24 -17 0 4 -17 2.83 2.83
 4 16 23 1.53 3.70 23 0 4 21 0 10 21 3.83 9.24
 5 24 23 1.53 3.70 21 3.83 9.24 23 0 4 23 2.83 2.83
 4 16 -23 1.53 3.70 -23 0 4 -21 0 10 -21 3.83 9.24
 5 24 -23 1.53 3.70 -21 3.83 9.24 -23 0 4 -23 2.83 2.83
 4 16 25 1.53 3.70 25 0 4 27 0 10 27 3.83 9.24
 5 24 25 1.53 3.70 27 3.83 9.24 25 0 4 25 2.83 2.83
 4 16 -25 1.53 3.70 -25 0 4 -27 0 10 -27 3.83 9.24
 5 24 -25 1.53 3.70 -27 3.83 9.24 -25 0 4 -25 2.83 2.83
