0 Plate  2 x  2 with Holes
0 Name: 2817.dat
0 Author: James Jessiman
0 Original LDraw Part - LDraw beta 0.27 Archive

 2 24 20 8 20 -20 8 20
 2 24 -20 8 20 -20 8 10
 2 24 -20 8 10 -20 10 10
 2 24 -20 10 -10 -20 8 -10
 2 24 -20 8 -10 -20 8 -20
 2 24 -20 8 -20 20 8 -20
 2 24 20 8 -20 20 8 -10
 2 24 20 8 -10 20 10 -10
 2 24 20 10 10 20 8 10
 2 24 20 8 10 20 8 20

 2 24 20 0 20 -20 0 20
 2 24 -20 0 20 -20 0 -20
 2 24 -20 0 -20 20 0 -20
 2 24 20 0 -20 20 0 20

 2 24 20 0 20 20 8 20
 2 24 -20 0 20 -20 8 20
 2 24 20 0 -20 20 8 -20
 2 24 -20 0 -20 -20 8 -20

 2 24 16 8 16 -16 8 16
 2 24 -16 8 16 -16 8 10
 2 24 -16 8 -10 -16 8 -16
 2 24 -16 8 -16 16 8 -16
 2 24 16 8 -16 16 8 -10
 2 24 16 8 10 16 8 16

 2 24 16 4 16 -16 4 16
 2 24 -16 4 16 -16 4 10
 2 24 -16 4 10 -16 8 10
 2 24 -16 8 10 -20 8 10
 2 24 -20 8 -10 -16 8 -10
 2 24 -16 8 -10 -16 4 -10
 2 24 -16 4 -10 -16 4 -16
 2 24 -16 4 -16 16 4 -16
 2 24 16 4 -16 16 4 -10
 2 24 16 4 -10 16 8 -10
 2 24 16 8 -10 20 8 -10
 2 24 20 8 10 16 8 10
 2 24 16 8 10 16 4 10
 2 24 16 4 10 16 4 16

 2 24 16 4 16 16 8 16
 2 24 -16 4 16 -16 8 16
 2 24 16 4 -16 16 8 -16
 2 24 -16 4 -16 -16 8 -16

 2 24 16 4 10 2 4 10
 2 24 2 4 10 2 4 -10
 2 24 2 4 -10 16 4 -10
 2 24 2 4 10 2 10 10
 2 24 2 4 -10 2 10 -10

 2 24 -16 4 10 -2 4 10
 2 24 -2 4 10 -2 4 -10
 2 24 -2 4 -10 -16 4 -10
 2 24 -2 4 10 -2 10 10
 2 24 -2 4 -10 -2 10 -10

 1 16 20 10 0 0 -1 0 1 0 0 0 0 1 peghole.dat
 1 16 2 10 0 0 0 0 6 0 0 0 0 6 4-4edge.dat
 1 16 -2 10 0 0 0 0 6 0 0 0 0 6 4-4edge.dat
 1 16 -20 10 0 0 1 0 1 0 0 0 0 1 peghole.dat
 1 16 20 10 0 0 0 0 0 0 10 10 0 0 2-4edge.dat
 1 16 2 10 0 0 0 0 0 0 10 10 0 0 2-4edge.dat
 1 16 -2 10 0 0 0 0 0 0 10 10 0 0 2-4edge.dat
 1 16 -20 10 0 0 0 0 0 0 10 10 0 0 2-4edge.dat

 1 16 20 10 0 0 0 0 0 0 -8 8 0 0 2-4ndis.dat
 1 16 2 10 0 0 0 0 0 0 -6 6 0 0 2-4ndis.dat
 1 16 -2 10 0 0 0 0 0 0 -6 6 0 0 2-4ndis.dat
 1 16 -20 10 0 0 0 0 0 0 -8 8 0 0 2-4ndis.dat
 1 16 18 10 0 0 -16 0 6 0 0 0 0 6 4-4cyli.dat
 1 16 -18 10 0 0 16 0 6 0 0 0 0 6 4-4cyli.dat
 1 16 20 10 0 0 -18 0 0 0 10 10 0 0 2-4cyli.dat
 1 16 -20 10 0 0 18 0 0 0 10 10 0 0 2-4cyli.dat

 4 16 20 8 10 16 8 10 16 8 16 20 8 20
 4 16 20 8 20 16 8 16 -16 8 16 -20 8 20
 4 16 -20 8 20 -16 8 16 -16 8 10 -20 8 10
 4 16 -20 8 -10 -16 8 -10 -16 8 -16 -20 8 -20
 4 16 -20 8 -20 -16 8 -16 16 8 -16 20 8 -20
 4 16 20 8 -20 16 8 -16 16 8 -10 20 8 -10

 4 16 16 4 16 16 4 10 -16 4 10 -16 4 16
 4 16 16 4 -16 16 4 -10 -16 4 -10 -16 4 -16
 4 16 2 4 10 -2 4 10 -2 4 -10 2 4 -10

 4 16 20 0 20 -20 0 20 -20 0 -20 20 0 -20

 4 16 20 10 10 20 10 8 20 8 8 20 8 10
 4 16 20 10 -10 20 10 -8 20 8 -8 20 8 -10
 4 16 20 8 20 20 0 20 20 2 8 20 8 8
 4 16 20 8 -20 20 0 -20 20 2 -8 20 8 -8
 4 16 20 0 20 20 2 8 20 2 -8 20 0 -20

 4 16 16 8 16 16 4 16 16 4 10 16 8 10
 4 16 16 8 -16 16 4 -16 16 4 -10 16 8 -10

 4 16 2 10 10 2 4 10 2 4 6 2 10 6
 4 16 2 10 -10 2 4 -10 2 4 -6 2 10 -6

 4 16 -2 10 10 -2 4 10 -2 4 6 -2 10 6
 4 16 -2 10 -10 -2 4 -10 -2 4 -6 -2 10 -6

 4 16 -16 8 16 -16 4 16 -16 4 10 -16 8 10
 4 16 -16 8 -16 -16 4 -16 -16 4 -10 -16 8 -10

 4 16 -20 10 10 -20 10 8 -20 8 8 -20 8 10
 4 16 -20 10 -10 -20 10 -8 -20 8 -8 -20 8 -10
 4 16 -20 8 20 -20 0 20 -20 2 8 -20 8 8
 4 16 -20 8 -20 -20 0 -20 -20 2 -8 -20 8 -8
 4 16 -20 0 20 -20 2 8 -20 2 -8 -20 0 -20

 4 16 20 8 20 20 0 20 -20 0 20 -20 8 20

 4 16 16 8 16 16 4 16 -16 4 16 -16 8 16

 4 16 20 10 10 20 8 10 16 8 10 2 10 10
 4 16 16 8 10 16 4 10 2 4 10 2 10 10
 4 16 -20 10 10 -20 8 10 -16 8 10 -2 10 10
 4 16 -16 8 10 -16 4 10 -2 4 10 -2 10 10

 4 16 20 10 -10 20 8 -10 16 8 -10 2 10 -10
 4 16 16 8 -10 16 4 -10 2 4 -10 2 10 -10
 4 16 -20 10 -10 -20 8 -10 -16 8 -10 -2 10 -10
 4 16 -16 8 -10 -16 4 -10 -2 4 -10 -2 10 -10

 4 16 16 8 -16 16 4 -16 -16 4 -16 -16 8 -16

 4 16 20 8 -20 20 0 -20 -20 0 -20 -20 8 -20

 4 16 20 10 -8 20 13.06 -7.39 20 13.83 -9.24 20 10 -10
 4 16 2 10 -6 2 12.30 -5.54 2 13.83 -9.24 2 10 -10
 4 16 -2 10 -6 -2 12.30 -5.54 -2 13.83 -9.24 -2 10 -10
 4 16 -20 10 -8 -20 13.06 -7.39 -20 13.83 -9.24 -20 10 -10
 4 16 20 13.06 -7.39 20 15.66 -5.66 20 17.07 -7.07 20 13.83 -9.24
 4 16 2 12.30 -5.54 2 14.24 -4.24 2 17.07 -7.07 2 13.83 -9.24
 4 16 -2 12.30 -5.54 -2 14.24 -4.24 -2 17.07 -7.07 -2 13.83 -9.24
 4 16 -20 13.06 -7.39 -20 15.66 -5.66 -20 17.07 -7.07 -20 13.83 -9.24
 4 16 20 15.66 -5.66 20 17.39 -3.06 20 19.24 -3.83 20 17.07 -7.07
 4 16 2 14.24 -4.24 2 15.54 -2.30 2 19.24 -3.83 2 17.07 -7.07
 4 16 -2 14.24 -4.24 -2 15.54 -2.30 -2 19.24 -3.83 -2 17.07 -7.07
 4 16 -20 15.66 -5.66 -20 17.39 -3.06 -20 19.24 -3.83 -20 17.07 -7.07
 4 16 20 17.39 -3.06 20 18 0 20 20 0 20 19.24 -3.83
 4 16 2 15.54 -2.30 2 16 0 2 20 0 2 19.24 -3.83
 4 16 -2 15.54 -2.30 -2 16 0 -2 20 0 -2 19.24 -3.83
 4 16 -20 17.39 -3.06 -20 18 0 -20 20 0 -20 19.24 -3.83
 4 16 20 18 0 20 17.39 3.06 20 19.24 3.83 20 20 0
 4 16 2 16 0 2 15.54 2.30 2 19.24 3.83 2 20 0
 4 16 -2 16 0 -2 15.54 2.30 -2 19.24 3.83 -2 20 0
 4 16 -20 18 0 -20 17.39 3.06 -20 19.24 3.83 -20 20 0
 4 16 20 17.39 3.06 20 15.66 5.66 20 17.07 7.07 20 19.24 3.83
 4 16 2 15.54 2.30 2 14.24 4.24 2 17.07 7.07 2 19.24 3.83
 4 16 -2 15.54 2.30 -2 14.24 4.24 -2 17.07 7.07 -2 19.24 3.83
 4 16 -20 17.39 3.06 -20 15.66 5.66 -20 17.07 7.07 -20 19.24 3.83
 4 16 20 15.66 5.66 20 13.06 7.39 20 13.83 9.24 20 17.07 7.07
 4 16 2 14.24 4.24 2 12.30 5.54 2 13.83 9.24 2 17.07 7.07
 4 16 -2 14.24 4.24 -2 12.30 5.54 -2 13.83 9.24 -2 17.07 7.07
 4 16 -20 15.66 5.66 -20 13.06 7.39 -20 13.83 9.24 -20 17.07 7.07
 4 16 20 13.06 7.39 20 10 8 20 10 10 20 13.83 9.24
 4 16 2 12.30 5.54 2 10 6 2 10 10 2 13.83 9.24
 4 16 -2 12.30 5.54 -2 10 6 -2 10 10 -2 13.83 9.24
 4 16 -20 13.06 7.39 -20 10 8 -20 10 10 -20 13.83 9.24

 1 16 10 0 10 1 0 0 0 1 0 0 0 1 stud2.dat
 1 16 -10 0 10 1 0 0 0 1 0 0 0 1 stud2.dat
 1 16 10 0 -10 1 0 0 0 1 0 0 0 1 stud2.dat
 1 16 -10 0 -10 1 0 0 0 1 0 0 0 1 stud2.dat
