0 Technic Liftarm  1 x  4
0 Name: 2825.dat
0 Author: James Jessiman
0 !LDRAW_ORG Part UPDATE 2002-04
0 !LICENSE Not redistributable : see NonCAreadme.txt

0 !HISTORY 2001-10-27 {Wiliam J Wood} Fixed rings covering peg holes and bad quads
0 !HISTORY 2002-06-27 [OrionP] Fixed holes around bush base
0 !HISTORY 2002-08-18 [PTadmin] Official Update 2002-04
0 !HISTORY 2007-10-25 [PTadmin] Header formatted for Contributor Agreement
0 !HISTORY 2008-07-01 [PTadmin] Official Update 2008-01

1 16 0 -10 0 6 0 0 0 0 0 0 0 6 4-4edge.dat
1 16 0 0 0 6 0 0 0 0 0 0 0 6 4-4edge.dat
1 16 0 -10 0 6 0 0 0 10 0 0 0 6 4-4cyli.dat
2 24 0 -10 10 3.83 -10 9.24
2 24 3.83 -10 9.24 4.2 -10 8.99
2 24 4.2 -10 8.99 4.46 -10 7.7
2 24 4.46 -10 7.7 5.76 -10 5.76
2 24 5.76 -10 5.76 7.7 -10 4.46
2 24 7.7 -10 4.46 8.99 -10 4.2
2 24 8.99 -10 4.2 9.24 -10 3.83
2 24 9.24 -10 3.83 10 -10 0
2 24 0 -10 10 -3.83 -10 9.24
2 24 -3.83 -10 9.24 -4.2 -10 8.99
2 24 -4.2 -10 8.99 -4.46 -10 7.7
2 24 -4.46 -10 7.7 -5.76 -10 5.76
2 24 -5.76 -10 5.76 -7.7 -10 4.46
2 24 -7.7 -10 4.46 -8.99 -10 4.2
2 24 -8.99 -10 4.2 -9.24 -10 3.83
2 24 -9.24 -10 3.83 -10 -10 0
2 24 0 -10 -10 3.83 -10 -9.24
2 24 3.83 -10 -9.24 4.2 -10 -8.99
2 24 4.2 -10 -8.99 4.46 -10 -7.7
2 24 4.46 -10 -7.7 5.76 -10 -5.76
2 24 5.76 -10 -5.76 7.7 -10 -4.46
2 24 7.7 -10 -4.46 8.99 -10 -4.2
2 24 8.99 -10 -4.2 9.24 -10 -3.83
2 24 9.24 -10 -3.83 10 -10 0
2 24 0 -10 -10 -3.83 -10 -9.24
2 24 -3.83 -10 -9.24 -4.2 -10 -8.99
2 24 -4.2 -10 -8.99 -4.46 -10 -7.7
2 24 -4.46 -10 -7.7 -5.76 -10 -5.76
2 24 -5.76 -10 -5.76 -7.7 -10 -4.46
2 24 -7.7 -10 -4.46 -8.99 -10 -4.2
2 24 -8.99 -10 -4.2 -9.24 -10 -3.83
2 24 -9.24 -10 -3.83 -10 -10 0
2 24 0 0 10 3.83 0 9.24
2 24 3.83 0 9.24 4.2 0 8.99
2 24 4.2 0 8.99 4.46 0 7.7
2 24 4.46 0 7.7 5.76 0 5.76
2 24 5.76 0 5.76 7.7 0 4.46
2 24 7.7 0 4.46 8.99 0 4.2
2 24 8.99 0 4.2 9.24 0 3.83
2 24 9.24 0 3.83 10 0 0
2 24 0 0 10 -3.83 0 9.24
2 24 -3.83 0 9.24 -4.2 0 8.99
2 24 -4.2 0 8.99 -4.46 0 7.7
2 24 -4.46 0 7.7 -5.76 0 5.76
2 24 -5.76 0 5.76 -7.7 0 4.46
2 24 -7.7 0 4.46 -8.99 0 4.2
2 24 -8.99 0 4.2 -9.24 0 3.83
2 24 -9.24 0 3.83 -10 0 0
2 24 7.07 0 -7.07 4.2 0 -8.99
2 24 4.2 0 -8.99 4.46 0 -7.7
2 24 4.46 0 -7.7 5.76 0 -5.76
2 24 5.76 0 -5.76 7.7 0 -4.46
2 24 7.7 0 -4.46 8.99 0 -4.2
2 24 8.99 0 -4.2 7.07 0 -7.07
2 24 -7.07 0 -7.07 -4.2 0 -8.99
2 24 -4.2 0 -8.99 -4.46 0 -7.7
2 24 -4.46 0 -7.7 -5.76 0 -5.76
2 24 -5.76 0 -5.76 -7.7 0 -4.46
2 24 -7.7 0 -4.46 -8.99 0 -4.2
2 24 -8.99 0 -4.2 -7.07 0 -7.07
2 24 4.2 -10 8.99 4.2 0 8.99
2 24 8.99 -10 4.2 8.99 0 4.2
2 24 -4.2 -10 8.99 -4.2 0 8.99
2 24 -8.99 -10 4.2 -8.99 0 4.2
2 24 4.2 -10 -8.99 4.2 0 -8.99
2 24 8.99 -10 -4.2 8.99 0 -4.2
2 24 -4.2 -10 -8.99 -4.2 0 -8.99
2 24 -8.99 -10 -4.2 -8.99 0 -4.2
4 16 0 -10 10 3.83 -10 9.24 3.83 0 9.24 0 0 10
4 16 3.83 -10 9.24 4.2 -10 8.99 4.2 0 8.99 3.83 0 9.24
4 16 4.2 -10 8.99 4.46 -10 7.7 4.46 0 7.7 4.2 0 8.99
4 16 4.46 -10 7.7 5.76 -10 5.76 5.76 0 5.76 4.46 0 7.7
4 16 5.76 -10 5.76 7.7 -10 4.46 7.7 0 4.46 5.76 0 5.76
4 16 7.7 -10 4.46 8.99 -10 4.2 8.99 0 4.2 7.7 0 4.46
4 16 8.99 -10 4.2 9.24 -10 3.83 9.24 0 3.83 8.99 0 4.2
4 16 9.24 -10 3.83 10 -10 0 10 0 0 9.24 0 3.83
4 16 0 -10 10 -3.83 -10 9.24 -3.83 0 9.24 0 0 10
4 16 -3.83 -10 9.24 -4.2 -10 8.99 -4.2 0 8.99 -3.83 0 9.24
4 16 -4.2 -10 8.99 -4.46 -10 7.7 -4.46 0 7.7 -4.2 0 8.99
4 16 -4.46 -10 7.7 -5.76 -10 5.76 -5.76 0 5.76 -4.46 0 7.7
4 16 -5.76 -10 5.76 -7.7 -10 4.46 -7.7 0 4.46 -5.76 0 5.76
4 16 -7.7 -10 4.46 -8.99 -10 4.2 -8.99 0 4.2 -7.7 0 4.46
4 16 -8.99 -10 4.2 -9.24 -10 3.83 -9.24 0 3.83 -8.99 0 4.2
4 16 -9.24 -10 3.83 -10 -10 0 -10 0 0 -9.24 0 3.83
4 16 0 -10 -10 3.83 -10 -9.24 3.83 0 -9.24 0 0 -10
4 16 3.83 -10 -9.24 4.2 -10 -8.99 4.2 0 -8.99 3.83 0 -9.24
4 16 4.2 -10 -8.99 4.46 -10 -7.7 4.46 0 -7.7 4.2 0 -8.99
4 16 4.46 -10 -7.7 5.76 -10 -5.76 5.76 0 -5.76 4.46 0 -7.7
4 16 5.76 -10 -5.76 7.7 -10 -4.46 7.7 0 -4.46 5.76 0 -5.76
4 16 7.7 -10 -4.46 8.99 -10 -4.2 8.99 0 -4.2 7.7 0 -4.46
4 16 8.99 -10 -4.2 9.24 -10 -3.83 9.24 0 -3.83 8.99 0 -4.2
4 16 9.24 -10 -3.83 10 -10 0 10 0 0 9.24 0 -3.83
4 16 0 -10 -10 -3.83 -10 -9.24 -3.83 0 -9.24 0 0 -10
4 16 -3.83 -10 -9.24 -4.2 -10 -8.99 -4.2 0 -8.99 -3.83 0 -9.24
4 16 -4.2 -10 -8.99 -4.46 -10 -7.7 -4.46 0 -7.7 -4.2 0 -8.99
4 16 -4.46 -10 -7.7 -5.76 -10 -5.76 -5.76 0 -5.76 -4.46 0 -7.7
4 16 -5.76 -10 -5.76 -7.7 -10 -4.46 -7.7 0 -4.46 -5.76 0 -5.76
4 16 -7.7 -10 -4.46 -8.99 -10 -4.2 -8.99 0 -4.2 -7.7 0 -4.46
4 16 -8.99 -10 -4.2 -9.24 -10 -3.83 -9.24 0 -3.83 -8.99 0 -4.2
4 16 -9.24 -10 -3.83 -10 -10 0 -10 0 0 -9.24 0 -3.83
4 16 0 -10 10 3.83 -10 9.24 2.3 -10 5.54 0 -10 6
4 16 3.83 -10 9.24 4.2 -10 8.99 4.46 -10 7.7 2.3 -10 5.54
4 16 0 0 10 3.83 0 9.24 2.3 0 5.54 0 0 6
4 16 3.83 0 9.24 4.2 0 8.99 4.46 0 7.7 2.3 0 5.54
4 16 4.46 -10 7.7 5.76 -10 5.76 4.24 -10 4.24 2.3 -10 5.54
4 16 5.76 -10 5.76 7.7 -10 4.46 5.54 -10 2.3 4.24 -10 4.24
4 16 7.7 -10 4.46 8.99 -10 4.2 9.24 -10 3.83 5.54 -10 2.3
4 16 9.24 -10 3.83 10 -10 0 6 -10 0 5.54 -10 2.3
4 16 0 -10 10 -3.83 -10 9.24 -2.3 -10 5.54 0 -10 6
4 16 -3.83 -10 9.24 -4.2 -10 8.99 -4.46 -10 7.7 -2.3 -10 5.54
4 16 0 0 10 -3.83 0 9.24 -2.3 0 5.54 0 0 6
4 16 -3.83 0 9.24 -4.2 0 8.99 -4.46 0 7.7 -2.3 0 5.54
4 16 -4.46 -10 7.7 -5.76 -10 5.76 -4.24 -10 4.24 -2.3 -10 5.54
4 16 -5.76 -10 5.76 -7.7 -10 4.46 -5.54 -10 2.3 -4.24 -10 4.24
4 16 -7.7 -10 4.46 -8.99 -10 4.2 -9.24 -10 3.83 -5.54 -10 2.3
4 16 -9.24 -10 3.83 -10 -10 0 -6 -10 0 -5.54 -10 2.3
4 16 0 -10 -10 3.83 -10 -9.24 2.3 -10 -5.54 0 -10 -6
4 16 3.83 -10 -9.24 4.2 -10 -8.99 4.46 -10 -7.7 2.3 -10 -5.54
4 16 4.46 -10 -7.7 5.76 -10 -5.76 4.24 -10 -4.24 2.3 -10 -5.54
4 16 5.76 -10 -5.76 7.7 -10 -4.46 5.54 -10 -2.3 4.24 -10 -4.24
4 16 7.7 -10 -4.46 8.99 -10 -4.2 9.24 -10 -3.83 5.54 -10 -2.3
4 16 9.24 -10 -3.83 10 -10 0 6 -10 0 5.54 -10 -2.3
4 16 0 -10 -10 -3.83 -10 -9.24 -2.3 -10 -5.54 0 -10 -6
4 16 -3.83 -10 -9.24 -4.2 -10 -8.99 -4.46 -10 -7.7 -2.3 -10 -5.54
4 16 -4.46 -10 -7.7 -5.76 -10 -5.76 -4.24 -10 -4.24 -2.3 -10 -5.54
4 16 -5.76 -10 -5.76 -7.7 -10 -4.46 -5.54 -10 -2.3 -4.24 -10 -4.24
4 16 -7.7 -10 -4.46 -8.99 -10 -4.2 -9.24 -10 -3.83 -5.54 -10 -2.3
4 16 -9.24 -10 -3.83 -10 -10 0 -6 -10 0 -5.54 -10 -2.3
1 16 0 10 0 10 0 0 0 0 0 0 0 -10 2-4edge.dat
1 16 0 0 0 10 0 0 0 10 0 0 0 -10 2-4cyli.dat
1 16 0 0 0 1 0 0 0 10 0 0 0 1 axlehol4.dat
1 16 0 0 60 10 0 0 0 0 0 0 0 10 2-4edge.dat
1 16 0 10 60 10 0 0 0 0 0 0 0 10 2-4edge.dat
1 16 0 0 60 10 0 0 0 10 0 0 0 10 2-4cyli.dat
1 16 0 0 60 1 0 0 0 10 0 0 0 -1 axlehol4.dat
2 24 10 0 0 10 0 60
2 24 -10 0 0 -10 0 60
2 24 10 10 0 10 10 60
2 24 -10 10 0 -10 10 60
4 16 10 0 0 10 0 60 10 10 60 10 10 0
4 16 -10 0 0 -10 0 60 -10 10 60 -10 10 0
4 16 10 0 0 10 0 60 9 0 60 9 0 0
4 16 -10 0 0 -10 0 60 -9 0 60 -9 0 0
4 16 10 10 0 10 10 60 9 10 60 9 10 0
4 16 -10 10 0 -10 10 60 -9 10 60 -9 10 0
1 16 0 0 20 1 0 0 0 1 0 0 0 1 peghole.dat
1 16 0 10 20 1 0 0 0 -1 0 0 0 1 peghole.dat
1 16 0 2 20 6 0 0 0 6 0 0 0 6 4-4cyli.dat
1 16 0 0 40 1 0 0 0 1 0 0 0 1 peghole.dat
1 16 0 10 40 1 0 0 0 -1 0 0 0 1 peghole.dat
1 16 0 2 40 6 0 0 0 6 0 0 0 6 4-4cyli.dat
2 24 2 0 5.58 2 0 8.58
2 24 2 0 8.58 3.44 0 8.31
2 24 3.44 0 8.31 6.36 0 6.36
2 24 -2 0 5.58 -2 0 8.58
2 24 -2 0 8.58 -3.44 0 8.31
2 24 -3.44 0 8.31 -6.36 0 6.36
2 24 2 10 5.58 2 10 8.58
2 24 2 10 8.58 3.44 10 8.31
2 24 3.44 10 8.31 6.36 10 6.36
2 24 -2 10 5.58 -2 10 8.58
2 24 -2 10 8.58 -3.44 10 8.31
2 24 -3.44 10 8.31 -6.36 10 6.36
2 24 2 0 8.58 2 10 8.58
2 24 -2 0 8.58 -2 10 8.58
4 16 2 0 5.58 2 0 8.58 2 10 8.58 2 10 5.58
4 16 2 0 8.58 3.44 0 8.31 3.44 10 8.31 2 10 8.58
4 16 3.44 0 8.31 6.36 0 6.36 6.36 10 6.36 3.44 10 8.31
4 16 -2 0 5.58 -2 0 8.58 -2 10 8.58 -2 10 5.58
4 16 -2 0 8.58 -3.44 0 8.31 -3.44 10 8.31 -2 10 8.58
4 16 -3.44 0 8.31 -6.36 0 6.36 -6.36 10 6.36 -3.44 10 8.31
4 16 -2 10 5.58 -2.3 10 5.54 -3.44 10 8.31 -2 10 8.58
4 16 -2.3 10 5.54 -4.24 10 4.24 -6.36 10 6.36 -3.44 10 8.31
4 16 -4.24 10 4.24 -5.54 10 2.3 -8.31 10 3.44 -6.36 10 6.36
4 16 -5.54 10 2.3 -6 10 0 -9 10 0 -8.31 10 3.44
4 16 -2 0 5.58 -2.3 0 5.54 -3.44 0 8.31 -2 0 8.58
4 16 -2.3 0 5.54 -4.24 0 4.24 -6.36 0 6.36 -3.44 0 8.31
4 16 -4.24 0 4.24 -5.54 0 2.3 -8.31 0 3.44 -6.36 0 6.36
4 16 -5.54 0 2.3 -6 0 0 -9 0 0 -8.31 0 3.44
4 16 -6 10 0 -5.54 10 -2.3 -9.24 10 -3.83 -10 10 0
4 16 -5.54 10 -2.3 -4.24 10 -4.24 -7.07 10 -7.07 -9.24 10 -3.83
4 16 -4.24 10 -4.24 -2.3 10 -5.54 -3.83 10 -9.24 -7.07 10 -7.07
4 16 -2.3 10 -5.54 0 10 -6 0 10 -10 -3.83 10 -9.24
4 16 0 10 -6 2.3 10 -5.54 3.83 10 -9.24 0 10 -10
4 16 2.3 10 -5.54 4.24 10 -4.24 7.07 10 -7.07 3.83 10 -9.24
4 16 4.24 10 -4.24 5.54 10 -2.3 9.24 10 -3.83 7.07 10 -7.07
4 16 5.54 10 -2.3 6 10 0 10 10 0 9.24 10 -3.83
4 16 -6 0 0 -5.54 0 -2.3 -9.24 0 -3.83 -10 0 0
4 16 -5.54 0 -2.3 -4.24 0 -4.24 -7.07 0 -7.07 -9.24 0 -3.83
4 16 -4.24 0 -4.24 -2.3 0 -5.54 -3.83 0 -9.24 -7.07 0 -7.07
4 16 -2.3 0 -5.54 0 0 -6 0 0 -10 -3.83 0 -9.24
4 16 0 0 -6 2.3 0 -5.54 3.83 0 -9.24 0 0 -10
4 16 2.3 0 -5.54 4.24 0 -4.24 7.07 0 -7.07 3.83 0 -9.24
4 16 4.24 0 -4.24 5.54 0 -2.3 9.24 0 -3.83 7.07 0 -7.07
4 16 5.54 0 -2.3 6 0 0 10 0 0 9.24 0 -3.83
4 16 6 10 0 5.54 10 2.3 8.31 10 3.44 9 10 0
4 16 5.54 10 2.3 4.24 10 4.24 6.36 10 6.36 8.31 10 3.44
4 16 4.24 10 4.24 2.3 10 5.54 3.44 10 8.31 6.36 10 6.36
4 16 2.3 10 5.54 2 10 5.58 2 10 8.58 3.44 10 8.31
4 16 6 0 0 5.54 0 2.3 8.31 0 3.44 9 0 0
4 16 5.54 0 2.3 4.24 0 4.24 6.36 0 6.36 8.31 0 3.44
4 16 4.24 0 4.24 2.3 0 5.54 3.44 0 8.31 6.36 0 6.36
4 16 2.3 0 5.54 2 0 5.58 2 0 8.58 3.44 0 8.31
2 24 2 0 54.42 2 0 51.42
2 24 2 0 51.42 3.44 0 51.69
2 24 3.44 0 51.69 6.36 0 53.64
2 24 -2 0 54.42 -2 0 51.42
2 24 -2 0 51.42 -3.44 0 51.69
2 24 -3.44 0 51.69 -6.36 0 53.64
2 24 2 10 54.42 2 10 51.42
2 24 2 10 51.42 3.44 10 51.69
2 24 3.44 10 51.69 6.36 10 53.64
2 24 -2 10 54.42 -2 10 51.42
2 24 -2 10 51.42 -3.44 10 51.69
2 24 -3.44 10 51.69 -6.36 10 53.64
2 24 2 0 51.42 2 10 51.42
2 24 -2 0 51.42 -2 10 51.42
4 16 2 0 54.42 2 0 51.42 2 10 51.42 2 10 54.42
4 16 2 0 51.42 3.44 0 51.69 3.44 10 51.69 2 10 51.42
4 16 3.44 0 51.69 6.36 0 53.64 6.36 10 53.64 3.44 10 51.69
4 16 -2 0 54.42 -2 0 51.42 -2 10 51.42 -2 10 54.42
4 16 -2 0 51.42 -3.44 0 51.69 -3.44 10 51.69 -2 10 51.42
4 16 -3.44 0 51.69 -6.36 0 53.64 -6.36 10 53.64 -3.44 10 51.69
1 16 0 0 20 6.36 0 -6.36 0 0 0 -6.36 0 -6.36 1-4edge.dat
1 16 0 10 20 6.36 0 -6.36 0 0 0 -6.36 0 -6.36 1-4edge.dat
1 16 0 0 20 6.36 0 -6.36 0 10 0 -6.36 0 -6.36 1-4cyli.dat
1 16 6.36 5 10 0 0 0 5 0 0 0 0 3.64 rect.dat
1 16 -6.36 5 10 0 0 0 5 0 0 0 0 3.64 rect.dat
4 16 9 0 0 6.36 0 6.36 6.36 0 13.64 9 0 20
4 16 -9 0 0 -6.36 0 6.36 -6.36 0 13.64 -9 0 20
4 16 9 10 0 6.36 10 6.36 6.36 10 13.64 9 10 20
4 16 -9 10 0 -6.36 10 6.36 -6.36 10 13.64 -9 10 20
1 16 0 0 20 6.36 0 -6.36 0 0 0 6.36 0 6.36 1-4edge.dat
1 16 0 3 20 6.36 0 -6.36 0 0 0 6.36 0 6.36 1-4edge.dat
1 16 0 7 20 6.36 0 -6.36 0 0 0 6.36 0 6.36 1-4edge.dat
1 16 0 10 20 6.36 0 -6.36 0 0 0 6.36 0 6.36 1-4edge.dat
1 16 0 0 20 6.36 0 -6.36 0 10 0 6.36 0 6.36 1-4cyli.dat
1 16 0 0 40 6.36 0 -6.36 0 0 0 -6.36 0 -6.36 1-4edge.dat
1 16 0 3 40 6.36 0 -6.36 0 0 0 -6.36 0 -6.36 1-4edge.dat
1 16 0 7 40 6.36 0 -6.36 0 0 0 -6.36 0 -6.36 1-4edge.dat
1 16 0 10 40 6.36 0 -6.36 0 0 0 -6.36 0 -6.36 1-4edge.dat
1 16 0 0 40 6.36 0 -6.36 0 10 0 -6.36 0 -6.36 1-4cyli.dat
4 16 6.36 3 26.36 6.36 3 33.64 -6.36 3 33.63 -6.36 3 26.36
4 16 6.36 7 26.36 6.36 7 33.64 -6.36 7 33.63 -6.36 7 26.36
1 16 6.36 1.5 30 0 0 0 1.5 0 0 0 0 3.64 rect.dat
1 16 -6.36 1.5 30 0 0 0 1.5 0 0 0 0 3.64 rect.dat
1 16 6.36 8.5 30 0 0 0 1.5 0 0 0 0 3.64 rect.dat
1 16 -6.36 8.5 30 0 0 0 1.5 0 0 0 0 3.64 rect.dat
4 16 9 0 20 6.36 0 26.36 6.36 0 33.64 9 0 40
4 16 -9 0 20 -6.36 0 26.36 -6.36 0 33.64 -9 0 40
4 16 9 10 20 6.36 10 26.36 6.36 10 33.64 9 10 40
4 16 -9 10 20 -6.36 10 26.36 -6.36 10 33.64 -9 10 40
1 16 0 0 40 6.36 0 -6.36 0 0 0 6.36 0 6.36 1-4edge.dat
1 16 0 10 40 6.36 0 -6.36 0 0 0 6.36 0 6.36 1-4edge.dat
1 16 0 0 40 6.36 0 -6.36 0 10 0 6.36 0 6.36 1-4cyli.dat
1 16 6.36 5 50 0 0 0 5 0 0 0 0 3.64 rect.dat
1 16 -6.36 5 50 0 0 0 5 0 0 0 0 3.64 rect.dat
4 16 9 0 40 6.36 0 46.36 6.36 0 53.64 9 0 60
4 16 -9 0 40 -6.36 0 46.36 -6.36 0 53.64 -9 0 60
4 16 9 10 40 6.36 10 46.36 6.36 10 53.64 9 10 60
4 16 -9 10 40 -6.36 10 46.36 -6.36 10 53.64 -9 10 60
4 16 0 0 66 -2.3 0 65.54 -3.83 0 69.24 0 0 70
4 16 0 10 66 -2.3 10 65.54 -3.83 10 69.24 0 10 70
4 16 -2.3 0 65.54 -4.24 0 64.24 -7.07 0 67.07 -3.83 0 69.24
4 16 -2.3 10 65.54 -4.24 10 64.24 -7.07 10 67.07 -3.83 10 69.24
4 16 -4.24 0 64.24 -5.54 0 62.3 -9.24 0 63.83 -7.07 0 67.07
4 16 -4.24 10 64.24 -5.54 10 62.3 -9.24 10 63.83 -7.07 10 67.07
4 16 -5.54 0 62.3 -6 0 60 -10 0 60 -9.24 0 63.83
4 16 -5.54 10 62.3 -6 10 60 -10 10 60 -9.24 10 63.83
4 16 -6 0 60 -5.54 0 57.7 -8.31 0 56.56 -9 0 60
4 16 -6 10 60 -5.54 10 57.7 -8.31 10 56.56 -9 10 60
4 16 -5.54 0 57.7 -4.24 0 55.76 -6.36 0 53.64 -8.31 0 56.56
4 16 -5.54 10 57.7 -4.24 10 55.76 -6.36 10 53.64 -8.31 10 56.56
4 16 -4.24 0 55.76 -2.3 0 54.46 -3.44 0 51.69 -6.36 0 53.64
4 16 -4.24 10 55.76 -2.3 10 54.46 -3.44 10 51.69 -6.36 10 53.64
4 16 -2.3 0 54.46 -2 0 54.42 -2 0 51.42 -3.44 0 51.69
4 16 -2.3 10 54.46 -2 10 54.42 -2 10 51.42 -3.44 10 51.69
4 16 2 0 54.42 2.3 0 54.46 3.44 0 51.69 2 0 51.42
4 16 2 10 54.42 2.3 10 54.46 3.44 10 51.69 2 10 51.42
4 16 2.3 0 54.46 4.24 0 55.76 6.36 0 53.64 3.44 0 51.69
4 16 2.3 10 54.46 4.24 10 55.76 6.36 10 53.64 3.44 10 51.69
4 16 4.24 0 55.76 5.54 0 57.7 8.31 0 56.56 6.36 0 53.64
4 16 4.24 10 55.76 5.54 10 57.7 8.31 10 56.56 6.36 10 53.64
4 16 5.54 0 57.7 6 0 60 9 0 60 8.31 0 56.56
4 16 5.54 10 57.7 6 10 60 9 10 60 8.31 10 56.56
4 16 6 0 60 5.54 0 62.3 9.24 0 63.83 10 0 60
4 16 6 10 60 5.54 10 62.3 9.24 10 63.83 10 10 60
4 16 5.54 0 62.3 4.24 0 64.24 7.07 0 67.07 9.24 0 63.83
4 16 5.54 10 62.3 4.24 10 64.24 7.07 10 67.07 9.24 10 63.83
4 16 4.24 0 64.24 2.3 0 65.54 3.83 0 69.24 7.07 0 67.07
4 16 4.24 10 64.24 2.3 10 65.54 3.83 10 69.24 7.07 10 67.07
4 16 2.3 0 65.54 0 0 66 0 0 70 3.83 0 69.24
4 16 2.3 10 65.54 0 10 66 0 10 70 3.83 10 69.24
0 Ring
4 16 0 0 28 -3.06 0 27.39 -3.44 0 28.31 0 0 29
4 16 0 10 28 -3.06 10 27.39 -3.44 10 28.31 0 10 29
4 16 -3.06 0 27.39 -5.66 0 25.66 -6.36 0 26.36 -3.44 0 28.31
4 16 -3.06 10 27.39 -5.66 10 25.66 -6.36 10 26.36 -3.44 10 28.31
4 16 -5.66 0 25.66 -7.39 0 23.06 -8.31 0 23.44 -6.36 0 26.36
4 16 -5.66 10 25.66 -7.39 10 23.06 -8.31 10 23.44 -6.36 10 26.36
4 16 -7.39 0 23.06 -8 0 20 -9 0 20 -8.31 0 23.44
4 16 -7.39 10 23.06 -8 10 20 -9 10 20 -8.31 10 23.44
4 16 -8 0 20 -7.39 0 16.94 -8.31 0 16.56 -9 0 20
4 16 -8 10 20 -7.39 10 16.94 -8.31 10 16.56 -9 10 20
4 16 -7.39 0 16.94 -5.66 0 14.34 -6.36 0 13.64 -8.31 0 16.56
4 16 -7.39 10 16.94 -5.66 10 14.34 -6.36 10 13.64 -8.31 10 16.56
4 16 -5.66 0 14.34 -3.06 0 12.61 -3.44 0 11.69 -6.36 0 13.64
4 16 -5.66 10 14.34 -3.06 10 12.61 -3.44 10 11.69 -6.36 10 13.64
4 16 -3.06 0 12.61 0 0 12 0 0 11 -3.44 0 11.69
4 16 -3.06 10 12.61 0 10 12 0 10 11 -3.44 10 11.69
4 16 0 0 12 3.06 0 12.61 3.44 0 11.69 0 0 11
4 16 0 10 12 3.06 10 12.61 3.44 10 11.69 0 10 11
4 16 3.06 0 12.61 5.66 0 14.34 6.36 0 13.64 3.44 0 11.69
4 16 3.06 10 12.61 5.66 10 14.34 6.36 10 13.64 3.44 10 11.69
4 16 5.66 0 14.34 7.39 0 16.94 8.31 0 16.56 6.36 0 13.64
4 16 5.66 10 14.34 7.39 10 16.94 8.31 10 16.56 6.36 10 13.64
4 16 7.39 0 16.94 8 0 20 9 0 20 8.31 0 16.56
4 16 7.39 10 16.94 8 10 20 9 10 20 8.31 10 16.56
4 16 8 0 20 7.39 0 23.06 8.31 0 23.44 9 0 20
4 16 8 10 20 7.39 10 23.06 8.31 10 23.44 9 10 20
4 16 7.39 0 23.06 5.66 0 25.66 6.36 0 26.36 8.31 0 23.44
4 16 7.39 10 23.06 5.66 10 25.66 6.36 10 26.36 8.31 10 23.44
4 16 5.66 0 25.66 3.06 0 27.39 3.44 0 28.31 6.36 0 26.36
4 16 5.66 10 25.66 3.06 10 27.39 3.44 10 28.31 6.36 10 26.36
4 16 3.06 0 27.39 0 0 28 0 0 29 3.44 0 28.31
4 16 3.06 10 27.39 0 10 28 0 10 29 3.44 10 28.31
4 16 0 0 48 -3.06 0 47.39 -3.44 0 48.31 0 0 49
4 16 0 10 48 -3.06 10 47.39 -3.44 10 48.31 0 10 49
4 16 -3.06 0 47.39 -5.66 0 45.66 -6.36 0 46.36 -3.44 0 48.31
4 16 -3.06 10 47.39 -5.66 10 45.66 -6.36 10 46.36 -3.44 10 48.31
4 16 -5.66 0 45.66 -7.39 0 43.06 -8.31 0 43.44 -6.36 0 46.36
4 16 -5.66 10 45.66 -7.39 10 43.06 -8.31 10 43.44 -6.36 10 46.36
4 16 -7.39 0 43.06 -8 0 40 -9 0 40 -8.31 0 43.44
4 16 -7.39 10 43.06 -8 10 40 -9 10 40 -8.31 10 43.44
4 16 -8 0 40 -7.39 0 36.94 -8.31 0 36.56 -9 0 40
4 16 -8 10 40 -7.39 10 36.94 -8.31 10 36.56 -9 10 40
4 16 -7.39 0 36.94 -5.66 0 34.34 -6.36 0 33.64 -8.31 0 36.56
4 16 -7.39 10 36.94 -5.66 10 34.34 -6.36 10 33.64 -8.31 10 36.56
4 16 -5.66 0 34.34 -3.06 0 32.61 -3.44 0 31.69 -6.36 0 33.64
4 16 -5.66 10 34.34 -3.06 10 32.61 -3.44 10 31.69 -6.36 10 33.64
4 16 -3.06 0 32.61 0 0 32 0 0 31 -3.44 0 31.69
4 16 -3.06 10 32.61 0 10 32 0 10 31 -3.44 10 31.69
4 16 0 0 32 3.06 0 32.61 3.44 0 31.69 0 0 31
4 16 0 10 32 3.06 10 32.61 3.44 10 31.69 0 10 31
4 16 3.06 0 32.61 5.66 0 34.34 6.36 0 33.64 3.44 0 31.69
4 16 3.06 10 32.61 5.66 10 34.34 6.36 10 33.64 3.44 10 31.69
4 16 5.66 0 34.34 7.39 0 36.94 8.31 0 36.56 6.36 0 33.64
4 16 5.66 10 34.34 7.39 10 36.94 8.31 10 36.56 6.36 10 33.64
4 16 7.39 0 36.94 8 0 40 9 0 40 8.31 0 36.56
4 16 7.39 10 36.94 8 10 40 9 10 40 8.31 10 36.56
4 16 8 0 40 7.39 0 43.06 8.31 0 43.44 9 0 40
4 16 8 10 40 7.39 10 43.06 8.31 10 43.44 9 10 40
4 16 7.39 0 43.06 5.66 0 45.66 6.36 0 46.36 8.31 0 43.44
4 16 7.39 10 43.06 5.66 10 45.66 6.36 10 46.36 8.31 10 43.44
4 16 5.66 0 45.66 3.06 0 47.39 3.44 0 48.31 6.36 0 46.36
4 16 5.66 10 45.66 3.06 10 47.39 3.44 10 48.31 6.36 10 46.36
4 16 3.06 0 47.39 0 0 48 0 0 49 3.44 0 48.31
4 16 3.06 10 47.39 0 10 48 0 10 49 3.44 10 48.31
0
