0 Technic Cylinder Head
0 Name: 2850.dat
0 Author: ONYX (J Boen) onyx@flash.net
0 Official LCad update 98-03

0 Engine block
0 Main Cylinder
1 16 0 0 0 0 0 -12 0 43 0 12 0 0 2-4cyli.dat
1 16 0 3 0 0 0 -15 0 13 0 15 0 0 2-4cyli.dat
1 16 0 34 0 0 0 -15 0 9 0 15 0 0 2-4cyli.dat

4 16 0 43 15 -5.74 43 13.85 -4.59 43 11.08 0 43 12
4 16 -5.74 43 13.85 -10.6 43 10.6 -8.48 43 8.48 -4.59 43 11.08
4 16 -10.6 43 10.6 -13.85 43 5.74 -11.08 43 4.59 -8.48 43 8.48
4 16 -13.85 43 5.74 -15 43 0 -12 43 0 -11.08 43 4.59
4 16 -15 43 0 -13.85 43 -5.74 -11.08 43 -4.59 -12 43 0
4 16 -13.85 43 -5.74 -10.6 43 -10.6 -8.48 43 -8.48 -11.08 43 -4.59
4 16 -10.6 43 -10.6 -5.74 43 -13.85 -4.59 43 -11.08 -8.48 43 -8.48
4 16 -5.74 43 -13.85 0 43 -15 0 43 -12 -4.59 43 -11.08

1 16 0 19 0 0 0 -15 0 13 0 15 0 0 1-8cyli.dat
1 16 0 19 0 -10.6 0 10.6 0 13 0 -10.6 0 -10.6 1-8cyli.dat

4 16 -10.6 19 10.6 -10.6 24 10.6 -13 24 10.6 -13 19 10.6
4 16 -10.6 19 -10.6 -10.6 24 -10.6 -13 24 -10.6 -13 19 -10.6

1 16 0 0 0 0 0 -12 0 1 0 12 0 0 2-4edge.dat
1 16 0 43 0 0 0 -12 0 1 0 12 0 0 2-4edge.dat

0 Engine block frame
4 16 -20 0 -20 -20 0 20 -20 3 20 -20 3 -20
4 16 -20 0 20 0 0 20 0 3 20 -20 3 20
4 16 -20 0 -20 0 0 -20 0 3 -20 -20 3 -20

0 Engine block surface
4 16 0 0 12 0 0 20 -20 0 20 -4.59 0 11.08
4 16 0 3 12 0 3 20 -20 3 20 -4.59 3 11.08

3 16 -20 0 20 -4.59 0 11.08 -8.48 0 8.48
3 16 -20 3 20 -4.59 3 11.08 -8.48 3 8.48
3 16 -20 0 20 -8.48 0 8.48 -11.08 0 4.59
3 16 -20 3 20 -8.48 3 8.48 -11.08 3 4.59
3 16 -20 0 20 -11.08 0 4.59 -12 0 0
3 16 -20 3 20 -11.08 3 4.59 -12 3 0

3 16 -20 0 20 -12 0 0 -20 0 -20
3 16 -20 3 20 -12 3 0 -20 3 -20

3 16 -20 0 -20 -12 0 0 -11.08 0 -4.59
3 16 -20 3 -20 -12 3 0 -11.08 3 -4.59
3 16 -20 0 -20 -11.08 0 -4.59 -8.48 0 -8.48
3 16 -20 3 -20 -11.08 3 -4.59 -8.48 3 -8.48
3 16 -20 0 -20 -8.48 0 -8.48 -4.59 0 -11.08
3 16 -20 3 -20 -8.48 3 -8.48 -4.59 3 -11.08

4 16 0 0 -12 0 0 -20 -20 0 -20 -4.59 0 -11.08
4 16 0 3 -12 0 3 -20 -20 3 -20 -4.59 3 -11.08

0 Edge definition
2 24 -20 0 20 0 0 20
2 24 -20 3 20 0 3 20
2 24 -20 0 20 -20 3 20

2 24 -20 0 20 -20 0 -20
2 24 -20 3 20 -20 3 -20

2 24 -20 0 -20 0 0 -20
2 24 -20 3 -20 0 3 -20
2 24 -20 0 -20 -20 3 -20

1 16 0 3 0 0 0 -15 0 1 0 15 0 0 2-4edge.dat

0 Engine block frame
4 16 -20 8 -20 -20 8 20 -20 11 20 -20 11 -20
4 16 -20 8 20 0 8 20 0 11 20 -20 11 20
4 16 -20 8 -20 0 8 -20 0 11 -20 -20 11 -20

0 Engine block surface
4 16 0 8 12 0 8 20 -20 8 20 -4.59 8 11.08
4 16 0 11 12 0 11 20 -20 11 20 -4.59 11 11.08

3 16 -20 8 20 -4.59 8 11.08 -8.48 8 8.48
3 16 -20 11 20 -4.59 11 11.08 -8.48 11 8.48
3 16 -20 8 20 -8.48 8 8.48 -11.08 8 4.59
3 16 -20 11 20 -8.48 11 8.48 -11.08 11 4.59
3 16 -20 8 20 -11.08 8 4.59 -12 8 0
3 16 -20 11 20 -11.08 11 4.59 -12 11 0

3 16 -20 8 20 -12 8 0 -20 8 -20
3 16 -20 11 20 -12 11 0 -20 11 -20

3 16 -20 8 -20 -12 8 0 -11.08 8 -4.59
3 16 -20 11 -20 -12 11 0 -11.08 11 -4.59
3 16 -20 8 -20 -11.08 8 -4.59 -8.48 8 -8.48
3 16 -20 11 -20 -11.08 11 -4.59 -8.48 11 -8.48
3 16 -20 8 -20 -8.48 8 -8.48 -4.59 8 -11.08
3 16 -20 11 -20 -8.48 11 -8.48 -4.59 11 -11.08

4 16 0 8 -12 0 8 -20 -20 8 -20 -4.59 8 -11.08
4 16 0 11 -12 0 11 -20 -20 11 -20 -4.59 11 -11.08

0 Edge definition
2 24 -20 8 20 0 8 20
2 24 -20 11 20 0 11 20
2 24 -20 8 20 -20 11 20

2 24 -20 8 20 -20 8 -20
2 24 -20 11 20 -20 11 -20

2 24 -20 8 -20 0 8 -20
2 24 -20 11 -20 0 11 -20
2 24 -20 8 -20 -20 11 -20

0
1 16 0 8 0 0 0 -15 0 1 0 15 0 0 2-4edge.dat
1 16 0 11 0 0 0 -15 0 1 0 15 0 0 2-4edge.dat

0 Heat sink merges to pegholes
4 16 -20 16 20 0 16 20 0 19 20 -13 19 20
4 16 -20 16 -20 0 16 -20 0 19 -20 -13 19 -20

0 Merger sink surface
4 16 0 16 12 0 16 20 -20 16 20 -4.59 16 11.08
4 16 0 19 12 0 19 20 -13 19 20 -4.59 19 11.08

3 16 -20 16 20 -4.59 16 11.08 -8.48 16 8.48
3 16 -13 19 20 -4.59 19 11.08 -8.48 19 8.48
3 16 -20 16 20 -8.48 16 8.48 -11.08 16 4.59
3 16 -13 19 20 -8.48 19 8.48 -11.08 19 4.59
3 16 -20 16 20 -11.08 16 4.59 -12 16 0
3 16 -13 19 20 -11.08 19 4.59 -12 19 0

3 16 -20 16 20 -12 16 0 -20 16 -20
3 16 -13 19 20 -12 19 0 -13 19 -20

3 16 -20 16 -20 -12 16 0 -11.08 16 -4.59
3 16 -13 19 -20 -12 19 0 -11.08 19 -4.59
3 16 -20 16 -20 -11.08 16 -4.59 -8.48 16 -8.48
3 16 -13 19 -20 -11.08 19 -4.59 -8.48 19 -8.48
3 16 -20 16 -20 -8.48 16 -8.48 -4.59 16 -11.08
3 16 -13 19 -20 -8.48 19 -8.48 -4.59 19 -11.08

4 16 0 16 -12 0 16 -20 -20 16 -20 -4.59 16 -11.08
4 16 0 19 -12 0 19 -20 -13 19 -20 -4.59 19 -11.08

1 16 0 16 0 0 0 -15 0 1 0 15 0 0 2-4edge.dat

2 24 -20 16 20 0 16 20
2 24 -20 16 -20 0 16 -20
2 24 -13 19 20 0 19 20
2 24 -13 19 -20 0 19 -20

0 Heat sink between pegholes
4 16 0 24 20 0 27 20 -11 27 20 -11 24 20
4 16 0 24 20 -11 24 20 -11 24 9 0 24 15
4 16 0 27 20 -11 27 20 -11 27 9 0 27 15

2 24 -10 24 20 0 24 20
2 24 -10 27 20 0 27 20

4 16 0 24 -20 0 27 -20 -11 27 -20 -11 24 -20
4 16 0 24 -20 -11 24 -20 -11 24 -9 0 24 -15
4 16 0 27 -20 -11 27 -20 -11 27 -9 0 27 -15

2 24 -10 24 -20 0 24 -20
2 24 -10 27 -20 0 27 -20

0 Heat sink merges to pegholes
4 16 -20 35 -20 0 35 -20 0 32 -20 -13 32 -20
4 16 -20 35 20 0 35 20 0 32 20 -13 32 20

0 Merger sink surface
4 16 0 35 -12 0 35 -20 -20 35 -20 -4.59 35 -11.08
4 16 0 32 -12 0 32 -20 -13 32 -20 -4.59 32 -11.08

3 16 -20 35 -20 -4.59 35 -11.08 -8.48 35 -8.48
3 16 -13 32 -20 -4.59 32 -11.08 -8.48 32 -8.48
3 16 -20 35 -20 -8.48 35 -8.48 -11.08 35 -4.59
3 16 -13 32 -20 -8.48 32 -8.48 -11.08 32 -4.59
3 16 -20 35 -20 -11.08 35 -4.59 -12 35 0
3 16 -13 32 -20 -11.08 32 -4.59 -12 32 0

3 16 -20 35 -20 -12 35 0 -20 35 20
3 16 -13 32 -20 -12 32 0 -13 32 20

3 16 -20 35 20 -12 35 0 -11.08 35 4.59
3 16 -13 32 20 -12 32 0 -11.08 32 4.59
3 16 -20 35 20 -11.08 35 4.59 -8.48 35 8.48
3 16 -13 32 20 -11.08 32 4.59 -8.48 32 8.48
3 16 -20 35 20 -8.48 35 8.48 -4.59 35 11.08
3 16 -13 32 20 -8.48 32 8.48 -4.59 32 11.08

4 16 0 35 12 0 35 20 -20 35 20 -4.59 35 11.08
4 16 0 32 12 0 32 20 -13 32 20 -4.59 32 11.08

2 24 -13 32 20 0 32 20
2 24 -13 32 -20 0 32 -20

0 Peghole cylinders on the side
1 16 -20 26 2 6 0 0 0 0 -6 0 16 0 4-4cyli.dat
1 16 -20 26 -18 6 0 0 0 0 -6 0 16 0 4-4cyli.dat

0 Center gap 1/2 cylinder
4 16 -20 16 2 -20 16 -2 -20 19 -2 -20 19 2
4 16 -20 33 2 -20 33 -2 -20 36 -2 -20 36 2

1 16 -20 26 2 0 0 7 -7 0 0 0 -4 0 2-4cyli.dat

0 edges of gap
2 24 -20 16 2 -20 16 -2
2 24 -20 19 2 -20 19 -2
2 24 -20 16 2 -20 19 2
2 24 -20 16 -2 -20 19 -2

2 24 -20 33 2 -20 33 -2
2 24 -20 33 2 -20 36 2
2 24 -20 33 -2 -20 36 -2

0 Pegholes
1 16 -20 26 20 1 0 0 0 0 1 0 -1 0 peghole.dat
1 16 -20 26 -20 1 0 0 0 0 -1 0 1 0 peghole.dat

0 Peghole outer curves
1 16 -20 26 20 -10 0 0 0 0 -10 0 -18 0 1-4cyli.dat
1 16 -20 26 -2 -10 0 0 0 0 -10 0 -18 0 1-4cyli.dat

1 16 -20 26 20 0 0 10 -10 0 0 0 -10 0 2-4cyli.dat
1 16 -20 26 -10 0 0 10 -10 0 0 0 -10 0 2-4cyli.dat

0 Peghole endcaps
0 Upper outer
4 16 -20 16 20 -20 18 20 -16.17 16.76 20 -16.94 18.61 20
4 16 -16.17 16.76 20 -16.94 18.61 20 -12.93 18.93 20 -14.34 20.34 20
4 16 -12.93 18.93 20 -12 20.34 20 -10.76 22.17 20 -12.61 22.94 20
4 16 -10.76 22.17 20 -12 22.94 20 -10 26 20 -12 26 20
4 16 -10 26 20 -12 26 20 -10.76 29.83 20 -12.61 29.06 20
4 16 -10.76 29.83 20 -12 29.06 20 -12.93 33.07 20 -14.34 31.66 20
4 16 -12.93 33.07 20 -14.34 31.66 20 -16.17 35.24 20 -16.94 33.39 20
4 16 -16.17 35.24 20 -16.94 33.39 20 -20 36 20 -20 34 20

4 16 -20 34 20 -20 40 20 -23.06 40 20 -23.06 33.39 20
4 16 -23.06 33.39 20 -23.06 40 20 -25.66 40 20 -25.66 31.66 20
4 16 -25.66 31.66 20 -25.66 40 20 -27.39 40 20 -27.39 29.06 20
4 16 -27.39 29.06 20 -27.39 40 20 -28 40 20 -28 26 20
4 16 -28 26 20 -28 40 20 -30 40 20 -30 26 20

4 16 -30 26 20 -28 26 20 -29.24 22.17 20 -27.39 22.94 20
4 16 -29.24 22.17 20 -27.39 22.94 20 -27.07 18.93 20 -25.66 20.34 20
4 16 -27.07 18.93 20 -25.66 20.34 20 -23.83 16.76 20 -23.06 18.61 20
4 16 -23.83 16.76 20 -23.06 18.61 20 -20 16 20 -20 18 20

1 16 -20 26 20 10 0 0 0 0 10 0 -1 0 4-4edge.dat
0 Upper inner
4 16 -20 16 2 -20 20 2 -17.7 20.46 2 -16.17 16.76 2
4 16 -16.17 16.76 2 -17.7 20.46 2 -15.76 21.76 2 -12.93 18.93 2

4 16 -12.93 18.93 2 -15.76 21.76 2 -14.46 23.7 2 -12 22.17 2
4 16 -12 22.17 2 -14.46 23.7 2 -14 26 2 -12 26 2
4 16 -12 26 2 -14 26 2 -14.46 28.3 2 -12 29.83 2
4 16 -12 29.83 2 -14.46 28.3 2 -15.76 30.24 2 -12.93 33.07 2

4 16 -12.93 33.07 2 -15.76 30.24 2 -17.7 31.54 2 -16.17 35.24 2
4 16 -16.17 35.24 2 -17.7 31.54 2 -20 32 2 -20 36 2

4 16 -20 36 2 -20 32 2 -22.3 31.54 2 -22.3 36 2
4 16 -22.3 31.54 2 -22.3 36 2 -24.24 36 2 -24.24 30.24 2
4 16 -24.24 30.24 2 -24.24 36 2 -25.54 28.3 2 -25.54 36 2
4 16 -25.54 28.3 2 -25.54 36 2 -26 36 2 -26 26 2
4 16 -26 26 2 -26 36 2 -30 36 2 -30 26 2

4 16 -30 26 2 -26 26 2 -25.54 23.7 2 -29.24 22.17 2
4 16 -29.24 22.17 2 -25.54 23.7 2 -24.24 21.76 2 -27.07 18.93 2
4 16 -27.07 18.93 2 -24.24 21.76 2 -22.3 20.46 2 -23.83 16.76 2
4 16 -23.83 16.76 2 -22.3 20.46 2 -20 16 2 -20 20 2

1 16 -20 26 2 -10 0 0 0 0 -10 0 -1 0 1-4edge.dat
1 16 -20 26 2 -6 0 0 0 0 -6 0 -1 0 4-4edge.dat
1 16 -20 26 2 0 0 7 -7 0 0 0 -4 0 2-4edge.dat
0 Lower inner
4 16 -20 16 -2 -20 20 -2 -17.7 20.46 -2 -16.17 16.76 -2
4 16 -16.17 16.76 -2 -17.7 20.46 -2 -15.76 21.76 -2 -12.93 18.93 -2

4 16 -12.93 18.93 -2 -15.76 21.76 -2 -14.46 23.7 -2 -12 22.17 -2
4 16 -12 22.17 -2 -14.46 23.7 -2 -14 26 -2 -12 26 -2
4 16 -12 26 -2 -14 26 -2 -14.46 28.3 -2 -12 29.83 -2
4 16 -12 29.83 -2 -14.46 28.3 -2 -15.76 30.24 -2 -12.93 33.07 -2

4 16 -12.93 33.07 -2 -15.76 30.24 -2 -17.7 31.54 -2 -16.17 35.24 -2
4 16 -16.17 35.24 -2 -17.7 31.54 -2 -20 32 -2 -20 36 -2

4 16 -20 36 -2 -20 32 -2 -22.3 31.54 -2 -22.3 36 -2
4 16 -22.3 31.54 -2 -22.3 36 -2 -24.24 36 -2 -24.24 30.24 -2
4 16 -24.24 30.24 -2 -24.24 36 -2 -25.54 28.3 -2 -25.54 36 -2
4 16 -25.54 28.3 -2 -25.54 36 -2 -26 36 -2 -26 26 -2
4 16 -26 26 -2 -26 36 -2 -30 36 -2 -30 26 -2

4 16 -30 26 -2 -26 26 -2 -25.54 23.7 -2 -29.24 22.17 -2
4 16 -29.24 22.17 -2 -25.54 23.7 -2 -24.24 21.76 -2 -27.07 18.93 -2
4 16 -27.07 18.93 -2 -24.24 21.76 -2 -22.3 20.46 -2 -23.83 16.76 -2
4 16 -23.83 16.76 -2 -22.3 20.46 -2 -20 16 -2 -20 20 -2

1 16 -20 26 -2 -10 0 0 0 0 -10 0 -1 0 1-4edge.dat
1 16 -20 26 -2 -6 0 0 0 0 -6 0 -1 0 4-4edge.dat
1 16 -20 26 -2 0 0 7 -7 0 0 0 -4 0 2-4edge.dat
0 Lower outer
4 16 -20 16 -20 -20 18 -20 -16.17 16.76 -20 -16.94 18.61 -20
4 16 -16.17 16.76 -20 -16.94 18.61 -20 -12.93 18.93 -20 -14.34 20.34 -20
4 16 -12.93 18.93 -20 -14.34 20.34 -20 -10.76 22.17 -20 -12.61 22.94 -20
4 16 -10.76 22.17 -20 -12.61 22.94 -20 -10 26 -20 -12 26 -20
4 16 -10 26 -20 -12 26 -20 -10.76 29.83 -20 -12.61 29.06 -20
4 16 -10.76 29.83 -20 -12.61 29.06 -20 -12.93 33.07 -20 -14.34 31.66 -20
4 16 -12.93 33.07 -20 -14.34 31.66 -20 -16.17 35.24 -20 -16.94 33.39 -20
4 16 -16.17 35.24 -20 -16.94 33.39 -20 -20 36 -20 -20 34 -20

4 16 -20 34 -20 -20 40 -20 -23.06 40 -20 -23.06 33.39 -20
4 16 -23.06 33.39 -20 -23.06 40 -20 -25.66 40 -20 -25.66 31.66 -20
4 16 -25.66 31.66 -20 -25.66 40 -20 -27.39 40 -20 -27.39 29.06 -20
4 16 -27.39 29.06 -20 -27.39 40 -20 -28 40 -20 -28 26 -20
4 16 -28 26 -20 -28 40 -20 -30 40 -20 -30 26 -20

4 16 -30 26 -20 -28 26 -20 -29.24 22.17 -20 -27.39 22.94 -20
4 16 -29.24 22.17 -20 -27.39 22.94 -20 -27.07 18.93 -20 -25.66 20.34 -20
4 16 -27.07 18.93 -20 -25.66 20.34 -20 -23.83 16.76 -20 -23.06 18.61 -20
4 16 -23.83 16.76 -20 -23.06 18.61 -20 -20 16 -20 -20 18 -20

1 16 -20 26 -20 10 0 0 0 0 10 0 -1 0 4-4edge.dat

0 Peghole outer flat surfaces
4 16 -30 26 20 -30 26 2 -30 36 2 -30 36 20
4 16 -30 36 20 -30 36 16 -30 40 16 -30 40 20
4 16 -30 26 -2 -30 26 -20 -30 36 -20 -30 36 -2
4 16 -30 36 -16 -30 36 -20 -30 40 -20 -30 40 -16

2 24 -30 26 20 -30 40 20
2 24 -30 26 2 -30 36 2

2 24 -30 26 -20 -30 40 -20
2 24 -30 26 -2 -30 36 -2

0 Peghole bottom surfaces
4 16 -30 40 20 -20 40 20 -20 40 16 -30 40 16
4 16 -30 36 16 -20 36 16 -20 40 16 -30 40 16
4 16 -30 36 16 -20 36 16 -20 36 2 -30 36 2
4 16 -30 36 -2 -20 36 -2 -20 36 -16 -30 36 -16
4 16 -30 36 -16 -20 36 -16 -20 40 -16 -30 40 -16
4 16 -30 40 -20 -20 40 -20 -20 40 -16 -30 40 -16

2 24 -20 40 20 -30 40 20
2 24 -30 40 20 -30 40 16
2 24 -30 40 16 -20 40 16
2 24 -30 36 16 -30 36 2
2 24 -20 36 16 -20 36 2
2 24 -30 36 2 -20 36 2
2 24 -20 36 16 -20 40 16
2 24 -30 36 16 -30 40 16

2 24 -20 40 -20 -30 40 -20
2 24 -30 40 -20 -30 40 -16
2 24 -30 40 -16 -20 40 -16
2 24 -30 36 -16 -30 36 -2
2 24 -20 36 -16 -20 36 -2
2 24 -30 36 -2 -20 36 -2
2 24 -20 36 -16 -20 40 -16
2 24 -30 36 -16 -30 40 -16

0 Block side surfaces
4 16 0 44 20 0 45 20 -3.41 45.35 20 -3.41 44 20
4 16 0 36 16 0 45 16 -3.41 45.35 16 -3.41 36 16
4 16 -3.41 44 20 -3.41 45.35 20 -6.79 46.37 20 -6.79 44 20
4 16 -3.41 36 16 -3.41 45.35 16 -6.79 46.37 16 -6.79 36 16
4 16 -6.79 44 20 -6.79 46.37 20 -9.9 48 20 -9.9 44 20
4 16 -6.79 36 16 -6.79 46.37 16 -9.9 48 16 -9.9 36 16
4 16 -9.9 44 20 -9.9 48 20 -16 48 20 -16 44 20
4 16 -9.9 36 16 -9.9 48 16 -16 48 16 -16 36 16
4 16 -16 35 20 -20 36 20 -20 48 20 -16 48 20

4 16 -20 36 20 -20 48 20 -20 48 10 -20 36 10
4 16 -16 36 16 -16 48 16 -16 48 10 -16 36 10
4 16 -20 36 10 -20 48 10 -20 46.37 6.89 -20 36 6.89
4 16 -16 36 10 -16 48 10 -16 46.37 6.89 -16 36 6.89
4 16 -20 36 6.89 -20 46.37 6.89 -20 45.35 3.51 -20 36 3.51
4 16 -16 36 6.89 -16 46.37 6.89 -16 45.35 3.51 -16 36 3.51
4 16 -20 36 3.51 -20 45.35 3.51 -20 45 0 -20 36 0
4 16 -16 36 3.51 -16 45.35 3.51 -16 45 0 -16 36 0
4 16 -20 36 0 -20 45 0 -20 45.35 -3.51 -20 36 -3.51
4 16 -16 36 0 -16 45 0 -16 45.35 -3.51 -16 36 -3.51
4 16 -20 36 -3.51 -20 45.35 -3.51 -20 46.37 -6.89 -20 36 -6.89
4 16 -16 36 -3.51 -16 45.35 -3.51 -16 46.37 -6.89 -16 36 -6.89
4 16 -20 36 -6.89 -20 46.37 -6.89 -20 48 -10 -20 36 -10
4 16 -16 36 -6.89 -16 46.37 -6.89 -16 48 -10 -16 36 -10
4 16 -16 36 -16 -16 48 -16 -16 48 -10 -16 36 -10
4 16 -20 36 -20 -20 48 -20 -20 48 -10 -20 36 -10

4 16 -16 35 -20 -20 36 -20 -20 48 -20 -16 48 -20
4 16 -9.9 44 -20 -9.9 48 -20 -16 48 -20 -16 44 -20
4 16 -9.9 36 -16 -9.9 48 -16 -16 48 -16 -16 36 -16
4 16 -6.79 44 -20 -6.79 46.37 -20 -9.9 48 -20 -9.9 44 -20
4 16 -6.79 36 -16 -6.79 46.37 -16 -9.9 48 -16 -9.9 36 -16
4 16 -3.41 44 -20 -3.41 45.35 -20 -6.79 46.37 -20 -6.79 44 -20
4 16 -3.41 36 -16 -3.41 45.35 -16 -6.79 46.37 -16 -6.79 36 -16
4 16 0 44 -20 0 45 -20 -3.41 45.35 -20 -3.41 44 -20
4 16 0 36 -16 0 45 -16 -3.41 45.35 -16 -3.41 36 -16

2 24 -20 40 20 -20 48 20
2 24 -20 40 -20 -20 48 -20

0 Lego Group Inset
4 16 -16 35 19.5 0 35 19.5 0 44 19.5 -16 44 19.5
4 16 -16 35 20 -16 35 19.5 -16 44 19.5 -16 44 20
4 16 -16 44 20 0 44 20 0 44 19.5 -16 44 19.5

2 24 -16 35 20 0 35 20
2 24 -16 35 20 -16 44 20
2 24 0 44 20 -16 44 20
2 24 -16 35 19.5 0 35 19.5
2 24 -16 35 19.5 -16 44 19.5
2 24 0 44 19.5 -16 44 19.5
2 24 -16 35 20 -16 35 19.5
2 24 -16 44 20 -16 44 19.5

4 16 -16 35 -19.5 0 35 -19.5 0 44 -19.5 -16 44 -19.5
4 16 -16 35 -20 -16 35 -19.5 -16 44 -19.5 -16 44 -20
4 16 -16 44 -20 0 44 -20 0 44 -19.5 -16 44 -19.5

2 24 -16 35 -20 0 35 -20
2 24 -16 35 -20 -16 44 -20
2 24 0 44 -20 -16 44 -20
2 24 -16 35 -19.5 0 35 -19.5
2 24 -16 35 -19.5 -16 44 -19.5
2 24 0 44 -19.5 -16 44 -19.5
2 24 -16 35 -20 -16 35 -19.5
2 24 -16 44 -20 -16 44 -19.5

0 Engine block bottom surfaces
3 16 -16 36 16 0 36 16 -9 36 9
3 16 -16 36 16 -16 36 0 -9 36 9
3 16 -16 36 -16 0 36 -16 -9 36 -9
3 16 -16 36 -16 -16 36 0 -9 36 -9

0 Blocks around bottom of Main Cylinder
4 16 -2 43 16 0 43 16 0 43 14.6 -2 43 14.6
4 16 -2 36 16 -2 43 16 -2 43 14.6 -2 36 14.6

4 16 -16 43 2 -14.6 43 2 -14.6 43 -2 -16 43 -2
4 16 -16 36 2 -16 43 2 -14.6 43 2 -14.6 36 2
4 16 -16 36 -2 -16 43 -2 -14.6 43 -2 -14.6 36 -2

4 16 -2 43 -16 0 43 -16 0 43 -14.6 -2 43 -14.6
4 16 -2 36 -16 -2 43 -16 -2 43 -14.6 -2 36 -14.6

0 Edges of bottom blocks and corners
2 24 -2 43 16 -2 43 14.6
2 24 -2 36 16 -2 36 14.6
2 24 -2 43 16 -2 36 16
2 24 -2 43 14.6 -2 36 14.6

2 24 -2 36 16 -16 36 16
2 24 -16 36 16 -16 36 2

2 24 -16 43 2 -14.6 43 2
2 24 -16 36 2 -14.6 36 2
2 24 -16 43 -2 -14.6 43 -2
2 24 -16 36 -2 -14.6 36 -2
2 24 -16 43 2 -16 36 2
2 24 -14.6 43 2 -14.6 36 2
2 24 -16 43 -2 -16 36 -2
2 24 -14.6 43 -2 -14.6 36 -2

2 24 -2 36 -16 -16 36 -16
2 24 -16 36 -16 -16 36 -2

2 24 -2 43 -16 -2 43 -14.6
2 24 -2 36 -16 -2 36 -14.6
2 24 -2 43 -16 -2 36 -16
2 24 -2 43 -14.6 -2 36 -14.6

0 Bottom arcs and corners
4 16 -3.41 45.35 16 0 45 16 0 45 20 -3.41 45.35 20
4 16 -6.79 46.37 16 -3.41 45.35 16 -3.41 45.35 20 -6.79 46.37 20
4 16 -9.9 48 16 -6.79 46.37 16 -6.79 46.37 20 -9.9 48 20

4 16 -20 48 20 -10 48 20 -10 48 16 -16 48 16
4 16 -20 48 20 -20 48 10 -16 48 10 -16 48 16

4 16 -16 48 10 -16 46.37 6.89 -20 46.37 6.89 -20 48 10
4 16 -16 46.37 6.89 -16 45.35 3.51 -20 45.35 3.51 -20 46.37 6.89
4 16 -16 45.35 3.51 -16 45 0 -20 45 0 -20 45.35 3.51
4 16 -16 45 0 -16 45.35 -3.51 -20 45.35 -3.51 -20 45 0
4 16 -16 45.35 -3.51 -16 46.37 -6.89 -20 46.37 -6.89 -20 45.35 -3.51
4 16 -16 46.37 -6.89 -16 48 -10 -20 48 -10 -20 46.37 -6.89

4 16 -20 48 -20 -20 48 -10 -16 48 -10 -16 48 -16
4 16 -20 48 -20 -10 48 -20 -10 48 -16 -16 48 -16

4 16 -9.9 48 -16 -6.79 46.37 -16 -6.79 46.37 -20 -9.9 48 -20
4 16 -6.79 46.37 -16 -3.41 45.35 -16 -3.41 45.35 -20 -6.79 46.37 -20
4 16 -3.41 45.35 -16 0 45 -16 0 45 -20 -3.41 45.35 -20

0 Edges of bottom
2 24 -3.41 45.35 16 0 45 16
2 24 0 45 20 -3.41 45.35 20
2 24 -6.79 46.37 16 -3.41 45.35 16
2 24 -3.41 45.35 20 -6.79 46.37 20
2 24 -9.9 48 16 -6.79 46.37 16
2 24 -6.79 46.37 20 -9.9 48 20
2 24 -20 48 20 -10 48 20
2 24 -10 48 16 -16 48 16
2 24 -20 48 20 -20 48 10
2 24 -16 48 10 -16 48 16

2 24 -16 48 10 -16 46.37 6.89
2 24 -20 46.37 6.89 -20 48 10
2 24 -16 46.37 6.89 -16 45.35 3.51
2 24 -20 45.35 3.51 -20 46.37 6.89
2 24 -16 45.35 3.51 -16 45 0
2 24 -20 45 0 -20 45.35 3.51
2 24 -16 45 0 -16 45.35 -3.51
2 24 -20 45.35 -3.51 -20 45 0
2 24 -16 45.35 -3.51 -16 46.37 -6.89
2 24 -20 46.37 -6.89 -20 45.35 -3.51
2 24 -16 46.37 -6.89 -16 48 -10
2 24 -20 48 -10 -20 46.37 -6.89

2 24 -3.41 45.35 -16 0 45 -16
2 24 0 45 -20 -3.41 45.35 -20
2 24 -6.79 46.37 -16 -3.41 45.35 -16
2 24 -3.41 45.35 -20 -6.79 46.37 -20
2 24 -9.9 48 -16 -6.79 46.37 -16
2 24 -6.79 46.37 -20 -9.9 48 -20
2 24 -20 48 -20 -10 48 -20
2 24 -10 48 -16 -16 48 -16
2 24 -20 48 -20 -20 48 -10
2 24 -16 48 -10 -16 48 -16

0 Edges around cylinder bottom
2 24 -2 43 14.6 -5.74 43 13.85
2 24 -5.74 43 13.85 -10.6 43 10.6
2 24 -10.6 43 10.6 -13.85 43 5.74
2 24 -13.85 43 5.74 -14.6 43 2
2 24 -14.6 43 -2 -13.85 43 -5.74
2 24 -13.85 43 -5.74 -10.6 43 -10.6
2 24 -10.6 43 -10.6 -5.74 43 -13.85
2 24 -5.74 43 -13.85 -2 43 -14.6

0 Studs
0 End surfaces
4 16 -11.33 0 -4.24 -10.15 0 -6 -11.33 -4 -4.24 -10.15 -4 -6
4 16 -4.27 0 -11.3 -6.05 0 -10.15 -4.27 -4 -11.3 -6.05 -4 -10.15

0 Outside surfaces
4 16 -11.33 0 -4.24 -12.3 0 -4.46 -11.33 -4 -4.24 -12.3 -4 -4.46
4 16 -12.3 0 -4.46 -14.24 0 -5.76 -12.3 -4 -4.46 -14.24 -4 -5.76
4 16 -14.24 0 -5.76 -15.54 0 -7.7 -14.24 -4 -5.76 -15.54 -4 -7.7
4 16 -15.54 0 -7.7 -16 0 -10 -15.54 -4 -7.7 -16 -4 -10
4 16 -16 0 -10 -15.54 0 -12.3 -16 -4 -10 -15.54 -4 -12.3
4 16 -15.54 0 -12.3 -14.24 0 -14.24 -15.54 -4 -12.3 -14.24 -4 -14.24
4 16 -14.24 0 -14.24 -12.3 0 -15.54 -14.24 -4 -14.24 -12.3 -4 -15.54
4 16 -12.3 0 -15.54 -10 0 -16 -12.3 -4 -15.54 -10 -4 -16
4 16 -10 0 -16 -7.7 0 -15.54 -10 -4 -16 -7.7 -4 -15.54
4 16 -7.7 0 -15.54 -5.76 0 -14.24 -7.7 -4 -15.54 -5.76 -4 -14.24
4 16 -5.76 0 -14.24 -4.46 0 -12.3 -5.76 -4 -14.24 -4.46 -4 -12.3
4 16 -4.46 0 -12.3 -4.27 0 -11.3 -4.46 -4 -12.3 -6.05 -4 -10.15

5 24 -12.3 0 -4.46 -12.3 -4 -4.46 -11.33 -4 -4.24 -14.24 -4 -5.76
5 24 -14.24 0 -5.76 -14.24 -4 -5.76 -12.3 -4 -4.46 -15.54 -4 -7.7
5 24 -15.54 0 -7.7 -15.54 -4 -7.7 -14.24 -4 -5.76 -16 -4 -10
5 24 -16 0 -10 -16 -4 -10 -15.54 -4 -7.7 -15.54 -4 -12.3
5 24 -15.54 0 -12.3 -15.54 -4 -12.3 -16 -4 -10 -14.24 -4 -14.24
5 24 -14.24 0 -14.24 -14.24 -4 -14.24 -15.54 -4 -12.3 -12.3 -4 -15.54
5 24 -12.3 0 -15.54 -12.3 0 -15.54 -14.24 -4 -14.24 -10 -4 -16
5 24 -10 0 -16 -10 -4 -16 -12.3 -4 -15.54 -7.7 -4 -15.54
5 24 -7.7 0 -15.54 -7.7 -4 -15.54 -10 -4 -16 -5.76 -4 -14.24
5 24 -5.76 0 -14.24 -5.76 -4 -14.24 -7.7 -4 -15.54 -4.46 -4 -12.3
5 24 -4.46 0 -12.3 -4.46 -4 -12.3 -5.76 -4 -14.24 -6.05 -4 -10.15

0 Inside surfaces
4 16 -10.15 0 -6 -11.53 0 -6.3 -10.15 -4 -6 -11.53 -4 -6.3
4 16 -11.53 0 -6.3 -12.83 0 -7.17 -11.53 -4 -6.3 -12.83 -4 -7.17
4 16 -12.83 0 -7.17 -13.7 0 -8.47 -12.83 -4 -7.17 -13.7 -4 -8.47
4 16 -13.7 0 -8.47 -14 0 -10 -13.7 -4 -8.47 -14 -4 -10
4 16 -14 0 -10 -13.7 0 -11.53 -14 -4 -10 -13.7 -4 -11.53
4 16 -13.7 0 -11.53 -12.83 0 -12.83 -13.7 -4 -11.53 -12.83 -4 -12.83
4 16 -12.83 0 -12.83 -11.53 0 -13.7 -12.83 -4 -12.83 -11.53 -4 -13.7
4 16 -11.53 0 -13.7 -10 0 -14 -11.53 -4 -13.7 -10 -4 -14
4 16 -10 0 -14 -8.47 0 -13.7 -10 -4 -14 -8.47 -4 -13.7
4 16 -8.47 0 -13.7 -7.17 0 -12.83 -8.47 -4 -13.7 -7.17 -4 -12.83
4 16 -7.17 0 -12.83 -6.3 0 -11.53 -7.17 -4 -12.83 -6.3 -4 -11.53
4 16 -6.3 0 -11.53 -6.05 0 -10.15 -6.3 -4 -11.53 -6.05 -4 -10.15

0 Top surfaces
4 16 -11.33 -4 -4.24 -12.3 -4 -4.46 -10.15 -4 -6 -11.53 -4 -6.3
4 16 -12.3 -4 -4.46 -14.24 -4 -5.76 -11.53 -4 -6.3 -12.83 -4 -7.17
4 16 -14.24 -4 -5.76 -15.54 -4 -7.7 -12.83 -4 -7.17 -13.7 -4 -8.47
4 16 -15.54 -4 -7.7 -16 -4 -10 -13.7 -4 -8.47 -14 -4 -10
4 16 -16 -4 -10 -15.54 -4 -12.3 -14 -4 -10 -13.7 -4 -11.53
4 16 -15.54 -4 -12.3 -14.24 -4 -14.24 -13.7 -4 -11.53 -12.83 -4 -12.83
4 16 -14.24 -4 -14.24 -12.3 -4 -15.54 -12.83 -4 -12.83 -11.53 -4 -13.7
4 16 -12.3 -4 -15.54 -10 -4 -16 -11.53 -4 -13.7 -10 -4 -14
4 16 -10 -4 -16 -7.7 -4 -15.54 -10 -4 -14 -8.47 -4 -13.7
4 16 -7.7 -4 -15.54 -5.76 -4 -14.24 -8.47 -4 -13.7 -7.17 -4 -12.83
4 16 -5.76 -4 -14.24 -4.46 -4 -12.3 -7.17 -4 -12.83 -6.3 -4 -11.53
4 16 -4.46 -4 -12.3 -4.27 -4 -11.3 -6.3 -4 -11.53 -6.05 -4 -10.15

0 Bottom surfaces (for rotations)
4 16 -11.33 0 -4.24 -12.3 0 -4.46 -10.15 0 -6 -11.53 0 -6.3
4 16 -12.3 0 -4.46 -14.24 0 -5.76 -11.53 0 -6.3 -12.83 0 -7.17
4 16 -14.24 0 -5.76 -15.54 0 -7.7 -12.83 0 -7.17 -13.7 0 -8.47
4 16 -15.54 0 -7.7 -16 0 -10 -13.7 0 -8.47 -14 0 -10
4 16 -16 0 -10 -15.54 0 -12.3 -14 0 -10 -13.7 0 -11.53
4 16 -15.54 0 -12.3 -14.24 0 -14.24 -13.7 0 -11.53 -12.83 0 -12.83
4 16 -14.24 0 -14.24 -12.3 0 -15.54 -12.83 0 -12.83 -11.53 0 -13.7
4 16 -12.3 0 -15.54 -10 0 -16 -11.53 0 -13.7 -10 0 -14
4 16 -10 0 -16 -7.7 0 -15.54 -10 0 -14 -8.47 0 -13.7
4 16 -7.7 0 -15.54 -5.76 0 -14.24 -8.47 0 -13.7 -7.17 0 -12.83
4 16 -5.76 0 -14.24 -4.46 0 -12.3 -7.17 0 -12.83 -6.3 0 -11.53
4 16 -4.46 0 -12.3 -4.27 0 -11.3 -6.3 0 -11.53 -6.05 0 -10.15

0 Upper edges
2 24 -11.33 -4 -4.24 -10.15 -4 -6
2 24 -11.33 -4 -4.24 -12.3 -4 -4.46
2 24 -12.3 -4 -4.46 -14.24 -4 -5.76
2 24 -14.24 -4 -5.76 -15.54 -4 -7.7
2 24 -15.54 -4 -7.7 -16 -4 -10
2 24 -16 -4 -10 -15.54 -4 -12.3
2 24 -15.54 -4 -12.3 -14.24 -4 -14.24
2 24 -14.24 -4 -14.24 -12.3 -4 -15.54
2 24 -12.3 -4 -15.54 -10 -4 -16
2 24 -10 -4 -16 -7.7 -4 -15.54
2 24 -7.7 -4 -15.54 -5.76 -4 -14.24
2 24 -5.76 -4 -14.24 -4.46 -4 -12.3
2 24 -4.46 -4 -12.3 -4.27 -4 -11.3
2 24 -4.27 -4 -11.3 -6.05 -4 -10.15

2 24 -10.15 -4 -6 -11.53 -4 -6.3
2 24 -11.53 -4 -6.3 -12.83 -4 -7.17
2 24 -12.83 -4 -7.17 -13.7 -4 -8.47
2 24 -13.7 -4 -8.47 -14 -4 -10
2 24 -14 -4 -10 -13.7 -4 -11.53
2 24 -13.7 -4 -11.53 -12.83 -4 -12.83
2 24 -12.83 -4 -12.83 -11.53 -4 -13.7
2 24 -11.53 -4 -13.7 -10 -4 -14
2 24 -10 -4 -14 -8.47 -4 -13.7
2 24 -8.47 -4 -13.7 -7.17 -4 -12.83
2 24 -7.17 -4 -12.83 -6.3 -4 -11.53
2 24 -6.3 -4 -11.53 -6.05 -4 -10.15

0 Lower edges
2 24 -11.33 0 -4.24 -10.15 0 -6
2 24 -11.33 0 -4.24 -12.3 0 -4.46
2 24 -12.3 0 -4.46 -14.24 0 -5.76
2 24 -14.24 0 -5.76 -15.54 0 -7.7
2 24 -15.54 0 -7.7 -16 0 -10
2 24 -16 0 -10 -15.54 0 -12.3
2 24 -15.54 0 -12.3 -14.24 0 -14.24
2 24 -14.24 0 -14.24 -12.3 0 -15.54
2 24 -12.3 0 -15.54 -10 0 -16
2 24 -10 0 -16 -7.7 0 -15.54
2 24 -7.7 0 -15.54 -5.76 0 -14.24
2 24 -5.76 0 -14.24 -4.46 0 -12.3
2 24 -4.46 0 -12.3 -4.27 0 -11.3
2 24 -4.27 0 -11.3 -6.05 0 -10.15

2 24 -10.15 0 -6 -11.53 0 -6.3
2 24 -11.53 0 -6.3 -12.83 0 -7.17
2 24 -12.83 0 -7.17 -13.7 0 -8.47
2 24 -13.7 0 -8.47 -14 0 -10
2 24 -14 0 -10 -13.7 0 -11.53
2 24 -13.7 0 -11.53 -12.83 0 -12.83
2 24 -12.83 0 -12.83 -11.53 0 -13.7
2 24 -11.53 0 -13.7 -10 0 -14
2 24 -10 0 -14 -8.47 0 -13.7
2 24 -8.47 0 -13.7 -7.17 0 -12.83
2 24 -7.17 0 -12.83 -6.3 0 -11.53
2 24 -6.3 0 -11.53 -6.05 0 -10.15

0 End edges
2 24 -11.33 -4 -4.24 -11.33 0 -4.24
2 24 -4.27 -4 -11.3 -4.27 0 -11.3
2 24 -10.15 -4 -6 -10.15 0 -6
2 24 -6.05 -4 -10.15 -6.05 0 -10.15

0 End surfaces
4 16 -11.33 -4 4.24 -10.15 -4 6 -11.33 0 4.24 -10.15 0 6
4 16 -4.27 -4 11.3 -6.05 -4 10.15 -4.27 0 11.3 -6.05 0 10.15

0 Outside surfaces
4 16 -11.33 -4 4.24 -12.3 -4 4.46 -11.33 0 4.24 -12.3 0 4.46
4 16 -12.3 -4 4.46 -14.24 -4 5.76 -12.3 0 4.46 -14.24 0 5.76
4 16 -14.24 -4 5.76 -15.54 -4 7.7 -14.24 0 5.76 -15.54 0 7.7
4 16 -15.54 -4 7.7 -16 -4 10 -15.54 0 7.7 -16 0 10
4 16 -16 -4 10 -15.54 -4 12.3 -16 0 10 -15.54 0 12.3
4 16 -15.54 -4 12.3 -14.24 -4 14.24 -15.54 0 12.3 -14.24 0 14.24
4 16 -14.24 -4 14.24 -12.3 -4 15.54 -14.24 0 14.24 -12.3 0 15.54
4 16 -12.3 -4 15.54 -10 -4 16 -12.3 0 15.54 -10 0 16
4 16 -10 -4 16 -7.7 -4 15.54 -10 0 16 -7.7 0 15.54
4 16 -7.7 -4 15.54 -5.76 -4 14.24 -7.7 0 15.54 -5.76 0 14.24
4 16 -5.76 -4 14.24 -4.46 -4 12.3 -5.76 0 14.24 -4.46 0 12.3
4 16 -4.46 -4 12.3 -4.27 -4 11.3 -4.46 0 12.3 -6.05 0 10.15

5 24 -12.3 -4 4.46 -12.3 0 4.46 -11.33 0 4.24 -14.24 0 5.76
5 24 -14.24 -4 5.76 -14.24 0 5.76 -12.3 0 4.46 -15.54 0 7.7
5 24 -15.54 -4 7.7 -15.54 0 7.7 -14.24 0 5.76 -16 0 10
5 24 -16 -4 10 -16 0 10 -15.54 0 7.7 -15.54 0 12.3
5 24 -15.54 -4 12.3 -15.54 0 12.3 -16 0 10 -14.24 0 14.24
5 24 -14.24 -4 14.24 -14.24 0 14.24 -15.54 0 12.3 -12.3 0 15.54
5 24 -12.3 -4 15.54 -12.3 -4 15.54 -14.24 0 14.24 -10 0 16
5 24 -10 -4 16 -10 0 16 -12.3 0 15.54 -7.7 0 15.54
5 24 -7.7 -4 15.54 -7.7 0 15.54 -10 0 16 -5.76 0 14.24
5 24 -5.76 -4 14.24 -5.76 0 14.24 -7.7 0 15.54 -4.46 0 12.3
5 24 -4.46 -4 12.3 -4.46 0 12.3 -5.76 0 14.24 -6.05 0 10.15

0 Inside surfaces
4 16 -10.15 -4 6 -11.53 -4 6.3 -10.15 0 6 -11.53 0 6.3
4 16 -11.53 -4 6.3 -12.83 -4 7.17 -11.53 0 6.3 -12.83 0 7.17
4 16 -12.83 -4 7.17 -13.7 -4 8.47 -12.83 0 7.17 -13.7 0 8.47
4 16 -13.7 -4 8.47 -14 -4 10 -13.7 0 8.47 -14 0 10
4 16 -14 -4 10 -13.7 -4 11.53 -14 0 10 -13.7 0 11.53
4 16 -13.7 -4 11.53 -12.83 -4 12.83 -13.7 0 11.53 -12.83 0 12.83
4 16 -12.83 -4 12.83 -11.53 -4 13.7 -12.83 0 12.83 -11.53 0 13.7
4 16 -11.53 -4 13.7 -10 -4 14 -11.53 0 13.7 -10 0 14
4 16 -10 -4 14 -8.47 -4 13.7 -10 0 14 -8.47 0 13.7
4 16 -8.47 -4 13.7 -7.17 -4 12.83 -8.47 0 13.7 -7.17 0 12.83
4 16 -7.17 -4 12.83 -6.3 -4 11.53 -7.17 0 12.83 -6.3 0 11.53
4 16 -6.3 -4 11.53 -6.05 -4 10.15 -6.3 0 11.53 -6.05 0 10.15

0 Top surfaces
4 16 -11.33 0 4.24 -12.3 0 4.46 -10.15 0 6 -11.53 0 6.3
4 16 -12.3 0 4.46 -14.24 0 5.76 -11.53 0 6.3 -12.83 0 7.17
4 16 -14.24 0 5.76 -15.54 0 7.7 -12.83 0 7.17 -13.7 0 8.47
4 16 -15.54 0 7.7 -16 0 10 -13.7 0 8.47 -14 0 10
4 16 -16 0 10 -15.54 0 12.3 -14 0 10 -13.7 0 11.53
4 16 -15.54 0 12.3 -14.24 0 14.24 -13.7 0 11.53 -12.83 0 12.83
4 16 -14.24 0 14.24 -12.3 0 15.54 -12.83 0 12.83 -11.53 0 13.7
4 16 -12.3 0 15.54 -10 0 16 -11.53 0 13.7 -10 0 14
4 16 -10 0 16 -7.7 0 15.54 -10 0 14 -8.47 0 13.7
4 16 -7.7 0 15.54 -5.76 0 14.24 -8.47 0 13.7 -7.17 0 12.83
4 16 -5.76 0 14.24 -4.46 0 12.3 -7.17 0 12.83 -6.3 0 11.53
4 16 -4.46 0 12.3 -4.27 0 11.3 -6.3 0 11.53 -6.05 0 10.15

0 Bottom surfaces (for rotations)
4 16 -11.33 -4 4.24 -12.3 -4 4.46 -10.15 -4 6 -11.53 -4 6.3
4 16 -12.3 -4 4.46 -14.24 -4 5.76 -11.53 -4 6.3 -12.83 -4 7.17
4 16 -14.24 -4 5.76 -15.54 -4 7.7 -12.83 -4 7.17 -13.7 -4 8.47
4 16 -15.54 -4 7.7 -16 -4 10 -13.7 -4 8.47 -14 -4 10
4 16 -16 -4 10 -15.54 -4 12.3 -14 -4 10 -13.7 -4 11.53
4 16 -15.54 -4 12.3 -14.24 -4 14.24 -13.7 -4 11.53 -12.83 -4 12.83
4 16 -14.24 -4 14.24 -12.3 -4 15.54 -12.83 -4 12.83 -11.53 -4 13.7
4 16 -12.3 -4 15.54 -10 -4 16 -11.53 -4 13.7 -10 -4 14
4 16 -10 -4 16 -7.7 -4 15.54 -10 -4 14 -8.47 -4 13.7
4 16 -7.7 -4 15.54 -5.76 -4 14.24 -8.47 -4 13.7 -7.17 -4 12.83
4 16 -5.76 -4 14.24 -4.46 -4 12.3 -7.17 -4 12.83 -6.3 -4 11.53
4 16 -4.46 -4 12.3 -4.27 -4 11.3 -6.3 -4 11.53 -6.05 -4 10.15

0 Upper edges
2 24 -11.33 0 4.24 -10.15 0 6
2 24 -11.33 0 4.24 -12.3 0 4.46
2 24 -12.3 0 4.46 -14.24 0 5.76
2 24 -14.24 0 5.76 -15.54 0 7.7
2 24 -15.54 0 7.7 -16 0 10
2 24 -16 0 10 -15.54 0 12.3
2 24 -15.54 0 12.3 -14.24 0 14.24
2 24 -14.24 0 14.24 -12.3 0 15.54
2 24 -12.3 0 15.54 -10 0 16
2 24 -10 0 16 -7.7 0 15.54
2 24 -7.7 0 15.54 -5.76 0 14.24
2 24 -5.76 0 14.24 -4.46 0 12.3
2 24 -4.46 0 12.3 -4.27 0 11.3
2 24 -4.27 0 11.3 -6.05 0 10.15

2 24 -10.15 0 6 -11.53 0 6.3
2 24 -11.53 0 6.3 -12.83 0 7.17
2 24 -12.83 0 7.17 -13.7 0 8.47
2 24 -13.7 0 8.47 -14 0 10
2 24 -14 0 10 -13.7 0 11.53
2 24 -13.7 0 11.53 -12.83 0 12.83
2 24 -12.83 0 12.83 -11.53 0 13.7
2 24 -11.53 0 13.7 -10 0 14
2 24 -10 0 14 -8.47 0 13.7
2 24 -8.47 0 13.7 -7.17 0 12.83
2 24 -7.17 0 12.83 -6.3 0 11.53
2 24 -6.3 0 11.53 -6.05 0 10.15

0 Lower edges
2 24 -11.33 -4 4.24 -10.15 -4 6
2 24 -11.33 -4 4.24 -12.3 -4 4.46
2 24 -12.3 -4 4.46 -14.24 -4 5.76
2 24 -14.24 -4 5.76 -15.54 -4 7.7
2 24 -15.54 -4 7.7 -16 -4 10
2 24 -16 -4 10 -15.54 -4 12.3
2 24 -15.54 -4 12.3 -14.24 -4 14.24
2 24 -14.24 -4 14.24 -12.3 -4 15.54
2 24 -12.3 -4 15.54 -10 -4 16
2 24 -10 -4 16 -7.7 -4 15.54
2 24 -7.7 -4 15.54 -5.76 -4 14.24
2 24 -5.76 -4 14.24 -4.46 -4 12.3
2 24 -4.46 -4 12.3 -4.27 -4 11.3
2 24 -4.27 -4 11.3 -6.05 -4 10.15

2 24 -10.15 -4 6 -11.53 -4 6.3
2 24 -11.53 -4 6.3 -12.83 -4 7.17
2 24 -12.83 -4 7.17 -13.7 -4 8.47
2 24 -13.7 -4 8.47 -14 -4 10
2 24 -14 -4 10 -13.7 -4 11.53
2 24 -13.7 -4 11.53 -12.83 -4 12.83
2 24 -12.83 -4 12.83 -11.53 -4 13.7
2 24 -11.53 -4 13.7 -10 -4 14
2 24 -10 -4 14 -8.47 -4 13.7
2 24 -8.47 -4 13.7 -7.17 -4 12.83
2 24 -7.17 -4 12.83 -6.3 -4 11.53
2 24 -6.3 -4 11.53 -6.05 -4 10.15

0 End edges
2 24 -11.33 0 4.24 -11.33 -4 4.24
2 24 -4.27 0 11.3 -4.27 -4 11.3
2 24 -10.15 0 6 -10.15 -4 6
2 24 -6.05 0 10.15 -6.05 -4 10.15

0 Main Cylinder
1 16 0 0 0 0 0 12 0 43 0 -12 0 0 2-4cyli.dat
1 16 0 3 0 0 0 15 0 13 0 -15 0 0 2-4cyli.dat
1 16 0 34 0 0 0 15 0 9 0 -15 0 0 2-4cyli.dat

4 16 0 43 -15 5.74 43 -13.85 4.59 43 -11.08 0 43 -12
4 16 5.74 43 -13.85 10.6 43 -10.6 8.48 43 -8.48 4.59 43 -11.08
4 16 10.6 43 -10.6 13.85 43 -5.74 11.08 43 -4.59 8.48 43 -8.48
4 16 13.85 43 -5.74 15 43 0 12 43 0 11.08 43 -4.59
4 16 15 43 0 13.85 43 5.74 11.08 43 4.59 12 43 0
4 16 13.85 43 5.74 10.6 43 10.6 8.48 43 8.48 11.08 43 4.59
4 16 10.6 43 10.6 5.74 43 13.85 4.59 43 11.08 8.48 43 8.48
4 16 5.74 43 13.85 0 43 15 0 43 12 4.59 43 11.08

1 16 0 19 0 0 0 15 0 13 0 -15 0 0 1-8cyli.dat
1 16 0 19 0 10.6 0 -10.6 0 13 0 10.6 0 10.6 1-8cyli.dat

4 16 10.6 19 -10.6 10.6 24 -10.6 13 24 -10.6 13 19 -10.6
4 16 10.6 19 10.6 10.6 24 10.6 13 24 10.6 13 19 10.6

1 16 0 0 0 0 0 12 0 1 0 -12 0 0 2-4edge.dat
1 16 0 43 0 0 0 12 0 1 0 -12 0 0 2-4edge.dat

0 Engine block frame
4 16 20 0 20 20 0 -20 20 3 -20 20 3 20
4 16 20 0 -20 0 0 -20 0 3 -20 20 3 -20
4 16 20 0 20 0 0 20 0 3 20 20 3 20

0 Engine block surface
4 16 0 0 -12 0 0 -20 20 0 -20 4.59 0 -11.08
4 16 0 3 -12 0 3 -20 20 3 -20 4.59 3 -11.08

3 16 20 0 -20 4.59 0 -11.08 8.48 0 -8.48
3 16 20 3 -20 4.59 3 -11.08 8.48 3 -8.48
3 16 20 0 -20 8.48 0 -8.48 11.08 0 -4.59
3 16 20 3 -20 8.48 3 -8.48 11.08 3 -4.59
3 16 20 0 -20 11.08 0 -4.59 12 0 0
3 16 20 3 -20 11.08 3 -4.59 12 3 0

3 16 20 0 -20 12 0 0 20 0 20
3 16 20 3 -20 12 3 0 20 3 20

3 16 20 0 20 12 0 0 11.08 0 4.59
3 16 20 3 20 12 3 0 11.08 3 4.59
3 16 20 0 20 11.08 0 4.59 8.48 0 8.48
3 16 20 3 20 11.08 3 4.59 8.48 3 8.48
3 16 20 0 20 8.48 0 8.48 4.59 0 11.08
3 16 20 3 20 8.48 3 8.48 4.59 3 11.08

4 16 0 0 12 0 0 20 20 0 20 4.59 0 11.08
4 16 0 3 12 0 3 20 20 3 20 4.59 3 11.08

0 Edge definition
2 24 20 0 -20 0 0 -20
2 24 20 3 -20 0 3 -20
2 24 20 0 -20 20 3 -20

2 24 20 0 -20 20 0 20
2 24 20 3 -20 20 3 20

2 24 20 0 20 0 0 20
2 24 20 3 20 0 3 20
2 24 20 0 20 20 3 20

1 16 0 3 0 0 0 15 0 1 0 -15 0 0 2-4edge.dat

0 Engine block frame
4 16 20 8 20 20 8 -20 20 11 -20 20 11 20
4 16 20 8 -20 0 8 -20 0 11 -20 20 11 -20
4 16 20 8 20 0 8 20 0 11 20 20 11 20

0 Engine block surface
4 16 0 8 -12 0 8 -20 20 8 -20 4.59 8 -11.08
4 16 0 11 -12 0 11 -20 20 11 -20 4.59 11 -11.08

3 16 20 8 -20 4.59 8 -11.08 8.48 8 -8.48
3 16 20 11 -20 4.59 11 -11.08 8.48 11 -8.48
3 16 20 8 -20 8.48 8 -8.48 11.08 8 -4.59
3 16 20 11 -20 8.48 11 -8.48 11.08 11 -4.59
3 16 20 8 -20 11.08 8 -4.59 12 8 0
3 16 20 11 -20 11.08 11 -4.59 12 11 0

3 16 20 8 -20 12 8 0 20 8 20
3 16 20 11 -20 12 11 0 20 11 20

3 16 20 8 20 12 8 0 11.08 8 4.59
3 16 20 11 20 12 11 0 11.08 11 4.59
3 16 20 8 20 11.08 8 4.59 8.48 8 8.48
3 16 20 11 20 11.08 11 4.59 8.48 11 8.48
3 16 20 8 20 8.48 8 8.48 4.59 8 11.08
3 16 20 11 20 8.48 11 8.48 4.59 11 11.08

4 16 0 8 12 0 8 20 20 8 20 4.59 8 11.08
4 16 0 11 12 0 11 20 20 11 20 4.59 11 11.08

0 Edge definition
2 24 20 8 -20 0 8 -20
2 24 20 11 -20 0 11 -20
2 24 20 8 -20 20 11 -20

2 24 20 8 -20 20 8 20
2 24 20 11 -20 20 11 20

2 24 20 8 20 0 8 20
2 24 20 11 20 0 11 20
2 24 20 8 20 20 11 20

1 16 0 8 0 0 0 15 0 1 0 -15 0 0 2-4edge.dat
1 16 0 11 0 0 0 15 0 1 0 -15 0 0 2-4edge.dat

0 Heat sink merges to pegholes
4 16 20 16 -20 0 16 -20 0 19 -20 13 19 -20
4 16 20 16 20 0 16 20 0 19 20 13 19 20

0 Merger sink surface
4 16 0 16 -12 0 16 -20 20 16 -20 4.59 16 -11.08
4 16 0 19 -12 0 19 -20 13 19 -20 4.59 19 -11.08

3 16 20 16 -20 4.59 16 -11.08 8.48 16 -8.48
3 16 13 19 -20 4.59 19 -11.08 8.48 19 -8.48
3 16 20 16 -20 8.48 16 -8.48 11.08 16 -4.59
3 16 13 19 -20 8.48 19 -8.48 11.08 19 -4.59
3 16 20 16 -20 11.08 16 -4.59 12 16 0
3 16 13 19 -20 11.08 19 -4.59 12 19 0

3 16 20 16 -20 12 16 0 20 16 20
3 16 13 19 -20 12 19 0 13 19 20

3 16 20 16 20 12 16 0 11.08 16 4.59
3 16 13 19 20 12 19 0 11.08 19 4.59
3 16 20 16 20 11.08 16 4.59 8.48 16 8.48
3 16 13 19 20 11.08 19 4.59 8.48 19 8.48
3 16 20 16 20 8.48 16 8.48 4.59 16 11.08
3 16 13 19 20 8.48 19 8.48 4.59 19 11.08

4 16 0 16 12 0 16 20 20 16 20 4.59 16 11.08
4 16 0 19 12 0 19 20 13 19 20 4.59 19 11.08

1 16 0 16 0 0 0 15 0 1 0 -15 0 0 2-4edge.dat

2 24 20 16 -20 0 16 -20
2 24 20 16 20 0 16 20
2 24 13 19 -20 0 19 -20
2 24 13 19 20 0 19 20

0 Heat sink between pegholes
4 16 0 24 -20 0 27 -20 11 27 -20 11 24 -20
4 16 0 24 -20 11 24 -20 11 24 -9 0 24 -15
4 16 0 27 -20 11 27 -20 11 27 -9 0 27 -15

2 24 10 24 -20 0 24 -20
2 24 10 27 -20 0 27 -20

4 16 0 24 20 0 27 20 11 27 20 11 24 20
4 16 0 24 20 11 24 20 11 24 9 0 24 15
4 16 0 27 20 11 27 20 11 27 9 0 27 15

2 24 10 24 20 0 24 20
2 24 10 27 20 0 27 20

0 Bottom heat sink
0 Heat sink merges to pegholes
4 16 20 35 20 0 35 20 0 32 20 13 32 20
4 16 20 35 -20 0 35 -20 0 32 -20 13 32 -20

0 Merger sink surface
4 16 0 35 12 0 35 20 20 35 20 4.59 35 11.08
4 16 0 32 12 0 32 20 13 32 20 4.59 32 11.08

3 16 20 35 20 4.59 35 11.08 8.48 35 8.48
3 16 13 32 20 4.59 32 11.08 8.48 32 8.48
3 16 20 35 20 8.48 35 8.48 11.08 35 4.59
3 16 13 32 20 8.48 32 8.48 11.08 32 4.59
3 16 20 35 20 11.08 35 4.59 12 35 0
3 16 13 32 20 11.08 32 4.59 12 32 0

3 16 20 35 20 12 35 0 20 35 -20
3 16 13 32 20 12 32 0 13 32 -20

3 16 20 35 -20 12 35 0 11.08 35 -4.59
3 16 13 32 -20 12 32 0 11.08 32 -4.59
3 16 20 35 -20 11.08 35 -4.59 8.48 35 -8.48
3 16 13 32 -20 11.08 32 -4.59 8.48 32 -8.48
3 16 20 35 -20 8.48 35 -8.48 4.59 35 -11.08
3 16 13 32 -20 8.48 32 -8.48 4.59 32 -11.08

4 16 0 35 -12 0 35 -20 20 35 -20 4.59 35 -11.08
4 16 0 32 -12 0 32 -20 13 32 -20 4.59 32 -11.08

2 24 13 32 -20 0 32 -20
2 24 13 32 20 0 32 20

0 Peghole cylinders on the side
1 16 20 26 -2 -6 0 0 0 0 -6 0 -16 0 4-4cyli.dat
1 16 20 26 18 -6 0 0 0 0 -6 0 -16 0 4-4cyli.dat

0 Center gap 1/2 cylinder
4 16 20 16 -2 20 16 2 20 19 2 20 19 -2
4 16 20 33 -2 20 33 2 20 36 2 20 36 -2

1 16 20 26 -2 0 0 -7 -7 0 0 0 4 0 2-4cyli.dat

0 edges of gap
2 24 20 16 -2 20 16 2
2 24 20 19 -2 20 19 2
2 24 20 16 -2 20 19 -2
2 24 20 16 2 20 19 2

2 24 20 33 -2 20 33 2
2 24 20 33 -2 20 36 -2
2 24 20 33 2 20 36 2

0 Pegholes
1 16 20 26 -20 -1 0 0 0 0 1 0 1 0 peghole.dat
1 16 20 26 20 -1 0 0 0 0 -1 0 -1 0 peghole.dat

0 Peghole outer curves
1 16 20 26 -20 10 0 0 0 0 -10 0 18 0 1-4cyli.dat
1 16 20 26 2 10 0 0 0 0 -10 0 18 0 1-4cyli.dat

1 16 20 26 -20 0 0 -10 -10 0 0 0 10 0 2-4cyli.dat
1 16 20 26 10 0 0 -10 -10 0 0 0 10 0 2-4cyli.dat

0 Peghole endcaps
0 Upper outer
4 16 20 16 -20 20 18 -20 16.17 16.76 -20 16.94 18.61 -20
4 16 16.17 16.76 -20 16.94 18.61 -20 12.93 18.93 -20 14.34 20.34 -20
4 16 12.93 18.93 -20 12 20.34 -20 10.76 22.17 -20 12.61 22.94 -20
4 16 10.76 22.17 -20 12 22.94 -20 10 26 -20 12 26 -20
4 16 10 26 -20 12 26 -20 10.76 29.83 -20 12.61 29.06 -20
4 16 10.76 29.83 -20 12 29.06 -20 12.93 33.07 -20 14.34 31.66 -20
4 16 12.93 33.07 -20 14.34 31.66 -20 16.17 35.24 -20 16.94 33.39 -20
4 16 16.17 35.24 -20 16.94 33.39 -20 20 36 -20 20 34 -20

4 16 20 34 -20 20 40 -20 23.06 40 -20 23.06 33.39 -20
4 16 23.06 33.39 -20 23.06 40 -20 25.66 40 -20 25.66 31.66 -20
4 16 25.66 31.66 -20 25.66 40 -20 27.39 40 -20 27.39 29.06 -20
4 16 27.39 29.06 -20 27.39 40 -20 28 40 -20 28 26 -20
4 16 28 26 -20 28 40 -20 30 40 -20 30 26 -20

4 16 30 26 -20 28 26 -20 29.24 22.17 -20 27.39 22.94 -20
4 16 29.24 22.17 -20 27.39 22.94 -20 27.07 18.93 -20 25.66 20.34 -20
4 16 27.07 18.93 -20 25.66 20.34 -20 23.83 16.76 -20 23.06 18.61 -20
4 16 23.83 16.76 -20 23.06 18.61 -20 20 16 -20 20 18 -20

1 16 20 26 -20 -10 0 0 0 0 10 0 1 0 4-4edge.dat
0 Upper inner
4 16 20 16 -2 20 20 -2 17.7 20.46 -2 16.17 16.76 -2
4 16 16.17 16.76 -2 17.7 20.46 -2 15.76 21.76 -2 12.93 18.93 -2

4 16 12.93 18.93 -2 15.76 21.76 -2 14.46 23.7 -2 12 22.17 -2
4 16 12 22.17 -2 14.46 23.7 -2 14 26 -2 12 26 -2
4 16 12 26 -2 14 26 -2 14.46 28.3 -2 12 29.83 -2
4 16 12 29.83 -2 14.46 28.3 -2 15.76 30.24 -2 12.93 33.07 -2

4 16 12.93 33.07 -2 15.76 30.24 -2 17.7 31.54 -2 16.17 35.24 -2
4 16 16.17 35.24 -2 17.7 31.54 -2 20 32 -2 20 36 -2

4 16 20 36 -2 20 32 -2 22.3 31.54 -2 22.3 36 -2
4 16 22.3 31.54 -2 22.3 36 -2 24.24 36 -2 24.24 30.24 -2
4 16 24.24 30.24 -2 24.24 36 -2 25.54 28.3 -2 25.54 36 -2
4 16 25.54 28.3 -2 25.54 36 -2 26 36 -2 26 26 -2
4 16 26 26 -2 26 36 -2 30 36 -2 30 26 -2

4 16 30 26 -2 26 26 -2 25.54 23.7 -2 29.24 22.17 -2
4 16 29.24 22.17 -2 25.54 23.7 -2 24.24 21.76 -2 27.07 18.93 -2
4 16 27.07 18.93 -2 24.24 21.76 -2 22.3 20.46 -2 23.83 16.76 -2
4 16 23.83 16.76 -2 22.3 20.46 -2 20 16 -2 20 20 -2

1 16 20 26 -2 10 0 0 0 0 -10 0 1 0 1-4edge.dat
1 16 20 26 -2 6 0 0 0 0 -6 0 1 0 4-4edge.dat
1 16 20 26 -2 0 0 -7 -7 0 0 0 4 0 2-4edge.dat
0 Lower inner
4 16 20 16 2 20 20 2 17.7 20.46 2 16.17 16.76 2
4 16 16.17 16.76 2 17.7 20.46 2 15.76 21.76 2 12.93 18.93 2

4 16 12.93 18.93 2 15.76 21.76 2 14.46 23.7 2 12 22.17 2
4 16 12 22.17 2 14.46 23.7 2 14 26 2 12 26 2
4 16 12 26 2 14 26 2 14.46 28.3 2 12 29.83 2
4 16 12 29.83 2 14.46 28.3 2 15.76 30.24 2 12.93 33.07 2

4 16 12.93 33.07 2 15.76 30.24 2 17.7 31.54 2 16.17 35.24 2
4 16 16.17 35.24 2 17.7 31.54 2 20 32 2 20 36 2

4 16 20 36 2 20 32 2 22.3 31.54 2 22.3 36 2
4 16 22.3 31.54 2 22.3 36 2 24.24 36 2 24.24 30.24 2
4 16 24.24 30.24 2 24.24 36 2 25.54 28.3 2 25.54 36 2
4 16 25.54 28.3 2 25.54 36 2 26 36 2 26 26 2
4 16 26 26 2 26 36 2 30 36 2 30 26 2

4 16 30 26 2 26 26 2 25.54 23.7 2 29.24 22.17 2
4 16 29.24 22.17 2 25.54 23.7 2 24.24 21.76 2 27.07 18.93 2
4 16 27.07 18.93 2 24.24 21.76 2 22.3 20.46 2 23.83 16.76 2
4 16 23.83 16.76 2 22.3 20.46 2 20 16 2 20 20 2

1 16 20 26 2 10 0 0 0 0 -10 0 1 0 1-4edge.dat
1 16 20 26 2 6 0 0 0 0 -6 0 1 0 4-4edge.dat
1 16 20 26 2 0 0 -7 -7 0 0 0 4 0 2-4edge.dat
0 Lower outer
4 16 20 16 20 20 18 20 16.17 16.76 20 16.94 18.61 20
4 16 16.17 16.76 20 16.94 18.61 20 12.93 18.93 20 14.34 20.34 20
4 16 12.93 18.93 20 14.34 20.34 20 10.76 22.17 20 12.61 22.94 20
4 16 10.76 22.17 20 12.61 22.94 20 10 26 20 12 26 20
4 16 10 26 20 12 26 20 10.76 29.83 20 12.61 29.06 20
4 16 10.76 29.83 20 12.61 29.06 20 12.93 33.07 20 14.34 31.66 20
4 16 12.93 33.07 20 14.34 31.66 20 16.17 35.24 20 16.94 33.39 20
4 16 16.17 35.24 20 16.94 33.39 20 20 36 20 20 34 20

4 16 20 34 20 20 40 20 23.06 40 20 23.06 33.39 20
4 16 23.06 33.39 20 23.06 40 20 25.66 40 20 25.66 31.66 20
4 16 25.66 31.66 20 25.66 40 20 27.39 40 20 27.39 29.06 20
4 16 27.39 29.06 20 27.39 40 20 28 40 20 28 26 20
4 16 28 26 20 28 40 20 30 40 20 30 26 20

4 16 30 26 20 28 26 20 29.24 22.17 20 27.39 22.94 20
4 16 29.24 22.17 20 27.39 22.94 20 27.07 18.93 20 25.66 20.34 20
4 16 27.07 18.93 20 25.66 20.34 20 23.83 16.76 20 23.06 18.61 20
4 16 23.83 16.76 20 23.06 18.61 20 20 16 20 20 18 20

1 16 20 26 20 -10 0 0 0 0 10 0 1 0 4-4edge.dat

0 Peghole outer flat surfaces
4 16 30 26 -20 30 26 -2 30 36 -2 30 36 -20
4 16 30 36 -20 30 36 -16 30 40 -16 30 40 -20
4 16 30 26 2 30 26 20 30 36 20 30 36 2
4 16 30 36 16 30 36 20 30 40 20 30 40 16

2 24 30 26 -20 30 40 -20
2 24 30 26 -2 30 36 -2

2 24 30 26 20 30 40 20
2 24 30 26 2 30 36 2

0 Peghole bottom surfaces
4 16 30 40 -20 20 40 -20 20 40 -16 30 40 -16
4 16 30 36 -16 20 36 -16 20 40 -16 30 40 -16
4 16 30 36 -16 20 36 -16 20 36 -2 30 36 -2
4 16 30 36 2 20 36 2 20 36 16 30 36 16
4 16 30 36 16 20 36 16 20 40 16 30 40 16
4 16 30 40 20 20 40 20 20 40 16 30 40 16

2 24 20 40 -20 30 40 -20
2 24 30 40 -20 30 40 -16
2 24 30 40 -16 20 40 -16
2 24 30 36 -16 30 36 -2
2 24 20 36 -16 20 36 -2
2 24 30 36 -2 20 36 -2
2 24 20 36 -16 20 40 -16
2 24 30 36 -16 30 40 -16

2 24 20 40 20 30 40 20
2 24 30 40 20 30 40 16
2 24 30 40 16 20 40 16
2 24 30 36 16 30 36 2
2 24 20 36 16 20 36 2
2 24 30 36 2 20 36 2
2 24 20 36 16 20 40 16
2 24 30 36 16 30 40 16

0 Block side surfaces
4 16 0 44 -20 0 45 -20 3.41 45.35 -20 3.41 44 -20
4 16 0 36 -16 0 45 -16 3.41 45.35 -16 3.41 36 -16
4 16 3.41 44 -20 3.41 45.35 -20 6.79 46.37 -20 6.79 44 -20
4 16 3.41 36 -16 3.41 45.35 -16 6.79 46.37 -16 6.79 36 -16
4 16 6.79 44 -20 6.79 46.37 -20 9.9 48 -20 9.9 44 -20
4 16 6.79 36 -16 6.79 46.37 -16 9.9 48 -16 9.9 36 -16
4 16 9.9 44 -20 9.9 48 -20 16 48 -20 16 44 -20
4 16 9.9 36 -16 9.9 48 -16 16 48 -16 16 36 -16
4 16 16 35 -20 20 36 -20 20 48 -20 16 48 -20

4 16 20 36 -20 20 48 -20 20 48 -10 20 36 -10
4 16 16 36 -16 16 48 -16 16 48 -10 16 36 -10
4 16 20 36 -10 20 48 -10 20 46.37 -6.89 20 36 -6.89
4 16 16 36 -10 16 48 -10 16 46.37 -6.89 16 36 -6.89
4 16 20 36 -6.89 20 46.37 -6.89 20 45.35 -3.51 20 36 -3.51
4 16 16 36 -6.89 16 46.37 -6.89 16 45.35 -3.51 16 36 -3.51
4 16 20 36 -3.51 20 45.35 -3.51 20 45 0 20 36 0
4 16 16 36 -3.51 16 45.35 -3.51 16 45 0 16 36 0
4 16 20 36 0 20 45 0 20 45.35 3.51 20 36 3.51
4 16 16 36 0 16 45 0 16 45.35 3.51 16 36 3.51
4 16 20 36 3.51 20 45.35 3.51 20 46.37 6.89 20 36 6.89
4 16 16 36 3.51 16 45.35 3.51 16 46.37 6.89 16 36 6.89
4 16 20 36 6.89 20 46.37 6.89 20 48 10 20 36 10
4 16 16 36 6.89 16 46.37 6.89 16 48 10 16 36 10
4 16 16 36 16 16 48 16 16 48 10 16 36 10
4 16 20 36 20 20 48 20 20 48 10 20 36 10

4 16 16 35 20 20 36 20 20 48 20 16 48 20
4 16 9.9 44 20 9.9 48 20 16 48 20 16 44 20
4 16 9.9 36 16 9.9 48 16 16 48 16 16 36 16
4 16 6.79 44 20 6.79 46.37 20 9.9 48 20 9.9 44 20
4 16 6.79 36 16 6.79 46.37 16 9.9 48 16 9.9 36 16
4 16 3.41 44 20 3.41 45.35 20 6.79 46.37 20 6.79 44 20
4 16 3.41 36 16 3.41 45.35 16 6.79 46.37 16 6.79 36 16
4 16 0 44 20 0 45 20 3.41 45.35 20 3.41 44 20
4 16 0 36 16 0 45 16 3.41 45.35 16 3.41 36 16

2 24 20 40 -20 20 48 -20
2 24 20 40 20 20 48 20

0 Lego Group Inset
4 16 16 35 -19.5 0 35 -19.5 0 44 -19.5 16 44 -19.5
4 16 16 35 -20 16 35 -19.5 16 44 -19.5 16 44 -20
4 16 16 44 -20 0 44 -20 0 44 -19.5 16 44 -19.5

2 24 16 35 -20 0 35 -20
2 24 16 35 -20 16 44 -20
2 24 0 44 -20 16 44 -20
2 24 16 35 -19.5 0 35 -19.5
2 24 16 35 -19.5 16 44 -19.5
2 24 0 44 -19.5 16 44 -19.5
2 24 16 35 -20 16 35 -19.5
2 24 16 44 -20 16 44 -19.5

4 16 16 35 19.5 0 35 19.5 0 44 19.5 16 44 19.5
4 16 16 35 20 16 35 19.5 16 44 19.5 16 44 20
4 16 16 44 20 0 44 20 0 44 19.5 16 44 19.5

2 24 16 35 20 0 35 20
2 24 16 35 20 16 44 20
2 24 0 44 20 16 44 20
2 24 16 35 19.5 0 35 19.5
2 24 16 35 19.5 16 44 19.5
2 24 0 44 19.5 16 44 19.5
2 24 16 35 20 16 35 19.5
2 24 16 44 20 16 44 19.5

0 Engine block bottom surfaces
3 16 16 36 -16 0 36 -16 9 36 -9
3 16 16 36 -16 16 36 0 9 36 -9
3 16 16 36 16 0 36 16 9 36 9
3 16 16 36 16 16 36 0 9 36 9

0 Blocks around bottom of Main Cylinder
4 16 2 43 -16 0 43 -16 0 43 -14.6 2 43 -14.6
4 16 2 36 -16 2 43 -16 2 43 -14.6 2 36 -14.6

4 16 16 43 -2 14.6 43 -2 14.6 43 2 16 43 2
4 16 16 36 -2 16 43 -2 14.6 43 -2 14.6 36 -2
4 16 16 36 2 16 43 2 14.6 43 2 14.6 36 2

4 16 2 43 16 0 43 16 0 43 14.6 2 43 14.6
4 16 2 36 16 2 43 16 2 43 14.6 2 36 14.6

0 Edges of bottom blocks and corners
2 24 2 43 -16 2 43 -14.6
2 24 2 36 -16 2 36 -14.6
2 24 2 43 -16 2 36 -16
2 24 2 43 -14.6 2 36 -14.6

2 24 2 36 -16 16 36 -16
2 24 16 36 -16 16 36 -2

2 24 16 43 -2 14.6 43 -2
2 24 16 36 -2 14.6 36 -2
2 24 16 43 2 14.6 43 2
2 24 16 36 2 14.6 36 2
2 24 16 43 -2 16 36 -2
2 24 14.6 43 -2 14.6 36 -2
2 24 16 43 2 16 36 2
2 24 14.6 43 2 14.6 36 2

2 24 2 36 16 16 36 16
2 24 16 36 16 16 36 2

2 24 2 43 16 2 43 14.6
2 24 2 36 16 2 36 14.6
2 24 2 43 16 2 36 16
2 24 2 43 14.6 2 36 14.6

0 Bottom arcs and corners
4 16 3.41 45.35 -16 0 45 -16 0 45 -20 3.41 45.35 -20
4 16 6.79 46.37 -16 3.41 45.35 -16 3.41 45.35 -20 6.79 46.37 -20
4 16 9.9 48 -16 6.79 46.37 -16 6.79 46.37 -20 9.9 48 -20

4 16 20 48 -20 10 48 -20 10 48 -16 16 48 -16
4 16 20 48 -20 20 48 -10 16 48 -10 16 48 -16

4 16 16 48 -10 16 46.37 -6.89 20 46.37 -6.89 20 48 -10
4 16 16 46.37 -6.89 16 45.35 -3.51 20 45.35 -3.51 20 46.37 -6.89
4 16 16 45.35 -3.51 16 45 0 20 45 0 20 45.35 -3.51
4 16 16 45 0 16 45.35 3.51 20 45.35 3.51 20 45 0
4 16 16 45.35 3.51 16 46.37 6.89 20 46.37 6.89 20 45.35 3.51
4 16 16 46.37 6.89 16 48 10 20 48 10 20 46.37 6.89

4 16 20 48 20 20 48 10 16 48 10 16 48 16
4 16 20 48 20 10 48 20 10 48 16 16 48 16

4 16 9.9 48 16 6.79 46.37 16 6.79 46.37 20 9.9 48 20
4 16 6.79 46.37 16 3.41 45.35 16 3.41 45.35 20 6.79 46.37 20
4 16 3.41 45.35 16 0 45 16 0 45 20 3.41 45.35 20

0 Edges of bottom
2 24 3.41 45.35 -16 0 45 -16
2 24 0 45 -20 3.41 45.35 -20
2 24 6.79 46.37 -16 3.41 45.35 -16
2 24 3.41 45.35 -20 6.79 46.37 -20
2 24 9.9 48 -16 6.79 46.37 -16
2 24 6.79 46.37 -20 9.9 48 -20
2 24 20 48 -20 10 48 -20
2 24 10 48 -16 16 48 -16
2 24 20 48 -20 20 48 -10
2 24 16 48 -10 16 48 -16

2 24 16 48 -10 16 46.37 -6.89
2 24 20 46.37 -6.89 20 48 -10
2 24 16 46.37 -6.89 16 45.35 -3.51
2 24 20 45.35 -3.51 20 46.37 -6.89
2 24 16 45.35 -3.51 16 45 0
2 24 20 45 0 20 45.35 -3.51
2 24 16 45 0 16 45.35 3.51
2 24 20 45.35 3.51 20 45 0
2 24 16 45.35 3.51 16 46.37 6.89
2 24 20 46.37 6.89 20 45.35 3.51
2 24 16 46.37 6.89 16 48 10
2 24 20 48 10 20 46.37 6.89

2 24 3.41 45.35 16 0 45 16
2 24 0 45 20 3.41 45.35 20
2 24 6.79 46.37 16 3.41 45.35 16
2 24 3.41 45.35 20 6.79 46.37 20
2 24 9.9 48 16 6.79 46.37 16
2 24 6.79 46.37 20 9.9 48 20
2 24 20 48 20 10 48 20
2 24 10 48 16 16 48 16
2 24 20 48 20 20 48 10
2 24 16 48 10 16 48 16

0 Edges around cylinder bottom
2 24 2 43 -14.6 5.74 43 -13.85
2 24 5.74 43 -13.85 10.6 43 -10.6
2 24 10.6 43 -10.6 13.85 43 -5.74
2 24 13.85 43 -5.74 14.6 43 -2
2 24 14.6 43 2 13.85 43 5.74
2 24 13.85 43 5.74 10.6 43 10.6
2 24 10.6 43 10.6 5.74 43 13.85
2 24 5.74 43 13.85 2 43 14.6

0 End surfaces
4 16 11.33 0 4.24 10.15 0 6 11.33 -4 4.24 10.15 -4 6
4 16 4.27 0 11.3 6.05 0 10.15 4.27 -4 11.3 6.05 -4 10.15

0 Outside surfaces
4 16 11.33 0 4.24 12.3 0 4.46 11.33 -4 4.24 12.3 -4 4.46
4 16 12.3 0 4.46 14.24 0 5.76 12.3 -4 4.46 14.24 -4 5.76
4 16 14.24 0 5.76 15.54 0 7.7 14.24 -4 5.76 15.54 -4 7.7
4 16 15.54 0 7.7 16 0 10 15.54 -4 7.7 16 -4 10
4 16 16 0 10 15.54 0 12.3 16 -4 10 15.54 -4 12.3
4 16 15.54 0 12.3 14.24 0 14.24 15.54 -4 12.3 14.24 -4 14.24
4 16 14.24 0 14.24 12.3 0 15.54 14.24 -4 14.24 12.3 -4 15.54
4 16 12.3 0 15.54 10 0 16 12.3 -4 15.54 10 -4 16
4 16 10 0 16 7.7 0 15.54 10 -4 16 7.7 -4 15.54
4 16 7.7 0 15.54 5.76 0 14.24 7.7 -4 15.54 5.76 -4 14.24
4 16 5.76 0 14.24 4.46 0 12.3 5.76 -4 14.24 4.46 -4 12.3
4 16 4.46 0 12.3 4.27 0 11.3 4.46 -4 12.3 6.05 -4 10.15

5 24 12.3 0 4.46 12.3 -4 4.46 11.33 -4 4.24 14.24 -4 5.76
5 24 14.24 0 5.76 14.24 -4 5.76 12.3 -4 4.46 15.54 -4 7.7
5 24 15.54 0 7.7 15.54 -4 7.7 14.24 -4 5.76 16 -4 10
5 24 16 0 10 16 -4 10 15.54 -4 7.7 15.54 -4 12.3
5 24 15.54 0 12.3 15.54 -4 12.3 16 -4 10 14.24 -4 14.24
5 24 14.24 0 14.24 14.24 -4 14.24 15.54 -4 12.3 12.3 -4 15.54
5 24 12.3 0 15.54 12.3 0 15.54 14.24 -4 14.24 10 -4 16
5 24 10 0 16 10 -4 16 12.3 -4 15.54 7.7 -4 15.54
5 24 7.7 0 15.54 7.7 -4 15.54 10 -4 16 5.76 -4 14.24
5 24 5.76 0 14.24 5.76 -4 14.24 7.7 -4 15.54 4.46 -4 12.3
5 24 4.46 0 12.3 4.46 -4 12.3 5.76 -4 14.24 6.05 -4 10.15

0 Inside surfaces
4 16 10.15 0 6 11.53 0 6.3 10.15 -4 6 11.53 -4 6.3
4 16 11.53 0 6.3 12.83 0 7.17 11.53 -4 6.3 12.83 -4 7.17
4 16 12.83 0 7.17 13.7 0 8.47 12.83 -4 7.17 13.7 -4 8.47
4 16 13.7 0 8.47 14 0 10 13.7 -4 8.47 14 -4 10
4 16 14 0 10 13.7 0 11.53 14 -4 10 13.7 -4 11.53
4 16 13.7 0 11.53 12.83 0 12.83 13.7 -4 11.53 12.83 -4 12.83
4 16 12.83 0 12.83 11.53 0 13.7 12.83 -4 12.83 11.53 -4 13.7
4 16 11.53 0 13.7 10 0 14 11.53 -4 13.7 10 -4 14
4 16 10 0 14 8.47 0 13.7 10 -4 14 8.47 -4 13.7
4 16 8.47 0 13.7 7.17 0 12.83 8.47 -4 13.7 7.17 -4 12.83
4 16 7.17 0 12.83 6.3 0 11.53 7.17 -4 12.83 6.3 -4 11.53
4 16 6.3 0 11.53 6.05 0 10.15 6.3 -4 11.53 6.05 -4 10.15

0 Top surfaces
4 16 11.33 -4 4.24 12.3 -4 4.46 10.15 -4 6 11.53 -4 6.3
4 16 12.3 -4 4.46 14.24 -4 5.76 11.53 -4 6.3 12.83 -4 7.17
4 16 14.24 -4 5.76 15.54 -4 7.7 12.83 -4 7.17 13.7 -4 8.47
4 16 15.54 -4 7.7 16 -4 10 13.7 -4 8.47 14 -4 10
4 16 16 -4 10 15.54 -4 12.3 14 -4 10 13.7 -4 11.53
4 16 15.54 -4 12.3 14.24 -4 14.24 13.7 -4 11.53 12.83 -4 12.83
4 16 14.24 -4 14.24 12.3 -4 15.54 12.83 -4 12.83 11.53 -4 13.7
4 16 12.3 -4 15.54 10 -4 16 11.53 -4 13.7 10 -4 14
4 16 10 -4 16 7.7 -4 15.54 10 -4 14 8.47 -4 13.7
4 16 7.7 -4 15.54 5.76 -4 14.24 8.47 -4 13.7 7.17 -4 12.83
4 16 5.76 -4 14.24 4.46 -4 12.3 7.17 -4 12.83 6.3 -4 11.53
4 16 4.46 -4 12.3 4.27 -4 11.3 6.3 -4 11.53 6.05 -4 10.15

0 Bottom surfaces (for rotations)
4 16 11.33 0 4.24 12.3 0 4.46 10.15 0 6 11.53 0 6.3
4 16 12.3 0 4.46 14.24 0 5.76 11.53 0 6.3 12.83 0 7.17
4 16 14.24 0 5.76 15.54 0 7.7 12.83 0 7.17 13.7 0 8.47
4 16 15.54 0 7.7 16 0 10 13.7 0 8.47 14 0 10
4 16 16 0 10 15.54 0 12.3 14 0 10 13.7 0 11.53
4 16 15.54 0 12.3 14.24 0 14.24 13.7 0 11.53 12.83 0 12.83
4 16 14.24 0 14.24 12.3 0 15.54 12.83 0 12.83 11.53 0 13.7
4 16 12.3 0 15.54 10 0 16 11.53 0 13.7 10 0 14
4 16 10 0 16 7.7 0 15.54 10 0 14 8.47 0 13.7
4 16 7.7 0 15.54 5.76 0 14.24 8.47 0 13.7 7.17 0 12.83
4 16 5.76 0 14.24 4.46 0 12.3 7.17 0 12.83 6.3 0 11.53
4 16 4.46 0 12.3 4.27 0 11.3 6.3 0 11.53 6.05 0 10.15

0 Upper edges
2 24 11.33 -4 4.24 10.15 -4 6
2 24 11.33 -4 4.24 12.3 -4 4.46
2 24 12.3 -4 4.46 14.24 -4 5.76
2 24 14.24 -4 5.76 15.54 -4 7.7
2 24 15.54 -4 7.7 16 -4 10
2 24 16 -4 10 15.54 -4 12.3
2 24 15.54 -4 12.3 14.24 -4 14.24
2 24 14.24 -4 14.24 12.3 -4 15.54
2 24 12.3 -4 15.54 10 -4 16
2 24 10 -4 16 7.7 -4 15.54
2 24 7.7 -4 15.54 5.76 -4 14.24
2 24 5.76 -4 14.24 4.46 -4 12.3
2 24 4.46 -4 12.3 4.27 -4 11.3
2 24 4.27 -4 11.3 6.05 -4 10.15

2 24 10.15 -4 6 11.53 -4 6.3
2 24 11.53 -4 6.3 12.83 -4 7.17
2 24 12.83 -4 7.17 13.7 -4 8.47
2 24 13.7 -4 8.47 14 -4 10
2 24 14 -4 10 13.7 -4 11.53
2 24 13.7 -4 11.53 12.83 -4 12.83
2 24 12.83 -4 12.83 11.53 -4 13.7
2 24 11.53 -4 13.7 10 -4 14
2 24 10 -4 14 8.47 -4 13.7
2 24 8.47 -4 13.7 7.17 -4 12.83
2 24 7.17 -4 12.83 6.3 -4 11.53
2 24 6.3 -4 11.53 6.05 -4 10.15

0 Lower edges
2 24 11.33 0 4.24 10.15 0 6
2 24 11.33 0 4.24 12.3 0 4.46
2 24 12.3 0 4.46 14.24 0 5.76
2 24 14.24 0 5.76 15.54 0 7.7
2 24 15.54 0 7.7 16 0 10
2 24 16 0 10 15.54 0 12.3
2 24 15.54 0 12.3 14.24 0 14.24
2 24 14.24 0 14.24 12.3 0 15.54
2 24 12.3 0 15.54 10 0 16
2 24 10 0 16 7.7 0 15.54
2 24 7.7 0 15.54 5.76 0 14.24
2 24 5.76 0 14.24 4.46 0 12.3
2 24 4.46 0 12.3 4.27 0 11.3
2 24 4.27 0 11.3 6.05 0 10.15

2 24 10.15 0 6 11.53 0 6.3
2 24 11.53 0 6.3 12.83 0 7.17
2 24 12.83 0 7.17 13.7 0 8.47
2 24 13.7 0 8.47 14 0 10
2 24 14 0 10 13.7 0 11.53
2 24 13.7 0 11.53 12.83 0 12.83
2 24 12.83 0 12.83 11.53 0 13.7
2 24 11.53 0 13.7 10 0 14
2 24 10 0 14 8.47 0 13.7
2 24 8.47 0 13.7 7.17 0 12.83
2 24 7.17 0 12.83 6.3 0 11.53
2 24 6.3 0 11.53 6.05 0 10.15

0 End edges
2 24 11.33 -4 4.24 11.33 0 4.24
2 24 4.27 -4 11.3 4.27 0 11.3
2 24 10.15 -4 6 10.15 0 6
2 24 6.05 -4 10.15 6.05 0 10.15

0 End surfaces
4 16 11.33 -4 -4.24 10.15 -4 -6 11.33 0 -4.24 10.15 0 -6
4 16 4.27 -4 -11.3 6.05 -4 -10.15 4.27 0 -11.3 6.05 0 -10.15

0 Outside surfaces
4 16 11.33 -4 -4.24 12.3 -4 -4.46 11.33 0 -4.24 12.3 0 -4.46
4 16 12.3 -4 -4.46 14.24 -4 -5.76 12.3 0 -4.46 14.24 0 -5.76
4 16 14.24 -4 -5.76 15.54 -4 -7.7 14.24 0 -5.76 15.54 0 -7.7
4 16 15.54 -4 -7.7 16 -4 -10 15.54 0 -7.7 16 0 -10
4 16 16 -4 -10 15.54 -4 -12.3 16 0 -10 15.54 0 -12.3
4 16 15.54 -4 -12.3 14.24 -4 -14.24 15.54 0 -12.3 14.24 0 -14.24
4 16 14.24 -4 -14.24 12.3 -4 -15.54 14.24 0 -14.24 12.3 0 -15.54
4 16 12.3 -4 -15.54 10 -4 -16 12.3 0 -15.54 10 0 -16
4 16 10 -4 -16 7.7 -4 -15.54 10 0 -16 7.7 0 -15.54
4 16 7.7 -4 -15.54 5.76 -4 -14.24 7.7 0 -15.54 5.76 0 -14.24
4 16 5.76 -4 -14.24 4.46 -4 -12.3 5.76 0 -14.24 4.46 0 -12.3
4 16 4.46 -4 -12.3 4.27 -4 -11.3 4.46 0 -12.3 6.05 0 -10.15

5 24 12.3 -4 -4.46 12.3 0 -4.46 11.33 0 -4.24 14.24 0 -5.76
5 24 14.24 -4 -5.76 14.24 0 -5.76 12.3 0 -4.46 15.54 0 -7.7
5 24 15.54 -4 -7.7 15.54 0 -7.7 14.24 0 -5.76 16 0 -10
5 24 16 -4 -10 16 0 -10 15.54 0 -7.7 15.54 0 -12.3
5 24 15.54 -4 -12.3 15.54 0 -12.3 16 0 -10 14.24 0 -14.24
5 24 14.24 -4 -14.24 14.24 0 -14.24 15.54 0 -12.3 12.3 0 -15.54
5 24 12.3 -4 -15.54 12.3 -4 -15.54 14.24 0 -14.24 10 0 -16
5 24 10 -4 -16 10 0 -16 12.3 0 -15.54 7.7 0 -15.54
5 24 7.7 -4 -15.54 7.7 0 -15.54 10 0 -16 5.76 0 -14.24
5 24 5.76 -4 -14.24 5.76 0 -14.24 7.7 0 -15.54 4.46 0 -12.3
5 24 4.46 -4 -12.3 4.46 0 -12.3 5.76 0 -14.24 6.05 0 -10.15

0 Inside surfaces
4 16 10.15 -4 -6 11.53 -4 -6.3 10.15 0 -6 11.53 0 -6.3
4 16 11.53 -4 -6.3 12.83 -4 -7.17 11.53 0 -6.3 12.83 0 -7.17
4 16 12.83 -4 -7.17 13.7 -4 -8.47 12.83 0 -7.17 13.7 0 -8.47
4 16 13.7 -4 -8.47 14 -4 -10 13.7 0 -8.47 14 0 -10
4 16 14 -4 -10 13.7 -4 -11.53 14 0 -10 13.7 0 -11.53
4 16 13.7 -4 -11.53 12.83 -4 -12.83 13.7 0 -11.53 12.83 0 -12.83
4 16 12.83 -4 -12.83 11.53 -4 -13.7 12.83 0 -12.83 11.53 0 -13.7
4 16 11.53 -4 -13.7 10 -4 -14 11.53 0 -13.7 10 0 -14
4 16 10 -4 -14 8.47 -4 -13.7 10 0 -14 8.47 0 -13.7
4 16 8.47 -4 -13.7 7.17 -4 -12.83 8.47 0 -13.7 7.17 0 -12.83
4 16 7.17 -4 -12.83 6.3 -4 -11.53 7.17 0 -12.83 6.3 0 -11.53
4 16 6.3 -4 -11.53 6.05 -4 -10.15 6.3 0 -11.53 6.05 0 -10.15

0 Top surfaces
4 16 11.33 0 -4.24 12.3 0 -4.46 10.15 0 -6 11.53 0 -6.3
4 16 12.3 0 -4.46 14.24 0 -5.76 11.53 0 -6.3 12.83 0 -7.17
4 16 14.24 0 -5.76 15.54 0 -7.7 12.83 0 -7.17 13.7 0 -8.47
4 16 15.54 0 -7.7 16 0 -10 13.7 0 -8.47 14 0 -10
4 16 16 0 -10 15.54 0 -12.3 14 0 -10 13.7 0 -11.53
4 16 15.54 0 -12.3 14.24 0 -14.24 13.7 0 -11.53 12.83 0 -12.83
4 16 14.24 0 -14.24 12.3 0 -15.54 12.83 0 -12.83 11.53 0 -13.7
4 16 12.3 0 -15.54 10 0 -16 11.53 0 -13.7 10 0 -14
4 16 10 0 -16 7.7 0 -15.54 10 0 -14 8.47 0 -13.7
4 16 7.7 0 -15.54 5.76 0 -14.24 8.47 0 -13.7 7.17 0 -12.83
4 16 5.76 0 -14.24 4.46 0 -12.3 7.17 0 -12.83 6.3 0 -11.53
4 16 4.46 0 -12.3 4.27 0 -11.3 6.3 0 -11.53 6.05 0 -10.15

0 Bottom surfaces (for rotations)
4 16 11.33 -4 -4.24 12.3 -4 -4.46 10.15 -4 -6 11.53 -4 -6.3
4 16 12.3 -4 -4.46 14.24 -4 -5.76 11.53 -4 -6.3 12.83 -4 -7.17
4 16 14.24 -4 -5.76 15.54 -4 -7.7 12.83 -4 -7.17 13.7 -4 -8.47
4 16 15.54 -4 -7.7 16 -4 -10 13.7 -4 -8.47 14 -4 -10
4 16 16 -4 -10 15.54 -4 -12.3 14 -4 -10 13.7 -4 -11.53
4 16 15.54 -4 -12.3 14.24 -4 -14.24 13.7 -4 -11.53 12.83 -4 -12.83
4 16 14.24 -4 -14.24 12.3 -4 -15.54 12.83 -4 -12.83 11.53 -4 -13.7
4 16 12.3 -4 -15.54 10 -4 -16 11.53 -4 -13.7 10 -4 -14
4 16 10 -4 -16 7.7 -4 -15.54 10 -4 -14 8.47 -4 -13.7
4 16 7.7 -4 -15.54 5.76 -4 -14.24 8.47 -4 -13.7 7.17 -4 -12.83
4 16 5.76 -4 -14.24 4.46 -4 -12.3 7.17 -4 -12.83 6.3 -4 -11.53
4 16 4.46 -4 -12.3 4.27 -4 -11.3 6.3 -4 -11.53 6.05 -4 -10.15

0 Upper edges
2 24 11.33 0 -4.24 10.15 0 -6
2 24 11.33 0 -4.24 12.3 0 -4.46
2 24 12.3 0 -4.46 14.24 0 -5.76
2 24 14.24 0 -5.76 15.54 0 -7.7
2 24 15.54 0 -7.7 16 0 -10
2 24 16 0 -10 15.54 0 -12.3
2 24 15.54 0 -12.3 14.24 0 -14.24
2 24 14.24 0 -14.24 12.3 0 -15.54
2 24 12.3 0 -15.54 10 0 -16
2 24 10 0 -16 7.7 0 -15.54
2 24 7.7 0 -15.54 5.76 0 -14.24
2 24 5.76 0 -14.24 4.46 0 -12.3
2 24 4.46 0 -12.3 4.27 0 -11.3
2 24 4.27 0 -11.3 6.05 0 -10.15

2 24 10.15 0 -6 11.53 0 -6.3
2 24 11.53 0 -6.3 12.83 0 -7.17
2 24 12.83 0 -7.17 13.7 0 -8.47
2 24 13.7 0 -8.47 14 0 -10
2 24 14 0 -10 13.7 0 -11.53
2 24 13.7 0 -11.53 12.83 0 -12.83
2 24 12.83 0 -12.83 11.53 0 -13.7
2 24 11.53 0 -13.7 10 0 -14
2 24 10 0 -14 8.47 0 -13.7
2 24 8.47 0 -13.7 7.17 0 -12.83
2 24 7.17 0 -12.83 6.3 0 -11.53
2 24 6.3 0 -11.53 6.05 0 -10.15

0 Lower edges
2 24 11.33 -4 -4.24 10.15 -4 -6
2 24 11.33 -4 -4.24 12.3 -4 -4.46
2 24 12.3 -4 -4.46 14.24 -4 -5.76
2 24 14.24 -4 -5.76 15.54 -4 -7.7
2 24 15.54 -4 -7.7 16 -4 -10
2 24 16 -4 -10 15.54 -4 -12.3
2 24 15.54 -4 -12.3 14.24 -4 -14.24
2 24 14.24 -4 -14.24 12.3 -4 -15.54
2 24 12.3 -4 -15.54 10 -4 -16
2 24 10 -4 -16 7.7 -4 -15.54
2 24 7.7 -4 -15.54 5.76 -4 -14.24
2 24 5.76 -4 -14.24 4.46 -4 -12.3
2 24 4.46 -4 -12.3 4.27 -4 -11.3
2 24 4.27 -4 -11.3 6.05 -4 -10.15

2 24 10.15 -4 -6 11.53 -4 -6.3
2 24 11.53 -4 -6.3 12.83 -4 -7.17
2 24 12.83 -4 -7.17 13.7 -4 -8.47
2 24 13.7 -4 -8.47 14 -4 -10
2 24 14 -4 -10 13.7 -4 -11.53
2 24 13.7 -4 -11.53 12.83 -4 -12.83
2 24 12.83 -4 -12.83 11.53 -4 -13.7
2 24 11.53 -4 -13.7 10 -4 -14
2 24 10 -4 -14 8.47 -4 -13.7
2 24 8.47 -4 -13.7 7.17 -4 -12.83
2 24 7.17 -4 -12.83 6.3 -4 -11.53
2 24 6.3 -4 -11.53 6.05 -4 -10.15

0 End edges
2 24 11.33 0 -4.24 11.33 -4 -4.24
2 24 4.27 0 -11.3 4.27 -4 -11.3
2 24 10.15 0 -6 10.15 -4 -6
2 24 6.05 0 -10.15 6.05 -4 -10.15
