0 Technic Engine Crankshaft
0 Name: 2853.dat
0 Author: Fredrik Glöckner
0 !LDRAW_ORG Part UPDATE 1999-05
0 !LICENSE Not redistributable : see NonCAreadme.txt

0 !HISTORY 1999-07-05 [PTadmin] Official Update 1999-05
0 !HISTORY 2007-05-20 [PTadmin] Header formatted for Contributor Agreement
0 !HISTORY 2008-07-01 [PTadmin] Official Update 2008-01

 1 16 -10 0 -9.8 0 0 -1 -1 0 0 0 29.8 0 axle.dat
 1 16 0 0 -20 0 0 9 9 0 0 0 10.2 0 2-4cyli.dat
 1 16 0 0 -20 0 0 9 9 0 0 0 1 0 2-4edge.dat
 1 16 0 0 -9.8 0 0 9 9 0 0 0 1 0 2-4edge.dat
 1 16 -10 0 -20 0 0 -9 -9 0 0 0 10.2 0 2-4cyli.dat
 1 16 -10 0 -9.8 0 0 -9 9 0 0 0 1 0 2-4disc.dat
 1 16 -10 0 -20 0 0 -9 9 0 0 0 1 0 2-4edge.dat
 1 16 -10 0 -9.8 0 0 -9 9 0 0 0 1 0 2-4edge.dat
 1 16 0 0 -20 0 0 -1 -1 0 0 0 10 0 axlehol4.dat
 1 16 0 0 -20 0 0 2 -2 0 0 0 1 0 2-4ring3.dat
 1 16 0 0 -20 0 0 2.25 -2.25 0 0 0 1 0 2-4ring3.dat
 1 16 -10 0 -20 0 0 -2.25 2.25 0 0 0 1 0 2-4ring3.dat
 1 16 -10 0 -20 0 0 -6.75 6.75 0 0 0 1 0 2-4edge.dat
 1 16 -10 0 -13 0 0 -6.75 6.75 0 0 0 1 0 2-4edge.dat
 1 16 -10 0 -13 0 0 -6.75 6.75 0 0 0 1 0 2-4disc.dat
 1 16 -10 0 -13 0 0 -6.75 6.75 0 0 0 -7 0 2-4cyli.dat
 2 24 -6 -6.75 -20 -10 -6.75 -20
 2 24 -5.58 -2 -20 -7 -2 -20
 2 24 -7 -2 -20 -6 -6.75 -20
 2 24 -6 -6.75 -20 -6 -6.75 -13
 2 24 -7 -2 -20 -7 -2 -13
 4 16 -5.58 -2 -20 -5.58 -2 -13 -7 -2 -13 -7 -2 -20
 4 16 -6 -6.75 -20 -6 -6.75 -13 -7 -2 -13 -7 -2 -20
 4 16 -6 -6.75 -20 -6 -6.75 -13 -10 -6.75 -13 -10 -6.75 -20
 2 24 -6 -6.75 -13 -10 -6.75 -13
 2 24 -5.58 -2 -13 -7 -2 -13
 2 24 -7 -2 -13 -6 -6.75 -13
 2 24 -6 6.75 -20 -10 6.75 -20
 2 24 -5.58 2 -20 -7 2 -20
 2 24 -7 2 -20 -6 6.75 -20
 2 24 -6 6.75 -20 -6 6.75 -13
 2 24 -7 2 -20 -7 2 -13
 4 16 -5.58 2 -20 -5.58 2 -13 -7 2 -13 -7 2 -20
 4 16 -6 6.75 -20 -6 6.75 -13 -7 2 -13 -7 2 -20
 4 16 -6 6.75 -20 -6 6.75 -13 -10 6.75 -13 -10 6.75 -20
 2 24 -6 6.75 -13 -10 6.75 -13
 2 24 -5.58 2 -13 -7 2 -13
 2 24 -7 2 -13 -6 6.75 -13
 2 24 -5.58 2 -13 -5.58 -2 -13
 4 16 -5.58 2 -13 -5.58 -2 -13 -5.58 -2 -10 -5.58 2 -10
 4 16 -5.58 2 -13 -5.58 -2 -13 -10 -2 -13 -10 2 -13
 4 16 -7 -2 -13 -6 -6.75 -13 -10 -6.76 -13 -10 -2 -13
 4 16 -7 2 -13 -6 6.75 -13 -10 6.76 -13 -10 2 -13
 4 16 -5.58 2 -20 -7 2 -20 -6 6.75 -20 -2 5.58 -20
 3 16 -6 6.75 -20 -2 5.58 -20 0 6 -20
 4 16 -6 6.75 -20 0 6 -20 0 9 -20 -6 9 -20
 4 16 -6 6.75 -20 -10 6.75 -20 -10 9 -20 -6 9 -20
 4 16 -5.58 -2 -20 -7 -2 -20 -6 -6.75 -20 -2 -5.58 -20
 3 16 -6 -6.75 -20 -2 -5.58 -20 0 -6 -20
 4 16 -6 -6.75 -20 0 -6 -20 0 -9 -20 -6 -9 -20
 4 16 -6 -6.75 -20 -10 -6.75 -20 -10 -9 -20 -6 -9 -20
 1 16 0 0 -9.8 0 0 4 4 0 0 0 1 0 ring1.dat
 1 16 0 0 -9.8 0 0 4.5 4.5 0 0 0 1 0 ring1.dat
 1 16 0 0 -9.8 0 0 4 4 0 0 0 1 0 4-4edge.dat
 1 16 0 0 -9.8 0 0 -9 -9 0 0 0 1 0 2-4ndis.dat
 4 16 -10 9 -9.8 -10 -9 -9.8 -9 -9 -9.8 -9 9 -9.8
 4 16 0 9 -9.8 -10 9 -9.8 -10 9 -20 0 9 -20
 4 16 0 -9 -9.8 -10 -9 -9.8 -10 -9 -20 0 -9 -20
 2 24 0 9 -9.8 -10 9 -9.8
 2 24 0 9 -20 -10 9 -20
 2 24 0 -9 -9.8 -10 -9 -9.8
 2 24 0 -9 -20 -10 -9 -20
0