0 Train Gate  2 x  4
0 Name: 2873.dat
0 Author: James Jessiman
0 Original LDraw Part - LDraw beta 0.27 Archive

 1 16 0 8 0 36 0 0 0 -4 0 0 0 16 box5.dat

 2 24 40 8 20 36 8 20
 2 24 22 8 20 18 8 20
 2 24 2 8 20 -2 8 20
 2 24 -18 8 20 -22 8 20
 2 24 -36 8 20 -40 8 20
 2 24 -40 8 20 -40 8 -20
 2 24 -40 8 -20 40 8 -20
 2 24 40 8 -20 40 8 20

 2 24 40 0 20 36 0 20
 2 24 22 0 20 18 0 20
 2 24 2 0 20 -2 0 20
 2 24 -18 0 20 -22 0 20
 2 24 -36 0 20 -40 0 20
 2 24 -40 0 20 -40 0 -20
 2 24 -40 0 -20 40 0 -20
 2 24 40 0 -20 40 0 20

 2 24 40 0 20 40 8 20
 2 24 36 0 20 36 8 20
 2 24 22 0 20 22 8 20
 2 24 18 0 20 18 8 20
 2 24 2 0 20 2 8 20
 2 24 -2 0 20 -2 8 20
 2 24 -18 0 20 -18 8 20
 2 24 -22 0 20 -22 8 20
 2 24 -36 0 20 -36 8 20
 2 24 -40 0 20 -40 8 20

 2 24 40 0 -20 40 8 -20
 2 24 -40 0 -20 -40 8 -20

 1 16 36 4 24 0 0 0 4 0 0 0 0 4 2-4edge.dat
 1 16 22 4 24 0 0 0 4 0 0 0 0 4 2-4edge.dat
 1 16 18 4 24 0 0 0 4 0 0 0 0 4 2-4edge.dat
 1 16 2 4 24 0 0 0 4 0 0 0 0 4 2-4edge.dat
 1 16 -2 4 24 0 0 0 4 0 0 0 0 4 2-4edge.dat
 1 16 -18 4 24 0 0 0 4 0 0 0 0 4 2-4edge.dat
 1 16 -22 4 24 0 0 0 4 0 0 0 0 4 2-4edge.dat
 1 16 -36 4 24 0 0 0 4 0 0 0 0 4 2-4edge.dat
 2 24 36 8 20 36 8 24
 2 24 36 0 24 36 0 20
 2 24 22 8 20 22 8 24
 2 24 22 0 24 22 0 20
 2 24 18 8 20 18 8 24
 2 24 18 0 24 18 0 20
 2 24 2 8 20 2 8 24
 2 24 2 0 24 2 0 20
 2 24 -2 8 20 -2 8 24
 2 24 -2 0 24 -2 0 20
 2 24 -18 8 20 -18 8 24
 2 24 -18 0 24 -18 0 20
 2 24 -22 8 20 -22 8 24
 2 24 -22 0 24 -22 0 20
 2 24 -36 8 20 -36 8 24
 2 24 -36 0 24 -36 0 20

 2 24 36 0 -16.5 -36 0 -16.5
 2 24 33 0 -13.5 -33 0 -13.5
 2 24 33 0    -9 -33 0    -9
 2 24 33 0    -6 -33 0    -6
 2 24 33 0  -1.5 -33 0  -1.5
 2 24 33 0   1.5 -33 0   1.5
 2 24 33 0     6 -33 0     6
 2 24 33 0     9 -33 0     9
 2 24 33 0  13.5 -33 0  13.5
 2 24 36 0  16.5 -36 0  16.5

 2 24 36 0 16.5 36 0 -16.5
 2 24 -36 0 16.5 -36 0 -16.5

 2 24 33 0 13.5 33 0 9
 2 24 -33 0 13.5 -33 0 9
 2 24 33 0 6 33 0 1.5
 2 24 -33 0 6 -33 0 1.5
 2 24 33 0 -6 33 0 -1.5
 2 24 -33 0 -6 -33 0 -1.5
 2 24 33 0 -13.5 33 0 -9
 2 24 -33 0 -13.5 -33 0 -9

 1 16 36 4 24 0 0 0 4 0 0 0 0 4 2-4disc.dat
 1 16 22 4 24 0 0 0 4 0 0 0 0 4 2-4disc.dat
 1 16 18 4 24 0 0 0 4 0 0 0 0 4 2-4disc.dat
 1 16 2 4 24 0 0 0 4 0 0 0 0 4 2-4disc.dat
 1 16 -2 4 24 0 0 0 4 0 0 0 0 4 2-4disc.dat
 1 16 -18 4 24 0 0 0 4 0 0 0 0 4 2-4disc.dat
 1 16 -22 4 24 0 0 0 4 0 0 0 0 4 2-4disc.dat
 1 16 -36 4 24 0 0 0 4 0 0 0 0 4 2-4disc.dat
 4 16  36 8 20  36 8 24  36 0 24  36 0 20
 4 16  22 8 20  22 8 24  22 0 24  22 0 20
 4 16  18 8 20  18 8 24  18 0 24  18 0 20
 4 16   2 8 20   2 8 24   2 0 24   2 0 20
 4 16  -2 8 20  -2 8 24  -2 0 24  -2 0 20
 4 16 -18 8 20 -18 8 24 -18 0 24 -18 0 20
 4 16 -22 8 20 -22 8 24 -22 0 24 -22 0 20
 4 16 -36 8 20 -36 8 24 -36 0 24 -36 0 20

 1 16 36 4 24 0 -14 0 4 0 0 0 0 4 2-4cyli.dat
 1 16 18 4 24 0 -16 0 4 0 0 0 0 4 2-4cyli.dat
 1 16 -2 4 24 0 -16 0 4 0 0 0 0 4 2-4cyli.dat
 1 16 -22 4 24 0 -14 0 4 0 0 0 0 4 2-4cyli.dat
 4 16 36 8 20 36 8 24 22 8 24 22 8 20
 4 16 36 0 24 36 0 20 22 0 20 22 0 24
 4 16 18 8 20 18 8 24 2 8 24 2 8 20
 4 16 18 0 24 18 0 20 2 0 20 2 0 24
 4 16 -18 8 20 -18 8 24 -2 8 24 -2 8 20
 4 16 -18 0 24 -18 0 20 -2 0 20 -2 0 24
 4 16 -36 8 20 -36 8 24 -22 8 24 -22 8 20
 4 16 -36 0 24 -36 0 20 -22 0 20 -22 0 24

 4 16 40 8 20 40 8 16 -40 8 16 -40 8 20
 4 16 40 8 -20 40 8 -16 -40 8 -16 -40 8 -20
 4 16 40 8 16 36 8 16 36 8 -16 40 8 -16
 4 16 -40 8 16 -36 8 16 -36 8 -16 -40 8 -16

 4 16 40 0 20 40 0 -20 -40 0 -20 -40 0 20

 4 16 40 8 20 40 0 20 36 0 20 36 8 20
 4 16 22 8 20 22 0 20 18 0 20 18 8 20
 4 16 2 8 20 2 0 20 -2 0 20 -2 8 20
 4 16 -18 8 20 -18 0 20 -22 0 20 -22 8 20
 4 16 -36 8 20 -36 0 20 -40 0 20 -40 8 20
 4 16 -40 8 20 -40 0 20 -40 0 -20 -40 8 -20
 4 16 -40 8 -20 -40 0 -20 40 0 -20 40 8 -20
 4 16 40 8 -20 40 0 -20 40 0 20 40 8 20

