0 Hinge Rod  2.5L with 2 and 3 Fingers on Ends
0 Name: 2880.dat
0 Author: James Jessiman
0 Original LDraw Part
0 LDRAW_ORG Part UPDATE 2002-01

0 KEYWORDS train cantenary holder, robot finger, claw
0 KEYWORDS pantograph, arm, bar

 2 24 10 4 -20 -10 4 -20
 2 24 -10 4 -20 -10 -4 -20
 2 24 -10 -4 -20 10 -4 -20
 2 24 10 -4 -20 10 4 -20

 1 16 0 0 -20 4 0 0 0 0 4 0 0 0 4-4edge.dat
 1 16 0 0 26 2.84 0 2.84 2.84 0 -2.84 0 0 0 3-4edge.dat
 1 16 0 0 34 2.84 0 -2.84 2.84 0 2.84 0 0 0 1-4edge.dat

 2 24 2.84 2.84 26 6 -4 26
 2 24 -2.84 2.84 26 -6 -4 26
 2 24 2.84 2.84 34 6 -4 34
 2 24 -2.84 2.84 34 -6 -4 34
 2 24 6 -4 26 6 -4 34
 2 24 2 -4 26 2 -4 34
 2 24 -2 -4 26 -2 -4 34
 2 24 -6 -4 26 -6 -4 34
 2 24 2 -4 26 -2 -4 26
 2 24 2 -4 34 -2 -4 34

 2 24 6 -4 26 6 -8 26
 2 24 2 -4 26 2 -8 26
 2 24 -2 -4 26 -2 -8 26
 2 24 -6 -4 26 -6 -8 26
 2 24 6 -4 34 6 -8 34
 2 24 2 -4 34 2 -8 34
 2 24 -2 -4 34 -2 -8 34
 2 24 -6 -4 34 -6 -8 34

 1 16 6 -8 30 0 0 0 0 0 -4 4 0 0 2-4edge.dat
 1 16 2 -8 30 0 0 0 0 0 -4 4 0 0 2-4edge.dat
 1 16 -2 -8 30 0 0 0 0 0 -4 4 0 0 2-4edge.dat
 1 16 -6 -8 30 0 0 0 0 0 -4 4 0 0 2-4edge.dat

 4 16 10 4 -20 10 -4 -20 -10 -4 -20 -10 4 -20

 1 16 0 0 -20 4 0 0 0 0 4 0 46 0 4-4cyli.dat
 1 16 0 0 26 2.84 0 -2.84 2.84 0 2.84 0 8 0 1-4cyli.dat
 1 16 0 0 34 2.84 0 -2.84 2.84 0 2.84 0 8 0 1-4disc.dat

 4 16 2.84 2.84 26 6 -4 26 6 -4 34 2.84 2.84 34
 4 16 -2.84 2.84 26 -6 -4 26 -6 -4 34 -2.84 2.84 34
 4 16 2.84 2.84 26 6 -4 26 -6 -4 26 -2.84 2.84 26
 4 16 2.84 2.84 34 6 -4 34 -6 -4 34 -2.84 2.84 34

 4 16 2 -4 26 2 -4 34 -2 -4 34 -2 -4 26

 4 16 6 -4 26 6 -8 26 2 -8 26 2 -4 26
 4 16 -6 -4 26 -6 -8 26 -2 -8 26 -2 -4 26
 4 16 6 -4 34 6 -8 34 2 -8 34 2 -4 34
 4 16 -6 -4 34 -6 -8 34 -2 -8 34 -2 -4 34

 4 16 6 -4 26 6 -8 26 6 -8 34 6 -4 34
 4 16 2 -4 26 2 -8 26 2 -8 34 2 -4 34
 4 16 -2 -4 26 -2 -8 26 -2 -8 34 -2 -4 34
 4 16 -6 -4 26 -6 -8 26 -6 -8 34 -6 -4 34

 1 16 6 -8 30 0 0 0 0 0 -4 4 0 0 2-4disc.dat
 1 16 2 -8 30 0 0 0 0 0 -4 4 0 0 2-4disc.dat
 1 16 -2 -8 30 0 0 0 0 0 -4 4 0 0 2-4disc.dat
 1 16 -6 -8 30 0 0 0 0 0 -4 4 0 0 2-4disc.dat

 1 16 6 -8 30 0 -4 0 0 0 -4 4 0 0 2-4cyli.dat
 1 16 -6 -8 30 0 4 0 0 0 -4 4 0 0 2-4cyli.dat

 1 16 0 0 -20 0 0 1 1 0 0 0 -1 0 h2.dat
0