0 Hinge Train Pantograph Shoe
0 Name: 2881.dat
0 Author: James Jessiman
0 Original LDraw Part
0 LDRAW_ORG Part UPDATE 2002-01

0 KEYWORDS cantenary, rod, bar, grille

 1 16 0 12 0 0 0 1 0 1 0 1 0 0 h2.dat

 1 16 0 10 -4 6 0 0 0 0 2 0 3 0 box5.dat
 1 16 0 10 4 6 0 0 0 0 2 0 -3 0 box5.dat

 1 16 0 4 0 10 0 0 0 0 0 0 0 4 rect.dat

 1 16 10 4 -8 0 0 0 4 0 0 0 0 4 1-4ndis.dat
 1 16 -10 4 -8 0 0 0 4 0 0 0 0 4 1-4ndis.dat
 1 16 10 4 8 0 0 0 4 0 0 0 0 -4 1-4ndis.dat
 1 16 -10 4 8 0 0 0 4 0 0 0 0 -4 1-4ndis.dat

 2 24 10 12 -4 10 8 -4
 2 24 -10 12 -4 -10 8 -4
 2 24 10 12 4 10 8 4
 2 24 -10 12 4 -10 8 4

 2 24 10 8 -4 10 8 -8
 2 24 -10 8 -4 -10 8 -8
 2 24 10 8 4 10 8 8
 2 24 -10 8 4 -10 8 8

 4 16 10 12 -4 10 8 -4 6 8 -4 6 12 -4
 4 16 -10 12 -4 -10 8 -4 -6 8 -4 -6 12 -4
 4 16 10 12 4 10 8 4 6 8 4 6 12 4
 4 16 -10 12 4 -10 8 4 -6 8 4 -6 12 4

 4 16 10 12 -4 10 4 -4 10 4 4 10 12 4
 4 16 -10 12 -4 -10 4 -4 -10 4 4 -10 12 4

 4 16 10 8 -4 10 8 -8 -10 8 -8 -10 8 -4
 4 16 10 8 4 10 8 8 -10 8 8 -10 8 4

 1 16 36 16 -8 4 0 0 0 4 0 0 0 4 4-8sphe.dat
 1 16 -36 16 -8 4 0 0 0 4 0 0 0 4 4-8sphe.dat
 1 16 36 16 8 4 0 0 0 4 0 0 0 4 4-8sphe.dat
 1 16 -36 16 8 4 0 0 0 4 0 0 0 4 4-8sphe.dat

 1 16 36 14 -8 4 0 0 0 2 0 0 0 4 4-4cyli.dat
 1 16 -36 14 -8 4 0 0 0 2 0 0 0 4 4-4cyli.dat
 1 16 36 14 8 4 0 0 0 2 0 0 0 4 4-4cyli.dat
 1 16 -36 14 8 4 0 0 0 2 0 0 0 4 4-4cyli.dat

 1 16 26 14 -8 4 0 0 0 0 -4 0 4 0 1-4ccyli.dat
 1 16 -26 14 -8 -4 0 0 0 0 -4 0 4 0 1-4ccyli.dat
 1 16 26 14 8 4 0 0 0 0 -4 0 4 0 1-4ccyli.dat
 1 16 -26 14 8 -4 0 0 0 0 -4 0 4 0 1-4ccyli.dat

 1 16 26 4 -8 0 -52 0 4 0 0 0 0 4 4-4cyli.dat
 1 16 26 4 8 0 -52 0 4 0 0 0 0 4 4-4cyli.dat
0