0 Technic Motorcycle Pivot
0 Name: 2904.dat
0 Author: Luis E. Fernandez (lfernand@newsguy.com)
0 Official LCad update 98-04

2 24 -20 24 20 -20 0 20
2 24 20 24 20 -20 24 20
2 24 20 24 20 20 0 20
4 16 20 0 20 20 24 20 -20 24 20 -20 0 20
2 24 -16 24 16 -16 4 16
2 24 16 24 16 -16 24 16
2 24 16 24 16 16 4 16
4 16 16 4 16 16 24 16 -16 24 16 -16 4 16
4 16 20 24 20 16 24 16 -16 24 16 -20 24 20
4 16 -20 24 20 -20 18 8 -20 2 8 -20 0 20
4 16 -16 18 8 -16 4 8 -16 4 16 -16 24 16
4 16 16 18 8 16 4 8 16 4 16 16 24 16
4 16 20 24 20 20 18 8 20 2 8 20 0 20
4 16 0 24 6 -2.3 24 5.54 -3.06 24 7.39 0 24 8
4 16 2.3 24 5.54 0 24 6 0 24 8 3.06 24 7.39
4 16 -2.3 24 5.54 -4.24 24 4.24 -5.66 24 5.66 -3.06 24 7.39
4 16 4.24 24 4.24 2.3 24 5.54 3.06 24 7.39 5.66 24 5.66
4 16 -4.24 24 4.24 -5.54 24 2.3 -7.39 24 3.06 -5.66 24 5.66
4 16 5.54 24 2.3 4.24 24 4.24 5.66 24 5.66 7.39 24 3.06
4 16 -5.54 24 2.3 -6 24 0 -8 24 0 -7.39 24 3.06
1 16 0 24 0 6 0 0 0 -6 0 0 0 6 4-4cyli.dat
1 16 0 24 0 6 0 0 0 0 0 0 0 6 4-4edge.dat
1 16 0 24 0 8 0 0 0 -6 0 0 0 8 4-4cyli.dat
1 16 0 24 0 8 0 0 0 0 0 0 0 8 4-4edge.dat
4 16 6 24 0 5.54 24 2.3 7.39 24 3.06 8 24 0
4 16 -6 24 0 -5.54 24 -2.3 -7.39 24 -3.06 -8 24 0
4 16 5.54 24 -2.3 6 24 0 8 24 0 7.39 24 -3.06
4 16 -5.54 24 -2.3 -4.24 24 -4.24 -5.66 24 -5.66 -7.39 24 -3.06
4 16 4.24 24 -4.24 5.54 24 -2.3 7.39 24 -3.06 5.66 24 -5.66
4 16 -4.24 24 -4.24 -2.3 24 -5.54 -3.06 24 -7.39 -5.66 24 -5.66
4 16 -2.3 24 -5.54 0 24 -6 0 24 -8 -3.06 24 -7.39
4 16 0 24 -6 2.3 24 -5.54 3.06 24 -7.39 0 24 -8
4 16 2.3 24 -5.54 4.24 24 -4.24 5.66 24 -5.66 3.06 24 -7.39
2 24 -16 24 -16 -16 4 -16
2 24 -16 24 16 -16 24 -16
4 16 -16 24 -16 -16 18 -8 -16 18 8 -16 24 16
4 16 -16 24 -16 -16 4 -16 -16 4 -8 -16 18 -8
2 24 -16 24 -16 16 24 -16
2 24 16 24 -16 16 24 16
2 24 16 24 -16 16 4 -16
4 16 -16 4 -16 -16 24 -16 16 24 -16 16 4 -16
4 16 16 24 -16 16 18 -8 16 18 8 16 24 16
4 16 16 24 -16 16 4 -16 16 4 -8 16 18 -8
2 24 -20 24 -20 -20 0 -20
2 24 -20 24 20 -20 24 -20
4 16 -20 24 -20 -20 18 -8 -20 18 8 -20 24 20
4 16 -20 24 -20 -20 18 -8 -20 2 -8 -20 0 -20
4 16 -20 24 -20 -16 24 -16 -16 24 16 -20 24 20
2 24 -10 24 -20 -10 0 -20
2 24 -20 24 -20 -10 24 -20
2 24 -6 24 -20 -6 4 -20
2 24 6 24 -20 6 4 -20
2 24 10 24 -20 10 0 -20
2 24 20 24 -20 20 0 -20
2 24 20 24 -20 20 24 20
2 24 10 24 -20 20 24 -20
4 16 -20 0 -20 -20 24 -20 20 24 -20 20 0 -20
4 16 -20 24 -20 -16 24 -16 16 24 -16 20 24 -20
4 16 20 24 -20 16 24 -16 16 24 16 20 24 20
4 16 20 24 -20 20 18 -8 20 18 8 20 24 20
4 16 20 24 -20 20 18 -8 20 2 -8 20 0 -20
2 24 -10 24 -20 -10 24 -24
2 24 -10 24 -24 -10 20 -24
4 16 -10 20 -24 -10 24 -24 -10 24 -20 -10 20 -20
2 24 -6 24 -20 -6 24 -24
2 24 -6 24 -24 -10 24 -24
2 24 -6 24 -24 -6 20 -24
4 16 -6 24 -20 -6 24 -24 -10 24 -20 -10 24 -24
4 16 -6 24 -24 -10 24 -24 -6 20 -24 -10 20 -24
2 24 6 24 -20 6 24 -24
2 24 6 24 -24 6 20 -24
2 24 10 24 -20 10 24 -24
2 24 10 24 -24 10 20 -24
2 24 10 24 -24 6 24 -24
4 16 10 20 -24 10 24 -24 10 24 -20 10 20 -20
4 16 10 24 -20 10 24 -24 6 24 -20 6 24 -24
4 16 10 24 -24 6 24 -24 10 20 -24 6 20 -24
2 24 -10 20 -36 -10 24 -36
2 24 -6 20 -36 -6 24 -36
2 24 -6 24 -36 -10 24 -36
4 16 -6 20 -36 -10 20 -36 -6 24 -36 -10 24 -36
2 24 6 20 -36 6 24 -36
2 24 10 20 -36 10 24 -36
2 24 10 24 -36 6 24 -36
4 16 10 20 -36 6 20 -36 10 24 -36 6 24 -36
2 24 -10 24 -36 -10 24 -44
2 24 -10 24 -44 -10 20 -44
4 16 -10 20 -44 -10 24 -44 -10 24 -36 -10 20 -36
2 24 -6 24 -36 -6 24 -44
2 24 -6 24 -44 -10 24 -44
2 24 -6 24 -44 -6 20 -44
4 16 -6 24 -36 -10 24 -36 -6 24 -44 -10 24 -44
4 16 -6 24 -44 -10 24 -44 -6 20 -44 -10 20 -44
2 24 6 24 -36 6 24 -44
2 24 6 24 -44 6 20 -44
2 24 10 24 -36 10 24 -44
2 24 10 24 -44 10 20 -44
2 24 10 24 -44 6 24 -44
4 16 10 20 -44 10 24 -44 10 24 -36 10 20 -36
4 16 10 24 -36 6 24 -36 10 24 -44 6 24 -44
4 16 10 24 -44 6 24 -44 10 20 -44 6 20 -44
2 24 -10 20 -56 -10 24 -56
2 24 -6 20 -56 -6 24 -56
2 24 -6 24 -56 -10 24 -56
4 16 -6 20 -56 -10 20 -56 -6 24 -56 -10 24 -56
2 24 6 20 -56 6 24 -56
2 24 10 20 -56 10 24 -56
2 24 10 24 -56 6 24 -56
4 16 10 20 -56 6 20 -56 10 24 -56 6 24 -56
2 24 -10 24 -56 -10 24 -65
2 24 -6 24 -56 -6 24 -65
4 16 -6 24 -56 -6 24 -65 -10 24 -56 -10 24 -65
2 24 6 24 -56 6 24 -65
2 24 10 24 -56 10 24 -65
4 16 10 24 -56 10 24 -65 6 24 -56 6 24 -65
4 16 -10 12 -71 -10 24 -65 -10 24 -56 -10 20 -56
2 24 -6 22.38 -70.62 -6 24 -64.8
2 24 6 22.38 -70.62 6 24 -64.8
4 16 10 12 -71 10 24 -65 10 24 -56 10 20 -56
4 16 -10 11.87 -70.83 -10 11.6 -71.8 -10 21.3 -74.5 -10 24 -64.8
4 16 -10 24 -64.8 -10 21.3 -74.5 -6 22.38 -70.62 -6 24 -64.8
4 16 10 11.87 -70.83 10 11.6 -71.8 10 21.3 -74.5 10 24 -64.8
4 16 10 24 -64.8 10 21.3 -74.5 6 22.38 -70.62 6 24 -64.8
2 24 -10 18.6 -84.2 -10 24 -64.8
2 24 10 18.6 -84.2 10 24 -64.8
2 24 -6 8.8 -66.84 -6 22.38 -70.62
2 24 -6 22.38 -70.62 6 22.38 -70.62
2 24 6 8.8 -66.84 6 22.38 -70.62
4 16 6 8.8 -66.84 6 22.38 -70.62 -6 8.8 -66.84 -6 22.38 -70.62
4 16 10 21.3 -74.5 6 22.38 -70.62 -10 21.3 -74.5 -6 22.38 -70.62
2 24 -10 18.6 -84.2 -10 21.3 -74.5
4 16 -10 18.6 -84.2 -10 10.84 -82.04 -10 13.54 -72.34 -10 21.3 -74.5
2 24 10 18.6 -84.2 10 21.3 -74.5
4 16 10 8.9 -81.5 10 11.6 -71.8 10 21.3 -74.5 10 18.6 -84.2
2 24 -6 20 -24 -10 20 -24
2 24 10 20 -24 6 20 -24
2 24 -10 20 -24 -10 20 -36
2 24 -6 20 -24 -6 20 -36
2 24 -6 20 -36 -10 20 -36
4 16 -6 20 -24 -10 20 -24 -6 20 -36 -10 20 -36
2 24 6 20 -24 6 20 -36
2 24 10 20 -24 10 20 -36
2 24 10 20 -36 6 20 -36
4 16 10 20 -24 6 20 -24 10 20 -36 6 20 -36
2 24 -6 20 -44 -10 20 -44
2 24 10 20 -44 6 20 -44
4 16 -10 18 -48 -10 20 -48 -10 20 -20 -10 18 -20
4 16 10 18 -48 10 20 -48 10 20 -20 10 18 -20
2 24 -10 20 -44 -10 20 -56
4 16 -10 12.5 -56 -10 12.5 -48 -10 20 -48 -10 20 -56
2 24 -6 20 -44 -6 20 -56
2 24 -6 20 -56 -10 20 -56
4 16 -6 20 -44 -10 20 -44 -6 20 -56 -10 20 -56
2 24 6 20 -44 6 20 -56
2 24 10 20 -44 10 20 -56
2 24 10 20 -56 6 20 -56
4 16 10 12.5 -56 10 12.5 -48 10 20 -48 10 20 -56
4 16 10 20 -44 6 20 -44 10 20 -56 6 20 -56
4 16 -10 12.5 -66.5 -10 14.5 -66.5 -10 20 -56 -10 12.5 -56
4 16 10 12.5 -66.5 10 14.5 -66.5 10 20 -56 10 12.5 -56
1 16 0 18 0 -8 0 0 0 -8 0 0 0 -8 1-4cyls.dat
1 16 0 18 0 -8 0 0 0 -8 0 0 0 8 1-4cyls.dat
1 16 0 18 0 8 0 0 0 -8 0 0 0 -8 1-4cyls.dat
1 16 0 18 0 8 0 0 0 -8 0 0 0 8 1-4cyls.dat
1 16 0 18 0.15 2.2 0 -5.58 0 -14 0 5.58 0 2.2 1-8cyli.dat
1 16 0 18 0.15 5.66 0 -5.66 0 -14 0 5.66 0 5.66 1-4cyli.dat
1 16 0 18 -0.15 -2.29 0 5.54 0 -14 0 -5.54 0 -2.29 1-8cyli.dat
1 16 0 18 -0.15 -5.66 0 5.66 0 -14 0 -5.66 0 -5.66 1-4cyli.dat
4 16 -10 18 -32 -10 18 -20 -10 0 -20 -10 0 -32
4 16 10 18 -32 10 18 -20 10 0 -20 10 0 -32
1 16 0 18.6 -84.2 -1 0 0 0 -0.97 0.27 0 0.27 0.97 peghole.DAT
1 16 0 18.6 -84.2 -10 0 0 0 -7.76 2.7 0 2.16 9.7 4-4cyli.DAT
1 16 0 18.6 -84.2 -2 0 0 0 0 0.54 0 0 1.94 ring4.dat
1 16 0 18.6 -84.2 10 0 0 0 -9.7 -2.7 0 2.7 -9.7 2-4edge.DAT
1 16 0 18.6 -84.2 10 0 0 0 -9.7 2.7 0 2.7 9.7 2-4ndis.dat
1 16 0 16 0 -6 0 0 0 -6 0 0 0 -6 1-4cyls.dat
1 16 0 16 0 -6 0 0 0 -6 0 0 0 6 1-4cyls.dat
1 16 0 16 0 6 0 0 0 -6 0 0 0 -6 1-4cyls.dat
1 16 0 16 0 6 0 0 0 -6 0 0 0 6 1-4cyls.dat
1 16 0 14 12 2 0 0 0 10 0 0 0 4 box.dat
1 16 0 14 -12 2 0 0 0 10 0 0 0 4 box.dat
3 16 -10 -3.5 -66.5 -10 14.5 -66.5 -10 12.5 -70.75
3 16 10 -3.5 -66.5 10 14.5 -66.5 10 12.5 -70.75
4 16 -10 2 -50.5 -10 2 -48 -10 13 -48 -10 13 -50.5
4 16 10 2 -50.5 10 2 -48 10 13 -48 10 13 -50.5
2 24 -10 13 -74.28 0 13 -74.28
4 16 -10 13 -74.28 0 13 -74.28 -10 11.06 -73.74 0 11.06 -73.74
4 16 -3.04 12.827 -74.901 0 13 -74.28 0 13.54 -72.34 -3.8 13.324 -73.116
4 16 -5.64 12.363 -76.569 -3.04 12.827 -74.901 -3.8 13.324 -73.116 -7 12.73 -75.25
4 16 0 12.46 -76.22 -2.3 12.336 -76.666 -3.06 12.835 -74.872 0 13 -74.28
4 16 2.3 12.336 -76.666 0 12.46 -76.22 0 13 -74.28 3.06 12.835 -74.872
2 24 -10 10.84 -82.04 -10 13.54 -72.34
1 16 -10 12.3 -73.04 0 -1 0 -0.97 0 -0.27 0.27 0 -0.97 rect.dat
4 16 -2.3 12.336 -76.666 -4.24 11.985 -77.927 -5.66 12.368 -76.55 -3.06 12.835 -74.872
4 16 4.24 11.985 -77.927 2.3 12.336 -76.666 3.06 12.835 -74.872 5.66 12.368 -76.55
4 16 -7.36 11.661 -79.091 -5.64 12.363 -76.569 -7 12.73 -75.25 -9.2 11.866 -78.354
4 16 -4.24 11.985 -77.927 -5.54 11.461 -79.809 -7.39 11.666 -79.072 -5.66 12.368 -76.55
4 16 5.54 11.461 -79.809 4.24 11.985 -77.927 5.66 12.368 -76.55 7.39 11.666 -79.072
2 24 -10 11.87 -70.83 -10 -7.53 -65.43
2 24 10 11.87 -70.83 10 -7.53 -65.43
4 16 10 -7.53 -65.43 -10 -7.53 -65.43 -10 11.87 -70.83 10 11.87 -70.83
2 24 -10 11.6 -71.8 -10 11.87 -70.83
2 24 -10 11.6 -71.8 0 11.6 -71.8
2 24 10 11.6 -71.8 10 11.87 -70.83
4 16 10 11.6 -71.8 10 11.87 -70.83 -10 11.87 -70.83 -10 11.6 -71.8
2 24 -10 11.06 -73.74 0 11.06 -73.74
4 16 -10 11.06 -73.74 0 11.06 -73.74 -10 11.6 -71.8 0 11.6 -71.8
4 16 0 11.06 -73.74 3.04 10.887 -74.361 3.8 11.384 -72.576 0 11.6 -71.8
4 16 3.04 10.887 -74.361 5.64 10.423 -76.029 7 10.79 -74.71 3.8 11.384 -72.576
2 24 10 8.9 -81.5 10 11.6 -71.8
4 16 -8 10.84 -82.04 -7.36 11.661 -79.091 -9.2 11.866 -78.354 -10 10.84 -82.04
4 16 -5.54 11.461 -79.809 -6 10.84 -82.04 -8 10.84 -82.04 -7.39 11.666 -79.072
4 16 6 10.84 -82.04 5.54 11.461 -79.809 7.39 11.666 -79.072 8 10.84 -82.04
2 24 -16 10 8 -16 4 8
2 24 -2 10 8 -2 4 8
4 16 -16 10 8 -16 4 8 -2 4 8 -2 10 8
2 24 2 10 8 2 4 8
2 24 16 10 8 16 4 8
4 16 16 10 8 16 4 8 2 4 8 2 10 8
1 16 -20 10 0 0 0 0 0 0 8 -8 0 0 4-4ndis.dat
1 16 -20 10 0 0 1 0 0 0 1 -1 0 0 peghole.dat
1 16 -18 10 0 0 16 0 0 0 6 -6 0 0 4-4cyli.dat
1 16 -16 10 0 0 0 0 0 0 8 -8 0 0 2-4edge.dat
1 16 -16 10 0 0 0 0 0 0 8 -8 0 0 2-4ndis.dat
1 16 -16 10 0 0 14 0 0 0 8 -8 0 0 2-4cyli.dat
1 16 -2 10 0 0 0 0 0 0 8 -8 0 0 2-4edge.dat
1 16 2 10 0 0 0 0 0 0 8 -8 0 0 2-4edge.dat
1 16 16 10 0 0 -14 0 0 0 8 -8 0 0 2-4cyli.dat
1 16 16 10 0 0 0 0 0 0 8 -8 0 0 2-4edge.dat
1 16 16 10 0 0 0 0 0 0 8 -8 0 0 2-4ndis.dat
1 16 18 10 0 0 -16 0 0 0 6 -6 0 0 4-4cyli.dat
1 16 20 10 0 0 -1 0 0 0 1 -1 0 0 peghole.dat
1 16 20 10 0 0 0 0 0 0 8 -8 0 0 4-4ndis.dat
2 24 -16 10 -8 -16 4 -8
2 24 -2 10 -8 -2 4 -8
4 16 -16 10 -8 -16 4 -8 -2 4 -8 -2 10 -8
2 24 2 10 -8 2 4 -8
2 24 16 10 -8 16 4 -8
4 16 16 10 -8 16 4 -8 2 4 -8 2 10 -8
1 16 -10 10 -40 0 0 0 0 0 8 -8 0 0 4-4ndis.dat
1 16 -10 10 -40 0 1 0 0 0 1 -1 0 0 peghole.dat
1 16 -8 10 -40 0 16 0 0 0 6 -6 0 0 4-4cyli.dat
1 16 -8 10 -40 0 16 0 0 0 9.75 -9.75 0 0 4-4cyli.dat
1 16 -6 10 -40 0 0 0 0 0 8 -8 0 0 4-4ndis.dat
1 16 6 10 -40 0 0 0 0 0 8 -8 0 0 4-4ndis.dat
1 16 10 10 -40 0 -1 0 0 0 1 -1 0 0 peghole.dat
1 16 10 10 -40 0 0 0 0 0 8 -8 0 0 4-4ndis.dat
4 16 5.64 10.423 -76.029 7.36 9.721 -78.551 9.2 9.926 -77.814 7 10.79 -74.71
1 16 0 10.84 -82.04 -10 0 0 0 -1.94 2.7 0 0.54 9.7 1-8edge.DAT
1 16 0 10.84 -82.04 -5.66 0 5.66 -1.528 0 -1.528 -5.49 0 -5.49 2-4edge.dat
1 16 0 10.84 -82.04 -6 0 0 0 0 -1.62 0 0 -5.82 4-4edge.dat
1 16 0 10.84 -82.04 -7.07 0 -7.07 -1.909 -1.94 1.909 -6.858 0.54 6.858 1-8edge.DAT
1 16 0 10.84 -82.04 -7.07 0 7.07 1.909 -1.94 1.909 6.858 0.54 6.858 1-8edge.DAT
1 16 0 10.84 -82.04 0 0 -10 2.7 -9.7 0 9.7 2.7 0 1-4ndis.dat
1 16 0 10.84 -82.04 0 0 10 2.7 -1.94 0 9.7 0.54 0 1-8cyli.DAT
1 16 0 10.84 -82.04 5.66 0 -5.66 1.528 0 1.528 5.49 0 5.49 1-8edge.dat
1 16 0 10.84 -82.04 7.07 0 7.07 1.909 -1.94 -1.909 6.858 0.54 -6.858 2-4cyli.DAT
4 16 -7.36 10.019 -84.989 -8 10.84 -82.04 -10 10.84 -82.04 -9.2 9.814 -85.726
4 16 -6 10.84 -82.04 -5.54 10.219 -84.271 -7.39 10.014 -85.008 -8 10.84 -82.04
4 16 5.54 10.219 -84.271 6 10.84 -82.04 8 10.84 -82.04 7.39 10.014 -85.008
4 16 -5.54 10.219 -84.271 -4.24 9.695 -86.153 -5.66 9.312 -87.53 -7.39 10.014 -85.008
4 16 4.24 9.695 -86.153 5.54 10.219 -84.271 7.39 10.014 -85.008 5.66 9.312 -87.53
4 16 -5.64 9.317 -87.511 -7.36 10.019 -84.989 -9.2 9.814 -85.726 -7 8.95 -88.83
4 16 7.36 9.721 -78.551 8 8.9 -81.5 10 8.9 -81.5 9.2 9.926 -77.814
4 16 -4.24 9.695 -86.153 -2.3 9.344 -87.414 -3.06 8.845 -89.208 -5.66 9.312 -87.53
4 16 -2.3 9.344 -87.414 0 9.22 -87.86 0 8.68 -89.8 -3.06 8.845 -89.208
4 16 0 9.22 -87.86 2.3 9.344 -87.414 3.06 8.845 -89.208 0 8.68 -89.8
4 16 2.3 9.344 -87.414 4.24 9.695 -86.153 5.66 9.312 -87.53 3.06 8.845 -89.208
2 24 -6 8.8 -66.84 6 8.8 -66.84
1 16 0 8.9 -81.5 -5.66 0 5.66 -1.528 0 -1.528 -5.49 0 -5.49 2-4edge.dat
1 16 0 8.9 -81.5 -5.66 0 5.66 -1.528 1.94 -1.528 -5.49 -0.54 -5.49 2-4cyli.dat
1 16 0 8.9 -81.5 0 0 -10 -2.7 -9.7 0 -9.7 2.7 0 1-8edge.dat
1 16 0 8.9 -81.5 10 0 0 0 -9.7 -2.7 0 2.7 -9.7 1-4edge.dat
1 16 0 8.9 -81.5 10 0 0 0 -9.7 2.7 0 2.7 9.7 1-4ndis.dat
1 16 0 8.9 -81.5 5.66 0 -5.66 1.528 0 1.528 5.49 0 5.49 1-8edge.dat
1 16 0 8.9 -81.5 5.66 0 -5.66 1.528 1.94 1.528 5.49 -0.54 5.49 1-8cyli.dat
4 16 8 8.9 -81.5 7.36 8.079 -84.449 9.2 7.874 -85.186 10 8.9 -81.5
1 16 -6.35 8.182 -87.832 0 -0.71 -0.71 -0.97 0.192 -0.192 0.27 0.689 -0.689 rect.dat
4 16 7.36 8.079 -84.449 5.64 7.377 -86.971 7 7.01 -88.29 9.2 7.874 -85.186
4 16 -3.04 6.913 -88.639 -5.64 7.377 -86.971 -7 7.01 -88.29 -3.8 6.416 -90.424
4 16 5.64 7.377 -86.971 3.04 6.913 -88.639 3.8 6.416 -90.424 7 7.01 -88.29
4 16 0 6.74 -89.26 -3.04 6.913 -88.639 -3.8 6.416 -90.424 0 6.2 -91.2
4 16 3.04 6.913 -88.639 0 6.74 -89.26 0 6.2 -91.2 3.8 6.416 -90.424
2 24 16 4 16 -16 4 16
1 16 0 4 0 -6 0 0 0 6 0 0 0 -6 1-4cyls.dat
1 16 0 4 0 -6 0 0 0 6 0 0 0 6 1-4cyls.dat
1 16 0 4 0 6 0 0 0 0 0 0 0 6 4-4edge.dat
1 16 0 4 0 6 0 0 0 6 0 0 0 -6 1-4cyls.dat
1 16 0 4 0 6 0 0 0 6 0 0 0 6 1-4cyls.dat
1 16 0 4 0 8 0 0 0 0 0 0 0 8 4-4edge.dat
2 24 -16 4 16 -16 4 -16
2 24 -16 4 -16 16 4 -16
2 24 16 4 -16 16 4 16
4 16 16 4 16 16 4 -16 -16 4 -16 -16 4 16
2 24 -6 4 -20 6 4 -20
2 24 -6 4 -32.5 -6 4 -20
2 24 6 4 -20 6 4 -32.5
4 16 6 4 -20 6 4 -32.5 -6 4 -32.5 -6 4 -20
1 16 -10 4.5 -58.5 0 0 0 0 0 8 -8 0 0 4-4ndis.dat
1 16 -10 4.5 -58.5 0 1 0 0 0 1 -1 0 0 peghole.dat
1 16 -8 4.5 -58.5 0 16 0 0 0 6 -6 0 0 4-4cyli.dat
1 16 -8 4.5 -58.5 0 16 0 0 0 9.75 -9.75 0 0 4-4cyli.dat
1 16 -6 4.5 -58.5 0 0 0 0 0 8 -8 0 0 4-4ndis.dat
1 16 6 4.5 -58.5 0 0 0 0 0 8 -8 0 0 4-4ndis.dat
1 16 10 4.5 -58.5 0 -1 0 0 0 1 -1 0 0 peghole.dat
1 16 10 4.5 -58.5 0 0 0 0 0 8 -8 0 0 4-4ndis.dat
1 16 0 2 0 -8 0 0 0 8 0 0 0 -8 1-4cyls.dat
1 16 0 2 0 -8 0 0 0 8 0 0 0 8 1-4cyls.dat
1 16 0 2 0 8 0 0 0 8 0 0 0 -8 1-4cyls.dat
1 16 0 2 0 8 0 0 0 8 0 0 0 8 1-4cyls.dat
4 16 -20 0 -20 -20 2 -8 -20 2 8 -20 0 20
4 16 20 0 -20 20 2 -8 20 2 8 20 0 20
4 16 -10 0 -50.5 -10 2 -50.5 -10 2 -32 -10 0 -32
4 16 10 0 -50.5 10 2 -50.5 10 2 -32 10 0 -32
2 24 20 0 20 -20 0 20
1 16 -10 0 10 1 0 0 0 1 0 0 0 1 stud2.dat
1 16 10 0 10 1 0 0 0 1 0 0 0 1 stud2.dat
1 16 -10 0 -10 1 0 0 0 1 0 0 0 1 stud2.dat
1 16 10 0 -10 1 0 0 0 1 0 0 0 1 stud2.dat
2 24 -20 0 20 -20 0 -20
2 24 -20 0 -20 -10 0 -20
2 24 20 0 -20 20 0 20
2 24 10 0 -20 20 0 -20
4 16 20 0 20 20 0 -20 -20 0 -20 -20 0 20
2 24 -10 0 -41 -10 0 -20
2 24 10 0 -20 10 0 -41
4 16 10 0 -20 10 0 -41 -10 0 -41 -10 0 -20
3 16 -10 -3.5 -50.5 -10 0 -50.5 -10 0 -41
3 16 -6 -3.5 -50.5 -6 0 -50.5 -6 0 -41
3 16 -2 -3.5 -50.5 -2 0 -50.5 -2 0 -41
3 16 2 -3.5 -50.5 2 0 -50.5 2 0 -41
3 16 6 -3.5 -50.5 6 0 -50.5 6 0 -41
3 16 10 -3.5 -50.5 10 0 -50.5 10 0 -41
2 24 -10 -7.25 -61 -10 0 -41
2 24 -6 -7.25 -61 -6 0 -41
4 16 -6 -7.25 -61 -6 0 -41 -10 -7.25 -61 -10 0 -41
2 24 -2 -7.25 -61 -2 0 -41
2 24 2 -7.25 -61 2 0 -41
4 16 2 -7.25 -61 2 0 -41 -2 -7.25 -61 -2 0 -41
2 24 6 -7.25 -61 6 0 -41
2 24 10 -7.25 -61 10 0 -41
4 16 10 -7.25 -61 10 0 -41 6 -7.25 -61 6 0 -41
4 16 -10 -3.5 -66.5 -10 -3.5 -50.5 -10 -7.25 -61 -10 -7.5 -65.5
4 16 -6 -3.5 -66.5 -6 -3.5 -50.5 -6 -7.25 -61 -6 -7.5 -65.5
4 16 -2 -3.5 -66.5 -2 -3.5 -50.5 -2 -7.25 -61 -2 -7.5 -65.5
4 16 2 -3.5 -66.5 2 -3.5 -50.5 2 -7.25 -61 2 -7.5 -65.5
4 16 6 -3.5 -66.5 6 -3.5 -50.5 6 -7.25 -61 6 -7.5 -65.5
4 16 10 -3.5 -66.5 10 -3.5 -50.5 10 -7.25 -61 10 -7.5 -65.5
3 16 -10 -17.5 -63.75 -10 -7.75 -66.25 -10 -6.5 -60.75
3 16 -6 -17.5 -63.75 -6 -7.75 -66.25 -6 -6.5 -60.75
3 16 -2 -17.5 -63.75 -2 -7.75 -66.25 -2 -6.5 -60.75
3 16 2 -17.5 -63.75 2 -7.75 -66.25 2 -6.5 -60.75
3 16 6 -17.5 -63.75 6 -7.75 -66.25 6 -6.5 -60.75
3 16 10 -17.5 -63.75 10 -7.75 -66.25 10 -6.5 -60.75
2 24 -10 -17.5 -63.75 -10 -7.25 -61
2 24 -6 -17.5 -63.75 -6 -7.25 -61
4 16 -6 -17.5 -63.75 -6 -7.25 -61 -10 -17.5 -63.75 -10 -7.25 -61
2 24 -2 -17.5 -63.75 -2 -7.25 -61
2 24 2 -17.5 -63.75 2 -7.25 -61
4 16 2 -17.5 -63.75 2 -7.25 -61 -2 -17.5 -63.75 -2 -7.25 -61
2 24 6 -17.5 -63.75 6 -7.25 -61
2 24 10 -17.5 -63.75 10 -7.25 -61
4 16 10 -17.5 -63.75 10 -7.25 -61 6 -17.5 -63.75 6 -7.25 -61
2 24 -10 -7.8 -66.4 -10 -7.53 -65.43
2 24 -10 -7.8 -66.4 0 -7.8 -66.4
2 24 10 -7.8 -66.4 10 -7.53 -65.43
4 16 10 -17.5 -63.7 10 -7.8 -66.4 -10 -7.8 -66.4 -10 -17.5 -63.7
4 16 10 -7.8 -66.4 10 -7.53 -65.43 -10 -7.53 -65.43 -10 -7.8 -66.4
4 16 -10 -8.34 -68.34 0 -8.34 -68.34 -10 -7.8 -66.4 0 -7.8 -66.4
4 16 0 -8.34 -68.34 3.04 -8.513 -68.961 3.8 -8.016 -67.176 0 -7.8 -66.4
2 24 10 -10.5 -76.1 10 -7.8 -66.4
4 16 10 -10.5 -76.1 10 -7.8 -66.4 10 -17.5 -63.7 10 -20.2 -73.4
2 24 -10 -8.34 -68.34 0 -8.34 -68.34
4 16 -10 -10.28 -67.8 0 -10.28 -67.8 -10 -8.34 -68.34 0 -8.34 -68.34
4 16 3.04 -8.513 -68.961 5.64 -8.977 -70.629 7 -8.61 -69.31 3.8 -8.016 -67.176
4 16 5.64 -8.977 -70.629 7.36 -9.679 -73.151 9.2 -9.474 -72.414 7 -8.61 -69.31
1 16 -10 -9.04 -67.1 0 -1 0 0.97 0 -0.27 -0.27 0 -0.97 rect.dat
4 16 -3.04 -10.453 -68.421 0 -10.28 -67.8 0 -9.74 -65.86 -3.8 -9.956 -66.636
4 16 -5.64 -10.917 -70.089 -3.04 -10.453 -68.421 -3.8 -9.956 -66.636 -7 -10.55 -68.77
2 24 -10 -12.44 -75.56 -10 -9.74 -65.86
4 16 -10 -20.2 -73.4 -10 -12.44 -75.56 -10 -9.74 -65.86 -10 -17.5 -63.7
4 16 7.36 -9.679 -73.151 8 -10.5 -76.1 10 -10.5 -76.1 9.2 -9.474 -72.414
2 24 -10 -10.28 -67.8 0 -10.28 -67.8
4 16 0 -10.82 -69.74 -2.3 -10.944 -70.186 -3.06 -10.445 -68.392 0 -10.28 -67.8
4 16 2.3 -10.944 -70.186 0 -10.82 -69.74 0 -10.28 -67.8 3.06 -10.445 -68.392
4 16 -2.3 -10.944 -70.186 -4.24 -11.295 -71.447 -5.66 -10.912 -70.07 -3.06 -10.445 -68.392
4 16 4.24 -11.295 -71.447 2.3 -10.944 -70.186 3.06 -10.445 -68.392 5.66 -10.912 -70.07
4 16 -7.36 -11.619 -72.611 -5.64 -10.917 -70.089 -7 -10.55 -68.77 -9.2 -11.414 -71.874
4 16 -4.24 -11.295 -71.447 -5.54 -11.819 -73.329 -7.39 -11.614 -72.592 -5.66 -10.912 -70.07
4 16 5.54 -11.819 -73.329 4.24 -11.295 -71.447 5.66 -10.912 -70.07 7.39 -11.614 -72.592
1 16 0 -10.5 -76.1 -5.66 0 5.66 -1.528 -1.94 -1.528 -5.49 0.54 -5.49 2-4cyli.dat
1 16 0 -10.5 -76.1 -5.66 0 5.66 -1.528 0 -1.528 -5.49 0 -5.49 2-4edge.dat
1 16 0 -10.5 -76.1 0 0 -10 -2.7 9.7 0 -9.7 -2.7 0 1-8edge.dat
1 16 0 -10.5 -76.1 10 0 0 0 9.7 -2.7 0 -2.7 -9.7 1-4edge.dat
1 16 0 -10.5 -76.1 10 0 0 0 9.7 2.7 0 -2.7 9.7 1-4ndis.dat
1 16 0 -10.5 -76.1 5.66 0 -5.66 1.528 -1.94 1.528 5.49 0.54 5.49 1-8cyli.dat
1 16 0 -10.5 -76.1 5.66 0 -5.66 1.528 0 1.528 5.49 0 5.49 1-8edge.dat
4 16 8 -10.5 -76.1 7.36 -11.321 -79.049 9.2 -11.526 -79.786 10 -10.5 -76.1
4 16 -8 -12.44 -75.56 -7.36 -11.619 -72.611 -9.2 -11.414 -71.874 -10 -12.44 -75.56
4 16 -5.54 -11.819 -73.329 -6 -12.44 -75.56 -8 -12.44 -75.56 -7.39 -11.614 -72.592
4 16 6 -12.44 -75.56 5.54 -11.819 -73.329 7.39 -11.614 -72.592 8 -12.44 -75.56
4 16 7.36 -11.321 -79.049 5.64 -12.023 -81.571 7 -12.39 -82.89 9.2 -11.526 -79.786
1 16 0 -12.44 -75.56 -10 0 0 0 1.94 2.7 0 -0.54 9.7 1-8edge.DAT
1 16 0 -12.44 -75.56 -5.66 0 5.66 -1.528 0 -1.528 -5.49 0 -5.49 2-4edge.dat
1 16 0 -12.44 -75.56 -6 0 0 0 0 -1.62 0 0 -5.82 4-4edge.dat
1 16 0 -12.44 -75.56 -7.07 0 -7.07 -1.909 1.94 1.909 -6.858 -0.54 6.858 1-8edge.DAT
1 16 0 -12.44 -75.56 -7.07 0 7.07 1.909 1.94 1.909 6.858 -0.54 6.858 1-8edge.DAT
1 16 0 -12.44 -75.56 0 0 -10 2.7 9.7 0 9.7 -2.7 0 1-4ndis.dat
1 16 0 -12.44 -75.56 0 0 10 2.7 1.94 0 9.7 -0.54 0 1-8cyli.DAT
1 16 0 -12.44 -75.56 5.66 0 -5.66 1.528 0 1.528 5.49 0 5.49 1-8edge.dat
1 16 0 -12.44 -75.56 7.07 0 7.07 1.909 1.94 -1.909 6.858 -0.54 -6.858 2-4cyli.DAT
4 16 -6 -12.44 -75.56 -5.54 -13.061 -77.791 -7.39 -13.266 -78.528 -8 -12.44 -75.56
4 16 5.54 -13.061 -77.791 6 -12.44 -75.56 8 -12.44 -75.56 7.39 -13.266 -78.528
4 16 -7.36 -13.261 -78.509 -8 -12.44 -75.56 -10 -12.44 -75.56 -9.2 -13.466 -79.246
4 16 -3.04 -12.487 -83.239 -5.64 -12.023 -81.571 -7 -12.39 -82.89 -3.8 -12.984 -85.024
4 16 0 -12.66 -83.86 -3.04 -12.487 -83.239 -3.8 -12.984 -85.024 0 -13.2 -85.8
4 16 3.04 -12.487 -83.239 0 -12.66 -83.86 0 -13.2 -85.8 3.8 -12.984 -85.024
4 16 5.64 -12.023 -81.571 3.04 -12.487 -83.239 3.8 -12.984 -85.024 7 -12.39 -82.89
1 16 -6.35 -13.158 -81.893 0 -0.71 -0.71 0.97 0.192 -0.192 -0.27 0.689 -0.689 rect.dat
4 16 -5.54 -13.061 -77.791 -4.24 -13.585 -79.673 -5.66 -13.968 -81.05 -7.39 -13.266 -78.528
4 16 4.24 -13.585 -79.673 5.54 -13.061 -77.791 7.39 -13.266 -78.528 5.66 -13.968 -81.05
4 16 -5.64 -13.963 -81.031 -7.36 -13.261 -78.509 -9.2 -13.466 -79.246 -7 -14.33 -82.35
4 16 -4.24 -13.585 -79.673 -2.3 -13.936 -80.934 -3.06 -14.435 -82.728 -5.66 -13.968 -81.05
4 16 2.3 -13.936 -80.934 4.24 -13.585 -79.673 5.66 -13.968 -81.05 3.06 -14.435 -82.728
4 16 -2.3 -13.936 -80.934 0 -14.06 -81.38 0 -14.6 -83.32 -3.06 -14.435 -82.728
4 16 0 -14.06 -81.38 2.3 -13.936 -80.934 3.06 -14.435 -82.728 0 -14.6 -83.32
2 24 10 -17.5 -63.7 -10 -17.5 -63.7
2 24 -10 -20.2 -73.4 -10 -17.5 -63.7
2 24 10 -20.2 -73.4 10 -17.5 -63.7
1 16 0 -20.2 -73.4 -1 0 0 0 0.97 0.27 0 -0.27 0.97 peghole.DAT
1 16 0 -20.2 -73.4 -10 0 0 0 7.76 2.7 0 -2.16 9.7 4-4cyli.DAT
1 16 0 -20.2 -73.4 -2 0 0 0 0 0.54 0 0 1.94 ring4.dat
1 16 0 -20.2 -73.4 10 0 0 0 9.7 -2.7 0 -2.7 -9.7 2-4edge.DAT
1 16 0 -20.2 -73.4 10 0 0 0 9.7 2.7 0 -2.7 9.7 2-4ndis.dat


