0 Brick  1 x  1 with Handle
0 Name: 2921.dat
0 Author: James Jessiman
0 LDRAW_ORG Part UPDATE 2004-02

0 BFC CERTIFY CCW

0 // 2003-06-08  JHR      BFC compliant
0 // 2004-01-02  Steffen  fixed L3P errors, used subfile

2 24 4 8 -10 4 16 -10
2 24 4 16 -10 -4 16 -10
2 24 -4 16 -10 -4 8 -10
2 24 -4 8 -10 4 8 -10
2 24 4 8 -10 4 8 -20
2 24 -4 8 -10 -4 8 -20
2 24 4 16 -10 4 16 -20
2 24 -4 16 -10 -4 16 -20
1 16 0 24 -20 4 0 0 0 4 0 0 0 4 4-4edge.dat
1 16 0 16 -20 4 0 0 0 4 0 0 0 4 2-4edge.dat
1 16 0 8 -20 4 0 0 0 4 0 0 0 4 2-4edge.dat
1 16 0 0 -20 4 0 0 0 4 0 0 0 4 4-4edge.dat
1 16 0 24 -20 4 0 0 0 -1 0 0 0 -4 4-4disc.dat
1 16 0 16 -20 -4 0 0 0 -1 0 0 0 4 2-4ndis.dat
1 16 0 8 -20 4 0 0 0 1 0 0 0 4 2-4ndis.dat
1 16 0 0 -20 4 0 0 0 1 0 0 0 4 4-4disc.dat
4 16 4 8 -10 -4 8 -10 -4 8 -16 4 8 -16
4 16 4 16 -10 4 16 -16 -4 16 -16 -4 16 -10
4 16 4 8 -10 4 8 -20 4 16 -20 4 16 -10
4 16 -4 8 -10 -4 16 -10 -4 16 -20 -4 8 -20
1 16 0 16 -20 4 0 0 0 8 0 0 0 4 2-4cyli.dat
1 16 0 0 -20 4 0 0 0 8 0 0 0 4 2-4cyli.dat
1 16 0 0 -20 4 0 0 0 24 0 0 0 -4 2-4cyli.dat
1 16 0 0 0 1 0 0 0 1 0 0 0 1 s\3005s01.dat
4 16 4 8 -10 10 0 -10 -10 0 -10 -4 8 -10
4 16 -4 8 -10 -10 0 -10 -10 24 -10 -4 16 -10
4 16 10 0 -10 4 8 -10 4 16 -10 10 24 -10
4 16 10 24 -10 4 16 -10 -4 16 -10 -10 24 -10
0
