0 Technic Large Wheel Hub
0 Name: 2999.dat
0 Author: ONYX (J Boen) onyx@flash.net
0 Official LCad update 98-02

0 Top flange outer cylinder
 4 16 23.00 -34.00 0.00 21.24 -34.00 8.80 21.24 -31.00 8.80 23.00 -31.00 0.00
 4 16 21.24 -34.00 8.80 16.26 -34.00 16.26 16.26 -31.00 16.26 21.24 -31.00 8.80
 4 16 16.26 -34.00 16.26 8.80 -34.00 21.24 8.80 -31.00 21.24 16.26 -31.00 16.26
 4 16 8.80 -34.00 21.24 0.00 -34.00 23.00 0.00 -31.00 23.00 8.80 -31.00 21.24
 4 16 0.00 -34.00 23.00 -8.80 -34.00 21.24 -8.80 -31.00 21.24 0.00 -31.00 23.00
 4 16 -8.80 -34.00 21.24 -16.26 -34.00 16.26 -16.26 -31.00 16.26 -8.80 -31.00 21.24
 4 16 -16.26 -34.00 16.26 -21.24 -34.00 8.80 -21.24 -31.00 8.80 -16.26 -31.00 16.26
 4 16 -21.24 -34.00 8.80 -23.00 -34.00 0.00 -23.00 -31.00 0.00 -21.24 -31.00 8.80
 4 16 -23.00 -34.00 0.00 -21.24 -34.00 -8.80 -21.24 -31.00 -8.80 -23.00 -31.00 0.00
 4 16 -21.24 -34.00 -8.80 -16.26 -34.00 -16.26 -16.26 -31.00 -16.26 -21.24 -31.00 -8.80
 4 16 -16.26 -34.00 -16.26 -8.80 -34.00 -21.24 -8.80 -31.00 -21.24 -16.26 -31.00 -16.26
 4 16 -8.80 -34.00 -21.24 0.00 -34.00 -23.00 0.00 -31.00 -23.00 -8.80 -31.00 -21.24
 4 16 0.00 -34.00 -23.00 8.80 -34.00 -21.24 8.80 -31.00 -21.24 0.00 -31.00 -23.00
 4 16 8.80 -34.00 -21.24 16.26 -34.00 -16.26 16.26 -31.00 -16.26 8.80 -31.00 -21.24
 4 16 16.26 -34.00 -16.26 21.24 -34.00 -8.80 21.24 -31.00 -8.80 16.26 -31.00 -16.26
 4 16 21.24 -34.00 -8.80 23.00 -34.00 0.00 23.00 -31.00 0.00 21.24 -31.00 -8.80

0 Top torus surface 
 4 16 23.00 -34.00 0.00 21.24 -34.00 8.80 17.55 -34.00 7.27 18.00 -34.00 0.00
 4 16 21.24 -34.00 8.80 16.26 -34.00 16.26 13.43 -34.00 13.43 17.55 -34.00 7.27
 4 16 16.26 -34.00 16.26 8.80 -34.00 21.24 7.27 -34.00 17.55 13.43 -34.00 13.43
 4 16 8.80 -34.00 21.24 0.00 -34.00 23.00 0.00 -34.00 18.00 7.27 -34.00 17.55
 4 16 0.00 -34.00 23.00 -8.80 -34.00 21.24 -7.27 -34.00 17.55 0.00 -34.00 18.00
 4 16 -8.80 -34.00 21.24 -16.26 -34.00 16.26 -13.43 -34.00 13.43 -7.27 -34.00 17.55
 4 16 -16.26 -34.00 16.26 -21.24 -34.00 8.80 -17.55 -34.00 7.27 -13.43 -34.00 13.43
 4 16 -21.24 -34.00 8.80 -23.00 -34.00 0.00 -18.00 -34.00 0.00 -17.55 -34.00 7.27
 4 16 -23.00 -34.00 0.00 -21.24 -34.00 -8.80 -17.55 -34.00 -7.27 -18.00 -34.00 0.00
 4 16 -21.24 -34.00 -8.80 -16.26 -34.00 -16.26 -13.43 -34.00 -13.43 -17.55 -34.00 -7.27
 4 16 -16.26 -34.00 -16.26 -8.80 -34.00 -21.24 -7.27 -34.00 -17.55 -13.43 -34.00 -13.43
 4 16 -8.80 -34.00 -21.24 0.00 -34.00 -23.00 0.00 -34.00 -18.00 -7.27 -34.00 -17.55
 4 16 0.00 -34.00 -23.00 8.80 -34.00 -21.24 7.27 -34.00 -17.55 0.00 -34.00 -18.00
 4 16 8.80 -34.00 -21.24 16.26 -34.00 -16.26 13.43 -34.00 -13.43 7.27 -34.00 -17.55
 4 16 16.26 -34.00 -16.26 21.24 -34.00 -8.80 17.55 -34.00 -7.27 13.43 -34.00 -13.43
 4 16 21.24 -34.00 -8.80 23.00 -34.00 0.00 18.00 -34.00 0.00 17.55 -34.00 -7.27

0 Flange under upper lip
 1 16 0 -31 0 20 0 0 0 2 0 0 0 20 4-4cyli.dat

 4 16 23.00 -31.00 0.00 21.25 -31.00 8.80 18.48 -31.00 7.65 20.00 -31.00 0.00
 4 16 21.25 -31.00 8.80 16.26 -31.00 16.26 14.14 -31.00 14.14 18.48 -31.00 7.65
 4 16 16.26 -31.00 16.26 8.80 -31.00 21.25 7.65 -31.00 18.48 14.14 -31.00 14.14
 4 16 8.80 -31.00 21.25 0.00 -31.00 23.00 0.00 -31.00 20.00 7.65 -31.00 18.48
 4 16 0.00 -31.00 23.00 -8.80 -31.00 21.25 -7.65 -31.00 18.48 0.00 -31.00 20.00
 4 16 -8.80 -31.00 21.25 -16.26 -31.00 16.26 -14.14 -31.00 14.14 -7.65 -31.00 18.48
 4 16 -16.26 -31.00 16.26 -21.25 -31.00 8.80 -18.48 -31.00 7.65 -14.14 -31.00 14.14
 4 16 -21.25 -31.00 8.80 -23.00 -31.00 0.00 -20.00 -31.00 0.00 -18.48 -31.00 7.65
 4 16 -23.00 -31.00 0.00 -21.25 -31.00 -8.80 -18.48 -31.00 -7.65 -20.00 -31.00 0.00
 4 16 -21.25 -31.00 -8.80 -16.26 -31.00 -16.26 -14.14 -31.00 -14.14 -18.48 -31.00 -7.65
 4 16 -16.26 -31.00 -16.26 -8.80 -31.00 -21.25 -7.65 -31.00 -18.48 -14.14 -31.00 -14.14
 4 16 -8.80 -31.00 -21.25 0.00 -31.00 -23.00 0.00 -31.00 -20.00 -7.65 -31.00 -18.48
 4 16 0.00 -31.00 -23.00 8.80 -31.00 -21.25 7.65 -31.00 -18.48 0.00 -31.00 -20.00
 4 16 8.80 -31.00 -21.25 16.26 -31.00 -16.26 14.14 -31.00 -14.14 7.65 -31.00 -18.48
 4 16 16.26 -31.00 -16.26 21.25 -31.00 -8.80 18.48 -31.00 -7.65 14.14 -31.00 -14.14
 4 16 21.25 -31.00 -8.80 23.00 -31.00 0.00 20.00 -31.00 0.00 18.48 -31.00 -7.65
 
0 Bevelled outer top edge 
 4 16 20.00 -29.00 0.00 18.48 -29.00 7.65 16.63 -27.00 6.89 18.00 -27.00 0.00
 4 16 18.48 -29.00 7.65 14.14 -29.00 14.14 12.73 -27.00 12.73 16.63 -27.00 6.89
 4 16 14.14 -29.00 14.14 7.65 -29.00 18.48 6.89 -27.00 16.63 12.73 -27.00 12.73
 4 16 7.65 -29.00 18.48 0.00 -29.00 20.00 0.00 -27.00 18.00 6.89 -27.00 16.63
 4 16 0.00 -29.00 20.00 -7.65 -29.00 18.48 -6.89 -27.00 16.63 0.00 -27.00 18.00
 4 16 -7.65 -29.00 18.48 -14.14 -29.00 14.14 -12.73 -27.00 12.73 -6.89 -27.00 16.63
 4 16 -14.14 -29.00 14.14 -18.48 -29.00 7.65 -16.63 -27.00 6.89 -12.73 -27.00 12.73
 4 16 -18.48 -29.00 7.65 -20.00 -29.00 0.00 -18.00 -27.00 0.00 -16.63 -27.00 6.89
 4 16 -20.00 -29.00 0.00 -18.48 -29.00 -7.65 -16.63 -27.00 -6.89 -18.00 -27.00 0.00
 4 16 -18.48 -29.00 -7.65 -14.14 -29.00 -14.14 -12.73 -27.00 -12.73 -16.63 -27.00 -6.89
 4 16 -14.14 -29.00 -14.14 -7.65 -29.00 -18.48 -6.89 -27.00 -16.63 -12.73 -27.00 -12.73
 4 16 -7.65 -29.00 -18.48 0.00 -29.00 -20.00 0.00 -27.00 -18.00 -6.89 -27.00 -16.63
 4 16 0.00 -29.00 -20.00 7.65 -29.00 -18.48 6.89 -27.00 -16.63 0.00 -27.00 -18.00
 4 16 7.65 -29.00 -18.48 14.14 -29.00 -14.14 12.73 -27.00 -12.73 6.89 -27.00 -16.63
 4 16 14.14 -29.00 -14.14 18.48 -29.00 -7.65 16.63 -27.00 -6.89 12.73 -27.00 -12.73
 4 16 18.48 -29.00 -7.65 20.00 -29.00 0.00 18.00 -27.00 0.00 16.63 -27.00 -6.89

0 Bevelled inner edge
 4 16 18.00 -34.00 0.00 17.55 -34.00 7.27 14.78 -31.00 6.12 16.00 -31.00 0.00
 4 16 17.55 -34.00 7.27 13.44 -34.00 13.44 11.31 -31.00 11.31 14.78 -31.00 6.12
 4 16 13.44 -34.00 13.44 7.27 -34.00 17.55 6.12 -31.00 14.78 11.31 -31.00 11.31
 4 16 7.27 -34.00 17.55 0.00 -34.00 18.00 0.00 -31.00 16.00 6.12 -31.00 14.78
 4 16 0.00 -34.00 18.00 -7.27 -34.00 17.55 -6.12 -31.00 14.78 0.00 -31.00 16.00
 4 16 -7.27 -34.00 17.55 -13.44 -34.00 13.44 -11.31 -31.00 11.31 -6.12 -31.00 14.78
 4 16 -13.44 -34.00 13.44 -17.55 -34.00 7.27 -14.78 -31.00 6.12 -11.31 -31.00 11.31
 4 16 -17.55 -34.00 7.27 -18.00 -34.00 0.00 -16.00 -31.00 0.00 -14.78 -31.00 6.12
 4 16 -18.00 -34.00 0.00 -17.55 -34.00 -7.27 -14.78 -31.00 -6.12 -16.00 -31.00 0.00
 4 16 -17.55 -34.00 -7.27 -13.44 -34.00 -13.44 -11.31 -31.00 -11.31 -14.78 -31.00 -6.12
 4 16 -13.44 -34.00 -13.44 -7.27 -34.00 -17.55 -6.12 -31.00 -14.78 -11.31 -31.00 -11.31
 4 16 -7.27 -34.00 -17.55 0.00 -34.00 -18.00 0.00 -31.00 -16.00 -6.12 -31.00 -14.78
 4 16 0.00 -34.00 -18.00 7.27 -34.00 -17.55 6.12 -31.00 -14.78 0.00 -31.00 -16.00
 4 16 7.27 -34.00 -17.55 13.44 -34.00 -13.44 11.31 -31.00 -11.31 6.12 -31.00 -14.78
 4 16 13.44 -34.00 -13.44 17.55 -34.00 -7.27 14.78 -31.00 -6.12 11.31 -31.00 -11.31
 4 16 17.55 -34.00 -7.27 18.00 -34.00 0.00 16.00 -31.00 0.00 14.78 -31.00 -6.12

0 Outer main cylinder (18 radius)
 4 16 16.63 -31.00 -6.89 18.00 -31.00 0.00 16.63 1.00 -6.89 18.00 1.00 0.00
 4 16 18.00 -31.00 0.00 16.63 -31.00 6.89 18.00 1.00 0.00 16.63 1.00 6.89
 
 4 16 16.63 -31.00 6.89 12.73 -31.00 12.73 16.63 9.00 6.89 12.73 34.00 12.73

 4 16 12.73 -31.00 12.73 6.89 -31.00 16.63 6.89 34.00 16.63 12.73 34.00 12.73
 4 16 6.89 -31.00 16.63 0.00 -31.00 18.00 0.00 34.00 18.00 6.89 34.00 16.63
 4 16 0.00 -31.00 18.00 -6.89 -31.00 16.63 -6.89 34.00 16.63 0.00 34.00 18.00
 4 16 -6.89 -31.00 16.63 -12.73 -31.00 12.73 -12.73 34.00 12.73 -6.89 34.00 16.63

 4 16 -12.73 -31.00 12.73 -16.63 -31.00 6.89 -16.63 9.00 6.89 -12.73 34.00 12.73

 4 16 -18.00 -31.00 0.00 -16.63 -31.00 6.89 -18.00 1.00 0.00 -16.63 1.00 6.89
 4 16 -16.63 -31.00 -6.89 -18.00 -31.00 0.00 -16.63 1.00 -6.89 -18.00 1.00 0.00 
 
 4 16 -16.63 -31.00 -6.89 -12.73 -31.00 -12.73 -12.73 34.00 -12.73 -16.63 9.00 -6.89

 4 16 -12.73 -31.00 -12.73 -6.89 -31.00 -16.63 -6.89 34.00 -16.63 -12.73 34.00 -12.73
 4 16 -6.89 -31.00 -16.63 0.00 -31.00 -18.00 0.00 34.00 -18.00 -6.89 34.00 -16.63
 4 16 0.00 -31.00 -18.00 6.89 -31.00 -16.63 6.89 34.00 -16.63 0.00 34.00 -18.00
 4 16 6.89 -31.00 -16.63 12.73 -31.00 -12.73 12.73 34.00 -12.73 6.89 34.00 -16.63

 4 16 12.73 -31.00 -12.73 16.63 -31.00 -6.89 16.63 9.00 -6.89 12.73 34.00 -12.73

0 Inner main cylinder (16 radius)
 4 16 14.78 -31.00 -6.12 16.00 -31.00 0.00 14.78 1.00 -6.12 16.00 1.00 0.00
 4 16 16.00 -31.00 0.00 14.78 -31.00 6.12 16.00 1.00 0.00 14.78 1.00 6.12

 4 16 14.78 -31.00 6.12 11.31 -31.00 11.31 14.78 9.00 6.12 11.31 34.00 11.31

 4 16 11.31 -31.00 11.31 6.12 -31.00 14.78 6.12 34.00 14.78 11.31 34.00 11.31
 4 16 6.12 -31.00 14.78 0.00 -31.00 16.00 0.00 34.00 16.00 6.12 34.00 14.78
 4 16 0.00 -31.00 16.00 -6.12 -31.00 14.78 -6.12 34.00 14.78 0.00 34.00 16.00
 4 16 -6.12 -31.00 14.78 -11.31 -31.00 11.31 -11.31 34.00 11.31 -6.12 34.00 14.78

 4 16 -11.31 -31.00 11.31 -14.78 -31.00 6.12 -11.31 34.00 11.31 -14.78 9.00 6.12
 
 4 16 -14.78 -31.00 6.12 -16.00 -31.00 0.00 -16.00 1.00 0.00 -14.78 1.00 6.12
 4 16 -16.00 -31.00 0.00 -14.78 -31.00 -6.12 -14.78 1.00 -6.12 -16.00 1.00 0.00

 4 16 -14.78 -31.00 -6.12 -11.31 -31.00 -11.31 -11.31 34.00 -11.31 -14.78 9.00 -6.12

 4 16 -11.31 -31.00 -11.31 -6.12 -31.00 -14.78 -6.12 34.00 -14.78 -11.31 34.00 -11.31
 4 16 -6.12 -31.00 -14.78 0.00 -31.00 -16.00 0.00 34.00 -16.00 -6.12 34.00 -14.78
 4 16 0.00 -31.00 -16.00 6.12 -31.00 -14.78 6.12 34.00 -14.78 0.00 34.00 -16.00
 4 16 6.12 -31.00 -14.78 11.31 -31.00 -11.31 11.31 34.00 -11.31 6.12 34.00 -14.78

 4 16 11.31 -31.00 -11.31 14.78 -31.00 -6.12 14.78 9.00 -6.12 11.31 34.00 -11.31

0 Cap off the bottom
 4 16 18.00 -1.00 0.00 16.63 -1.00 6.89 14.78 -1.00 6.12 16.00 -1.00 0.00
 4 16 16.63 -1.00 6.89 16.63 9.00 6.89 14.78 9.00 6.12 14.78 -1.00 6.12 

 4 16 16.63 9.00 6.89 12.73 34.00 12.73 11.31 34.00 11.31 14.78 9.00 6.12

 4 16 12.73 34.00 12.73 6.89 34.00 16.63 6.12 34.00 14.78 11.31 34.00 11.31
 4 16 6.89 34.00 16.63 0.00 34.00 18.00 0.00 34.00 16.00 6.12 34.00 14.78
 4 16 0.00 34.00 18.00 -6.89 34.00 16.63 -6.12 34.00 14.78 0.00 34.00 16.00
 4 16 -6.89 34.00 16.63 -12.73 34.00 12.73 -11.31 34.00 11.31 -6.12 34.00 14.78

 4 16 -12.73 34.00 12.73 -16.63 9.00 6.89 -14.78 9.00 6.12 -11.31 34.00 11.31

 4 16 -16.63 -1.00 6.89 -16.63 9.00 6.89 -14.78 9.00 6.12 -14.78 -1.00 6.12

 4 16 -16.63 -1.00 6.89 -18.00 -1.00 0.00 -16.00 -1.00 0.00 -14.78 -1.00 6.12
 4 16 -18.00 -1.00 0.00 -16.63 -1.00 -6.89 -14.78 -1.00 -6.12 -16.00 -1.00 0.00

 4 16 -16.63 -1.00 -6.89 -16.63 9.00 -6.89 -14.78 9.00 -6.12 -14.78 -1.00 -6.12 

 4 16 -16.63 9.00 -6.89 -12.73 34.00 -12.73 -11.31 34.00 -11.31 -14.78 9.00 -6.12

 4 16 -12.73 34.00 -12.73 -6.89 34.00 -16.63 -6.12 34.00 -14.78 -11.31 34.00 -11.31
 4 16 -6.89 34.00 -16.63 0.00 34.00 -18.00 0.00 34.00 -16.00 -6.12 34.00 -14.78
 4 16 0.00 34.00 -18.00 6.89 34.00 -16.63 6.12 34.00 -14.78 0.00 34.00 -16.00
 4 16 6.89 34.00 -16.63 12.73 34.00 -12.73 11.31 34.00 -11.31 6.12 34.00 -14.78

 4 16 12.73 34.00 -12.73 16.63 9.00 -6.89 14.78 9.00 -6.12 11.31 34.00 -11.31

 4 16 16.63 -1.00 -6.89 14.78 -1.00 -6.12 14.78 9.00 -6.12 16.63 9.00 -6.89

 4 16 16.63 -1.00 -6.89 18.00 -1.00 0.00 16.00 -1.00 0.00 14.78 -1.00 -6.12

0 Bottom flanges
 4 16 6.88 32.50 16.62 6.88 32.50 17.55 0.00 32.50 19.00 0.00 32.50 18.00
 4 16 0.00 32.50 18.00 0.00 32.50 19.00 -6.88 32.50 17.55 -6.88 32.50 16.62
 4 16 6.88 32.50 17.55 6.88 34.00 17.55 0.00 34.00 19.00 0.00 32.50 19.00
 4 16 0.00 32.50 18.00 0.00 34.00 19.00 -6.88 34.00 17.55 -6.88 32.50 17.55
 4 16 6.88 34.00 16.62 6.88 34.00 17.55 0.00 34.00 19.00 0.00 34.00 18.00
 4 16 0.00 34.00 18.00 0.00 34.00 19.00 -6.88 34.00 17.55 -6.88 34.00 16.62
 4 16 6.88 32.50 16.62 6.88 32.50 17.55 6.88 34.00 17.55 6.88 34.00 16.62
 4 16 -6.88 32.50 16.62 -6.88 32.50 17.55 -6.88 34.00 17.55 -6.88 34.00 16.62

 2 24 6.88 32.50 16.62 0.00 32.50 18.00
 2 24 0.00 32.50 18.00 -6.88 32.50 16.62
 2 24 6.88 32.50 17.55 0.00 32.50 19.00
 2 24 0.00 32.50 19.00 -6.88 32.50 17.55
 2 24 6.88 34.00 17.55 0.00 34.00 19.00
 2 24 0.00 34.00 19.00 -6.88 34.00 17.55

 2 24 6.88 32.50 16.62 6.88 32.50 17.55 
 2 24 6.88 34.00 17.55 6.88 34.00 16.62
 2 24 6.88 32.50 16.62 6.88 34.00 16.62
 2 24 6.88 34.00 17.55 6.88 32.50 17.55

 2 24 -6.88 32.50 16.62 -6.88 32.50 17.55 
 2 24 -6.88 34.00 17.55 -6.88 34.00 16.62
 2 24 -6.88 32.50 16.62 -6.88 34.00 16.62
 2 24 -6.88 34.00 17.55 -6.88 32.50 17.55

 4 16 -6.88 34.00 -16.62 -6.88 34.00 -17.55 0.00 34.00 -19.00 0.00 34.00 -18.00
 4 16 0.00 34.00 -18.00 0.00 34.00 -19.00 6.88 34.00 -17.55 6.88 34.00 -16.62
 4 16 -6.88 32.50 -16.62 -6.88 32.50 -17.55 0.00 32.50 -19.00 0.00 32.50 -18.00
 4 16 0.00 32.50 -18.00 0.00 32.50 -19.00 6.88 32.50 -17.55 6.88 32.50 -16.62
 4 16 -6.88 32.50 -17.55 -6.88 34.00 -17.55 0.00 34.00 -19.00 0.00 32.50 -19.00
 4 16 0.00 32.50 -18.00 0.00 34.00 -19.00 6.88 34.00 -17.55 6.88 32.50 -17.55
 4 16 -6.88 32.50 -16.62 -6.88 32.50 -17.55 -6.88 34.00 -17.55 -6.88 34.00 -16.62
 4 16 6.88 32.50 -16.62 6.88 32.50 -17.55 6.88 34.00 -17.55 6.88 34.00 -16.62

 2 24 -6.88 32.50 -16.62 0.00 32.50 -18.00
 2 24 0.00 32.50 -18.00 6.88 32.50 -16.62
 2 24 -6.88 32.50 -17.55 0.00 32.50 -19.00
 2 24 0.00 32.50 -19.00 6.88 32.50 -17.55
 2 24 -6.88 34.00 -17.55 0.00 34.00 -19.00
 2 24 0.00 34.00 -19.00 6.88 34.00 -17.55

 2 24 -6.88 32.50 -16.62 -6.88 32.50 -17.55 
 2 24 -6.88 34.00 -17.55 -6.88 34.00 -16.62
 2 24 -6.88 32.50 -16.62 -6.88 34.00 -16.62
 2 24 -6.88 34.00 -17.55 -6.88 32.50 -17.55

 2 24 6.88 32.50 -16.62 6.88 32.50 -17.55 
 2 24 6.88 34.00 -17.55 6.88 34.00 -16.62
 2 24 6.88 32.50 -16.62 6.88 34.00 -16.62 
 2 24 6.88 34.00 -17.55 6.88 32.50 -17.55

0 Inner bits
 1 16 15.00 -16.00 0 0.00 -1.50 0.00 1.50 0.00 0.00 0.00 0.00 1.50 8-8sphe.dat
 1 16 -15.00 -16.00 0 0.00 -1.50 0.00 1.50 0.00 0.00 0.00 0.00 1.50 8-8sphe.dat

 4 16 6.12 -2.00 14.78 0.00 -2.00 16.00 0.00 -5.00 14.00 5.35 -5.00 12.93
 4 16 0.00 -2.00 16.00 -6.12 -2.00 14.78 -5.35 -5.00 12.93 0.00 -5.00 14.00
 4 16 -6.12 -2.00 -14.78 0.00 -2.00 -16.00 0.00 -5.00 -14.00 -5.35 -5.00 -12.93
 4 16 0.00 -2.00 -16.00 6.12 -2.00 -14.78 5.35 -5.00 -12.93 0.00 -5.00 -14.00

 4 16 5.35 -5.00 12.93 0.00 -5.00 14.00 0.00 -7.00 14.00 5.35 -7.00 12.93
 4 16 0.00 -5.00 14.00 -5.35 -5.00 12.93 -5.35 -7.00 12.93 0.00 -7.00 14.00
 4 16 -5.35 -5.00 -12.93 0.00 -5.00 -14.00 0.00 -7.00 -14.00 -5.35 -7.00 -12.93
 4 16 0.00 -5.00 -14.00 5.35 -5.00 -12.93 5.35 -7.00 -12.93 0.00 -7.00 -14.00

 4 16 6.12 -10.00 14.78 0.00 -10.00 16.00 0.00 -7.00 14.00 5.35 -7.00 12.93
 4 16 0.00 -10.00 16.00 -6.12 -10.00 14.78 -5.35 -7.00 12.93 0.00 -7.00 14.00
 4 16 -6.12 -10.00 -14.78 0.00 -10.00 -16.00 0.00 -7.00 -14.00 -5.35 -7.00 -12.93
 4 16 0.00 -10.00 -16.00 6.12 -10.00 -14.78 5.35 -7.00 -12.93 0.00 -7.00 -14.00

 4 16 6.12 -2.00 14.78 5.35 -5.00 12.93 5.35 -7.00 12.93 6.12 -10.00 14.78
 4 16 -6.12 -2.00 14.78 -5.35 -5.00 12.93 -5.35 -7.00 12.93 -6.12 -10.00 14.78
 4 16 -6.12 -2.00 -14.78 -5.35 -5.00 -12.93 -5.35 -7.00 -12.93 -6.12 -10.00 -14.78
 4 16 6.12 -2.00 -14.78 5.35 -5.00 -12.93 5.35 -7.00 -12.93 6.12 -10.00 -14.78
0 Inner bits edges
 2 24 5.35 -5.00 12.93 0.00 -5.00 14.00
 2 24 5.35 -5.00 12.93 5.35 -7.00 12.93
 2 24 0.00 -7.00 14.00 5.35 -7.00 12.93
 2 24 0.00 -5.00 14.00 -5.35 -5.00 12.93
 2 24 -5.35 -5.00 12.93 -5.35 -7.00 12.93
 2 24 -5.35 -7.00 12.93 0.00 -7.00 14.00

 2 24 6.12 -2.00 14.78 5.35 -5.00 12.93
 2 24 5.35 -7.00 12.93 6.12 -10.00 14.78
 2 24 -6.12 -2.00 14.78 -5.35 -5.00 12.93 
 2 24 -5.35 -7.00 12.93 -6.12 -10.00 14.78

 2 24 -5.35 -5.00 -12.93 0.00 -5.00 -14.00 
 2 24 -5.35 -5.00 -12.93 -5.35 -7.00 -12.93
 2 24 0.00 -7.00 -14.00 -5.35 -7.00 -12.93
 2 24 0.00 -5.00 -14.00 5.35 -5.00 -12.93 
 2 24 5.35 -5.00 -12.93 5.35 -7.00 -12.93
 2 24 5.35 -7.00 -12.93 0.00 -7.00 -14.00

 2 24 -6.12 -2.00 -14.78 -5.35 -5.00 -12.93 
 2 24 -5.35 -7.00 -12.93 -6.12 -10.00 -14.78
 2 24 6.12 -2.00 -14.78 5.35 -5.00 -12.93 
 2 24 5.35 -7.00 -12.93 6.12 -10.00 -14.78

0 Edge articulation
0 Bottom caps
 2 24 18.00 1.00 0.00 16.63 1.00 6.89
 2 24 14.78 1.00 6.12 16.00 1.00 0.00
 2 24 16.63 1.00 6.89 14.78 1.00 6.12
 2 24 16.63 1.00 6.89 16.63 9.00 6.89 
 2 24 14.78 9.00 6.12 14.78 1.00 6.12 

 2 24 14.78 9.00 6.12 16.63 9.00 6.89

 2 24 16.63 9.00 6.89 12.73 34.00 12.73 
 2 24 11.31 34.00 11.31 14.78 9.00 6.12
 2 24 12.73 34.00 12.73 11.31 34.00 11.31

 2 24 12.73 34.00 12.73 6.89 34.00 16.63 
 2 24 6.12 34.00 14.78 11.31 34.00 11.31
 2 24 0.00 34.00 16.00 6.12 34.00 14.78
 2 24 -6.12 34.00 14.78 0.00 34.00 16.00
 2 24 -6.89 34.00 16.63 -12.73 34.00 12.73 
 2 24 -11.31 34.00 11.31 -6.12 34.00 14.78

 2 24 -12.73 34.00 12.73 -11.31 34.00 11.31
 2 24 -12.73 34.00 12.73 -16.63 9.00 6.89 
 2 24 -14.78 9.00 6.12 -11.31 34.00 11.31
 
 2 24 -16.63 9.00 6.89 -14.78 9.00 6.12
 2 24 -16.63 1.00 6.89 -16.63 9.00 6.89
 2 24 -14.78 9.00 6.12 -14.78 1.00 6.12
 
 2 24 -16.63 1.00 6.89 -14.78 1.00 6.12
 2 24 -16.63 1.00 6.89 -18.00 1.00 0.00 
 2 24 -16.00 1.00 0.00 -14.78 1.00 6.12
 2 24 -18.00 1.00 0.00 -16.63 1.00 -6.89 
 2 24 -14.78 1.00 -6.12 -16.00 1.00 0.00
 2 24 -16.63 1.00 -6.89 -14.78 1.00 -6.12

 2 24 -16.63 1.00 -6.89 -16.63 9.00 -6.89 
 2 24 -14.78 9.00 -6.12 -14.78 1.00 -6.12 
 2 24 -16.63 9.00 -6.89 -14.78 9.00 -6.12

 2 24 -16.63 9.00 -6.89 -12.73 34.00 -12.73 
 2 24 -11.31 34.00 -11.31 -14.78 9.00 -6.12
 2 24 -11.31 34.00 -11.31 -12.73 34.00 -12.73 

 2 24 -12.73 34.00 -12.73 -6.89 34.00 -16.63 
 2 24 -6.12 34.00 -14.78 -11.31 34.00 -11.31
 2 24 0.00 34.00 -16.00 -6.12 34.00 -14.78
 2 24 6.12 34.00 -14.78 0.00 34.00 -16.00
 2 24 6.89 34.00 -16.63 12.73 34.00 -12.73 
 2 24 11.31 34.00 -11.31 6.12 34.00 -14.78

 2 24 12.73 34.00 -12.73 11.31 34.00 -11.31
 2 24 12.73 34.00 -12.73 16.63 9.00 -6.89 
 2 24 14.78 9.00 -6.12 11.31 34.00 -11.31

 2 24 16.63 9.00 -6.89 14.78 9.00 -6.12
 2 24 16.63 9.00 -6.89 16.63 1.00 -6.89
 2 24 14.78 9.00 -6.12 14.78 1.00 -6.12
 2 24 16.63 1.00 -6.89 14.78 1.00 -6.12

 2 24 16.63 1.00 -6.89 18.00 1.00 0.00 
 2 24 16.00 1.00 0.00 14.78 1.00 -6.12

0 Top flange edges
 2 24 23.00 -34.00 0.00 21.24 -34.00 8.80
 2 24 21.24 -34.00 8.80 16.26 -34.00 16.26
 2 24 16.26 -34.00 16.26 8.80 -34.00 21.24
 2 24 8.80 -34.00 21.24 0.00 -34.00 23.00
 2 24 0.00 -34.00 23.00 -8.80 -34.00 21.24
 2 24 -8.80 -34.00 21.24 -16.26 -34.00 16.26
 2 24 -16.26 -34.00 16.26 -21.24 -34.00 8.80
 2 24 -21.24 -34.00 8.80 -23.00 -34.00 0.00
 2 24 -23.00 -34.00 0.00 -21.24 -34.00 -8.80
 2 24 -21.24 -34.00 -8.80 -16.26 -34.00 -16.26
 2 24 -16.26 -34.00 -16.26 -8.80 -34.00 -21.24
 2 24 -8.80 -34.00 -21.24 0.00 -34.00 -23.00
 2 24 0.00 -34.00 -23.00 8.80 -34.00 -21.24
 2 24 8.80 -34.00 -21.24 16.26 -34.00 -16.26
 2 24 16.26 -34.00 -16.26 21.24 -34.00 -8.80
 2 24 21.24 -34.00 -8.80 23.00 -34.00 0.00

 1 16 0 -34 0 19 0 0 0 0 0 0 0 19 4-4edge.dat
 1 16 0 -31 0 23 0 0 0 0 0 0 0 23 4-4edge.dat
 1 16 0 -31 0 20 0 0 0 0 0 0 0 20 4-4edge.dat
 1 16 0 -31 0 16 0 0 0 0 0 0 0 16 4-4edge.dat
 1 16 0 -29 0 20 0 0 0 0 0 0 0 20 4-4edge.dat 
 1 16 0 -27 0 18 0 0 0 0 0 0 0 18 4-4edge.dat

0