0 Homemaker Drawer  4 x  4 x  2
0 Name: 3.dat
0 Author: James Jessiman
0 Original LDraw Part - LDraw beta 0.27 Archive

 2 24 36 40 36 -36 40 36
 2 24 -36 40 36 -36 40 -40
 2 24 -36 40 -40 36 40 -40
 2 24 36 40 -40 36 40 36

 2 24 32 36 32 -32 36 32
 2 24 -32 36 32 -32 36 -36
 2 24 -32 36 -36 32 36 -36
 2 24 32 36 -36 32 36 32

 2 24 36 0 36 -36 0 36
 2 24 -36 0 36 -36 0 -40
 2 24 -36 0 -40 36 0 -40
 2 24 36 0 -40 36 0 36

 2 24 32 0 32 -32 0 32
 2 24 -32 0 32 -32 0 -36
 2 24 -32 0 -36 32 0 -36
 2 24 32 0 -36 32 0 32

 2 24 36 40 36 36 0 36
 2 24 -36 40 36 -36 0 36
 2 24 -36 40 -40 -36 0 -40
 2 24 36 40 -40 36 0 -40

 2 24 32 36 32 32 0 32
 2 24 -32 36 32 -32 0 32
 2 24 -32 36 -36 -32 0 -36
 2 24 32 36 -36 32 0 -36

 2 24 6 19 -40 -6 19 -40
 2 24 -6 19 -40 -6 21 -40
 2 24 -6 21 -40 6 21 -40
 2 24 6 21 -40 6 19 -40

 2 24 6 19 -40 6 19 -44
 2 24 -6 19 -40 -6 19 -44
 2 24 -6 21 -40 -6 21 -44
 2 24 6 21 -40 6 21 -44

 2 24 6 19 -44 -6 19 -44
 2 24 -6 19 -44 -6 21 -44
 2 24 -6 21 -44 6 21 -44
 2 24 6 21 -44 6 19 -44

 2 24 3 17 -44 -3 17 -44
 2 24 3 23 -44 -3 23 -44
 2 24 3 17 -46 -3 17 -46
 2 24 3 23 -46 -3 23 -46

 1 16 3 20 -44 0 0 3 3 0 0 0 0 0 2-4edge.dat
 1 16 -3 20 -44 0 0 -3 3 0 0 0 0 0 2-4edge.dat
 1 16 3 20 -46 0 0 3 3 0 0 0 0 0 2-4edge.dat
 1 16 -3 20 -46 0 0 -3 3 0 0 0 0 0 2-4edge.dat

 4 16 36 40 36 36 40 -40 -36 40 -40 -36 40 36
 4 16 32 36 32 32 36 -36 -32 36 -36 -32 36 32

 4 16 36 40 36 36 0 36 -36 0 36 -36 40 36
 4 16 -36 40 36 -36 0 36 -36 0 -40 -36 40 -40
 4 16 -36 40 -40 -36 0 -40 36 0 -40 36 40 -40
 4 16 36 40 -40 36 0 -40 36 0 36 36 40 36

 4 16 32 36 32 32 0 32 -32 0 32 -32 36 32
 4 16 -32 36 32 -32 0 32 -32 0 -36 -32 36 -36
 4 16 -32 36 -36 -32 0 -36 32 0 -36 32 36 -36
 4 16 32 36 -36 32 0 -36 32 0 32 32 36 32

 4 16 36 0 36 32 0 32 -32 0 32 -36 0 36
 4 16 -36 0 36 -32 0 32 -32 0 -36 -36 0 -40
 4 16 -36 0 -40 -32 0 -36 32 0 -36 36 0 -40
 4 16 36 0 -40 32 0 -36 32 0 32 36 0 36

 4 16 6 19 -40 6 19 -44 -6 19 -44 -6 19 -40
 4 16 -6 19 -40 -6 19 -44 -6 21 -44 -6 21 -40
 4 16 -6 21 -40 -6 21 -44 6 21 -44 6 21 -40
 4 16 6 21 -40 6 21 -44 6 19 -44 6 19 -40
 4 16 6 19 -44 6 21 -44 -6 21 -44 -6 19 -44

 4 16 3 17 -44 3 23 -44 -3 23 -44 -3 17 -44
 4 16 3 17 -44 3 17 -46 -3 17 -46 -3 17 -44
 4 16 3 23 -44 3 23 -46 -3 23 -46 -3 23 -44
 4 16 3 17 -46 3 23 -46 -3 23 -46 -3 17 -46

 1 16 3 20 -44 0 0 3 3 0 0 0 0 0 2-4disc.dat
 1 16 -3 20 -44 0 0 -3 3 0 0 0 0 0 2-4disc.dat
 1 16 3 20 -46 0 0 3 3 0 0 0 0 0 2-4disc.dat
 1 16 -3 20 -46 0 0 -3 3 0 0 0 0 0 2-4disc.dat
 1 16 3 20 -46 0 0 3 3 0 0 0 2 0 2-4cyli.dat
 1 16 -3 20 -46 0 0 -3 3 0 0 0 2 0 2-4cyli.dat
0
