0 Brick  2 x  2 with Pins and Axlehole
0 Name: 30000.dat
0 Author: James Jessiman
0 LDRAW_ORG Part UPDATE 2004-01

0 BFC CERTIFY CCW

0 // 2003-12-01 WJW made BFC compliant


 1 16 0 20 0 1 0 0 0 -1 0 0 0 1 stud4a.dat
 1 16 0 0 0 1 0 0 0 20 0 0 0 1 axlehole.dat
 1 16 0 0 0 1 0 0 0 0 0 0 0 1 axlehol2.dat
 1 16 0 20 0 1 0 0 0 0 0 0 0 1 axlehol3.dat
 1 16 0 4 0 8 0 0 0 16 0 0 0 8 4-4cyli.dat
 1 16 0 4 0 8 0 0 0 0 0 0 0 8 4-4edge.dat
 1 16 0 4 0 8 0 0 0 0 0 0 0 8 4-4ndis.dat
 1 16 0 0 0 6 0 0 0 0 0 0 0 6 4-4ndis.dat

 4 16 20 24 20 16 24 16 -16 24 16 -20 24 20
 4 16 -20 24 20 -16 24 16 -16 24 -16 -20 24 -20
 4 16 -20 24 -20 -16 24 -16 16 24 -16 20 24 -20
 4 16 20 24 -20 16 24 -16 16 24 16 20 24 20

0 BFC INVERTNEXT
 1 16 0 4 0 16 0 0 0 20 0 0 0 16 box4.dat

 4 16 16 4 16 8 4 8 -8 4 8 -16 4 16
 4 16 -16 4 16 -8 4 8 -8 4 -8 -16 4 -16
 4 16 -16 4 -16 -8 4 -8 8 4 -8 16 4 -16
 4 16 16 4 -16 8 4 -8 6 4 8 16 4 16

 1 16 0 0 0 20 0 0 0 24 0 0 0 20 box4.dat

4 16 -20 0 20 -6 0 6 6 0 6 20 0 20
4 16 -20 0 -20 -6 0 -6 -6 0 6 -20 0 20
4 16 20 0 -20 6 0 -6 -6 0 -6 -20 0 -20
4 16 20 0 20 6 0 6 6 0 -6 20 0 -20

 1 16 20 10 0 0 0 0 8 0 0 0 0 8 4-4edge.dat
 1 16 -20 10 0 0 0 0 8 0 0 0 0 8 4-4edge.dat
 1 16 20 10 0 0 0 0 4 0 0 0 0 4 4-4edge.dat
 1 16 -20 10 0 0 0 0 4 0 0 0 0 4 4-4edge.dat

 1 16 20 10 0 0 -1 0 1 0 0 0 0 1 connect.dat
 1 16 -20 10 0 0 1 0 1 0 0 0 0 1 connect.dat

 1 16 10 0 10 1 0 0 0 1 0 0 0 1 stud.dat
 1 16 -10 0 10 1 0 0 0 1 0 0 0 1 stud.dat
 1 16 10 0 -10 1 0 0 0 1 0 0 0 1 stud.dat
 1 16 -10 0 -10 1 0 0 0 1 0 0 0 1 stud.dat
0

