0 Brick  2 x  4 with Plane Windows Pattern
0 Name: 3001p02.dat
0 Author: James Jessiman
0 Original LDraw Part - LDraw beta 0.27 Archive

1 16 20 4 0 1 0 0 0 -5 0 0 0 1 stud4.dat
1 16 0 4 0 1 0 0 0 -5 0 0 0 1 stud4.dat
1 16 -20 4 0 1 0 0 0 -5 0 0 0 1 stud4.dat

1 16 0 24 0 36 0 0 0 -20 0 0 0 16 box5.dat

4 16 40 24 20 36 24 16 -36 24 16 -40 24 20
4 16 -40 24 20 -36 24 16 -36 24 -16 -40 24 -20
4 16 -40 24 -20 -36 24 -16 36 24 -16 40 24 -20
4 16 40 24 -20 36 24 -16 36 24 16 40 24 20

2 24 40 24 20 -40 24 20
2 24 40 24 -20 -40 24 -20
2 24 40 0 20 -40 0 20
2 24 40 0 -20 -40 0 -20

1 16 40 12 0 0 0 0 12 0 0 0 0 20 rect.dat
1 16 -40 12 0 0 0 0 12 0 0 0 0 20 rect.dat
4 16 40 0 20 40 0 -20 -40 0 -20 -40 0 20

1 16 30 0 10 1 0 0 0 1 0 0 0 1 stud.dat
1 16 10 0 10 1 0 0 0 1 0 0 0 1 stud.dat
1 16 -10 0 10 1 0 0 0 1 0 0 0 1 stud.dat
1 16 -30 0 10 1 0 0 0 1 0 0 0 1 stud.dat
1 16 30 0 -10 1 0 0 0 1 0 0 0 1 stud.dat
1 16 10 0 -10 1 0 0 0 1 0 0 0 1 stud.dat
1 16 -10 0 -10 1 0 0 0 1 0 0 0 1 stud.dat
1 16 -30 0 -10 1 0 0 0 1 0 0 0 1 stud.dat

4 16 40 24 20 40 16 20 -40 16 20 -40 24 20
4 16 40 24 -20 40 16 -20 -40 16 -20 -40 24 -20
4 16 40 8 20 40 0 20 -40 0 20 -40 8 20
4 16 40 8 -20 40 0 -20 -40 0 -20 -40 8 -20

2 12 40 16 20 -40 16 20
2 12 -40 16 20 -40 8 20
2 12 -40 8 20 40 8 20
2 12 40 8 20 40 16 20

2 12 40 16 -20 -40 16 -20
2 12 -40 16 -20 -40 8 -20
2 12 -40 8 -20 40 8 -20
2 12 40 8 -20 40 16 -20

2 8 34 16 20 26 16 20
2 8 26 16 20 26 12 20
2 8 26 12 20 28 8 20
2 8 28 8 20 32 8 20
2 8 32 8 20 34 12 20
2 8 34 12 20 34 16 20

2 8 14 16 20 6 16 20
2 8 6 16 20 6 12 20
2 8 6 12 20 8 8 20
2 8 8 8 20 12 8 20
2 8 12 8 20 14 12 20
2 8 14 12 20 14 16 20

2 8 -14 16 20 -6 16 20
2 8 -6 16 20 -6 12 20
2 8 -6 12 20 -8 8 20
2 8 -8 8 20 -12 8 20
2 8 -12 8 20 -14 12 20
2 8 -14 12 20 -14 16 20

2 8 -34 16 20 -26 16 20
2 8 -26 16 20 -26 12 20
2 8 -26 12 20 -28 8 20
2 8 -28 8 20 -32 8 20
2 8 -32 8 20 -34 12 20
2 8 -34 12 20 -34 16 20

2 8 34 16 -20 26 16 -20
2 8 26 16 -20 26 12 -20
2 8 26 12 -20 28 8 -20
2 8 28 8 -20 32 8 -20
2 8 32 8 -20 34 12 -20
2 8 34 12 -20 34 16 -20

2 8 14 16 -20 6 16 -20
2 8 6 16 -20 6 12 -20
2 8 6 12 -20 8 8 -20
2 8 8 8 -20 12 8 -20
2 8 12 8 -20 14 12 -20
2 8 14 12 -20 14 16 -20

2 8 -14 16 -20 -6 16 -20
2 8 -6 16 -20 -6 12 -20
2 8 -6 12 -20 -8 8 -20
2 8 -8 8 -20 -12 8 -20
2 8 -12 8 -20 -14 12 -20
2 8 -14 12 -20 -14 16 -20

2 8 -34 16 -20 -26 16 -20
2 8 -26 16 -20 -26 12 -20
2 8 -26 12 -20 -28 8 -20
2 8 -28 8 -20 -32 8 -20
2 8 -32 8 -20 -34 12 -20
2 8 -34 12 -20 -34 16 -20

4 4 40 16 20 40 8 20 34 12 20 34 16 20
3 4 40 8 20 32 8 20 34 12 20
4 4 26 16 20 26 12 20 14 12 20 14 16 20
4 4 26 12 20 28 8 20 12 8 20 14 12 20
4 4 6 16 20 6 12 20 -6 12 20 -6 16 20
4 4 6 12 20 8 8 20 -8 8 20 -6 12 20
4 4 -26 16 20 -26 12 20 -14 12 20 -14 16 20
4 4 -26 12 20 -28 8 20 -12 8 20 -14 12 20
4 4 -40 16 20 -40 8 20 -34 12 20 -34 16 20
3 4 -40 8 20 -32 8 20 -34 12 20

4 4 40 16 -20 40 8 -20 34 12 -20 34 16 -20
3 4 40 8 -20 32 8 -20 34 12 -20
4 4 26 16 -20 26 12 -20 14 12 -20 14 16 -20
4 4 26 12 -20 28 8 -20 12 8 -20 14 12 -20
4 4 6 16 -20 6 12 -20 -6 12 -20 -6 16 -20
4 4 6 12 -20 8 8 -20 -8 8 -20 -6 12 -20
4 4 -26 16 -20 -26 12 -20 -14 12 -20 -14 16 -20
4 4 -26 12 -20 -28 8 -20 -12 8 -20 -14 12 -20
4 4 -40 16 -20 -40 8 -20 -34 12 -20 -34 16 -20
3 4 -40 8 -20 -32 8 -20 -34 12 -20

4 0 34 16 20 34 12 20 26 12 20 26 16 20
4 0 34 12 20 32 8 20 28 8 20 26 12 20
4 0 14 16 20 14 12 20 6 12 20 6 16 20
4 0 14 12 20 12 8 20 8 8 20 6 12 20
4 0 -14 16 20 -14 12 20 -6 12 20 -6 16 20
4 0 -14 12 20 -12 8 20 -8 8 20 -6 12 20
4 0 -34 16 20 -34 12 20 -26 12 20 -26 16 20
4 0 -34 12 20 -32 8 20 -28 8 20 -26 12 20

4 0 34 16 -20 34 12 -20 26 12 -20 26 16 -20
4 0 34 12 -20 32 8 -20 28 8 -20 26 12 -20
4 0 14 16 -20 14 12 -20 6 12 -20 6 16 -20
4 0 14 12 -20 12 8 -20 8 8 -20 6 12 -20
4 0 -14 16 -20 -14 12 -20 -6 12 -20 -6 16 -20
4 0 -14 12 -20 -12 8 -20 -8 8 -20 -6 12 -20
4 0 -34 16 -20 -34 12 -20 -26 12 -20 -26 16 -20
4 0 -34 12 -20 -32 8 -20 -28 8 -20 -26 12 -20
0
