0 Plate  2 x  2 with Rod Frame Octagonal
0 Name: 30033.dat
0 Author: Luis E Fernandez (lfernand@super.zippo.com)
0 Official LCad update 98-02

1 16 0 4 0 1 0 0 0 -1 0 0 0 1 stud4a.dat
1 16 0 4 0 8 0 0 0 0 0 0 0 8 4-4edge.dat
1 16 0 4 0 1 0 0 0 0 0 0 0 1 axlehol3.dat
1 16 0 0 0 1 0 0 0 4 0 0 0 1 axlehole.dat
1 16 0 0 0 1 0 0 0 0 0 0 0 1 axlehol2.dat
4 16 0 4 20 0 8 20 -7.65 4 18.48 7.65 4 18.48 
4 16 -7.65 4 18.48 -7.65 8 18.48 -14.14 4 14.14 0 4 20 
4 16 -18.48 4 7.65 -18.48 8 7.65 -20 4 0 -14.14 4 14.14 
4 16 -20 4 0 -20 8 0 -18.48 4 -7.65 -18.48 4 7.65 
4 16 -18.48 4 -7.65 -18.48 8 -7.65 -14.14 4 -14.14 -20 4 0 
4 16 -7.65 4 -18.48 -7.65 8 -18.48 0 4 -20 -14.14 4 -14.14 
4 16 0 4 -20 0 8 -20 7.65 4 -18.48 -7.65 4 -18.48 
4 16 7.65 4 -18.48 7.65 8 -18.48 14.14 4 -14.14 0 4 -20 
4 16 18.48 4 -7.65 18.48 8 -7.65 20 4 0 14.14 4 -14.14 
4 16 20 4 0 20 8 0 18.48 4 7.65 18.48 4 -7.65 
4 16 18.48 4 7.65 18.48 8 7.65 14.14 4 14.14 20 4 0 
4 16 7.65 4 18.48 7.65 8 18.48 0 4 20 14.14 4 14.14 
1 16 10 0 10 1 0 0 0 1 0 0 0 1 stud.dat
1 16 -10 0 10 1 0 0 0 1 0 0 0 1 stud.dat
1 16 10 0 -10 1 0 0 0 1 0 0 0 1 stud.dat
1 16 -10 0 -10 1 0 0 0 1 0 0 0 1 stud.dat
2 24 8 8 20 -8 8 20 
2 24 -8 8 20 -12 8 16 
2 24 -12 8 16 12 8 16 
2 24 12 8 16 8 8 20 
2 24 20 8 8 20 8 -8 
2 24 20 8 -8 16 8 -12 
2 24 16 8 -12 16 8 12 
2 24 16 8 12 20 8 8 
2 24 8 8 -20 -8 8 -20 
2 24 -8 8 -20 -12 8 -16 
2 24 -12 8 -16 12 8 -16 
2 24 12 8 -16 8 8 -20 
2 24 -20 8 8 -20 8 -8 
2 24 -20 8 -8 -16 8 -12 
2 24 -16 8 -12 -16 8 12 
2 24 -16 8 12 -20 8 8 
2 24 16 4 12 12 4 16 
2 24 12 4 16 6 4 16 
2 24 6 4 16 16 4 6 
2 24 16 4 6 16 4 12 
2 24 -16 4 12 -12 4 16 
2 24 -12 4 16 -6 4 16 
2 24 -6 4 16 -16 4 6 
2 24 -16 4 6 -16 4 12 
2 24 16 4 -12 12 4 -16 
2 24 12 4 -16 6 4 -16 
2 24 6 4 -16 16 4 -6 
2 24 16 4 -6 16 4 -12 
2 24 -16 4 -12 -12 4 -16 
2 24 -12 4 -16 -6 4 -16 
2 24 -6 4 -16 -16 4 -6 
2 24 -16 4 -6 -16 4 -12 
2 24 16 8 12 16 4 12 
2 24 12 8 16 12 4 16 
2 24 -16 8 12 -16 4 12 
2 24 -12 8 16 -12 4 16 
2 24 16 8 -12 16 4 -12 
2 24 12 8 -16 12 4 -16 
2 24 -16 8 -12 -16 4 -12 
2 24 -12 8 -16 -12 4 -16 
1 16 0 4 0 8 0 0 0 0 0 0 0 8 4-4edge.dat
2 24 6 4 16 -6 4 16 
2 24 -6 4 16 -16 4 6 
2 24 -16 4 6 -16 4 -6 
2 24 -16 4 -6 -6 4 -16 
2 24 -6 4 -16 6 4 -16 
2 24 6 4 -16 16 4 -6 
2 24 16 4 -6 16 4 6 
2 24 16 8 6 16 4 6 
2 24 6 8 16 6 4 16 
2 24 -16 8 6 -16 4 6 
2 24 -6 8 16 -6 4 16 
2 24 16 8 -6 16 4 -6 
2 24 6 8 -16 6 4 -16 
2 24 -16 8 -6 -16 4 -6 
2 24 -6 8 -16 -6 4 -16 
2 24 8 0 20 -8 0 20 
2 24 -8 0 20 -20 0 8 
2 24 -20 0 8 -20 0 -8 
2 24 -20 0 -8 -8 0 -20 
2 24 -8 0 -20 8 0 -20 
2 24 8 0 -20 20 0 -8 
2 24 20 0 -8 20 0 8 
2 24 20 0 8 8 0 20 
2 24 20 8 8 20 0 8 
2 24 8 8 20 8 0 20 
2 24 -20 8 8 -20 0 8 
2 24 -8 8 20 -8 0 20 
2 24 20 8 -8 20 0 -8 
2 24 8 8 -20 8 0 -20 
2 24 -20 8 -8 -20 0 -8 
2 24 -8 8 -20 -8 0 -20 
4 16 8 8 20 -8 8 20 -12 8 16 12 8 16 
4 16 20 8 8 20 8 -8 16 8 -12 16 8 12 
4 16 8 8 -20 -8 8 -20 -12 8 -16 12 8 -16 
4 16 -20 8 8 -20 8 -8 -16 8 -12 -16 8 12 
4 16 16 4 12 12 4 16 6 4 16 16 4 6 
4 16 -16 4 12 -12 4 16 -6 4 16 -16 4 6 
4 16 16 4 -12 12 4 -16 6 4 -16 16 4 -6 
4 16 -16 4 -12 -12 4 -16 -6 4 -16 -16 4 -6 
1 16 0 4 0 8 0 0 0 0 0 0 0 8 4-4ndis.dat
3 16 16 4 6 8 4 8 6 4 16 
4 16 6 4 16 8 4 8 -8 4 8 -6 4 16 
3 16 -6 4 16 -8 4 8 -16 4 6 
4 16 -16 4 6 -8 4 8 -8 4 -8 -16 4 -6 
3 16 -16 4 -6 -8 4 -8 -6 4 -16 
4 16 -6 4 -16 -8 4 -8 8 4 -8 6 4 -16 
3 16 6 4 -16 8 4 -8 16 4 -6 
4 16 16 4 -6 8 4 -8 8 4 8 16 4 6 
1 16 0 0 0 6 0 0 0 0 0 0 0 6 4-4ndis.dat
3 16 20 0 8 6 0 6 8 0 20 
4 16 8 0 20 6 0 6 -6 0 6 -8 0 20 
3 16 -8 0 20 -6 0 6 -20 0 8 
4 16 -20 0 8 -6 0 6 -6 0 -6 -20 0 -8 
3 16 -20 0 -8 -6 0 -6 -8 0 -20 
4 16 -8 0 -20 -6 0 -6 6 0 -6 8 0 -20 
3 16 8 0 -20 6 0 -6 20 0 -8 
4 16 20 0 -8 6 0 -6 6 0 6 20 0 8 
4 16 12 8 16 12 4 16 -12 4 16 -12 8 16 
4 16 -16 8 12 -16 4 12 -16 4 -12 -16 8 -12 
4 16 -12 8 -16 -12 4 -16 12 4 -16 12 8 -16 
4 16 16 8 -12 16 4 -12 16 4 12 16 8 12 
4 16 6 4 16 -6 4 16 -6 4 16 6 4 16 
4 16 -6 4 16 -16 4 6 -16 4 6 -6 4 16 
4 16 -16 4 6 -16 4 -6 -16 4 -6 -16 4 6 
4 16 -16 4 -6 -6 4 -16 -6 4 -16 -16 4 -6 
4 16 -6 4 -16 6 4 -16 6 4 -16 -6 4 -16 
4 16 6 4 -16 16 4 -6 16 4 -6 6 4 -16 
4 16 16 4 -6 16 4 6 16 4 6 16 4 -6 
4 16 20 8 8 20 0 8 20 0 -8 20 8 -8 
4 16 -20 8 8 -20 0 8 -20 0 -8 -20 8 -8 
4 16 8 8 20 8 0 20 -8 0 20 -8 8 20 
4 16 8 8 -20 8 0 -20 -8 0 -20 -8 8 -20 
4 16 20 8 8 20 0 8 16 4 12 16 8 12 
4 16 -20 8 8 -20 0 8 -16 4 12 -16 8 12 
4 16 20 8 -8 20 0 -8 16 4 -12 16 8 -12 
4 16 -20 8 -8 -20 0 -8 -16 4 -12 -16 8 -12 
4 16 8 8 20 8 0 20 12 4 16 12 8 16 
4 16 -8 8 20 -8 0 20 -12 4 16 -12 8 16 
4 16 8 8 -20 8 0 -20 12 4 -16 12 8 -16 
4 16 -8 8 -20 -8 0 -20 -12 4 -16 -12 8 -16 
4 16 20 0 8 16 4 12 12 4 16 8 0 20 
4 16 -20 0 8 -16 4 12 -12 4 16 -8 0 20 
4 16 20 0 -8 16 4 -12 12 4 -16 8 0 -20 
4 16 -20 0 -8 -16 4 -12 -12 4 -16 -8 0 -20 
1 16 10 0 10 1 0 0 0 1 0 0 0 1 stud.dat
1 16 -10 0 10 1 0 0 0 1 0 0 0 1 stud.dat
1 16 10 0 -10 1 0 0 0 1 0 0 0 1 stud.dat
1 16 -10 0 -10 1 0 0 0 1 0 0 0 1 stud.dat
0 
2 24 9.54 0 -18.47 9.54 8 -18.47 
2 24 5.9 0 -20.15 5.9 8 -20.15 
2 24 12.224 0 -24.285 8.584 0 -25.965 
2 24 9.54 8 -18.47 14.58 8 -29.39 
1 16 14.58 2 -29.39 0 0 2.52 6 0 0 0 0 -5.46 2-4edge.dat
1 16 14.58 2 -29.39 0 0 -2.52 -6 0 0 0 0 5.46 1-8edge.dat
2 24 12.799 -2.24 -25.532 12.224 0 -24.285 
2 24 12.224 0 -24.285 9.54 0 -18.47 
2 24 5.9 8 -20.15 10.94 8 -31.07 
1 16 10.94 2 -31.07 0 0 2.52 6 0 0 0 0 -5.46 2-4edge.dat
1 16 10.94 2 -31.07 0 0 -2.52 -6 0 0 0 0 5.46 1-8edge.dat
2 24 9.159 -2.24 -27.212 8.584 0 -25.965 
2 24 8.584 0 -25.965 5.9 0 -20.15 
1 16 14.58 2 -29.39 0 0 -1.68 4 0 0 0 0 3.64 4-4edge.dat
1 16 10.94 2 -31.07 0 0 -1.68 4 0 0 0 0 3.64 4-4edge.dat
1 16 14.58 2 -29.39 0 0 -2.52 6 0 0 0 0 5.46 4-4disc.dat
1 16 10.94 2 -31.07 0 0 -2.52 6 0 0 0 0 5.46 4-4disc.dat
4 16 9.54 8 -18.47 9.54 0 -18.47 14.58 0 -29.39 14.58 8 -29.39 
4 16 5.9 8 -20.15 5.9 0 -20.15 10.94 0 -31.07 10.94 8 -31.07 
4 16 9.54 8 -18.47 14.58 8 -29.39 10.94 8 -31.07 5.9 8 -20.15 
1 16 14.58 2 -29.39 0 -3.64 -2.52 -6 0 0 0 -1.68 5.46 4-4cyli.dat
4 16 12.799 -2.24 -25.532 12.224 0 -24.285 8.584 0 -25.965 9.159 -2.24 -27.212 
4 16 12.224 0 -24.285 9.54 0 -18.47 5.9 0 -20.15 8.584 0 -25.965 
0 
2 24 -5.9 0 -20.15 -5.9 8 -20.15 
2 24 -9.54 0 -18.47 -9.54 8 -18.47 
2 24 -8.584 0 -25.965 -12.224 0 -24.285 
2 24 -5.9 8 -20.15 -10.94 8 -31.07 
1 16 -10.94 2 -31.07 0 0 -2.52 6 0 0 0 0 -5.46 2-4edge.dat
1 16 -10.94 2 -31.07 0 0 2.52 -6 0 0 0 0 5.46 1-8edge.dat
2 24 -9.159 -2.24 -27.212 -8.584 0 -25.965 
2 24 -8.584 0 -25.965 -5.9 0 -20.15 
2 24 -9.54 8 -18.47 -14.58 8 -29.39 
1 16 -14.58 2 -29.39 0 0 -2.52 6 0 0 0 0 -5.46 2-4edge.dat
1 16 -14.58 2 -29.39 0 0 2.52 -6 0 0 0 0 5.46 1-8edge.dat
2 24 -12.799 -2.24 -25.532 -12.224 0 -24.285 
2 24 -12.224 0 -24.285 -9.54 0 -18.47 
1 16 -10.94 2 -31.07 0 0 1.68 4 0 0 0 0 3.64 4-4edge.dat
1 16 -14.58 2 -29.39 0 0 1.68 4 0 0 0 0 3.64 4-4edge.dat
1 16 -10.94 2 -31.07 0 0 2.52 6 0 0 0 0 5.46 4-4disc.dat
1 16 -14.58 2 -29.39 0 0 2.52 6 0 0 0 0 5.46 4-4disc.dat
4 16 -5.9 8 -20.15 -5.9 0 -20.15 -10.94 0 -31.07 -10.94 8 -31.07 
4 16 -9.54 8 -18.47 -9.54 0 -18.47 -14.58 0 -29.39 -14.58 8 -29.39 
4 16 -5.9 8 -20.15 -10.94 8 -31.07 -14.58 8 -29.39 -9.54 8 -18.47 
1 16 -10.94 2 -31.07 0 -3.64 2.52 -6 0 0 0 1.68 5.46 4-4cyli.dat
4 16 -9.159 -2.24 -27.212 -8.584 0 -25.965 -12.224 0 -24.285 -12.799 -2.24 -25.532 
4 16 -8.584 0 -25.965 -5.9 0 -20.15 -9.54 0 -18.47 -12.224 0 -24.285 
0 
2 24 -18.47 0 -9.54 -18.47 8 -9.54 
2 24 -20.15 0 -5.9 -20.15 8 -5.9 
2 24 -24.285 0 -12.224 -25.965 0 -8.584 
2 24 -18.47 8 -9.54 -29.39 8 -14.58 
1 16 -29.39 2 -14.58 0 0 -5.46 6 0 0 0 0 -2.52 2-4edge.dat
1 16 -29.39 2 -14.58 0 0 5.46 -6 0 0 0 0 2.52 1-8edge.dat
2 24 -25.532 -2.24 -12.799 -24.285 0 -12.224 
2 24 -24.285 0 -12.224 -18.47 0 -9.54 
2 24 -20.15 8 -5.9 -31.07 8 -10.94 
1 16 -31.07 2 -10.94 0 0 -5.46 6 0 0 0 0 -2.52 2-4edge.dat
1 16 -31.07 2 -10.94 0 0 5.46 -6 0 0 0 0 2.52 1-8edge.dat
2 24 -27.212 -2.24 -9.159 -25.965 0 -8.584 
2 24 -25.965 0 -8.584 -20.15 0 -5.9 
1 16 -29.39 2 -14.58 0 0 3.64 4 0 0 0 0 1.68 4-4edge.dat
1 16 -31.07 2 -10.94 0 0 3.64 4 0 0 0 0 1.68 4-4edge.dat
1 16 -29.39 2 -14.58 0 0 5.46 6 0 0 0 0 2.52 4-4disc.dat
1 16 -31.07 2 -10.94 0 0 5.46 6 0 0 0 0 2.52 4-4disc.dat
4 16 -18.47 8 -9.54 -18.47 0 -9.54 -29.39 0 -14.58 -29.39 8 -14.58 
4 16 -20.15 8 -5.9 -20.15 0 -5.9 -31.07 0 -10.94 -31.07 8 -10.94 
4 16 -18.47 8 -9.54 -29.39 8 -14.58 -31.07 8 -10.94 -20.15 8 -5.9 
1 16 -29.39 2 -14.58 0 -1.68 5.46 -6 0 0 0 3.64 2.52 4-4cyli.dat
4 16 -25.532 -2.24 -12.799 -24.285 0 -12.224 -25.965 0 -8.584 -27.212 -2.24 -9.159 
4 16 -24.285 0 -12.224 -18.47 0 -9.54 -20.15 0 -5.9 -25.965 0 -8.584 
0 
2 24 -20.15 0 5.9 -20.15 8 5.9 
2 24 -18.47 0 9.54 -18.47 8 9.54 
2 24 -25.965 0 8.584 -24.285 0 12.224 
2 24 -20.15 8 5.9 -31.07 8 10.94 
1 16 -31.07 2 10.94 0 0 -5.46 6 0 0 0 0 2.52 2-4edge.dat
1 16 -31.07 2 10.94 0 0 5.46 -6 0 0 0 0 -2.52 1-8edge.dat
2 24 -27.212 -2.24 9.159 -25.965 0 8.584 
2 24 -25.965 0 8.584 -20.15 0 5.9 
2 24 -18.47 8 9.54 -29.39 8 14.58 
1 16 -29.39 2 14.58 0 0 -5.46 6 0 0 0 0 2.52 2-4edge.dat
1 16 -29.39 2 14.58 0 0 5.46 -6 0 0 0 0 -2.52 1-8edge.dat
2 24 -25.532 -2.24 12.799 -24.285 0 12.224 
2 24 -24.285 0 12.224 -18.47 0 9.54 
1 16 -31.07 2 10.94 0 0 3.64 4 0 0 0 0 -1.68 4-4edge.dat
1 16 -29.39 2 14.58 0 0 3.64 4 0 0 0 0 -1.68 4-4edge.dat
1 16 -31.07 2 10.94 0 0 5.46 6 0 0 0 0 -2.52 4-4disc.dat
1 16 -29.39 2 14.58 0 0 5.46 6 0 0 0 0 -2.52 4-4disc.dat
4 16 -20.15 8 5.9 -20.15 0 5.9 -31.07 0 10.94 -31.07 8 10.94 
4 16 -18.47 8 9.54 -18.47 0 9.54 -29.39 0 14.58 -29.39 8 14.58 
4 16 -20.15 8 5.9 -31.07 8 10.94 -29.39 8 14.58 -18.47 8 9.54 
1 16 -31.07 2 10.94 0 1.68 5.46 -6 0 0 0 3.64 -2.52 4-4cyli.dat
4 16 -27.212 -2.24 9.159 -25.965 0 8.584 -24.285 0 12.224 -25.532 -2.24 12.799 
4 16 -25.965 0 8.584 -20.15 0 5.9 -18.47 0 9.54 -24.285 0 12.224 
0 
2 24 -9.54 0 18.47 -9.54 8 18.47 
2 24 -5.9 0 20.15 -5.9 8 20.15 
2 24 -12.224 0 24.285 -8.584 0 25.965 
2 24 -9.54 8 18.47 -14.58 8 29.39 
1 16 -14.58 2 29.39 0 0 -2.52 6 0 0 0 0 5.46 2-4edge.dat
1 16 -14.58 2 29.39 0 0 2.52 -6 0 0 0 0 -5.46 1-8edge.dat
2 24 -12.799 -2.24 25.532 -12.224 0 24.285 
2 24 -12.224 0 24.285 -9.54 0 18.47 
2 24 -5.9 8 20.15 -10.94 8 31.07 
1 16 -10.94 2 31.07 0 0 -2.52 6 0 0 0 0 5.46 2-4edge.dat
1 16 -10.94 2 31.07 0 0 2.52 -6 0 0 0 0 -5.46 1-8edge.dat
2 24 -9.159 -2.24 27.212 -8.584 0 25.965 
2 24 -8.584 0 25.965 -5.9 0 20.15 
1 16 -14.58 2 29.39 0 0 1.68 4 0 0 0 0 -3.64 4-4edge.dat
1 16 -10.94 2 31.07 0 0 1.68 4 0 0 0 0 -3.64 4-4edge.dat
1 16 -14.58 2 29.39 0 0 2.52 6 0 0 0 0 -5.46 4-4disc.dat
1 16 -10.94 2 31.07 0 0 2.52 6 0 0 0 0 -5.46 4-4disc.dat
4 16 -9.54 8 18.47 -9.54 0 18.47 -14.58 0 29.39 -14.58 8 29.39 
4 16 -5.9 8 20.15 -5.9 0 20.15 -10.94 0 31.07 -10.94 8 31.07 
4 16 -9.54 8 18.47 -14.58 8 29.39 -10.94 8 31.07 -5.9 8 20.15 
1 16 -14.58 2 29.39 0 3.64 2.52 -6 0 0 0 1.68 -5.46 4-4cyli.dat
4 16 -12.799 -2.24 25.532 -12.224 0 24.285 -8.584 0 25.965 -9.159 -2.24 27.212 
4 16 -12.224 0 24.285 -9.54 0 18.47 -5.9 0 20.15 -8.584 0 25.965 
0 
2 24 5.9 0 20.15 5.9 8 20.15 
2 24 9.54 0 18.47 9.54 8 18.47 
2 24 8.584 0 25.965 12.224 0 24.285 
2 24 5.9 8 20.15 10.94 8 31.07 
1 16 10.94 2 31.07 0 0 2.52 6 0 0 0 0 5.46 2-4edge.dat
1 16 10.94 2 31.07 0 0 -2.52 -6 0 0 0 0 -5.46 1-8edge.dat
2 24 9.159 -2.24 27.212 8.584 0 25.965 
2 24 8.584 0 25.965 5.9 0 20.15 
2 24 9.54 8 18.47 14.58 8 29.39 
1 16 14.58 2 29.39 0 0 2.52 6 0 0 0 0 5.46 2-4edge.dat
1 16 14.58 2 29.39 0 0 -2.52 -6 0 0 0 0 -5.46 1-8edge.dat
2 24 12.799 -2.24 25.532 12.224 0 24.285 
2 24 12.224 0 24.285 9.54 0 18.47 
1 16 10.94 2 31.07 0 0 -1.68 4 0 0 0 0 -3.64 4-4edge.dat
1 16 14.58 2 29.39 0 0 -1.68 4 0 0 0 0 -3.64 4-4edge.dat
1 16 10.94 2 31.07 0 0 -2.52 6 0 0 0 0 -5.46 4-4disc.dat
1 16 14.58 2 29.39 0 0 -2.52 6 0 0 0 0 -5.46 4-4disc.dat
4 16 5.9 8 20.15 5.9 0 20.15 10.94 0 31.07 10.94 8 31.07 
4 16 9.54 8 18.47 9.54 0 18.47 14.58 0 29.39 14.58 8 29.39 
4 16 5.9 8 20.15 10.94 8 31.07 14.58 8 29.39 9.54 8 18.47 
1 16 10.94 2 31.07 0 3.64 -2.52 -6 0 0 0 -1.68 -5.46 4-4cyli.dat
4 16 9.159 -2.24 27.212 8.584 0 25.965 12.224 0 24.285 12.799 -2.24 25.532 
4 16 8.584 0 25.965 5.9 0 20.15 9.54 0 18.47 12.224 0 24.285 
0 
2 24 18.47 0 9.54 18.47 8 9.54 1 16 
2 24 20.15 0 5.9 20.15 8 5.9 
2 24 24.285 0 12.224 25.965 0 8.584 
2 24 18.47 8 9.54 29.39 8 14.58 
1 16 29.39 2 14.58 0 0 5.46 6 0 0 0 0 2.52 2-4edge.dat
1 16 29.39 2 14.58 0 0 -5.46 -6 0 0 0 0 -2.52 1-8edge.dat
2 24 25.532 -2.24 12.799 24.285 0 12.224 
2 24 24.285 0 12.224 18.47 0 9.54 
2 24 20.15 8 5.9 31.07 8 10.94 
1 16 31.07 2 10.94 0 0 5.46 6 0 0 0 0 2.52 2-4edge.dat
1 16 31.07 2 10.94 0 0 -5.46 -6 0 0 0 0 -2.52 1-8edge.dat
2 24 27.212 -2.24 9.159 25.965 0 8.584 
2 24 25.965 0 8.584 20.15 0 5.9 
1 16 29.39 2 14.58 0 0 -3.64 4 0 0 0 0 -1.68 4-4edge.dat
1 16 31.07 2 10.94 0 0 -3.64 4 0 0 0 0 -1.68 4-4edge.dat
1 16 29.39 2 14.58 0 0 -5.46 6 0 0 0 0 -2.52 4-4disc.dat
1 16 31.07 2 10.94 0 0 -5.46 6 0 0 0 0 -2.52 4-4disc.dat
4 16 18.47 8 9.54 18.47 0 9.54 29.39 0 14.58 29.39 8 14.58 
4 16 20.15 8 5.9 20.15 0 5.9 31.07 0 10.94 31.07 8 10.94 
4 16 18.47 8 9.54 29.39 8 14.58 31.07 8 10.94 20.15 8 5.9 
1 16 29.39 2 14.58 0 1.68 -5.46 -6 0 0 0 -3.64 -2.52 4-4cyli.dat
4 16 25.532 -2.24 12.799 24.285 0 12.224 25.965 0 8.584 27.212 -2.24 9.159 
4 16 24.285 0 12.224 18.47 0 9.54 20.15 0 5.9 25.965 0 8.584 
0 
2 24 20.15 0 -5.9 20.15 8 -5.9 
2 24 18.47 0 -9.54 18.47 8 -9.54 
2 24 25.965 0 -8.584 24.285 0 -12.224 
2 24 20.15 8 -5.9 31.07 8 -10.94 
1 16 31.07 2 -10.94 0 0 5.46 6 0 0 0 0 -2.52 2-4edge.dat
1 16 31.07 2 -10.94 0 0 -5.46 -6 0 0 0 0 2.52 1-8edge.dat
2 24 27.212 -2.24 -9.159 25.965 0 -8.584 
2 24 25.965 0 -8.584 20.15 0 -5.9 
2 24 18.47 8 -9.54 29.39 8 -14.58 
1 16 29.39 2 -14.58 0 0 5.46 6 0 0 0 0 -2.52 2-4edge.dat
1 16 29.39 2 -14.58 0 0 -5.46 -6 0 0 0 0 2.52 1-8edge.dat
2 24 25.532 -2.24 -12.799 24.285 0 -12.224 
2 24 24.285 0 -12.224 18.47 0 -9.54 
1 16 31.07 2 -10.94 0 0 -3.64 4 0 0 0 0 1.68 4-4edge.dat
1 16 29.39 2 -14.58 0 0 -3.64 4 0 0 0 0 1.68 4-4edge.dat
1 16 31.07 2 -10.94 0 0 -5.46 6 0 0 0 0 2.52 4-4disc.dat
1 16 29.39 2 -14.58 0 0 -5.46 6 0 0 0 0 2.52 4-4disc.dat
4 16 20.15 8 -5.9 20.15 0 -5.9 31.07 0 -10.94 31.07 8 -10.94 
4 16 18.47 8 -9.54 18.47 0 -9.54 29.39 0 -14.58 29.39 8 -14.58 
4 16 20.15 8 -5.9 31.07 8 -10.94 29.39 8 -14.58 18.47 8 -9.54 
1 16 31.07 2 -10.94 0 -1.68 -5.46 -6 0 0 0 -3.64 2.52 4-4cyli.dat
4 16 27.212 -2.24 -9.159 25.965 0 -8.584 24.285 0 -12.224 25.532 -2.24 -12.799 
4 16 25.965 0 -8.584 20.15 0 -5.9 18.47 0 -9.54 24.285 0 -12.224 
0 
1 16 14 2 30 0 0 0 4 0 0 0 0 4 4-4edge.dat
1 16 -14 2 30 0 0 0 4 0 0 0 0 4 4-4edge.dat
1 16 14 2 30 0 0 0 4 0 0 0 0 4 4-4disc.dat
1 16 -14 2 30 0 0 0 4 0 0 0 0 4 4-4disc.dat
1 16 14 2 30 0 -28 0 4 0 0 0 0 4 4-4cyli.dat
0 
1 16 -30 2 14 0 0 -4 4 0 0 0 0 0 4-4edge.dat
1 16 -30 2 -14 0 0 -4 4 0 0 0 0 0 4-4edge.dat
1 16 -30 2 14 0 0 -4 4 0 0 0 0 0 4-4disc.dat
1 16 -30 2 -14 0 0 -4 4 0 0 0 0 0 4-4disc.dat
1 16 -30 2 14 0 0 -4 4 0 0 0 -28 0 4-4cyli.dat
0 
1 16 -14 2 -30 0 0 0 4 0 0 0 0 -4 4-4edge.dat
1 16 14 2 -30 0 0 0 4 0 0 0 0 -4 4-4edge.dat
1 16 -14 2 -30 0 0 0 4 0 0 0 0 -4 4-4disc.dat
1 16 14 2 -30 0 0 0 4 0 0 0 0 -4 4-4disc.dat
1 16 -14 2 -30 0 28 0 4 0 0 0 0 -4 4-4cyli.dat
0 
1 16 30 2 -14 0 0 4 4 0 0 0 0 0 4-4edge.dat
1 16 30 2 14 0 0 4 4 0 0 0 0 0 4-4edge.dat
1 16 30 2 -14 0 0 4 4 0 0 0 0 0 4-4disc.dat
1 16 30 2 14 0 0 4 4 0 0 0 0 0 4-4disc.dat
1 16 30 2 -14 0 0 4 4 0 0 0 28 0 4-4cyli.dat
0 
1 16 11.36 2 -31.24 0 0 2.84 4 0 0 0 0 -2.84 4-4edge.dat
1 16 31.24 2 -11.36 0 0 2.84 4 0 0 0 0 -2.84 4-4edge.dat
1 16 11.36 2 -31.24 0 0 2.84 4 0 0 0 0 -2.84 4-4disc.dat
1 16 31.24 2 -11.36 0 0 2.84 4 0 0 0 0 -2.84 4-4disc.dat
1 16 11.36 2 -31.24 0 19.88 2.84 4 0 0 0 19.88 -2.84 4-4cyli.dat
0 
1 16 31.24 2 11.36 0 0 2.84 4 0 0 0 0 2.84 4-4edge.dat
1 16 11.36 2 31.24 0 0 2.84 4 0 0 0 0 2.84 4-4edge.dat
1 16 31.24 2 11.36 0 0 2.84 4 0 0 0 0 2.84 4-4disc.dat
1 16 11.36 2 31.24 0 0 2.84 4 0 0 0 0 2.84 4-4disc.dat
1 16 31.24 2 11.36 0 -19.88 2.84 4 0 0 0 19.88 2.84 4-4cyli.dat
0 
1 16 -11.36 2 31.24 0 0 -2.84 4 0 0 0 0 2.84 4-4edge.dat
1 16 -31.24 2 11.36 0 0 -2.84 4 0 0 0 0 2.84 4-4edge.dat
1 16 -11.36 2 31.24 0 0 -2.84 4 0 0 0 0 2.84 4-4disc.dat
1 16 -31.24 2 11.36 0 0 -2.84 4 0 0 0 0 2.84 4-4disc.dat
1 16 -11.36 2 31.24 0 -19.88 -2.84 4 0 0 0 -19.88 2.84 4-4cyli.dat
0 
1 16 -31.24 2 -11.36 0 0 -2.84 4 0 0 0 0 -2.84 4-4edge.dat
1 16 -11.36 2 -31.24 0 0 -2.84 4 0 0 0 0 -2.84 4-4edge.dat
1 16 -31.24 2 -11.36 0 0 -2.84 4 0 0 0 0 -2.84 4-4disc.dat
1 16 -11.36 2 -31.24 0 0 -2.84 4 0 0 0 0 -2.84 4-4disc.dat
1 16 -31.24 2 -11.36 0 19.88 -2.84 4 0 0 0 -19.88 -2.84 4-4cyli.dat
0 


