0 Wing 12 x  9 (Exploriens)
0 Name: 30037.dat
0 Author: Luis E. Fernandez (LFERNAND@SUPER.ZIPPO.COM)
0 Official LCad update 98-02
 
1 16 20 4 -70 1 0 0 0 -1 0 0 0 1 STUD4.DAT
1 16 0 4 -70 1 0 0 0 -1 0 0 0 1 STUD4.DAT
1 16 -20 4 -70 1 0 0 0 -1 0 0 0 1 STUD4.DAT
2 24 36 4 -54 -36 4 -54 
2 24 -36 4 -54 -36 4 -74 
2 24 -36 4 -86 36 4 -86 
2 24 36 4 -74 36 4 -54 
2 24 36 8 -54 -36 8 -54 
2 24 -36 8 -54 -36 8 -74 
2 24 -36 8 -86 36 8 -86 
2 24 36 8 -74 36 8 -54 
2 24 36 8 -54 36 4 -54 
2 24 -36 8 -54 -36 4 -54 
2 24 36 8 -86 36 4 -86 
2 24 -36 8 -86 -36 4 -86 
4 16 36 4 -54 36 4 -86 -36 4 -86 -36 4 -54 
4 16 36 4 -54 36 8 -54 -36 8 -54 -36 4 -54 
4 16 -36 4 -54 -36 8 -54 -36 8 -74 -36 4 -74 
4 16 -36 4 -86 -36 8 -86 36 8 -86 36 4 -86 
4 16 36 4 -74 36 8 -74 36 8 -54 36 4 -54 
4 16 40 8 -50 36 8 -54 -36 8 -54 -40 8 -50 
4 16 40 8 -50 36 8 -54 36 8 -70 40 8 -66 
4 16 -40 8 -50 -36 8 -54 -36 8 -70 -40 8 -66 
2 24 40 0 -50 -40 0 -50 
2 24 -40 0 -90 40 0 -90 
2 24 40 8 -50 -40 8 -50 
2 24 -40 8 -50 -40 8 -70 
2 24 -40 0 -50 -40 0 -70 
2 24 -40 8 -90 40 8 -90 
2 24 40 8 -70 40 8 -50 
2 24 40 0 -70 40 0 -50 
2 24 40 8 -50 40 0 -50 
2 24 -40 8 -50 -40 0 -50 
4 16 40 0 -50 40 0 -90 -40 0 -90 -40 0 -50 
4 16 40 0 -50 40 8 -50 -40 8 -50 -40 0 -50 
4 16 -40 0 -50 -40 8 -50 -40 8 -70 -40 0 -70 
4 16 -40 0 -90 -40 8 -90 40 8 -90 40 0 -90 
4 16 40 0 -90 40 8 -90 40 8 -50 40 0 -50 
1 16 30 0 -60 1 0 0 0 1 0 0 0 1 STUD.DAT
1 16 10 0 -60 1 0 0 0 1 0 0 0 1 STUD.DAT
1 16 -10 0 -60 1 0 0 0 1 0 0 0 1 STUD.DAT
1 16 -30 0 -60 1 0 0 0 1 0 0 0 1 STUD.DAT
1 16 30 0 -80 1 0 0 0 1 0 0 0 1 STUD.DAT
1 16 10 0 -80 1 0 0 0 1 0 0 0 1 STUD.DAT
1 16 -10 0 -80 1 0 0 0 1 0 0 0 1 STUD.DAT
1 16 -30 0 -80 1 0 0 0 1 0 0 0 1 STUD.DAT
1 16 40 4 -80 1 0 0 0 -1 0 0 0 1 STUD3.DAT
1 16 -40 4 -80 1 0 0 0 -1 0 0 0 1 STUD3.DAT
2 24 56 4 -74 36 4 -74 
2 24 -56 4 -74 -36 4 -74 
2 24 -56 4 -74 -56 4 -86 
2 24 -56 4 -86 56 4 -86 
2 24 56 4 -86 56 4 -74 
2 24 56 8 -74 36 8 -74 
2 24 -56 8 -74 -36 8 -74 
2 24 -56 8 -74 -56 8 -86 
2 24 -56 8 -86 56 8 -86 
2 24 56 8 -86 56 8 -74 
2 24 56 8 -74 56 4 -74 
2 24 -56 8 -74 -56 4 -74 
2 24 56 8 -86 56 4 -86 
2 24 -56 8 -86 -56 4 -86 
4 16 56 4 -74 56 4 -86 -56 4 -86 -56 4 -74 
4 16 56 4 -74 56 8 -74 -56 8 -74 -56 4 -74 
4 16 -56 4 -74 -56 8 -74 -56 8 -86 -56 4 -86 
4 16 -56 4 -86 -56 8 -86 56 8 -86 56 4 -86 
4 16 56 4 -86 56 8 -86 56 8 -74 56 4 -74 
4 16 60 8 -70 56 8 -74 36 8 -74 40 8 -70 
4 16 -40 8 -70 -36 8 -74 -60 8 -70 -56 8 -74 
4 16 60 8 -70 56 8 -74 36 8 -74 40 8 -70 
4 16 -40 8 -70 -36 8 -74 -60 8 -70 -56 8 -74 
4 16 -60 8 -90 -56 8 -86 56 8 -86 60 8 -90 
4 16 60 8 -90 56 8 -86 56 8 -74 60 8 -70 
4 16 -60 8 -90 -56 8 -86 -56 8 -74 -60 8 -70 
2 24 60 0 -70 40 0 -70 
2 24 -60 0 -70 -40 0 -70 
2 24 -60 0 -70 -60 0 -90 
2 24 -60 0 -90 60 0 -90 
2 24 60 0 -90 60 0 -70 
2 24 60 8 -70 40 8 -70 
2 24 -60 8 -70 -40 8 -70 
2 24 -60 8 -70 -60 8 -90 
2 24 -60 8 -90 60 8 -90 
2 24 60 8 -90 60 8 -70 
2 24 60 8 -90 60 0 -90 
2 24 60 8 -70 60 0 -70 
2 24 -60 8 -90 -60 0 -90 
2 24 -60 8 -70 -60 0 -70 
4 16 60 0 -70 60 0 -90 -60 0 -90 -60 0 -70 
4 16 60 0 -70 60 8 -70 -60 8 -70 -60 0 -70 
4 16 -60 0 -70 -60 8 -70 -60 8 -90 -60 0 -90 
4 16 -60 0 -90 -60 8 -90 60 8 -90 60 0 -90 
4 16 60 0 -90 60 8 -90 60 8 -70 60 0 -70 
1 16 50 0 -80 1 0 0 0 1 0 0 0 1 STUD.DAT
1 16 -50 0 -80 1 0 0 0 1 0 0 0 1 STUD.DAT
2 24 40 -40 50 40 -48 50 
4 16 60 0 -70 120 -48 50 60 8 -70 120 -40 50 
4 16 40 0 -70 40 -48 50 40 8 -70 40 -40 50 
2 24 60 0 -70 120 -48 50 
2 24 60 8 -70 120 -40 50 
2 24 40 0 -70 40 -48 50 
2 24 40 8 -70 40 -40 50 
4 16 56 0 -70 116 -48 50 56 8 -70 116 -40 50 
4 16 60 8 -70 56 8 -70 120 -40 50 116 -40 50 
2 24 56 4 -70 116 -44 50 
2 24 56 8 -70 116 -40 50 
4 16 40 8 -70 44 8 -70 40 -40 50 44 -40 50 
4 16 44 0 -70 44 -48 50 44 8 -70 44 -40 50 
2 24 44 4 -70 44 -44 50 
2 24 44 8 -70 44 -40 50 
2 24 -40 -40 50 -40 -48 50 
4 16 -60 0 -70 -120 -48 50 -60 8 -70 -120 -40 50 
4 16 -40 0 -70 -40 -48 50 -40 8 -70 -40 -40 50 
2 24 -60 0 -70 -120 -48 50 
2 24 -60 8 -70 -120 -40 50 
2 24 -40 0 -70 -40 -48 50 
2 24 -40 8 -70 -40 -40 50 
4 16 -56 0 -70 -116 -48 50 -56 8 -70 -116 -40 50 
4 16 -60 8 -70 -56 8 -70 -120 -40 50 -116 -40 50 
2 24 -56 4 -70 -116 -44 50 
2 24 -56 8 -70 -116 -40 50 
4 16 -40 8 -70 -44 8 -70 -40 -40 50 -44 -40 50 
4 16 -44 0 -70 -44 -48 50 -44 8 -70 -44 -40 50 
2 24 -44 4 -70 -44 -44 50 
2 24 -44 8 -70 -44 -40 50 
4 16 51 -0.67 -65.23 51 -15.47 -28.03 51 2.69 -57.43 51 -7.67 -31.39 
4 16 50.5 -0.67 -65.23 50.5 -15.47 -28.03 50.5 2.69 -57.43 50.5 -7.67 -31.39 
4 16 50 -0.67 -65.23 50 -15.47 -28.03 50 2.69 -57.43 50 -7.67 -31.39 
4 16 49.5 -0.67 -65.23 49.5 -15.47 -28.03 49.5 2.69 -57.43 49.5 -7.67 -31.39 
4 16 49 -0.67 -65.23 49 -15.47 -28.03 49 2.69 -57.43 49 -7.67 -31.39 
2 24 51 -7.67 -31.39 51 2.69 -57.43 
2 24 51 -0.67 -65.23 51 2.69 -57.43 
2 24 51 -15.47 -28.03 51 -13.25 -33.61 
2 24 49 -7.67 -31.39 49 2.69 -57.43 
2 24 49 -0.67 -65.23 49 2.69 -57.43 
2 24 49 -15.47 -28.03 49 -7.67 -31.39 
4 16 -49 -0.67 -65.23 -49 -15.47 -28.03 -49 2.69 -57.43 -49 -7.67 -31.39 
4 16 -49.5 -0.67 -65.23 -49.5 -15.47 -28.03 -49.5 2.69 -57.43 -49.5 -7.67 -31.39 
4 16 -50 -0.67 -65.23 -50 -15.47 -28.03 -50 2.69 -57.43 -50 -7.67 -31.39 
4 16 -50.5 -0.67 -65.23 -50.5 -15.47 -28.03 -50.5 2.69 -57.43 -50.5 -7.67 -31.39 
4 16 -51 -0.67 -65.23 -51 -15.47 -28.03 -51 2.69 -57.43 -51 -7.67 -31.39 
2 24 -49 -7.67 -31.39 -49 2.69 -57.43 
2 24 -49 -0.67 -65.23 -49 2.69 -57.43 
2 24 -49 -15.47 -28.03 -49 -13.25 -33.61 
2 24 -51 -7.67 -31.39 -51 2.69 -57.43 
2 24 -51 -0.67 -65.23 -51 2.69 -57.43 
2 24 -51 -15.47 -28.03 -51 -7.67 -31.39 
1 16 100 -44 70 1 0 0 0 -1 0 0 0 1 STUD4.DAT
1 16 80 -44 70 1 0 0 0 -1 0 0 0 1 STUD4.DAT
1 16 60 -44 70 1 0 0 0 -1 0 0 0 1 STUD4.DAT
1 16 40 -44 70 1 0 0 0 -1 0 0 0 1 STUD4.DAT
1 16 20 -44 70 1 0 0 0 -1 0 0 0 1 STUD4.DAT
1 16 0 -44 70 1 0 0 0 -1 0 0 0 1 STUD4.DAT
1 16 -20 -44 70 1 0 0 0 -1 0 0 0 1 STUD4.DAT
1 16 -40 -44 70 1 0 0 0 -1 0 0 0 1 STUD4.DAT
1 16 -60 -44 70 1 0 0 0 -1 0 0 0 1 STUD4.DAT
1 16 -80 -44 70 1 0 0 0 -1 0 0 0 1 STUD4.DAT
1 16 -100 -44 70 1 0 0 0 -1 0 0 0 1 STUD4.DAT
1 16 0 -40 70 116 0 0 0 -4 0 0 0 16 BOX5.DAT
4 16 120 -40 90 116 -40 86 -116 -40 86 -120 -40 90 
4 16 120 -40 50 116 -40 54 -116 -40 54 -120 -40 50 
4 16 120 -40 90 116 -40 86 116 -40 54 120 -40 50 
4 16 -120 -40 90 -116 -40 86 -116 -40 54 -120 -40 50 
1 16 0 -40 70 120 0 0 0 -8 0 0 0 20 BOX5.DAT
1 16 110 -48 80 1 0 0 0 1 0 0 0 1 STUD.DAT
1 16 90 -48 80 1 0 0 0 1 0 0 0 1 STUD.DAT
1 16 70 -48 80 1 0 0 0 1 0 0 0 1 STUD.DAT
1 16 50 -48 80 1 0 0 0 1 0 0 0 1 STUD.DAT
1 16 30 -48 80 1 0 0 0 1 0 0 0 1 STUD.DAT
1 16 10 -48 80 1 0 0 0 1 0 0 0 1 STUD.DAT
1 16 -10 -48 80 1 0 0 0 1 0 0 0 1 STUD.DAT
1 16 -30 -48 80 1 0 0 0 1 0 0 0 1 STUD.DAT
1 16 -50 -48 80 1 0 0 0 1 0 0 0 1 STUD.DAT
1 16 -70 -48 80 1 0 0 0 1 0 0 0 1 STUD.DAT
1 16 -90 -48 80 1 0 0 0 1 0 0 0 1 STUD.DAT
1 16 -110 -48 80 1 0 0 0 1 0 0 0 1 STUD.DAT
1 16 110 -48 60 1 0 0 0 1 0 0 0 1 STUD.DAT
1 16 90 -48 60 1 0 0 0 1 0 0 0 1 STUD.DAT
1 16 70 -48 60 1 0 0 0 1 0 0 0 1 STUD.DAT
1 16 50 -48 60 1 0 0 0 1 0 0 0 1 STUD.DAT
1 16 30 -48 60 1 0 0 0 1 0 0 0 1 STUD.DAT
1 16 10 -48 60 1 0 0 0 1 0 0 0 1 STUD.DAT
1 16 -10 -48 60 1 0 0 0 1 0 0 0 1 STUD.DAT
1 16 -30 -48 60 1 0 0 0 1 0 0 0 1 STUD.DAT
1 16 -50 -48 60 1 0 0 0 1 0 0 0 1 STUD.DAT
1 16 -70 -48 60 1 0 0 0 1 0 0 0 1 STUD.DAT
1 16 -90 -48 60 1 0 0 0 1 0 0 0 1 STUD.DAT
1 16 -110 -48 60 1 0 0 0 1 0 0 0 1 STUD.DAT
0 
4 16 40 0 -70 40 -25.5 -6 60 0 -70 92 -25.5 -6 
3 16 40 -25.5 -6 60 -25.5 -6 40 -34 15 
3 16 40 -34 10 40 -48 50 58 -48 50 
3 16 120 -48 50 84 -48 50 103 -34 15 
4 16 40 -46 45 40 -48 50 120 -48 50 117 -46 45 
4 16 109 -39 27 102 -39 27 88 -25.5 -6 92 -25.5 -6 
4 16 91 -28 -1 84 -28 -1 70 -14.5 -34 74 -14.5 -34 
1 16 70 -36 21 0 0 -6 2.35 0 0 -6 0 0 RING4.DAT
0 
4 16 40 4 -70 40 -21.5 -6 60 4 -70 92 -21.5 -6 
3 16 40 -21.5 -6 60 -21.5 -6 40 -30 15 
3 16 40 -30 10 40 -44 50 58 -44 50 
3 16 120 -44 50 84 -44 50 103 -30 15 
4 16 40 -42 45 40 -44 50 120 -44 50 117 -42 45 
4 16 109 -35 27 102 -35 27 88 -21.5 -6 92 -21.5 -6 
4 16 91 -24 -1 84 -24 -1 70 -10.5 -34 74 -10.5 -34 
1 16 70 -32 21 0 0 -6 2.35 0 0 -6 0 0 RING4.DAT
0 
4 16 -40 0 -70 -40 -25.5 -6 -60 0 -70 -92 -25.5 -6 
3 16 -40 -25.5 -6 -60 -25.5 -6 -40 -34 15 
3 16 -40 -34 10 -40 -48 50 -58 -48 50 
3 16 -120 -48 50 -84 -48 50 -103 -34 15 
4 16 -40 -46 45 -40 -48 50 -120 -48 50 -117 -46 45 
4 16 -109 -39 27 -102 -39 27 -88 -25.5 -6 -92 -25.5 -6 
4 16 -91 -28 -1 -84 -28 -1 -70 -14.5 -34 -74 -14.5 -34 
1 16 -70 -36 21 0 0 -6 2.35 0 0 -6 0 0 RING4.DAT
0 
4 16 -40 4 -70 -40 -21.5 -6 -60 4 -70 -92 -21.5 -6 
3 16 -40 -21.5 -6 -60 -21.5 -6 -40 -30 15 
3 16 -40 -30 10 -40 -44 50 -58 -44 50 
3 16 -120 -44 50 -84 -44 50 -103 -30 15 
4 16 -40 -42 45 -40 -44 50 -120 -44 50 -117 -42 45 
4 16 -109 -35 27 -102 -35 27 -88 -21.5 -6 -92 -21.5 -6 
4 16 -91 -24 -1 -84 -24 -1 -70 -10.5 -34 -74 -10.5 -34 
1 16 -70 -32 21 0 0 -6 2.35 0 0 -6 0 0 RING4.DAT
0 
1 16 70 0 20 0 0 -21 0 0 0 -21 0 0 4-4EDGE.DAT
1 16 70 0 20 0 0 -25 0 0 0 -25 0 0 4-4EDGE.DAT
1 16 70 -34 20 0 0 -21 8 0 0 -21 0 0 4-4EDGE.DAT
1 16 70 -34 20 0 0 -25 9 0 0 -25 0 0 4-4EDGE.DAT
1 16 70 -34 20 0 0 -5.05 2 0 0 -5.05 0 0 RING4.DAT
1 16 70 0 20 0 0 -5.05 0 0 0 -5.05 0 0 RING4.DAT
1 16 70 -8 20 0 0 -21 8 -26 0 -21 0 0 4-4CYLI.DAT
1 16 70 0 20 0 0 -21 0 -26 0 -21 0 0 4-4CYLI.DAT
1 16 70 -8 20 0 0 -25 8 -26 0 -25 0 0 4-4CYLI.DAT
1 16 70 0 20 0 0 -25 0 -26 0 -25 0 0 4-4CYLI.DAT
0 
1 16 70 -16 20 1 0 0 0 -1 0 0 0 1 STUD4A.DAT
1 16 70 -16 20 8 0 0 0 0 0 0 0 8 4-4EDGE.DAT
1 16 70 -12 20 1 0 0 0 0 0 0 0 1 AXLEHOL2.DAT
1 16 70 -12 20 1 0 0 0 16 0 0 0 1 AXLEHOLE.DAT
1 16 70 4 20 1 0 0 0 0 0 0 0 1 AXLEHOL3.DAT
1 16 70 -20 20 4 0 0 0 0 0 0 0 4 4-4EDGE.DAT
1 16 70 -16 20 6 0 0 0 0 0 0 0 6 4-4EDGE.DAT
1 16 70 -20 20 4 0 0 0 28 0 0 0 4 4-4CYLI.DAT
1 16 70 -12 20 7 0 0 0 20 0 0 0 7 4-4CYLI.DAT
1 16 70 -12 20 1 0 0 0 1 0 0 0 1 STUD2A.DAT
1 16 70 8 20 7 0 0 0 0 0 0 0 7 4-4EDGE.DAT
1 16 70 -5 20 4 0 0 0 0 0 0 0 4 4-4EDGE.DAT
0 
4 16 71 -16 28 71 -16 43 71 -12 28 71 -12 43 
4 16 71 -12 27 71 -12 43 71 -7 27 71 -7 43 
4 16 69 -16 28 69 -16 43 69 -12 28 69 -12 43 
4 16 69 -12 27 69 -12 43 69 -7 27 69 -7 43 
4 16 69 -16 28 71 -16 28 69 -16 43 71 -16 43 
4 16 69 -7 27 71 -7 27 69 -7 43 71 -7 43 
2 24 69 -16 28 69 -16 43 
2 24 71 -16 28 71 -16 43 
2 24 69 -7 27 69 -7 43 
2 24 71 -7 27 71 -7 43 
2 24 69 -16 28 69 -12 28 
2 24 69 -12 27 69 -7 27 
2 24 71 -16 28 71 -12 28 
2 24 71 -12 27 71 -7 27 
0 
4 16 69 -16 12 69 -16 -3 69 -12 12 69 -12 -3 
4 16 69 -12 13 69 -12 -3 69 -7 13 69 -7 -3 
4 16 71 -16 12 71 -16 -3 71 -12 12 71 -12 -3 
4 16 71 -12 13 71 -12 -3 71 -7 13 71 -7 -3 
4 16 71 -16 12 69 -16 12 71 -16 -3 69 -16 -3 
4 16 71 -7 13 69 -7 13 71 -7 -3 69 -7 -3 
2 24 71 -16 12 71 -16 -3 
2 24 69 -16 12 69 -16 -3 
2 24 71 -7 13 71 -7 -3 
2 24 69 -7 13 69 -7 -3 
2 24 71 -16 12 71 -12 12 
2 24 71 -12 13 71 -7 13 
2 24 69 -16 12 69 -12 12 
2 24 69 -12 13 69 -7 13 
0 
4 16 62 -16 21 47 -16 21 62 -12 21 47 -12 21 
4 16 63 -12 21 47 -12 21 63 -7 21 47 -7 21 
4 16 62 -16 19 47 -16 19 62 -12 19 47 -12 19 
4 16 63 -12 19 47 -12 19 63 -7 19 47 -7 19 
4 16 62 -16 19 62 -16 21 47 -16 19 47 -16 21 
4 16 63 -7 19 63 -7 21 47 -7 19 47 -7 21 
2 24 62 -16 19 47 -16 19 
2 24 62 -16 21 47 -16 21 
2 24 63 -7 19 47 -7 19 
2 24 63 -7 21 47 -7 21 
2 24 62 -16 19 62 -12 19 
2 24 63 -12 19 63 -7 19 
2 24 62 -16 21 62 -12 21 
2 24 63 -12 21 63 -7 21 
0 
4 16 78 -16 19 93 -16 19 78 -12 19 93 -12 19 
4 16 77 -12 19 93 -12 19 77 -7 19 93 -7 19 
4 16 78 -16 21 93 -16 21 78 -12 21 93 -12 21 
4 16 77 -12 21 93 -12 21 77 -7 21 93 -7 21 
4 16 78 -16 21 78 -16 19 93 -16 21 93 -16 19 
4 16 77 -7 21 77 -7 19 93 -7 21 93 -7 19 
2 24 78 -16 21 93 -16 21 
2 24 78 -16 19 93 -16 19 
2 24 77 -7 21 93 -7 21 
2 24 77 -7 19 93 -7 19 
2 24 78 -16 21 78 -12 21 
2 24 77 -12 21 77 -7 21 
2 24 78 -16 19 78 -12 19 
2 24 77 -12 19 77 -7 19 
0 
4 16 76.39 -16 24.97 87.04 -16 35.62 76.39 -12 24.97 87.04 -12 35.62 
4 16 75.68 -12 24.26 87.04 -12 35.62 75.68 -7 24.26 87.04 -7 35.62 
4 16 74.97 -16 26.39 85.62 -16 37.04 74.97 -12 26.39 85.62 -12 37.04 
4 16 74.26 -12 25.68 85.62 -12 37.04 74.26 -7 25.68 85.62 -7 37.04 
4 16 74.97 -16 26.39 76.39 -16 24.97 85.62 -16 37.04 87.04 -16 35.62 
4 16 74.26 -7 25.68 75.68 -7 24.26 85.62 -7 37.04 87.04 -7 35.62 
2 24 74.97 -16 26.39 85.62 -16 37.04 
2 24 76.39 -16 24.97 87.04 -16 35.62 
2 24 74.26 -7 25.68 85.62 -7 37.04 
2 24 75.68 -7 24.26 87.04 -7 35.62 
2 24 74.97 -16 26.39 74.97 -12 26.39 
2 24 74.26 -12 25.68 74.26 -7 25.68 
2 24 76.39 -16 24.97 76.39 -12 24.97 
2 24 75.68 -12 24.26 75.68 -7 24.26 
0 
4 16 63.61 -16 15.03 52.96 -16 4.38 63.61 -12 15.03 52.96 -12 4.38 
4 16 64.32 -12 15.74 52.96 -12 4.38 64.32 -7 15.74 52.96 -7 4.38 
4 16 65.03 -16 13.61 54.38 -16 2.96 65.03 -12 13.61 54.38 -12 2.96 
4 16 65.74 -12 14.32 54.38 -12 2.96 65.74 -7 14.32 54.38 -7 2.96 
4 16 65.03 -16 13.61 63.61 -16 15.03 54.38 -16 2.96 52.96 -16 4.38 
4 16 65.74 -7 14.32 64.32 -7 15.74 54.38 -7 2.96 52.96 -7 4.38 
2 24 65.03 -16 13.61 54.38 -16 2.96 
2 24 63.61 -16 15.03 52.96 -16 4.38 
2 24 65.74 -7 14.32 54.38 -7 2.96 
2 24 64.32 -7 15.74 52.96 -7 4.38 
2 24 65.03 -16 13.61 65.03 -12 13.61 
2 24 65.74 -12 14.32 65.74 -7 14.32 
2 24 63.61 -16 15.03 63.61 -12 15.03 
2 24 64.32 -12 15.74 64.32 -7 15.74 
0 
4 16 65.03 -16 26.39 54.38 -16 37.04 65.03 -12 26.39 54.38 -12 37.04 
4 16 65.74 -12 25.68 54.38 -12 37.04 65.74 -7 25.68 54.38 -7 37.04 
4 16 63.61 -16 24.97 52.96 -16 35.62 63.61 -12 24.97 52.96 -12 35.62 
4 16 64.32 -12 24.26 52.96 -12 35.62 64.32 -7 24.26 52.96 -7 35.62 
4 16 63.61 -16 24.97 65.03 -16 26.39 52.96 -16 35.62 54.38 -16 37.04 
4 16 64.32 -7 24.26 65.74 -7 25.68 52.96 -7 35.62 54.38 -7 37.04 
2 24 63.61 -16 24.97 52.96 -16 35.62 
2 24 65.03 -16 26.39 54.38 -16 37.04 
2 24 64.32 -7 24.26 52.96 -7 35.62 
2 24 65.74 -7 25.68 54.38 -7 37.04 
2 24 63.61 -16 24.97 63.61 -12 24.97 
2 24 64.32 -12 24.26 64.32 -7 24.26 
2 24 65.03 -16 26.39 65.03 -12 26.39 
2 24 65.74 -12 25.68 65.74 -7 25.68 
0 
4 16 74.97 -16 13.61 85.62 -16 2.96 74.97 -12 13.61 85.62 -12 2.96 
4 16 74.26 -12 14.32 85.62 -12 2.96 74.26 -7 14.32 85.62 -7 2.96 
4 16 76.39 -16 15.03 87.04 -16 4.38 76.39 -12 15.03 87.04 -12 4.38 
4 16 75.68 -12 15.74 87.04 -12 4.38 75.68 -7 15.74 87.04 -7 4.38 
4 16 76.39 -16 15.03 74.97 -16 13.61 87.04 -16 4.38 85.62 -16 2.96 
4 16 75.68 -7 15.74 74.26 -7 14.32 87.04 -7 4.38 85.62 -7 2.96 
2 24 76.39 -16 15.03 87.04 -16 4.38 
2 24 74.97 -16 13.61 85.62 -16 2.96 
2 24 75.68 -7 15.74 87.04 -7 4.38 
2 24 74.26 -7 14.32 85.62 -7 2.96 
2 24 76.39 -16 15.03 76.39 -12 15.03 
2 24 75.68 -12 15.74 75.68 -7 15.74 
2 24 74.97 -16 13.61 74.97 -12 13.61 
2 24 74.26 -12 14.32 74.26 -7 14.32 
0 
1 16 -70 0 20 0 0 -21 0 0 0 -21 0 0 4-4EDGE.DAT
1 16 -70 0 20 0 0 -25 0 0 0 -25 0 0 4-4EDGE.DAT
1 16 -70 -34 20 0 0 -21 8 0 0 -21 0 0 4-4EDGE.DAT
1 16 -70 -34 20 0 0 -25 9 0 0 -25 0 0 4-4EDGE.DAT
1 16 -70 -34 20 0 0 -5.05 2 0 0 -5.05 0 0 RING4.DAT
1 16 -70 0 20 0 0 -5.05 0 0 0 -5.05 0 0 RING4.DAT
1 16 -70 -8 20 0 0 -21 8 -26 0 -21 0 0 4-4CYLI.DAT
1 16 -70 0 20 0 0 -21 0 -26 0 -21 0 0 4-4CYLI.DAT
1 16 -70 -8 20 0 0 -25 8 -26 0 -25 0 0 4-4CYLI.DAT
1 16 -70 0 20 0 0 -25 0 -26 0 -25 0 0 4-4CYLI.DAT
0 
1 16 -70 -16 20 1 0 0 0 -1 0 0 0 1 STUD4A.DAT
1 16 -70 -16 20 8 0 0 0 0 0 0 0 8 4-4EDGE.DAT
1 16 -70 -12 20 1 0 0 0 0 0 0 0 1 AXLEHOL2.DAT
1 16 -70 -12 20 1 0 0 0 16 0 0 0 1 AXLEHOLE.DAT
1 16 -70 4 20 1 0 0 0 0 0 0 0 1 AXLEHOL3.DAT
1 16 -70 -20 20 4 0 0 0 0 0 0 0 4 4-4EDGE.DAT
1 16 -70 -16 20 6 0 0 0 0 0 0 0 6 4-4EDGE.DAT
1 16 -70 -20 20 4 0 0 0 28 0 0 0 4 4-4CYLI.DAT
1 16 -70 -12 20 7 0 0 0 20 0 0 0 7 4-4CYLI.DAT
1 16 -70 -12 20 1 0 0 0 1 0 0 0 1 STUD2A.DAT
1 16 -70 8 20 7 0 0 0 0 0 0 0 7 4-4EDGE.DAT
1 16 -70 -5 20 4 0 0 0 0 0 0 0 4 4-4EDGE.DAT
0 
4 16 -69 -16 28 -69 -16 43 -69 -12 28 -69 -12 43 
4 16 -69 -12 27 -69 -12 43 -69 -7 27 -69 -7 43 
4 16 -71 -16 28 -71 -16 43 -71 -12 28 -71 -12 43 
4 16 -71 -12 27 -71 -12 43 -71 -7 27 -71 -7 43 
4 16 -71 -16 28 -69 -16 28 -71 -16 43 -69 -16 43 
4 16 -71 -7 27 -69 -7 27 -71 -7 43 -69 -7 43 
2 24 -71 -16 28 -71 -16 43 
2 24 -69 -16 28 -69 -16 43 
2 24 -71 -7 27 -71 -7 43 
2 24 -69 -7 27 -69 -7 43 
2 24 -71 -16 28 -71 -12 28 
2 24 -71 -12 27 -71 -7 27 
2 24 -69 -16 28 -69 -12 28 
2 24 -69 -12 27 -69 -7 27 
0 
4 16 -71 -16 12 -71 -16 -3 -71 -12 12 -71 -12 -3 
4 16 -71 -12 13 -71 -12 -3 -71 -7 13 -71 -7 -3 
4 16 -69 -16 12 -69 -16 -3 -69 -12 12 -69 -12 -3 
4 16 -69 -12 13 -69 -12 -3 -69 -7 13 -69 -7 -3 
4 16 -69 -16 12 -71 -16 12 -69 -16 -3 -71 -16 -3 
4 16 -69 -7 13 -71 -7 13 -69 -7 -3 -71 -7 -3 
2 24 -69 -16 12 -69 -16 -3 
2 24 -71 -16 12 -71 -16 -3 
2 24 -69 -7 13 -69 -7 -3 
2 24 -71 -7 13 -71 -7 -3 
2 24 -69 -16 12 -69 -12 12 
2 24 -69 -12 13 -69 -7 13 
2 24 -71 -16 12 -71 -12 12 
2 24 -71 -12 13 -71 -7 13 
0 
4 16 -78 -16 21 -93 -16 21 -78 -12 21 -93 -12 21 
4 16 -77 -12 21 -93 -12 21 -77 -7 21 -93 -7 21 
4 16 -78 -16 19 -93 -16 19 -78 -12 19 -93 -12 19 
4 16 -77 -12 19 -93 -12 19 -77 -7 19 -93 -7 19 
4 16 -78 -16 19 -78 -16 21 -93 -16 19 -93 -16 21 
4 16 -77 -7 19 -77 -7 21 -93 -7 19 -93 -7 21 
2 24 -78 -16 19 -93 -16 19 
2 24 -78 -16 21 -93 -16 21 
2 24 -77 -7 19 -93 -7 19 
2 24 -77 -7 21 -93 -7 21 
2 24 -78 -16 19 -78 -12 19 
2 24 -77 -12 19 -77 -7 19 
2 24 -78 -16 21 -78 -12 21 
2 24 -77 -12 21 -77 -7 21 
0 
4 16 -62 -16 19 -47 -16 19 -62 -12 19 -47 -12 19 
4 16 -63 -12 19 -47 -12 19 -63 -7 19 -47 -7 19 
4 16 -62 -16 21 -47 -16 21 -62 -12 21 -47 -12 21 
4 16 -63 -12 21 -47 -12 21 -63 -7 21 -47 -7 21 
4 16 -62 -16 21 -62 -16 19 -47 -16 21 -47 -16 19 
4 16 -63 -7 21 -63 -7 19 -47 -7 21 -47 -7 19 
2 24 -62 -16 21 -47 -16 21 
2 24 -62 -16 19 -47 -16 19 
2 24 -63 -7 21 -47 -7 21 
2 24 -63 -7 19 -47 -7 19 
2 24 -62 -16 21 -62 -12 21 
2 24 -63 -12 21 -63 -7 21 
2 24 -62 -16 19 -62 -12 19 
2 24 -63 -12 19 -63 -7 19 
0 
4 16 -63.61 -16 24.97 -52.96 -16 35.62 -63.61 -12 24.97 -52.96 -12 35.62 
4 16 -64.32 -12 24.26 -52.96 -12 35.62 -64.32 -7 24.26 -52.96 -7 35.62 
4 16 -65.03 -16 26.39 -54.38 -16 37.04 -65.03 -12 26.39 -54.38 -12 37.04 
4 16 -65.74 -12 25.68 -54.38 -12 37.04 -65.74 -7 25.68 -54.38 -7 37.04 
4 16 -65.03 -16 26.39 -63.61 -16 24.97 -54.38 -16 37.04 -52.96 -16 35.62 
4 16 -65.74 -7 25.68 -64.32 -7 24.26 -54.38 -7 37.04 -52.96 -7 35.62 
2 24 -65.03 -16 26.39 -54.38 -16 37.04 
2 24 -63.61 -16 24.97 -52.96 -16 35.62 
2 24 -65.74 -7 25.68 -54.38 -7 37.04 
2 24 -64.32 -7 24.26 -52.96 -7 35.62 
2 24 -65.03 -16 26.39 -65.03 -12 26.39 
2 24 -65.74 -12 25.68 -65.74 -7 25.68 
2 24 -63.61 -16 24.97 -63.61 -12 24.97 
2 24 -64.32 -12 24.26 -64.32 -7 24.26 
0 
4 16 -76.39 -16 15.03 -87.04 -16 4.38 -76.39 -12 15.03 -87.04 -12 4.38 
4 16 -75.68 -12 15.74 -87.04 -12 4.38 -75.68 -7 15.74 -87.04 -7 4.38 
4 16 -74.97 -16 13.61 -85.62 -16 2.96 -74.97 -12 13.61 -85.62 -12 2.96 
4 16 -74.26 -12 14.32 -85.62 -12 2.96 -74.26 -7 14.32 -85.62 -7 2.96 
4 16 -74.97 -16 13.61 -76.39 -16 15.03 -85.62 -16 2.96 -87.04 -16 4.38 
4 16 -74.26 -7 14.32 -75.68 -7 15.74 -85.62 -7 2.96 -87.04 -7 4.38 
2 24 -74.97 -16 13.61 -85.62 -16 2.96 
2 24 -76.39 -16 15.03 -87.04 -16 4.38 
2 24 -74.26 -7 14.32 -85.62 -7 2.96 
2 24 -75.68 -7 15.74 -87.04 -7 4.38 
2 24 -74.97 -16 13.61 -74.97 -12 13.61 
2 24 -74.26 -12 14.32 -74.26 -7 14.32 
2 24 -76.39 -16 15.03 -76.39 -12 15.03 
2 24 -75.68 -12 15.74 -75.68 -7 15.74 
0 
4 16 -74.97 -16 26.39 -85.62 -16 37.04 -74.97 -12 26.39 -85.62 -12 37.04 
4 16 -74.26 -12 25.68 -85.62 -12 37.04 -74.26 -7 25.68 -85.62 -7 37.04 
4 16 -76.39 -16 24.97 -87.04 -16 35.62 -76.39 -12 24.97 -87.04 -12 35.62 
4 16 -75.68 -12 24.26 -87.04 -12 35.62 -75.68 -7 24.26 -87.04 -7 35.62 
4 16 -76.39 -16 24.97 -74.97 -16 26.39 -87.04 -16 35.62 -85.62 -16 37.04 
4 16 -75.68 -7 24.26 -74.26 -7 25.68 -87.04 -7 35.62 -85.62 -7 37.04 
2 24 -76.39 -16 24.97 -87.04 -16 35.62 
2 24 -74.97 -16 26.39 -85.62 -16 37.04 
2 24 -75.68 -7 24.26 -87.04 -7 35.62 
2 24 -74.26 -7 25.68 -85.62 -7 37.04 
2 24 -76.39 -16 24.97 -76.39 -12 24.97 
2 24 -75.68 -12 24.26 -75.68 -7 24.26 
2 24 -74.97 -16 26.39 -74.97 -12 26.39 
2 24 -74.26 -12 25.68 -74.26 -7 25.68 
0 
4 16 -65.03 -16 13.61 -54.38 -16 2.96 -65.03 -12 13.61 -54.38 -12 2.96 
4 16 -65.74 -12 14.32 -54.38 -12 2.96 -65.74 -7 14.32 -54.38 -7 2.96 
4 16 -63.61 -16 15.03 -52.96 -16 4.38 -63.61 -12 15.03 -52.96 -12 4.38 
4 16 -64.32 -12 15.74 -52.96 -12 4.38 -64.32 -7 15.74 -52.96 -7 4.38 
4 16 -63.61 -16 15.03 -65.03 -16 13.61 -52.96 -16 4.38 -54.38 -16 2.96 
4 16 -64.32 -7 15.74 -65.74 -7 14.32 -52.96 -7 4.38 -54.38 -7 2.96 
2 24 -63.61 -16 15.03 -52.96 -16 4.38 
2 24 -65.03 -16 13.61 -54.38 -16 2.96 
2 24 -64.32 -7 15.74 -52.96 -7 4.38 
2 24 -65.74 -7 14.32 -54.38 -7 2.96 
2 24 -63.61 -16 15.03 -63.61 -12 15.03 
2 24 -64.32 -12 15.74 -64.32 -7 15.74 
2 24 -65.03 -16 13.61 -65.03 -12 13.61 
2 24 -65.74 -12 14.32 -65.74 -7 14.32 
0 


