0 Window  1 x  2 x  3 
0 Name: 30044.dat
0 Author: James Jessiman
0 Original LDraw Part - LDraw beta 0.27 Archive

 1 16 0 64 0 16 0 0 0 -4 0 0 0 6 box5.dat

 4 16 20 64 10 16 64 6 -16 64 6 -20 64 10
 4 16 -20 64 10 -16 64 6 -16 64 -6 -20 64 -10
 4 16 -20 64 -10 -16 64 -6 16 64 -6 20 64 -10
 4 16 20 64 -10 16 64 -6 16 64 6 20 64 10

 2 24 20 64 10 -20 64 10
 2 24 -20 64 10 -20 64 -10
 2 24 -20 64 -10 20 64 -10
 2 24 20 64 -10 20 64 10

 1 16 0 56 6 16 0 0 0 0 0 0 0 4 rect.dat
 1 16 0 56 -6 16 0 0 0 0 0 0 0 4 rect.dat
 1 16 0 52 0 16 0 0 0 0 0 0 0 2 rect.dat
 2 24 16 56 2 16 52 2
 2 24 -16 56 2 -16 52 2
 2 24 16 56 -2 16 52 -2
 2 24 -16 56 -2 -16 52 -2

 2 24 20 64 10 20 20 10
 2 24 -20 64 10 -20 20 10
 2 24 20 64 -10 20 20 -10
 2 24 -20 64 -10 -20 20 -10

 2 24 16 56 10 16 20 10
 2 24 -16 56 10 -16 20 10
 2 24 16 56 -10 16 20 -10
 2 24 -16 56 -10 -16 20 -10

 1 16 0 20 10 20 0 0 0 0 -20 0 0 0 2-4edge.dat
 1 16 0 20 -10 20 0 0 0 0 -20 0 0 0 2-4edge.dat
 1 16 0 20 10 16 0 0 0 0 -16 0 0 0 2-4edge.dat
 1 16 0 20 -10 16 0 0 0 0 -16 0 0 0 2-4edge.dat

 4 16 20 64 10 20 20 10 20 20 -10 20 64 -10
 4 16 16 56 10 16 20 10 16 20 -10 16 56 -10
 4 16 -16 56 10 -16 20 10 -16 20 -10 -16 56 -10
 4 16 -20 64 10 -20 20 10 -20 20 -10 -20 64 -10

 1 16 0 20 10 20 0 0 0 0 -20 0 -20 0 2-4cyli.dat
 1 16 0 20 10 16 0 0 0 0 -16 0 -20 0 2-4cyli.dat

 4 16 20 64 10 16 56 10 -16 56 10 -20 64 10
 4 16 20 64 10 16 56 10 16 20 10 20 20 10
 4 16 -20 64 10 -16 56 10 -16 20 10 -20 20 10

 4 16 16 56 2 16 52 2 -16 52 2 -16 56 2
 4 16 16 56 -2 16 52 -2 -16 52 -2 -16 56 -2

 4 16 20 64 -10 16 56 -10 -16 56 -10 -20 64 -10
 4 16 20 64 -10 16 56 -10 16 20 -10 20 20 -10
 4 16 -20 64 -10 -16 56 -10 -16 20 -10 -20 20 -10

 1 16 0 0 0 1 0 0 0 1 0 0 0 1 stud2.dat

 4 16 -16 20 10 -14.78 13.88 10 -18.48 12.35 10 -20 20 10
 4 16 -16 20 -10 -14.78 13.88 -10 -18.48 12.35 -10 -20 20 -10
 4 16 -14.78 13.88 10 -11.31 8.69 10 -14.14 5.86 10 -18.48 12.35 10
 4 16 -14.78 13.88 -10 -11.31 8.69 -10 -14.14 5.86 -10 -18.48 12.35 -10
 4 16 -11.31 8.69 10 -6.12 5.22 10 -7.65 1.52 10 -14.14 5.86 10
 4 16 -11.31 8.69 -10 -6.12 5.22 -10 -7.65 1.52 -10 -14.14 5.86 -10
 4 16 -6.12 5.22 10 0 4 10 0 0 10 -7.65 1.52 10
 4 16 -6.12 5.22 -10 0 4 -10 0 0 -10 -7.65 1.52 -10
 4 16 0 4 10 6.12 5.22 10 7.65 1.52 10 0 0 10
 4 16 0 4 -10 6.12 5.22 -10 7.65 1.52 -10 0 0 -10
 4 16 6.12 5.22 10 11.31 8.69 10 14.14 5.86 10 7.65 1.52 10
 4 16 6.12 5.22 -10 11.31 8.69 -10 14.14 5.86 -10 7.65 1.52 -10
 4 16 11.31 8.69 10 14.78 13.88 10 18.48 12.35 10 14.14 5.86 10
 4 16 11.31 8.69 -10 14.78 13.88 -10 18.48 12.35 -10 14.14 5.86 -10
 4 16 14.78 13.88 10 16 20 10 20 20 10 18.48 12.35 10
 4 16 14.78 13.88 -10 16 20 -10 20 20 -10 18.48 12.35 -10
0
