0 Brick  1 x  2 with Yellow Up Arrow and Black Border Pattern
0 Name: 3004p04.dat
0 Author: Kevin M Bane  6/14/99
0 Official LCad update 99-06

 1 16 0 4 0 1 0 0 0 -5 0 0 0 1 stud3.dat
 1 16 0 24 0 16 0 0 0 -20 0 0 0 6 box5.dat
 4 16 20 24 10 16 24 6 -16 24 6 -20 24 10 
 4 16 -20 24 10 -16 24 6 -16 24 -6 -20 24 -10 
 4 16 -20 24 -10 -16 24 -6 16 24 -6 20 24 -10 
 4 16 20 24 -10 16 24 -6 16 24 6 20 24 10 
 2 24 20 0 10 -20 0 10 
 2 24 -20 0 10 -20 0 -10 
 2 24 -20 0 -10 20 0 -10 
 2 24 20 0 -10 20 0 10 
 2 24 20 24 10 -20 24 10 
 2 24 -20 24 10 -20 24 -10 
 2 24 -20 24 -10 20 24 -10 
 2 24 20 24 -10 20 24 10 
 2 24 20 24 10 20 0 10 
 2 24 -20 24 10 -20 0 10 
 2 24 20 24 -10 20 0 -10 
 4 16 20 0 10 20 0 -10 -20 0 -10 -20 0 10 
 2 24 -20 24 -10 -20 0 -10 
 4 16 20 0 10 20 24 10 -20 24 10 -20 0 10 
 4 16 -20 0 10 -20 24 10 -20 24 -10 -20 0 -10 
 4 16 20 0 -10 20 24 -10 20 24 10 20 0 10 
 4 16 20 24 -10 20 22 -10 -20 22 -10 -20 24 -10 
 4 16 -4 24 -10 -4 11 -10 -20 11 -10 -20 24 -10 
 4 16 4 24 -10 4 11 -10 20 11 -10 20 24 -10 
 4 16 -10.5 12 -10 1 .5 -10 -20 .5 -10 -20 12 -10 
 4 16 10.5 12 -10 -1 .5 -10 20 .5 -10 20 12 -10 
 4 16 20 1.5 -10 20 0 -10 -20 0 -10 -20 1.5 -10 
 4 14 3 21 -10 3 9 -10 -3 9 -10 -3 21 -10 
 3 14 7 10 -10 0 3 -10 -7 10 -10 
 4 0 4 22 -10 4 21 -10 -4 21 -10 -4 22 -10 
 4 0 -3 21 -10 -3 10 -10 -4 10 -10 -4 22 -10 
 4 0 -3 11 -10 -3 10 -10 -8.5 10 -10 -9.5 11 -10 
 4 0 0 3 -10 0 1.5 -10 -9.5 11 -10 -8 11 -10 
 4 0 3 21 -10 3 10 -10 4 10 -10 4 22 -10 
 4 0 3 11 -10 3 10 -10 8.5 10 -10 9.5 11 -10 
 4 0 0 3 -10 0 1.5 -10 9.5 11 -10 8 11 -10 
 1 16 10 0 0 1 0 0 0 1 0 0 0 1 stud.dat
 1 16 -10 0 0 1 0 0 0 1 0 0 0 1 stud.dat
0