0 Brick  1 x  2 with White Grille Pattern
0 Name: 3004p12.dat
0 Author: James Jessiman
0 Original LDraw Part - LDraw beta 0.27 Archive

1 16 0 4 0 1 0 0 0 -5 0 0 0 1 stud3.dat

1 16 0 24 0 16 0 0 0 -20 0 0 0 6 box5.dat

4 16 20 24 10 16 24 6 -16 24 6 -20 24 10
4 16 -20 24 10 -16 24 6 -16 24 -6 -20 24 -10
4 16 -20 24 -10 -16 24 -6 16 24 -6 20 24 -10
4 16 20 24 -10 16 24 -6 16 24 6 20 24 10

1 16 20 12 0 0 0 0 12 0 0 0 0 10 rect.dat
1 16 -20 12 0 0 0 0 12 0 0 0 0 10 rect.dat
2 24 20 24 10 -20 24 10
2 24 20 24 -10 -20 24 -10
2 24 20 0 10 -20 0 10
2 24 20 0 -10 -20 0 -10
4 16 20 24 10 20 0 10 -20 0 10 -20 24 10
4 16 20 0 10 20 0 -10 -20 0 -10 -20 0 10

1 16 10 0 0 1 0 0 0 1 0 0 0 1 stud.dat
1 16 -10 0 0 1 0 0 0 1 0 0 0 1 stud.dat

1 15 -15 12 -10 1 0 0 0 0 9 0 0 0 rect.dat
1 15 -10 12 -10 1 0 0 0 0 9 0 0 0 rect.dat
1 15 -5 12 -10 1 0 0 0 0 9 0 0 0 rect.dat
1 15 0 12 -10 1 0 0 0 0 9 0 0 0 rect.dat
1 15 5 12 -10 1 0 0 0 0 9 0 0 0 rect.dat
1 15 10 12 -10 1 0 0 0 0 9 0 0 0 rect.dat
1 15 15 12 -10 1 0 0 0 0 9 0 0 0 rect.dat

4 16 20 24 -10 16 21 -10 -16 21 -10 -20 24 -10
4 16 -20 24 -10 -16 21 -10 -16 3 -10 -20 0 -10
4 16 -20 0 -10 -16 3 -10 16 3 -10 20 0 -10
4 16 20 0 -10 16 3 -10 16 21 -10 20 24 -10

4 16 14 21 -10 14 3 -10 11 3 -10 11 21 -10
4 16 9 21 -10 9 3 -10 6 3 -10 6 21 -10
4 16 4 21 -10 4 3 -10 1 3 -10 1 21 -10
4 16 -1 21 -10 -1 3 -10 -4 3 -10 -4 21 -10
4 16 -6 21 -10 -6 3 -10 -9 3 -10 -9 21 -10
4 16 -11 21 -10 -11 3 -10 -14 3 -10 -14 21 -10
0
