0 Brick  1 x  2 with Yellow Left Arrow and Black Border Pattern
0 Name: 3004p01.dat
0 Author: Kevin M Bane
0 Author: Arrow from Bram's Tile
0 Official LCad update 99-06

 1 16 0 4 0 1 0 0 0 -5 0 0 0 1 stud3.dat
 1 16 0 24 0 16 0 0 0 -20 0 0 0 6 box5.dat
 4 16 20 24 10 16 24 6 -16 24 6 -20 24 10 
 4 16 -20 24 10 -16 24 6 -16 24 -6 -20 24 -10 
 4 16 -20 24 -10 -16 24 -6 16 24 -6 20 24 -10 
 4 16 20 24 -10 16 24 -6 16 24 6 20 24 10 
 2 24 20 0 10 -20 0 10 
 2 24 -20 0 10 -20 0 -10 
 2 24 -20 0 -10 20 0 -10 
 2 24 20 0 -10 20 0 10 
 2 24 20 24 10 -20 24 10 
 2 24 -20 24 10 -20 24 -10 
 2 24 -20 24 -10 20 24 -10 
 2 24 20 24 -10 20 24 10 
 2 24 20 24 10 20 0 10 
 2 24 -20 24 10 -20 0 10 
 2 24 20 24 -10 20 0 -10 
 2 24 -20 24 -10 -20 0 -10 
 4 16 20 0 10 20 0 -10 -20 0 -10 -20 0 10 
 4 16 20 0 10 20 24 10 -20 24 10 -20 0 10 
 4 16 -20 0 10 -20 24 10 -20 24 -10 -20 0 -10 
 4 16 20 0 -10 20 24 -10 20 24 10 20 0 10 
 1 16 10 0 0 1 0 0 0 1 0 0 0 1 stud.dat
 1 16 -10 0 0 1 0 0 0 1 0 0 0 1 stud.dat
 4 0 -16 12.00 -10 -18.54 12.00 -10 -3.00 19.51 -10 -4.00 18 -10 
 4 0 -4.00 18 -10 -3.00 19.51 -10 -3.00 14 -10 -4.00 14 -10 
 4 0 -3.00 14 -10 14 14.00 -10 15 15.00 -10 -3.00 15 -10 
 4 0 14 14.00 -10 15 15.00 -10 15 9.00 -10 14 10.00 -10 
 4 0 -16 12.00 -10 -18.54 12.00 -10 -3.00 4.48 -10 -4.00 6.00 -10 
 4 0 -4.00 6.00 -10 -3.00 4.48 -10 -3.00 10 -10 -4 10 -10 
 4 0 -3.00 10 -10 14 10.00 -10 15 9.00 -10 -3.00 9 -10 
 3 14 -4.00 18 -10 -16 12.00 -10 -4.00 6.00 -10 
 4 14 -4.00 14 -10 14 14.00 -10 14 10.00 -10 -4 10 -10 
 3 16 -20.00 24.00 -10 -18.54 12.00 -10 -20.00 0.00 -10 
 3 16 -20.00 0.00 -10 -18.54 12.00 -10 -3.00 4.48 -10 
 3 16 -20.00 0.00 -10 -3.00 4.48 -10 20.00 -0.00 -10 
 4 16 20.00 -0.00 -10 -3.00 4.48 -10 -3.00 9 -10 15 9.00 -10 
 4 16 15 9.00 -10 20.00 -0.00 -10 20.00 24.00 -10 15 15.00 -10 
 3 16 -20.00 24.00 -10 -18.54 12.00 -10 -3.00 19.51 -10 
 3 16 -20.00 24.00 -10 -3.00 19.51 -10 20.00 24.00 -10 
 4 16 20.00 24.00 -10 -3.00 19.51 -10 -3.00 15 -10 15 15.00 -10 
0