0 Brick  1 x  2 with Classic Space Logo Pattern
0 Name: 3004p90.DAT
0 Author: Chris Dee (chris_w_dee@hotmail.com)
0 Official LCad Part 2000-01

1 16 0 4 0 1 0 0 0 -5 0 0 0 1 stud3.dat

1 16 0 24 0 16 0 0 0 -20 0 0 0 6 box5.dat

4 16 20 24 10 16 24 6 -16 24 6 -20 24 10
4 16 -20 24 10 -16 24 6 -16 24 -6 -20 24 -10
4 16 -20 24 -10 -16 24 -6 16 24 -6 20 24 -10
4 16 20 24 -10 16 24 -6 16 24 6 20 24 10

1 16 0 24 0 20 0 0 0 -24 0 0 0 10 box4-1.dat
2 24 -20 24 -10 20 24 -10

1 16 10 0 0 1 0 0 0 1 0 0 0 1 stud.dat
1 16 -10 0 0 1 0 0 0 1 0 0 0 1 stud.dat

1 366 0 0 0 1 0 0 0 1 0 0 0 1 s\3004p90a.dat

4 16 -20 0 -10 -19.296 9.865 -10 2.046 1.025 -10 2.046 0 -10
4 16 2.046 1.025 -10 2.046 0 -10 20 0 -10 16.477 1.109 -10
4 16 16.477 1.109 -10 20 0 -10 20 8.87 -10 19.691 8.87 -10
4 16 19.691 8.87 -10 20 8.87 -10 20 24 -10 7.961 16.759 -10
4 16 7.961 16.759 -10 20 24 -10 -6.531 24 -10 -6.531 22.762 -10
4 16 -6.531 22.762 -10 -6.531 24 -10 -20 24 -10 -15.009 20.212 -10
3 16 -15.009 20.212 -10 -20 24 -10 -19.296 9.865 -10
3 16 -20 24 -10 -20 0 -10 -19.296 9.865 -10

 4 15 -5.447 4.887 -10 -5.714 4.24 -10 -8.44 6.06 -10 -7.945 6.555 -10
 4 15 -7.945 6.555 -10 -8.44 6.06 -10 -10.259 8.786 -10 -9.613 9.053 -10
 4 15 -9.613 9.053 -10 -10.259 8.786 -10 -10.9 12 -10 -10.2 12 -10
 4 15 -10.2 12 -10 -10.9 12 -10 -10.26 15.214 -10 -9.613 14.947 -10
 4 15 -8.027 17.32 -10 -7.945 17.445 -10 -8.439 17.939 -10 -8.674 17.589 -10
 4 15 -7.945 17.445 -10 -8.44 17.94 -10 -5.714 19.759 -10 -5.447 19.113 -10
 4 15 -5.447 19.113 -10 -5.714 19.759 -10 -2.5 20.4 -10 -2.5 19.7 -10
 4 15 -2.5 19.7 -10 -2.5 20.4 -10 0.714 19.76 -10 0.447 19.113 -10
 4 15 0.447 19.113 -10 0.714 19.76 -10 3.44 17.94 -10 2.945 17.445 -10
 4 15 2.945 17.445 -10 3.44 17.94 -10 5.259 15.214 -10 4.613 14.947 -10
 4 15 4.613 14.947 -10 5.259 15.214 -10 5.9 12 -10 5.2 12 -10
 4 15 5.171 11.853 -10 5.2 12 -10 5.9 12 -10 5.817 11.586 -10
 4 15 4.613 9.053 -10 5.26 8.786 -10 3.44 6.06 -10 2.945 6.555 -10
 4 15 2.945 6.555 -10 3.44 6.06 -10 0.714 4.241 -10 0.447 4.887 -10
 4 15 0.447 4.887 -10 0.714 4.241 -10 -2.5 3.6 -10 -2.5 4.3 -10
 4 15 -2.5 4.3 -10 -2.5 3.6 -10 -5.714 4.24 -10 -5.447 4.887 -10

 4 15 -10.26 15.214 -10 -9.993 15.861 -10 10.702 7.289 -10 10.111 6.777 -10
 4 4 -9.993 15.861 -10 -9.457 17.155 -10 6.064 10.726 -10 5.529 9.432 -10
 4 15 -9.457 17.155 -10 -9.189 17.802 -10 11.182 9.364 -10 11.238 8.583 -10
 4 15 6.064 10.726 -10 5.529 9.432 -10 6.176 9.164 -10 6.711 10.457 -10
 4 4 6.711 10.457 -10 6.176 9.164 -10 7.468 8.629 -10 8.004 9.922 -10
 4 15 8.004 9.922 -10 7.468 8.629 -10 8.115 8.36 -10 8.651 9.654 -10
 4 4 8.651 9.654 -10 8.115 8.36 -10 8.762 8.093 -10 9.298 9.386 -10
 4 15 9.298 9.386 -10 8.762 8.093 -10 9.408 7.825 -10 9.945 9.119 -10
 4 4 9.945 9.119 -10 9.408 7.825 -10 10.702 7.289 -10 11.238 8.583 -10
 4 4 10.702 7.289 -10 11.192 4.814 -10 13.335 9.987 -10 11.238 8.583 -10
 4 4 11.192 4.814 -10 13.667 5.302 -10 14.74 7.89 -10 13.335 9.987 -10
 4 4 13.667 5.302 -10 16.523 4.878 -10 17.058 6.172 -10 14.74 7.89 -10
 3 4 16.523 4.878 -10 17.058 6.172 -10 17.437 5.258 -10
 4 15 10.702 7.289 -10 10.111 6.777 -10 10.278 4.434 -10 11.192 4.814 -10
 3 15 11.192 4.814 -10 10.278 4.434 -10 11.571 3.898 -10
 4 15 11.192 4.814 -10 11.571 3.898 -10 13.4 4.657 -10 13.667 5.302 -10
 4 15 13.667 5.302 -10 13.4 4.657 -10 16.254 4.231 -10 16.523 4.878 -10
 4 15 16.523 4.878 -10 16.254 4.231 -10 18.084 4.989 -10 17.437 5.258 -10
 4 15 17.437 5.258 -10 18.084 4.989 -10 17.327 6.819 -10 17.058 6.172 -10
 4 15 17.058 6.172 -10 17.327 6.819 -10 15.007 8.536 -10 14.74 7.89 -10
 4 15 14.74 7.89 -10 15.007 8.536 -10 14.25 10.366 -10 13.335 9.987 -10
 3 15 13.335 9.987 -10 14.25 10.366 -10 12.956 10.901 -10
 4 15 13.335 9.987 -10 12.956 10.901 -10 11.182 9.364 -10 11.238 8.583 -10

 4 4 -9.993 15.861 -10 -9.457 17.155 -10 -12.178 17.902 -10 -12.713 16.609 -10
 4 4 -12.713 16.609 -10 -12.178 17.902 -10 -15.435 17.358 -10 -15.702 16.711 -10
 4 4 -15.702 16.711 -10 -15.969 16.064 -10 -13.272 13.431 -10 -13.004 14.078 -10
 4 4 -13.004 14.078 -10 -13.272 13.431 -10 -10.9 12 -10 -10.761 12.7 -10
 3 15 -10.761 12.7 -10 -10.26 15.214 -10 -13.004 14.078 -10
 4 15 -13.004 14.078 -10 -10.26 15.214 -10 -9.993 15.861 -10 -12.713 16.609 -10
 3 15 -13.004 14.078 -10 -12.713 16.609 -10 -15.702 16.711 -10

 4 15 -9.457 17.155 -10 -9.189 17.802 -10 -11.909 18.549 -10 -12.178 17.902 -10
 4 15 -12.178 17.902 -10 -11.909 18.549 -10 -15.166 18.005 -10 -15.435 17.358 -10
 3 15 -15.166 18.005 -10 -16.349 16.978 -10 -16.238 15.417 -10
 4 15 -15.969 16.064 -10 -16.238 15.417 -10 -13.54 12.784 -10 -13.272 13.431 -10
 4 15 -13.272 13.431 -10 -13.54 12.784 -10 -10.735 11.174 -10 -10.9 12 -10

 4 16 -16.349 16.978 -10 -19.296 9.865 -10 -18.649 9.598 -10 -16.238 15.417 -10
 4 16 -16.238 15.417 -10 -18.649 9.598 -10 -15.415 8.258 -10 -13.54 12.784 -10
 4 16 -13.54 12.784 -10 -15.415 8.258 -10 -12.453 7.03 -10 -10.735 11.174 -10
 4 16 -10.735 11.174 -10 -12.453 7.03 -10 -11.202 6.512 -10 -10.262 8.786 -10
 4 16 -10.262 8.786 -10 -11.202 6.512 -10 -8.684 5.469 -10 -8.439 6.061 -10
 3 16 -8.439 6.061 -10 -8.684 5.469 -10 -5.714 4.24 -10
 3 16 -5.714 4.24 -10 -2.745 3.009 -10 -2.5 3.6 -10
 4 16 -2.5 3.6 -10 -2.745 3.009 -10 -0.226 1.966 -10 0.714 4.238 -10
 4 16 0.714 4.238 -10 -0.226 1.966 -10 1.455 1.27 -10 3.439 6.061 -10
 4 16 3.439 6.061 -10 1.455 1.27 -10 2.046 1.025 -10 5.26 8.786 -10
 4 16 5.26 8.786 -10 2.046 1.025 -10 9.039 4.189 -10 10.111 6.777 -10
 4 16 10.111 6.777 -10 9.039 4.189 -10 10.009 3.788 -10 10.278 4.434 -10
 4 16 10.278 4.434 -10 10.009 3.788 -10 11.303 3.251 -10 11.571 3.898 -10
 4 16 11.571 3.898 -10 11.303 3.251 -10 12.596 2.717 -10 13.4 4.657 -10
 4 16 13.4 4.657 -10 12.596 2.717 -10 15.183 1.644 -10 16.254 4.231 -10
 4 16 16.254 4.231 -10 15.183 1.644 -10 16.477 1.109 -10 18.084 4.989 -10

 4 16 18.084 4.989 -10 19.691 8.87 -10 18.398 9.406 -10 17.327 6.819 -10
 4 16 17.327 6.819 -10 18.398 9.406 -10 15.811 10.477 -10 15.007 8.536 -10
 4 16 15.007 8.536 -10 15.811 10.477 -10 14.517 11.013 -10 14.25 10.366 -10
 4 16 14.25 10.366 -10 14.517 11.013 -10 13.223 11.548 -10 12.956 10.901 -10
 4 16 12.956 10.901 -10 13.223 11.548 -10 12.255 11.95 -10 11.182 9.364 -10
 4 16 11.182 9.364 -10 12.255 11.95 -10 7.961 16.759 -10 5.817 11.586 -10
 4 16 5.817 11.586 -10 7.961 16.759 -10 7.884 16.791 -10 5.9 12 -10
 4 16 5.9 12 -10 7.884 16.791 -10 6.202 17.488 -10 5.262 15.214 -10
 4 16 5.262 15.214 -10 6.202 17.488 -10 3.684 18.531 -10 3.439 17.939 -10
 3 16 3.439 17.939 -10 3.684 18.531 -10 0.714 19.76 -10
 3 16 0.714 19.76 -10 -2.255 20.991 -10 -2.5 20.4 -10
 4 16 -2.5 20.4 -10 -2.255 20.991 -10 -4.774 22.034 -10 -5.714 19.762 -10
 4 16 -5.714 19.762 -10 -4.774 22.034 -10 -6.455 22.73 -10 -8.439 17.939 -10
 4 16 -8.439 17.939 -10 -6.455 22.73 -10 -6.531 22.762 -10 -8.674 17.589 -10
 3 16 -6.531 22.762 -10 -8.674 17.589 -10 -11.909 18.549 -10
 4 16 -11.909 18.549 -10 -6.531 22.762 -10 -15.009 20.212 -10 -15.166 18.005 -10
 3 16 -15.166 18.005 -10 -15.009 20.212 -10 -16.349 16.978 -10
 3 16 2.046 1.025 -10 9.039 4.189 -10 16.477 1.109 -10
 3 16 19.691 8.87 -10 12.255 11.95 -10 7.961 16.759 -10
0
