0 Brick  1 x  1 with Blue "Y" Pattern
0 Name: 3005-y.dat
0 Author: Tore Eriksson 1998
0 Official LCad update 98-10

4 1 1 20 -10 -1 20 -10 -1 14 -10 1 14 -10
4 1 -7 5 -10 -4.8 5 -10 0 11.5 -10 -1 14 -10
4 1 4.8 5 -10 7 5 -10 1 14 -10 0 11.5 -10
3 1 -1 14 -10 1 14 -10 0 11.5 -10
4 16 -10 0 -10 -7 5 -10 7 5 -10 10 0 -10
3 16 10 0 -10 7 5 -10 10 12 -10
4 16 10 24 -10 10 12 -10 7 5 -10 1 14 -10
3 16 10 24 -10 1 14 -10 1 20 -10
4 16 10 24 -10 -10 24 -10 -1 20 -10 1 20 -10
4 16 -10 24 -10 -1 20 -10 -1 14 -10 -7 5 -10
3 16 -10 24 -10 -7 5 -10 -10 0 -10
3 16 -4.8 5 -10 4.8 5 -10 0 11.5 -10

1 16 0 24 0 6 0 0 0 -20 0 0 0 6 box5.dat
4 16 10 24 10 6 24 6 -6 24 6 -10 24 10
4 16 -10 24 10 -6 24 6 -6 24 -6 -10 24 -10
4 16 -10 24 -10 -6 24 -6 6 24 -6 10 24 -10
4 16 10 24 -10 6 24 -6 6 24 6 10 24 10
1 16 0 24 0 10 0 0 0 -24 0 0 0 10 box4-1.dat
1 16 0 0 0 1 0 0 0 1 0 0 0 1 stud.dat
2 24 -10 24 -10  10 24 -10
0