0 Brick  1 x  1 with Lightblue "7" Pattern
0 Name: 3005pv7.dat
0 Author: Tore Eriksson
0 LDRAW_ORG Part UPDATE 2004-02

0 KEYWORDS letters, numbers
0 BFC CERTIFY CW

1 16 0 0 0 1 0 0 0 1 0 0 0 1 s\3005s01.dat

4 9 -6 6 -10 6 6 -10 0.67 9 -10 -6 9 -10 
4 9 6 6 -10 -2.5 20 -10 -6 20 -10 0.67 9 -10 
3 16 10 24 -10 6 6 -10 10 0 -10 
3 16 10 24 -10 -2.5 20 -10 6 6 -10 
4 16 -10 24 -10 -6 20 -10 -2.5 20 -10 10 24 -10 
4 16 -10 0 -10 -6 6 -10 -6 20 -10 -10 24 -10 
4 16 -10 0 -10 10 0 -10 6 6 -10 -6 6 -10 
3 16 -6 20 -10 -6 9 -10 0.67 9 -10 
0
