0 Brick  1 x  1 with Blue "V" Pattern
0 Name: 3005ptv.dat
0 Author: Tore Eriksson 1998
0 LDRAW_ORG Part UPDATE 2004-02

0 // 2003-12-09  Steffen  made use of existing subfile

1 16 0 0 0 1 0 0 0 1 0 0 0 1 s\3005s01.dat

4 1 -5.5 5 -10 -1 19 -10 0 16 -10 -3.5 5 -10
3 1 -1 19 -10 1 19 -10 0 16 -10
4 1 1 19 -10 0 16 -10 3.5 5 -10 5.5 5 -10
4 16 -10 0 -10 -5.5 5 -10 5.5 5 -10 10 0 -10
4 16 -10 0 -10 -5.5 5 -10 -1 19 -10 -10 24 -10
4 16 -10 24 -10 -1 19 -10 1 19 -10 10 24 -10
4 16 10 24 -10 1 19 -10 5.5 5 -10 10 0 -10
3 16 0 16 -10 3.5 5 -10 -3.5 5 -10
0
