0 Brick  1 x  1 with Blue "W" Pattern
0 Name: 3005-w.dat
0 Author: Tore Eriksson 1998
0 Official LCad update 98-10

4 1 -8 5 -10 -6 5 -10 -3.5 15 -10 -4.5 19 -10
4 1 -4.5 19 -10 -3.5 15 -10 0 11 -10 -2.5 19 -10
3 1 -3.5 15 -10 -1 5 -10 0 11 -10
3 1 1 5 -10 -1 5 -10 0 11 -10
4 1 2.5 19 -10 4.5 19 -10 3.55 15 -10 0 11 -10
3 1 3.55 15 -10 0 11 -10 1 5 -10
4 1 4.5 19 -10 3.55 15 -10 6 5 -10 8 5 -10
4 16 -10 0 -10 -8 5 -10 8 5 -10 10 0 -10
4 16 10 0 -10 8 5 -10 4.5 19 -10 10 24 -10
4 16 10 24 -10 4.5 19 -10 -4.5 19 -10 -10 24 -10
4 16 -10 24 -10 -4.5 19 -10 -8 5 -10 -10 0 -10
3 16 -6 5 -10 -1 5 -10 -3.5 15 -10
3 16 1 5 -10 6 5 -10 3.55 15 -10
3 16 -2.5 19 -10 2.5 19 -10 0 11 -10

1 16 0 24 0 6 0 0 0 -20 0 0 0 6 box5.dat
4 16 10 24 10 6 24 6 -6 24 6 -10 24 10
4 16 -10 24 10 -6 24 6 -6 24 -6 -10 24 -10
4 16 -10 24 -10 -6 24 -6 6 24 -6 10 24 -10
4 16 10 24 -10 6 24 -6 6 24 6 10 24 10
1 16 0 24 0 10 0 0 0 -24 0 0 0 10 box4-1.dat
1 16 0 0 0 1 0 0 0 1 0 0 0 1 stud.dat
2 24 -10 24 -10  10 24 -10
0