0 Brick  1 x  1 with Lightblue "1" Pattern
0 Name: 3005pv1.dat
0 Author: Tore Eriksson 1998
0 LDRAW_ORG Part UPDATE 2004-02

0 // 2003-12-09  Steffen  made use of existing subfile

1 16 0 0 0 1 0 0 0 1 0 0 0 1 s\3005s01.dat

4 9 -4 6 -10 2 6 -10 -2 9 -10 -4 9 -10
4 9 2 19 -10 -2 19 -10 -2 9 -10 2 6 -10
4 16 -10 0 -10 10 0 -10 2 6 -10 -4 6 -10
4 16 10 0 -10 2 6 -10 2 19 -10 10 24 -10
4 16 10 24 -10 2 19 -10 -2 19 -10 -10 24 -10
4 16 -10 24 -10 -2 19 -10 -2 9 -10 -4 9 -10
4 16 -10 24 -10 -4 9 -10 -4 6 -10 -10 0 -10
0
