0 Brick  1 x  1 with Blue "G" Pattern
0 Name: 3005-g.dat
0 Author: Tore Eriksson 1998
0 Official LCad update 98-10

4 1 5.4497 7.0503 -10 4.0355 8.4645 -10 2.4135 7.3805 -10 3.1789 5.5327 -10
4 1 3.1789 5.5327 -10 2.4135 7.3805 -10 0.5 7 -10 0.5 5 -10
4 1 0.5 7 -10 0.5 5 -10 -2.1789 5.5327 -10 -1.4135 7.3805 -10
4 1 -2.1789 5.5327 -10 -1.4135 7.3805 -10 -3.0355 8.4645 -10 -4.4497 7.0503 -10
4 1 -4.4497 7.0503 -10 -3.0355 8.4645 -10 -4.1195 10.0865 -10 -5.9673 9.3211 -10
4 1 -5.9673 9.3211 -10 -4.1195 10.0865 -10 -4.5 12 -10 -6.5 12 -10
4 1 -6.5 12 -10 -4.5 12 -10 -4.1195 13.9135 -10 -5.9673 14.6789 -10
4 1 -5.9673 14.6789 -10 -4.1195 13.9135 -10 -3.0355 15.5355 -10 -4.4497 16.9497 -10
4 1 -5.9673 14.6789 -10 -4.1195 13.9135 -10 -3.0355 15.5355 -10 -4.4497 16.9497 -10
4 1 -4.4497 16.9497 -10 -3.0355 15.5355 -10 -1.4135 16.6195 -10 -2.1789 18.4673 -10
4 1 -2.1789 18.4673 -10 -1.4135 16.6195 -10 0.5 17 -10 0.5 19 -10
4 1 0.5 19 -10 0.5 17 -10 2.4135 16.6195 -10 3.1789 18.4673 -10
4 1 3.1789 18.4673 -10 2.4135 16.6195 -10 4.5355 15.5355 -10 5.9997 16.9997 -10
4 1 5.9997 16.9997 -10 6 13 -10 4.5 14.5 -10 4.5355 15.5355 -10
4 1 6 13 -10 4.5 14.5 -10 1 14.5 -10 1 13 -10
4 16 10 0 -10 5.4497 7.0503 -10 3.1789 5.5327 -10 0 0 -10
3 16 0 0 -10 3.1789 5.5327 -10 0.5 5 -10
4 16 0 0 -10 0.5 5 -10 -2.1789 5.5327 -10 -10 0 -10
3 16 -10 0 -10 -2.1789 5.5327 -10 -4.4497 7.0503 -10
4 16 -10 0 -10 -4.4497 7.0503 -10 -5.9673 9.3211 -10 -10 12 -10
3 16 -10 12 -10 -5.9673 9.3211 -10 -6.5 12 -10
4 16 -10 12 -10 -6.5 12 -10 -5.9673 14.6789 -10 -10 24 -10
3 16 -10 24 -10 -5.9673 14.6789 -10 -4.4497 16.9497 -10
3 16 -10 24 -10 -4.4497 16.9497 -10 -2.1789 18.4673 -10
4 16 -10 24 -10 -2.1789 18.4673 -10 0.5 19 -10 0 24 -10
3 16 0 24 -10 0.5 19 -10 3.1789 18.4673 -10
4 16 0 24 -10 3.1789 18.4673 -10 5.9997 16.9997 -10 10 24 -10
4 16 10 24 -10 5.9997 16.9997 -10 6 13 -10 10 12 -10
4 16 10 12 -10 6 13 -10 4.0355 8.4645 -10 5.4497 7.0503 -10
3 16 10 12 -10 5.4497 7.0503 -10 10 0 -10
4 16 6 13 -10 4.0355 8.4645 -10 0.5 12 -10 1 13 -10
4 16 0.5 12 -10 4.0355 8.4645 -10 2.4135 7.3805 -10 0.5 7 -10
4 16 0.5 12 -10 0.5 7 -10 -1.4135 7.3805 -10 -3.0355 8.4645 -10
4 16 0.5 12 -10 -3.0355 8.4645 -10 -4.1195 10.0865 -10 -4.5 12 -10
4 16 0.5 12 -10 -4.5 12 -10 -4.1195 13.9135 -10 -3.0355 15.5355 -10
4 16 0.5 12 -10 -3.0355 15.5355 -10 1 14.5 -10 1 13 -10
4 16 1 14.5 -10 -3.0355 15.5355 -10 -1.4135 16.6195 -10 0.5 17 -10
3 16 1 14.5 -10 0.5 17 -10 2.4135 16.6195 -10
4 16 1 14.5 -10 2.4135 16.6195 -10 4.5355 15.5355 -10 4.5 14.5 -10

1 16 0 24 0 6 0 0 0 -20 0 0 0 6 box5.dat
4 16 10 24 10 6 24 6 -6 24 6 -10 24 10
4 16 -10 24 10 -6 24 6 -6 24 -6 -10 24 -10
4 16 -10 24 -10 -6 24 -6 6 24 -6 10 24 -10
4 16 10 24 -10 6 24 -6 6 24 6 10 24 10
1 16 0 24 0 10 0 0 0 -24 0 0 0 10 box4-1.dat
1 16 0 0 0 1 0 0 0 1 0 0 0 1 stud.dat
2 24 -10 24 -10  10 24 -10
0