0 Brick  1 x  1 with Blue "J" Pattern
0 Name: 3005-j.dat
0 Author: Tore Eriksson 1998
0 Official LCad update 98-10

4 1 5 5 -10 3 5 -10 3 13.5 -10 5 13.5 -10
0 4 1 -6 13.5 -10 -4 13.5 -10 -3.73365 14.8394 -10 -5.58145 15.6048 -10
0 4 1 -5.58145 15.6048 -10 -3.73365 14.8394 -10 -2.97485 15.9748 -10 -4.38905 17.389 -10
4 1 -4.38905 17.389 -10 -3.73365 14.8394 -10 -1.83945 16.7337 -10 -2.60485 18.5814 -10
4 1 -2.60485 18.5814 -10 -1.83945 16.7337 -10 -0.5 17 -10 -0.5 19 -10
4 1 -0.5 19 -10 -0.5 17 -10 0.83945 16.7337 -10 1.60485 18.5814 -10
4 1 1.60485 18.5814 -10 0.83945 16.7337 -10 1.97485 15.9748 -10 3.38905 17.389 -10
4 1 3.38905 17.389 -10 1.97485 15.9748 -10 2.73365 14.8394 -10 4.58145 15.6048 -10
4 1 4.58145 15.6048 -10 2.73365 14.8394 -10 3 13.5 -10 5 13.5 -10
3 16 -10 24 -10 -4.38905 17.389 -10 -10 12 -10
3 16 -10 12 -10 -4.38905 17.389 -10 -2.97485 15.9748 -10
4 16 -10 12 -10 -2.97485 15.9748 -10 -0.5 13.5 -10 -10 0 -10
4 16 -10 0 -10 -0.5 13.5 -10 3 5 -10 0 0 -10
4 16 0 0 -10 3 5 -10 5 5 -10 10 0 -10
4 16 10 0 -10 5 5 -10 5 13.5 -10 10 24 -10
3 16 10 24 -10 5 13.5 -10 4.58145 15.6048 -10
3 16 10 24 -10 4.58145 15.6048 -10 3.38905 17.389 -10
4 16 -10 24 -10 -4.38905 17.389 -10 -2.60485 18.5814 -10 0 24 -10
3 16 0 24 -10 -2.60485 18.5814 -10 -0.5 19 -10
3 16 0 24 -10 -0.5 19 -10 1.60485 18.5814 -10
4 16 0 24 -10 1.60485 18.5814 -10 3.38905 17.389 -10 10 24 -10
3 16 -0.5 13.5 -10 -2.97485 15.9748 -10 -1.83945 16.7337 -10
4 16 -0.5 13.5 -10 -1.83945 16.7337 -10 -0.5 17 -10 0.83945 16.7337 -10
4 16 -0.5 13.5 -10 0.83945 16.7337 -10 1.97485 15.9748 -10 2.73365 14.8394 -10
4 16 -0.5 13.5 -10 2.73365 14.8394 -10 3 13.5 -10 3 5 -10

1 16 0 24 0 6 0 0 0 -20 0 0 0 6 box5.dat
4 16 10 24 10 6 24 6 -6 24 6 -10 24 10
4 16 -10 24 10 -6 24 6 -6 24 -6 -10 24 -10
4 16 -10 24 -10 -6 24 -6 6 24 -6 10 24 -10
4 16 10 24 -10 6 24 -6 6 24 6 10 24 10
1 16 0 24 0 10 0 0 0 -24 0 0 0 10 box4-1.dat
1 16 0 0 0 1 0 0 0 1 0 0 0 1 stud.dat
2 24 -10 24 -10  10 24 -10
0