0 Brick  1 x  1 with Blue "W" Pattern
0 Name: 3005ptw.dat
0 Author: Tore Eriksson 1998
0 LDRAW_ORG Part UPDATE 2004-02

0 // 2003-12-09  Steffen  made use of existing subfile

1 16 0 0 0 1 0 0 0 1 0 0 0 1 s\3005s01.dat

4 1 -8 5 -10 -6 5 -10 -3.5 15 -10 -4.5 19 -10
4 1 -4.5 19 -10 -3.5 15 -10 0 11 -10 -2.5 19 -10
3 1 -3.5 15 -10 -1 5 -10 0 11 -10
3 1 1 5 -10 -1 5 -10 0 11 -10
4 1 2.5 19 -10 4.5 19 -10 3.55 15 -10 0 11 -10
3 1 3.55 15 -10 0 11 -10 1 5 -10
4 1 4.5 19 -10 3.55 15 -10 6 5 -10 8 5 -10
4 16 -10 0 -10 -8 5 -10 8 5 -10 10 0 -10
4 16 10 0 -10 8 5 -10 4.5 19 -10 10 24 -10
4 16 10 24 -10 4.5 19 -10 -4.5 19 -10 -10 24 -10
4 16 -10 24 -10 -4.5 19 -10 -8 5 -10 -10 0 -10
3 16 -6 5 -10 -1 5 -10 -3.5 15 -10
3 16 1 5 -10 6 5 -10 3.55 15 -10
3 16 -2.5 19 -10 2.5 19 -10 0 11 -10
0
