0 Brick  1 x  8 with "GARAGE" Pattern
0 Name: 3008p03.dat
0 Author: Tore Eriksson
0 Official LCad update 98-03

4 16  -80 0 -10 80 0 -10 80 8 -10 -80 8 -10
4 16  -80 24 -10 -80 19 -10 80 19 -10 80 24 -10

0 'G'
4 16  -80 8 -10  -51.2 8 -10  -51.2 19 -10  -80 19 -10
4 0 -42 15.8 -10 -42 17.8 -10 -41.264 18.56 -10 -38.96 17.35 -10
3 0 -42 15.8 -10 -38.96 17.35 -10 -37.4 15.8 -10
4 16 -36.8 8 -10 -37.4 9.2 -10 -37.4 15.8 -10 -36.8 19 -10
4 16 -36.8 8 -10 -37.4 9.2 -10 -41.264 8.44 -10 -44 8 -10
3 16 -37.4 9.2 -10 -41.264 8.44 -10 -38.96 9.65 -10
3 16 -37.4 9.2 -10 -38.96 9.65 -10 -37.4 11.2 -10
3 16 -37.4 17.8 -10 -38.96 17.35 -10 -37.4 15.8 -10
4 16 -44 19 -10 -41.264 18.56 -10 -37.4 17.8 -10 -36.8 19 -10
3 16 -37.4 17.8 -10 -38.96 17.35 -10 -41.264 18.56 -10
1 16 -44 13.5 -10 0 0 -7.2 5.5 0 0 0 0 0 2-4ndis.dat
4 0 -44 19 -10 -46 17.8 -10 -42 17.8 -10 -41.264 18.56 -10
4 0 -46 17.8 -10 -44 19 -10 -46.736 18.56 -10 -49.04 17.35 -10
4 0 -46 17.8 -10 -49.04 17.35 -10 -50.624 15.59 -10 -51.2 13.5 -10
3 0 -51.2 13.5 -10 -46 17.8 -10 -46 9.2 -10
1 0 -44 15.8 -10 2 0 0 0 0 2 0 0 0 2-4ndis.dat
1 16 -44 15.8 -10 2 0 0 0 0 2 0 0 0 2-4disc.dat
1 0 -44 11.2 -10 2 0 0 0 0 -2 0 0 0 2-4ndis.dat
1 16 -44 11.2 -10 2 0 0 0 0 -2 0 0 0 2-4disc.dat
4 0 -46 9.2 -10 -51.2 13.5 -10 -50.624 11.41 -10 -49.04 9.65 -10
4 0 -46 9.2 -10 -49.04 9.65 -10 -46.736 8.44 -10 -44 8 -10
4 0 -44 8 -10 -46 9.2 -10 -42 9.2 -10 -41.264 8.44 -10
3 0 -42 9.2 -10 -41.264 8.44 -10 -38.96 9.65 -10
4 0 -42 9.2 -10 -42 11.2 -10 -37.4 11.2 -10 -38.96 9.65 -10
4 16 -42 11.2 -10 -37.4 11.2 -10 -37.4 13.5 -10 -42 13.5 -10
4 0 -42 15.8 -10 -37.4 15.8 -10 -37.4 13.5 -10 -42 13.5 -10
4 16 -42 11.2 -10 -46 11.2 -10 -46 15.8 -10 -42 15.8 -10
4 16  -36.8 8 -10  -33.6 8 -10  -33.6 19 -10  -36.8 19 -10

0 'A'
4 0 -33.6 19 -10 -30.4 19 -10 -26.0 12.4 -10 -27.2 8 -10
3 0 -27.2 8 -10 -26.0 12.4 -10 -21.6 8 -10
4 0 -26.0 12.4 -10 -22.4 19 -10 -16.8 19 -10 -21.6 8 -10
4 0 -24.05 16 -10 -25.05 14.2 -10 -27.2 14.2 -10 -28.4 16 -10
3 16 -27.2 8 -10 -33.6 8 -10 -33.6 19 -10
3 16 -27.2 14.2 -10 -26.0 12.4 -10 -25.05 14.2 -10
4 16 -22.4 19 -10 -24.05 16 -10 -28.4 16 -10 -30.4 19 -10
3 16 -16.8 19 -10 -16.8 8 -10 -21.6 8 -10

0 'R'
4 0  -12.8 19 -10  -12.8 8 -10  -8.8 10 -10  -8.8 19 -10
4 0  -8 15.2 -10 -5.6 19 -10 0 19 -10 -2.4 14.4 -10
4 16  -8.8 19 -10 -8.8 15.2 -10 -8 15.2 -10 -5.6 19 -10
4 16  -12.8 19 -10 -12.8 8 -10 -21.6 8 -10 -16.8 19 -10
4 16  -2.4 14.4 -10  3.2 14.4 -10  3.2 19 -10  0 19 -10
4 0  -12.8 8 -10  -8.8 10 -10  -2.4 10 -10  -2.4 8 -10
1 0  -2.4  11.2 -10  0 0 2.4  3.2 0 0  0 0 0  2-4disc.dat
1 16  -2.4  11.2 -10  0 0 2.4  3.2 0 0  0 0 0  2-4ndis.dat
4 0  -8.8 13 -10  -8.8 15.2 -10  -2.4 14.4 -10  -2.4 13 -10
4 16  -8.8 10 -10  -6 10 -10  -6 13 -10  -8.8 13 -10
1 16  -6 11.5 -10  0 0 1.6  1.5 0 0  0 0 0  2-4disc.dat
1 0  -6 11.5 -10  0 0 1.6  1.5 0 0  0 0 0  2-4ndis.dat
4 0  -4.4 10 -10  -2.4 10 -10  -2.4 13 -10  -4.4 13 -10
4 16 0 8 -10  3.2 8 -10  3.2 14.4 -10  0 14.4 -10

0 'A'
4 0 3.2 19 -10 6.4 19 -10 10.8 12.4 -10 9.6 8 -10
3 0 9.6 8 -10 10.8 12.4 -10 15.2 8 -10
4 0 10.8 12.4 -10 14.4 19 -10 20 19 -10 15.2 8 -10
4 0 12.75 16 -10 11.75 14.2 -10 9.6 14.2 -10 8.4 16 -10
3 16 9.6 8 -10 3.2 8 -10 3.2 19 -10
3 16 9.6 14.2 -10 10.8 12.4 -10 11.75 14.2 -10
4 16 14.4 19 -10 12.75 16 -10 8.4 16 -10 6.4 19 -10
3 16 20 19 -10 20 8 -10 15.2 8 -10
4 16  20 8 -10  21.6 8 -10  21.6 19 -10  20 19 -10

0 'G'
4 0 30.8 15.8 -10 30.8 17.8 -10 31.536 18.56 -10 33.84 17.35 -10
3 0 30.8 15.8 -10 33.84 17.35 -10 35.4 15.8 -10
4 16 36 8 -10 35.4 9.2 -10 35.4 15.8 -10 36 19 -10
4 16 36 8 -10 35.4 9.2 -10 31.536 8.44 -10 28.8 8 -10
3 16 35.4 9.2 -10 31.536 8.44 -10 33.84 9.65 -10
3 16 35.4 9.2 -10 33.84 9.65 -10 35.4 11.2 -10
3 16 35.4 17.8 -10 33.84 17.35 -10 35.4 15.8 -10
4 16 28.8 19 -10 31.536 18.56 -10 35.4 17.8 -10 36 19 -10
3 16 35.4 17.8 -10 33.84 17.35 -10 31.536 18.56 -10
1 16 28.8 13.5 -10 0 0 -7.2 5.5 0 0 0 0 0 2-4ndis.dat
4 0 28.8 19 -10 26.8 17.8 -10 30.8 17.8 -10 31.536 18.56 -10
4 0 26.8 17.8 -10 28.8 19 -10 26.064 18.56 -10 23.76 17.35 -10
4 0 26.8 17.8 -10 23.76 17.35 -10 22.176 15.59 -10 21.6 13.5 -10
3 0 21.6 13.5 -10 26.8 17.8 -10 26.8 9.2 -10
1 0 28.8 15.8 -10 2 0 0 0 0 2 0 0 0 2-4ndis.dat
1 16 28.8 15.8 -10 2 0 0 0 0 2 0 0 0 2-4disc.dat
1 0 28.8 11.2 -10 2 0 0 0 0 -2 0 0 0 2-4ndis.dat
1 16 28.8 11.2 -10 2 0 0 0 0 -2 0 0 0 2-4disc.dat
4 0 26.8 9.2 -10 21.6 13.5 -10 22.176 11.41 -10 23.76 9.65 -10
4 0 26.8 9.2 -10 23.76 9.65 -10 26.064 8.44 -10 28.8 8 -10
4 0 28.8 8 -10 26.8 9.2 -10 30.8 9.2 -10 31.536 8.44 -10
3 0 30.8 9.2 -10 31.536 8.44 -10 33.84 9.65 -10
4 0 30.8 9.2 -10 30.8 11.2 -10 35.4 11.2 -10 33.84 9.65 -10
4 16 30.8 11.2 -10 35.4 11.2 -10 35.4 13.5 -10 30.8 13.5 -10
4 0 30.8 15.8 -10 35.4 15.8 -10 35.4 13.5 -10 30.8 13.5 -10
4 16 30.8 11.2 -10 26.8 11.2 -10 26.8 15.8 -10 30.8 15.8 -10
4 16  36 8 -10  40 8 -10  40 19 -10  36 19 -10

0 'E'
4 0 40 19 -10 54.4 19 -10 54.4 16 -10 44 16 -10
4 0 40 8 -10 40 19 -10 44 16 -10 44 10.4 -10
4 0 40 8 -10 44 10.4 -10 54.4 10.4 -10 54.4 8 -10
4 0 44 14 -10 49.6 14 -10 49.6 12.4 -10 44 12.4 -10
4 16 80 19 -10 54.4 19 -10 54.4 8 -10 80 8 -10
4 16 54.4 16 -10 44 16 -10 44 14 -10 54.4 14 -10
4 16 49.6 12.4 -10 44 12.4 -10 44 10.4 -10 54.4 10.4 -10
4 16 49.6 12.4 -10 54.4 10.4 -10 54.4 16 -10 49.6 14 -10

1 16 60 4 0 1 0 0 0 -5 0 0 0 1 stud3.dat
1 16 40 4 0 1 0 0 0 -5 0 0 0 1 stud3.dat
1 16 20 4 0 1 0 0 0 -5 0 0 0 1 stud3.dat
1 16 0 4 0 1 0 0 0 -5 0 0 0 1 stud3.dat
1 16 -20 4 0 1 0 0 0 -5 0 0 0 1 stud3.dat
1 16 -40 4 0 1 0 0 0 -5 0 0 0 1 stud3.dat
1 16 -60 4 0 1 0 0 0 -5 0 0 0 1 stud3.dat
1 16 0 24 0 76 0 0 0 -20 0 0 0 6 box5.dat
4 16 80 24 10 76 24 6 -76 24 6 -80 24 10
4 16 -80 24 10 -76 24 6 -76 24 -6 -80 24 -10
4 16 -80 24 -10 -76 24 -6 76 24 -6 80 24 -10
4 16 80 24 -10 76 24 -6 76 24 6 80 24 10
1 16 0 24 0 80 0 0 0 -24 0 0 0 10 box4t.dat
1 16 70 0 0 1 0 0 0 1 0 0 0 1 stud.dat
1 16 50 0 0 1 0 0 0 1 0 0 0 1 stud.dat
1 16 30 0 0 1 0 0 0 1 0 0 0 1 stud.dat
1 16 10 0 0 1 0 0 0 1 0 0 0 1 stud.dat
1 16 -10 0 0 1 0 0 0 1 0 0 0 1 stud.dat
1 16 -30 0 0 1 0 0 0 1 0 0 0 1 stud.dat
1 16 -50 0 0 1 0 0 0 1 0 0 0 1 stud.dat
1 16 -70 0 0 1 0 0 0 1 0 0 0 1 stud.dat
