0 Brick  1 x  8 with Red Cross Lower Half
0 Name: 3008p02.dat
0 Author: Arne Hackstein
0 Official LCad update 98-03

1 16 60 4 0 1 0 0 0 -5 0 0 0 1 stud3.dat
1 16 40 4 0 1 0 0 0 -5 0 0 0 1 stud3.dat
1 16 20 4 0 1 0 0 0 -5 0 0 0 1 stud3.dat
1 16 0 4 0 1 0 0 0 -5 0 0 0 1 stud3.dat
1 16 -20 4 0 1 0 0 0 -5 0 0 0 1 stud3.dat
1 16 -40 4 0 1 0 0 0 -5 0 0 0 1 stud3.dat
1 16 -60 4 0 1 0 0 0 -5 0 0 0 1 stud3.dat

1 16 0 24 0 76 0 0 0 -20 0 0 0 6 box5.dat

2 24 80 0 10 -80 0 10
2 24 -80 0 10 -80 0 -10
2 24 -80 0 -10 80 0 -10
2 24 80 0 -10 80 0 10

2 24 80 24 10 -80 24 10
2 24 -80 24 10 -80 24 -10
2 24 -80 24 -10 80 24 -10
2 24 80 24 -10 80 24 10

2 24 80 0 10 80 24 10
2 24 -80 0 10 -80 24 10
2 24 -80 0 -10 -80 24 -10
2 24 80 0 -10 80 24 -10

4 16 80 24 10 76 24 6 -76 24 6 -80 24 10
4 16 -80 24 10 -76 24 6 -76 24 -6 -80 24 -10
4 16 -80 24 -10 -76 24 -6 76 24 -6 80 24 -10
4 16 80 24 -10 76 24 -6 76 24 6 80 24 10

4 16 80 0 10 80 0 -10 -80 0 -10 -80 0 10
4 16 80 0 10 80 0 -10 80 24 -10 80 24 10
4 16 -80 0 10 -80 0 -10 -80 24 -10 -80 24 10
4 16 80 0 -10 -80 0 -10 -80 24 -10 80 24 -10

4 16 80 0 10 18 0 10 18 24 10 80 24 10
4 16 -80 0 10 -18 0 10 -18 24 10 -80 24 10

4 16 18 6 10 6 6 10 6 18 10 18 18 10
4 16 -18 6 10 -6 6 10 -6 18 10 -18 18 10
4 16 18 18 10 -18 18 10 -18 24 10 18 24 10

4 4 18 0 10 -18 0 10 -18 6 10 18 6 10
4 4 6 6 10 -6 6 10 -6 18 10 6 18 10

1 16 70 0 0 1 0 0 0 1 0 0 0 1 stud.dat
1 16 50 0 0 1 0 0 0 1 0 0 0 1 stud.dat
1 16 30 0 0 1 0 0 0 1 0 0 0 1 stud.dat
1 16 10 0 0 1 0 0 0 1 0 0 0 1 stud.dat
1 16 -10 0 0 1 0 0 0 1 0 0 0 1 stud.dat
1 16 -30 0 0 1 0 0 0 1 0 0 0 1 stud.dat
1 16 -50 0 0 1 0 0 0 1 0 0 0 1 stud.dat
1 16 -70 0 0 1 0 0 0 1 0 0 0 1 stud.dat
