0 Minifig Speargun
0 Name: 30088.dat
0 Author: Chris Alano
0 !LDRAW_ORG Part UPDATE 2004-02
0 !LICENSE Not redistributable : see NonCAreadme.txt

0 BFC CERTIFY CCW
0 !CATEGORY Minifig Accessory
0 !KEYWORDS diver spear gun harpoon

0 !HISTORY 2004-04-22 [PTadmin] Official Update 2004-02
0 !HISTORY 2007-06-06 [PTadmin] Header formatted for Contributor Agreement
0 !HISTORY 2008-07-01 [PTadmin] Official Update 2008-01

0 // Centerline of handle wrt housing intersects at z=13.5
0 // Angle of handle/housing is 26.8136

0 // handle/housing wireframe i/f

2 24 0 7.601 3.954 -1.531 7.107 3.654
2 24 -1.531 7.107 3.654 -1.913 6.893 3.399
2 24 -1.913 6.893 3.399 -2.828 5.903 2.794
2 24 -2.828 5.903 2.794 -3.535 4.842 1.741
2 24 -3.535 4.842 1.741 -3.582 4.729 1.672
2 24 -3.582 4.729 1.672 -3.219 3.638 2.223
2 24 -3.219 3.638 2.223 -3.632 2.634 1.61
2 24 -3.632 2.634 1.61 -3.81 3.973 .933
2 24 -3.81 3.973 .933 -4 3.173 -.018
2 24 -4 3.173 -.018 -3.695 2.91 -1.548
2 24 -3.695 2.91 -1.548 -3.535 3.058 -1.789
2 24 -3.535 3.058 -1.789 -2.828 3.052 -2.847
2 24 -2.828 3.052 -2.847 -1.913 3.427 -3.46
2 24 -1.913 3.427 -3.46 -1.786 3.413 -3.546
2 24 -1.786 3.413 -3.546 -2.965 1.61 -2.634
2 24 -2.965 1.61 -2.634 -2.828 1.734 -2.838
2 24 -2.828 1.734 -2.838 -1.531 2.266 -3.709
2 24 -1.531 2.266 -3.709 0 2.453 -4.015
0
2 24 0 7.601 3.954 1.531 7.107 3.654
2 24 1.531 7.107 3.654 1.913 6.893 3.399
2 24 1.913 6.893 3.399 2.828 5.903 2.794
2 24 2.828 5.903 2.794 3.536 4.841 1.741
2 24 3.536 4.841 1.741 3.582 4.728 1.672
2 24 3.582 4.728 1.672 3.219 3.638 2.223
2 24 3.219 3.638 2.223 3.632 2.634 1.61
2 24 3.632 2.634 1.61 3.81 3.973 .933
2 24 3.81 3.973 .933 4 3.173 -.018
2 24 4 3.173 -.018 3.696 2.91 -1.548
2 24 3.696 2.91 -1.548 3.536 3.057 -1.788
2 24 3.536 3.057 -1.788 2.828 3.052 -2.847
2 24 2.828 3.052 -2.847 1.913 3.427 -3.46
2 24 1.913 3.427 -3.46 1.786 3.413 -3.546
2 24 1.786 3.413 -3.546 2.965 1.61 -2.634
2 24 2.965 1.61 -2.634 2.828 1.734 -2.838
2 24 2.828 1.734 -2.838 1.531 2.266 -3.709
2 24 1.531 2.266 -3.709 0 2.453 -4.015
0 handle (angle is 63.1864 degrees)
1 16 0 22.252 -.133 0 0 3 0 -1 0 2.999 0 0 4-4edge.dat
1 16 0 22.252 -.133 0 0 3 0 -1 0 2.999 0 0 4-4disc.dat
1 16 0 21.251 -.126 0 0 4 0 -1 0 4 0 0 4-4edge.dat
1 16 0 21.252 -.126 0 0 1 0 1 0 -1 0 0 1-4con3.dat
1 16 0 21.252 -.126 1 0 0 0 1 0 0 0 1 1-4con3.dat
1 16 0 21.252 -.126 0 0 -1 0 1 0 1 0 0 1-4con3.dat
1 16 0 21.252 -.126 -1 0 0 0 1 0 0 0 -1 1-4con3.dat
1 16 0 21.251 -.126 0 0 4 0 -19.2 0 4 0 0 4-4cyli.dat
0 trigger wireframe side
2 24 1 8.139 -3.849 1 2.331 -3.815
2 24 1 2.331 -3.815 1 2.208 -4.057
2 24 1 2.208 -4.057 1 3.101 -4.508
2 24 1 3.101 -4.508 1 1.127 -8.413
2 24 1 1.127 -8.413 1 .235 -7.962
2 24 1 .235 -7.962 1 -.216 -8.854
2 24 1 -.216 -8.854 1 .676 -9.306
2 24 1 .676 -9.306 1 -.001 -10.644
2 24 1 -.001 -10.644 1 1.962 -11.636
1 16 1 2.864 -9.851 0 -1 0 -.902 0 1.785 -1.785 0 -.902 1-4edge.dat
2 24 1 4.649 -10.753 1 8.139 -3.849
0  trigger w/f other side
2 24 -1 8.139 -3.849 -1 2.331 -3.815
2 24 -1 2.331 -3.815 -1 2.208 -4.057
2 24 -1 2.208 -4.057 -1 3.101 -4.508
2 24 -1 3.101 -4.508 -1 1.127 -8.413
2 24 -1 1.127 -8.413 -1 .235 -7.962
2 24 -1 .235 -7.962 -1 -.216 -8.854
2 24 -1 -.216 -8.854 -1 .676 -9.306
2 24 -1 .676 -9.306 -1 -.001 -10.644
2 24 -1 -.001 -10.644 -1 1.962 -11.636
1 16 -1 2.864 -9.851 0 -1 0 -.902 0 1.785 -1.785 0 -.902 1-4edge.dat
2 24 -1 4.649 -10.753 -1 8.139 -3.849
0 trigger w/f housing & handle
2 24 -1 -.001 -10.644 0 .177 -10.734
2 24 1 -.001 -10.644 0 .177 -10.734
2 24 -1 8.139 -3.849 0 8.038 -4.048
2 24 1 8.139 -3.849 0 8.038 -4.048
0 trigger surfaces side 1
3 16 1 8.139 -3.849 1 2.331 -3.815 1 3.101 -4.508
3 16 1 2.331 -3.815 1 2.208 -4.057 1 3.101 -4.508
4 16 1 3.101 -4.508 1 -.001 -10.644 1 1.962 -11.636 1 2.864 -9.851
4 16 1 1.127 -8.413 1 .235 -7.962 1 -.216 -8.854 1 .676 -9.306
1 16 1 2.864 -9.851 0 -1 0 -.902 0 1.785 -1.785 0 -.902 1-4disc.dat
4 16 1 4.649 -10.753 1 8.139 -3.849 1 3.101 -4.508 1 2.864 -9.851
0 trigger surfaces other side
3 16 -1 3.101 -4.508 -1 2.331 -3.815 -1 8.139 -3.849
3 16 -1 3.101 -4.508 -1 2.208 -4.057 -1 2.331 -3.815
4 16 -1 1.962 -11.636 -1 -.001 -10.644 -1 3.101 -4.508 -1 2.864 -9.851
4 16 -1 -.216 -8.854 -1 .235 -7.962 -1 1.127 -8.413 -1 .676 -9.306
1 16 -1 2.864 -9.851 0 1 0 1.785 0 -.902 -.902 0 -1.785 1-4disc.dat
4 16 -1 3.101 -4.508 -1 8.139 -3.849 -1 4.649 -10.753 -1 2.864 -9.851
0 trigger closeout
1 16 1 2.864 -9.851 0 -2 0 -.902 0 1.785 -1.785 0 -.902 1-4cyli.dat
4 16 1 -.001 -10.644 0 .177 -10.734 -1 1.962 -11.636 1 1.962 -11.636
3 16 0 .177 -10.734 -1 -.001 -10.644 -1 1.962 -11.636
4 16 -1 8.139 -3.849 0 8.038 -4.048 1 4.649 -10.753 -1 4.649 -10.753
3 16 0 8.038 -4.048 1 8.139 -3.849 1 4.649 -10.753
0
0 air housing
1 16 0 6.09 12.048 0 0 4 -3.57 -.451 0 1.804 -.892 0 4-4edge.dat
1 16 0 6.09 12.048 0 0 4 -3.57 -.451 0 1.804 -.892 0 4-4disc.dat
1 16 0 5.639 11.156 0 0 -1 -.892 .451 0 .451 .892 0 1-4con4.dat
1 16 0 5.639 11.156 -1 0 0 0 .451 .892 0 .892 -.451 1-4con4.dat
1 16 0 5.639 11.156 0 0 1 .892 .451 0 -.451 .892 0 1-4con4.dat
1 16 0 5.639 11.156 1 0 0 0 .451 -.892 0 .892 .451 1-4con4.dat
1 16 0 5.639 11.156 0 0 5 -4.462 -1.579 0 2.255 -3.124 0 4-4cyli.dat
1 16 0 4.06 8.032 0 0 5 -4.462 -.451 0 2.255 -.892 0 4-4edge.dat
1 16 0 4.06 8.032 0 0 4 -3.57 -.451 0 1.804 -.892 0 4-4edge.dat
1 16 0 4.06 8.032 0 0 1 .892 .451 0 -.451 .892 0 ring4.dat
1 16 0 4.06 8.032 0 0 4 -3.57 -.451 0 1.804 -.892 0 4-4cyli.dat
1 16 0 3.609 7.14 0 0 5 -4.462 -.451 0 2.255 -.892 0 4-4edge.dat
1 16 0 3.609 7.14 0 0 4 -3.57 -.451 0 1.804 -.892 0 4-4edge.dat
1 16 0 3.609 7.14 0 0 1 -.892 -.451 0 .451 -.892 0 ring4.dat
1 16 0 3.609 7.14 0 0 5 -4.462 -1.974 0 2.255 -3.905 0 4-4cyli.dat
0
1 16 0 1.635 3.235 0 0 5 -4.462 -.451 0 2.255 -.892 0 4-4edge.dat
1 16 0 1.635 3.235 0 0 4 -3.57 -.451 0 1.804 -.892 0 4-4edge.dat
1 16 0 1.635 3.235 0 0 1 .892 .451 0 -.451 .892 0 ring4.dat
1 16 0 1.635 3.235 0 0 4 -3.57 -.451 0 1.804 -.892 0 4-4cyli.dat
1 16 0 1.184 2.343 0 0 5 -4.462 -.451 0 2.255 -.892 0 4-4edge.dat
1 16 0 1.184 2.343 0 0 4 -3.57 -.451 0 1.804 -.892 0 4-4edge.dat
1 16 0 1.184 2.343 0 0 1 -.892 -.451 0 .451 -.892 0 ring4.dat
1 16 0 1.184 2.343 0 0 5 -4.462 -1.917 0 2.255 -3.793 0 4-4cyli.dat
0
1 16 0 -.733 -1.45 0 0 5 -4.462 -.451 0 2.255 -.892 0 4-4edge.dat
1 16 0 -.733 -1.45 0 0 4 -3.57 -.451 0 1.804 -.892 0 4-4edge.dat
1 16 0 -.733 -1.45 0 0 1 .892 .451 0 -.451 .892 0 ring4.dat
1 16 0 -.733 -1.45 0 0 4 -3.57 -.451 0 1.804 -.892 0 4-4cyli.dat
1 16 0 -1.184 -2.343 0 0 5 -4.462 -.451 0 2.255 -.892 0 4-4edge.dat
1 16 0 -1.184 -2.343 0 0 4 -3.57 -.451 0 1.804 -.892 0 4-4edge.dat
1 16 0 -1.184 -2.343 0 0 1 -.892 .451 0 .451 -.892 0 ring4.dat
1 16 0 -1.184 -2.343 0 0 5 -4.462 -1.974 0 2.255 -3.905 0 4-4cyli.dat
0
1 16 0 -3.158 -6.247 0 0 5 -4.462 -.451 0 2.255 -.892 0 4-4edge.dat
1 16 0 -3.158 -6.247 0 0 4 -3.57 -.451 0 1.804 -.892 0 4-4edge.dat
1 16 0 -3.158 -6.247 0 0 1 .892 .451 0 -.451 .892 0 ring4.dat
1 16 0 -3.158 -6.247 0 0 4 -3.57 -.451 0 1.804 -.892 0 4-4cyli.dat
1 16 0 -3.609 -7.14 0 0 5 -4.462 -.451 0 2.255 -.892 0 4-4edge.dat
1 16 0 -3.609 -7.14 0 0 4 -3.57 -.451 0 1.804 -.892 0 4-4edge.dat
1 16 0 -3.609 -7.14 0 0 1 -.892 .451 0 .451 -.892 0 ring4.dat
1 16 0 -3.609 -7.14 0 0 5 -4.462 -1.579 0 2.255 -3.124 0 4-4cyli.dat
1 16 0 -5.188 -10.264 0 0 5 -4.462 -.451 0 2.255 -.892 0 4-4edge.dat
1 16 0 -5.639 -11.156 0 0 4 -3.57 -.451 0 1.804 -.892 0 4-4edge.dat
1 16 0 -5.188 -10.264 0 0 1 -.892 -.451 0 .451 -.892 0 1-4con4.dat
1 16 0 -5.188 -10.264 -1 0 0 0 -.451 -.892 0 -.892 .451 1-4con4.dat
1 16 0 -5.188 -10.264 0 0 -1 .892 -.451 0 -.451 -.892 0 1-4con4.dat
1 16 0 -5.188 -10.264 1 0 0 0 -.451 .892 0 -.892 -.451 1-4con4.dat
0 shaft housing
1 16 0 -5.639 -11.156 0 0 4 -3.57 -19.848 0 1.804 -39.269 0 4-4cyli.dat
1 16 0 -25.487 -50.425 0 0 4 -3.57 -.451 0 1.804 -.892 0 4-4edge.dat
0 shaft housing closeout
4 16 0 -27.272 -49.523 0 -29.056 -48.621 -1.531 -28.785 -48.758 -2 -27.272 -49.523
4 16 -1.531 -28.785 -48.758 -2.828 -28.01 -49.149 -3.695 -26.853 -49.734 2 -27.272 -49.523
4 16 -3.695 -26.853 -49.734 -4 -25.487 -50.425 -2 -25.487 -50.425 -2 -27.272 -49.523
4 16 -2 -25.487 -50.425 -4 -25.487 -50.425 -3.696 -24.12 -51.116 -2 -23.702 -51.327
4 16 -3.696 -24.12 -51.116 -2.828 -22.963 -51.701 -1.531 -22.189 -52.092 -2 -23.702 -51.327
4 16 -1.531 -22.189 -52.092 0 -21.917 -52.229 0 -23.702 -51.327 -2 -23.702 -51.327
4 16 0 -23.702 -51.327 0 -21.917 -52.229 1.531 -22.188 -52.092 2 -23.702 -51.327
4 16 1.531 -22.188 -52.092 2.828 -22.963 -51.701 3.695 -24.12 -51.116 2 -23.702 -51.327
4 16 3.695 -24.12 -51.116 4 -25.487 -50.425 2 -25.487 -50.425 2 -23.702 -51.327
4 16 2 -25.487 -50.425 4 -25.487 -50.425 3.696 -26.853 -49.734 2 -27.272 -49.523
4 16 3.696 -26.853 -49.734 2.828 -28.01 -49.149 1.531 -28.784 -48.758 2 -27.272 -49.523
4 16 1.531 -28.784 -48.758 0 -29.056 -48.621 0 -27.272 -49.523 2 -27.272 -49.523
0 shaft
1 16 0 -31.788 -58.459 -2 0 0 0 0.892 -4.517 0 -0.451 -8.937 rect.dat
1 16 0 -29.926 -63.642 2 0 0 0 -0.892 -6.224 0 0.451 -12.314  rect.dat
0
2 24 2 -27.272 -49.523 2 -23.702 -51.327
2 24 2 -39.354 -68.994 2 -38.633 -68.072
2 24 2 -38.633 -68.072 2 -37.613 -67.498
2 24 2 -37.613 -67.498 2 -36.451 -67.356
2 24 2 -36.451 -67.356 2 -36.305 -67.397
2 24 2 -39.354 -68.994 2 -40.691 -74.693
1 16 2 -38.295 -74.873 0 1 0 2.145 0 -1.084 -1.084 0 -2.145 3-8edge.dat
2 24 2 -40.691 -74.693 2 -40.578 -75.623
4 16 2 -27.272 -49.523 2 -36.305 -67.397 2 -35.323 -67.67 2 -23.702 -51.327
4 16 2 -23.702 -51.327 2 -35.323 -67.67 2 -36.676 -70.347 2 -36.15 -75.957
3 16 2 -36.676 -70.347 2 -38.295 -74.873 2 -36.15 -75.957
4 16 2 -39.354 -68.994 2 -40.691 -74.693 2 -38.295 -74.873 2 -36.676 -70.347
1 16 2 -36.676 -70.347 0 -1 0 1.353 0 -2.677 2.677 0 1.353 1-4disc.dat
1 16 2 -38.295 -74.873 0 -1 0 -2.283 0 .75 -.75 0 -2.283 1-8disc.dat
1 16 2 -38.295 -74.873 0 -1 0 -1.084 0 2.145 -2.145 0 -1.084 1-4disc.dat
3 16 2 -40.691 -74.693 2 -40.578 -75.623 2 -38.295 -74.873
0 0
2 24 -2 -27.272 -49.523 -2 -23.702 -51.327
2 24 -2 -39.354 -68.994 -2 -38.633 -68.072
2 24 -2 -38.633 -68.072 -2 -37.613 -67.498
2 24 -2 -37.613 -67.498 -2 -36.451 -67.356
2 24 -2 -36.451 -67.356 -2 -36.305 -67.397
2 24 -2 -39.354 -68.994 -2 -40.691 -74.693
1 16 -2 -38.295 -74.873 0 1 0 2.145 0 -1.084 -1.084 0 -2.145 3-8edge.dat
2 24 -2 -40.691 -74.693 -2 -40.578 -75.623
4 16 -2 -35.324 -67.671 -2 -36.305 -67.397 -2 -27.272 -49.523 -2 -23.702 -51.327
4 16 -2 -36.676 -70.347 -2 -35.323 -67.67 -2 -23.702 -51.327 -2 -36.15 -75.957
3 16 -2 -36.15 -75.957 -2 -38.295 -74.873 -2 -36.676 -70.347
4 16 -2 -38.295 -74.873 -2 -40.691 -74.693 -2 -39.354 -68.994 -2 -36.676 -70.347
1 16 -2 -36.676 -70.347 0 1 0 -2.677 0 1.353 1.353 0 2.677 1-4disc.dat
1 16 -2 -38.295 -74.873 0 1 0 -1.084 0 -2.145 -2.145 0 1.084 1-8disc.dat
1 16 -2 -38.295 -74.873 0 1 0 2.145 0 -1.084 -1.084 0 -2.145 1-4disc.dat
3 16 -2 -38.295 -74.873 -2 -40.578 -75.623 -2 -40.691 -74.693
0 barb closeout
1 16 2 -38.295 -74.873 0 -4 0 -2.145 0 -1.084 1.084 0 -2.145 2-4cyli.dat
1 16 -2 -36.676 -70.347 0 4 0 -2.677 0 1.353 1.353 0 2.677 1-4cyli.dat
4 16 -2 -39.354 -68.994 -2 -40.691 -74.693 2 -40.691 -74.693 2 -39.354 -68.994
0
0 Thanks James
0
