0 Minifig Diver Mask
0 Name: 30090.dat
0 Author: Chris Alano (calano@yahoo.com)
0 Official LCAD Part - 2000-02 Update
0 Based off of Chris Dee's Minifig Helmet Visor (2447.dat)
0
0 CATEGORY Minifig Accessory
0 KEYWORDS diver mask goggles snorkel
0
0 CW-Compliant
0
0 Minifig Helmet Visor
0 Name: 2447.dat
0 Author: Chris Dee (chris_w_dee@hotmail.com)
0 Official LCad update 98-09
0
0 inside of faceplate
1 16 0 17 -18 2.121 0 -2.121 -2.121 0 -2.121 0 -1 0 1-4edge.dat
1 16 0 17 -18 2.121 0 -2.121 -2.121 0 -2.121 0 -1 0 1-4ndis.dat
2 24 -8 6 -18 8 6 -18
3 16 8 6 -18 0 12.757 -18 -8 6 -18

1 16 -8 11 -18 -5 0 0 0 0 -5 0 -1 0 1-4edge.dat
1 16 -8 11 -18 -5 0 0 0 0 -5 0 -1 0 1-4disc.dat
1 16 -7.649 13.649 -18 3.784 0 -3.784 3.784 0 3.784 0 -1 0 3-8edge.dat
1 16 -7.649 13.649 -18 0 0 -5.351 5.351 0 0 0 -1 0 1-4disc.dat
1 16 -7.649 13.649 -18 3.784 0 -3.784 3.784 0 3.784 0 -1 0 1-8disc.dat
2 24 -13 11 -18 -13 13.649 -18
2 24 -2.121 14.879 -18 -2.749 15.8 -18
2 24 -2.749 15.8 -18 -3.865 17.433 -18
4 16 -8 6 -18 0 12.757 -18 -2.121 14.879 -18 -8 11 -18
4 16 -8 11 -18 -2.121 14.879 -18 -2.749 15.8 -18 -7.649 13.649 -18
3 16 -7.649 13.649 -18 -2.749 15.8 -18 -3.865 17.433 -18
4 16 -8 11 -18 -7.649 13.649 -18 -13 13.649 -18 -13 11 -18
0
1 16 8 11 -18 5 0 0 0 0 -5 0 -1 0 1-4edge.dat
1 16 8 11 -18 0 0 5 -5 0 0 0 -1 0 1-4disc.dat
1 16 7.649 13.649 -18 5.351 0 0 0 0 5.351 0 -1 0 3-8edge.dat
1 16 7.649 13.649 -18 5.351 0 0 0 0 5.351 0 -1 0 1-4disc.dat
1 16 7.649 13.649 -18 0 0 -5.351 5.351 0 0 0 -1 0 1-8disc.dat
2 24 13 11 -18 13 13.649 -18
2 24 2.121 14.879 -18 2.749 15.8 -18
2 24 2.749 15.8 -18 3.866 17.433 -18
4 16 2.121 14.879 -18 0 12.757 -18 8 6 -18 8 11 -18
4 16 2.749 15.8 -18 2.121 14.879 -18 8 11 -18 7.649 13.649 -18
3 16 3.866 17.433 -18 2.749 15.8 -18 7.649 13.649 -18
4 16 13 13.649 -18 7.649 13.649 -18 8 11 -18 13 11 -18
0 begin inside left side
0 inside mask surface - upper 
2 24 0 6 -18  5.740 6 -16.858
2 24  9.7982 6 -14.1468 5.740 6 -16.858
3 16 5.740 6 -16.858 8 6 -18 0 6 -18
3 16 5.740 6 -16.858 9.7982 6 -14.1468 8 6 -18
0
0 inside mask/strap fillet - upper
2 24 10.6066 6.11067 -13.6066 9.7982 6 -14.1468
2 24 12.2242 6.2077 -11.1857 10.6066 6.11067 -13.6066
2 24 13.577 6.6015 -9.1611 12.2242 6.2077 -11.1857
2 24 13.8582 6.8358 -8.7403 13.577 6.6015 -9.1611
2 24 13.8582 6.8358 -8.7403 15 6 -3
4 16 10.6066 6.11067 -13.6066 9.9134 6.3806 -18 8 6 -18 9.7982 6 -14.1468
3 16 10.6066 6.11067 -13.6066 12.2242 6.2077 -11.1857 9.9134 6.3806 -18
4 16 13.577 6.6015 -9.1611 11.5355 7.4645 -18 9.9134 6.3806 -18 12.2242 6.2077 -11.1857
4 16 13.8582 6.8358 -8.7403 12.6194 9.0866 -18 11.5355 7.4645 -18 13.577 6.6015 -9.1611
3 16 15 6 -3 12.6194 9.0866 -18 13.8582 6.8358 -8.7403
3 16 15 6 -3 13 11 -18 12.6194 9.0866 -18
0
0 inside strap side
2 24 14.0667 12 -10  15 12 -3
2 24  14.0667 12.582 -10 14.0667 12 -10
4 16 14.0667 12 -10 13 11 -18 15 6 -3 15 12 -3
4 16 14.0667 12 -10 14.0667 12.582 -10 13 13.6491 -18 13 11 -18
0
0 inside mask/strap fillet - lower 
2 24 9.525 18.6268 -14.3512 7.6493 19 -15.5826
2 24 10.6066 17.8876 -13.6066 9.525 18.6268 -14.3512
2 24 11.8498 17.0157 -11.746 10.6066 17.8876 -13.6066
2 24 13.0165 15.3274 -10 11.8498 17.0157 -11.746
2 24 13.7344 14.2528 -10 13.0165 15.3274 -10
2 24 14.0667 12.5823 -10 13.7344 14.2528 -10
4 16 7.6491 19 -18 9.6968 18.5927 -18 9.4136 18.6492 -14.4044 7.6493 19 -15.5826
3 16  9.6968 18.5927 -18 9.525 18.6268 -14.3512 9.4136 18.6492 -14.4044
4 16 9.6968 18.5927 -18 11.4327 17.4328 -18 9.5467 18.6116 -14.3148 9.525 18.6268 -14.3512
3 16 11.4327 17.4328 -18 10.6066 17.8876 -13.6066 9.5467 18.6116 -14.3114
3 16 11.4327 17.4328 -18 11.8498 17.0157 -11.746 10.6066 17.8876 -13.6066
4 16 11.4327 17.4328 -18 12.5927 15.6968 -18 13.0165 15.3274 -10 11.8498 17.0157 -11.746
3 16 12.5927 15.6968 -18 13.7344 14.2528 -10 13.0165 15.3274 -10
4 16 12.5927 15.6968 -18 13 13.6491 -18 14.0667 12.5823 -10 13.7344 14.2528 -10
0
0 inside nose
2 24 7.6493 19 -15.5826 5.7403 18.6203 -16.8582
2 24 5.7403 18.6203 -16.8582 5.6014 18.5927 -16.8858
2 24 5.6014 18.5927 -16.8858 3.8655 17.4328 -17.2311
2 24 3.8655 17.4328 -17.2311 2.1213 14.8787 -17.578
5 24 2.1213 14.8787 -17.578 2.1213 14.8787 -18 3.8655 17.4328 -18  1.1481 14.2284 -18
2 24  2.1213 14.8787 -17.578 1.1481 14.2284 -17.7716
5 24 1.1481 14.2284 -17.7716 1.1481 14.2284 -18  2.1213 14.8787 -18 0 14 -18
2 24 1.1481 14.2284 -17.7716 0 14 -18
3 16 7.6493 19 -18 7.6493 19 -15.5826 5.7403 18.6203 -16.8582
4 16 7.6493 19 -18 5.7403 18.6203 -16.8582 5.6014 18.5927 -16.8858 5.6014 18.5927 -18
4 16 5.6014 18.5927 -18 5.6014 18.5927 -16.8858 3.8655 17.4328 -17.2311 3.8655 17.4328 -18
4 16 3.8655 17.4328 -18 3.8655 17.4328 -17.2311 2.1213 14.8787 -17.578 2.1213 14.8787 -18
4 16  2.1213 14.8787 -18 2.1213 14.8787 -17.578 1.1481 14.2284 -17.7716 1.1481 14.2284 -18
3 16  1.1481 14.2284 -18 1.1481 14.2284 -17.7716 0 14 -18
0 inside left tang
 2 24 15 5.7738 3.2308 15 6.4692 3.6956
 2 24 15 6.4692 3.6956 15 8 4
1 6  15 8 0  0 -1 0   4 0 0   0 0 4 1-4edge.dat
2 24  15 12 -3  15 12 0
3 16 15 8 0 15 4 -3 15 5.7738 3.2308
4 16 15 8 0 15 5.7738 3.2308 15 6.4692 3.6956 15 8 4
1 16  15 8 0  0 -1 0  0 0 4   4 0 0 1-4disc.dat
4 16  15 12 -3 15 4 -3 15 8 0 15 12 0
0 helmet attach bump
1 16 15 8 0 0 -1 0 1.5 0 0 0 0 1.5 4-4edge.dat
1 16 15 8 0 0 -1 0 1.5 0 0 0 0 1.5 4-8sphe.dat
0 end left side
0
0 mirror to right side
0 inside mask surface - upper 
2 24 0 6 -18  -5.740 6 -16.858
2 24 -9.7982 6 -14.1468 -5.740 6 -16.858
3 16 0 6 -18 -8 6 -18 -5.740 6 -16.858
3 16 -8 6 -18 -9.7982 6 -14.1468 -5.740 6 -16.858
0 inside mask/strap fillet - upper
2 24 -10.6066 6.11067 -13.6066 -9.7982 6 -14.1468
2 24 -12.2242 6.2077 -11.1857 -10.6066 6.11067 -13.6066
2 24 -13.577 6.6015 -9.1611 -12.2242 6.2077 -11.1857
2 24 -13.8582 6.8358 -8.7403 -13.577 6.6015 -9.1611
2 24 -13.8582 6.8358 -8.7403 -15 6 -3
4 16 -8 6 -18 -9.9134 6.3806 -18 -10.6066 6.11067 -13.6066 -9.7982 6 -14.1468
3 16 -9.9134 6.3806 -18 -12.2242 6.2077 -11.1857 -10.6066 6.11067 -13.6066
4 16 -9.9134 6.3806 -18 -11.5355 7.4645 -18 -13.577 6.6015 -9.1611 -12.2242 6.2077 -11.1857
4 16 -11.5355 7.4645 -18 -12.6194 9.0866 -18 -13.8582 6.8358 -8.7403 -13.577 6.6015 -9.1611
3 16 -13.8582 6.8358 -8.7403 -12.6194 9.0866 -18 -15 6 -3
3 16 -12.6194 9.0866 -18 -13 11 -18 -15 6 -3
0 inside strap side
2 24 -14.0667 12 -10  -15 12 -3
2 24 -14.0667 12.582 -10 -14.0667 12 -10
4 16 -15 6 -3 -13 11 -18 -14.0667 12 -10 -15 12 -3
4 16 -13 13.6491 -18 -14.0667 12.582 -10 -14.0667 12 -10 -13 11 -18
0 inside mask/strap fillet - lower 
2 24 -9.525 18.6268 -14.3512 -7.6493 19 -15.5826
2 24 -10.6066 17.8876 -13.6066 -9.525 18.6268 -14.3512
2 24 -11.8498 17.0157 -11.746 -10.6066 17.8876 -13.6066
2 24 -13.0165 15.3274 -10 -11.8498 17.0157 -11.746
2 24 -13.7344 14.2528 -10 -13.0165 15.3274 -10
2 24 -14.0667 12.5823 -10 -13.7344 14.2528 -10
4 16 -9.4136 18.6492 -14.4044 -9.6968 18.5927 -18 -7.6491 19 -18 -7.6493 19 -15.5826
3 16 -9.4136 18.6492 -14.4044 -9.525 18.6268 -14.3512 -9.6968 18.5927 -18
4 16 -9.5467 18.6116 -14.3148 -11.4327 17.4328 -18 -9.6968 18.5927 -18 -9.525 18.6268 -14.3512
3 16 -9.5467 18.6116 -14.3114 -10.6066 17.8876 -13.6066 -11.4327 17.4328 -18
3 16 -10.6066 17.8876 -13.6066 -11.8498 17.0157 -11.746 -11.4327 17.4328 -18
4 16 -13.0165 15.3274 -10 -12.5927 15.6968 -18 -11.4327 17.4328 -18 -11.8498 17.0157 -11.746
3 16 -13.0165 15.3274 -10 -13.7344 14.2528 -10 -12.5927 15.6968 -18
4 16 -14.0667 12.5823 -10 -13 13.6491 -18 -12.5927 15.6968 -18 -13.7344 14.2528 -10
0 inside nose
2 24 -7.6493 19 -15.5826 -5.7403 18.6203 -16.8582
2 24 -5.7403 18.6203 -16.8582 -5.6014 18.5927 -16.8858
2 24 -5.6014 18.5927 -16.8858 -3.8655 17.4328 -17.2311
2 24 -3.8655 17.4328 -17.2311 -2.1213 14.8787 -17.578
5 24 -2.1213 14.8787 -17.578 -2.1213 14.8787 -18 -3.8655 17.4328 -18 -1.1481 14.2284 -18
2 24  -2.1213 14.8787 -17.578 -1.1481 14.2284 -17.7716
5 24 -1.1481 14.2284 -17.7716 -1.1481 14.2284 -18  -2.1213 14.8787 -18 0 14 -18
2 24 -1.1481 14.2284 -17.7716 0 14 -18
3 16 -5.7403 18.6203 -16.8582 -7.6493 19 -15.5826 -7.6493 19 -18
4 16 -5.6014 18.5927 -16.8858 -5.7403 18.6203 -16.8582 -7.6493 19 -18 -5.6014 18.5927 -18
4 16 -3.8655 17.4328 -17.2311 -5.6014 18.5927 -16.8858 -5.6014 18.5927 -18 -3.8655 17.4328 -18
4 16 -2.1213 14.8787 -17.578 -3.8655 17.4328 -17.2311 -3.8655 17.4328 -18 -2.1213 14.8787 -18
4 16 -1.1481 14.2284 -17.7716 -2.1213 14.8787 -17.578 -2.1213 14.8787 -18 -1.1481 14.2284 -18
3 16 0 14 -18 -1.1481 14.2284 -17.7716 -1.1481 14.2284 -18
0 inside tang
1 16 -15 8 0  0 -1 0   -4 0 0   0 0 4 2-4edge.dat
2 24 -15 4 0 -15 4 -3 
2 24 -15 12 -3 -15 12 0
1 16 -15 8 0  0 1 0  4 0 0  0 0 4  2-4disc.dat
4 16 -15 4 0 -15 4 -3 -15 12 -3 -15 12 0
0 helmet attach bump
1 16 -15 8 0 0 1 0 -1.5 0 0 0 0 1.5 4-4edge.dat
1 16 -15 8 0 0 1 0 -1.5 0 0 0 0 1.5 4-8sphe.dat
0 end mirror to right side
0 end of inside mask
0
0 outside faceplate
1 16 0 17 -19.25 -2.121 0 2.121 -2.121 0 -2.121 0 1 0 1-4edge.dat
1 16 0 17 -19.25 -2.121 0 2.121 -2.121 0 -2.121 0 1 0 1-4ndis.dat
2 24 8 6 -19.25 -8 6 -19.25
3 16 -8 6 -19.25 0 12.7574 -19.25 8 6 -19.25

1 16 8 11 -19.25 5 0 0 0 0 -5 0 1 0 1-4edge.dat
1 16 8 11 -19.25 5 0 0 0 0 -5 0 1 0 1-4disc.dat
1 16 7.6491 13.6491 -19.25 -3.784 0 3.784 3.784 0 3.784 0 1 0 3-8edge.dat
1 16 7.6491 13.6491 -19.25 0 0 5.3509  5.3509 0 0 0 1 0 1-4disc.dat
1 16 7.6491 13.6491 -19.25 -3.784 0 3.784 3.784 0 3.784 0 1 0 1-8disc.dat
2 24 13 11 -19.25 13 13.6491 -19.25
2 24 2.1213 14.8787 -19.25 2.7494 15.7998 -19.25
2 24 2.7494 15.7998 -19.25 3.8655 17.4328 -19.25
4 16 8 6 -19.25 0 12.7574 -19.25 2.1213 14.8787 -19.25 8 11 -19.25
4 16 8 11 -19.25 2.1213 14.8787 -19.25 2.7494 15.7998 -19.25 7.6491 13.6491 -19.25
3 16 7.6491 13.6491 -19.25 2.7494 15.7998 -19.25 3.8655 17.4328 -19.25
4 16 8 11 -19.25 7.6491 13.6491 -19.25 13 13.6491 -19.25 13 11 -19.25
0
1 16 -8 11 -19.25 -5 0 0 0 0 -5 0 1 0 1-4edge.dat
1 16 -8 11 -19.25 0 0 -5 -5 0 0 0 1 0 1-4disc.dat
1 16 -7.6491 13.6491 -19.25  -5.3509 0 0 0 0 5.3509  0 1 0 3-8edge.dat
1 16 -7.6491 13.6491 -19.25  -5.3509 0 0 0 0 5.3509  0 1 0 1-4disc.dat
1 16 -7.6491 13.6491 -19.25 0 0 5.351 5.351 0 0 0 1 0 1-8disc.dat
2 24 -13 11 -19.25 -13 13.6491 -19.25
2 24 -2.1213 14.8787 -19.25 -2.7494 15.7998 -19.25
2 24 -2.7494 15.7998 -19.25 -3.8655 17.4328 -19.25
4 16 -2.1213 14.8787 -19.25 0 12.7574 -19.25 -8 6 -19.25 -8 11 -19.25
4 16 -2.7494 15.7998 -19.25 -2.1213 14.8787 -19.25 -8 11 -19.25 -7.6491 13.6491 -19.25
3 16 -3.8655 17.4328 -19.25 -2.7494 15.7998 -19.25 -7.6491 13.6491 -19.25
4 16 -13 13.6491 -19.25 -7.6491 13.6491 -19.25 -8 11 -19.25 -13 11 -19.25
0
0 mask inner rise
1 16 0 17 -20 -2.121 0 2.121 -2.121 0 -2.121 0 1 0 1-4edge.dat
2 24 8 6 -20 -8 6 -20
1 16 8 11 -20 5 0 0 0 0 -5 0 1 0 1-4edge.dat
1 16 7.6491 13.6491 -20 -3.784 0 3.784 3.784 0 3.784 0 1 0 3-8edge.dat
2 24 13 11 -20 13 13.6491 -20
2 24 2.1213 14.8787 -20 2.7494 15.7998 -20
2 24 2.7494 15.7998 -20 3.8655 17.4328 -20
1 16 -8 11 -20 -5 0 0 0 0 -5 0 1 0 1-4edge.dat
1 16 -7.6491 13.6491 -20 -5.3509 0 0 0 0 5.3509 0 1 0 3-8edge.dat
2 24 -13 11 -20 -13 13.6491 -20
2 24 -2.1213 14.8787 -20 -2.7494 15.7998 -20
2 24 -2.7494 15.7998 -20 -3.8655 17.4328 -20
1 16 0 17 -20 -2.121 0 2.121 -2.121 0 -2.121 0 .75 0 1-4cyli.dat
1 16 8 11 -20 5 0 0 0 0 -5 0 .75 0 1-4cyli.dat
1 16 7.6491 13.6491 -20 -3.784 0 3.784 3.784 0 3.784 0 .75 0 3-8cyli.dat
1 16 -8 11 -19.25 -5 0 0 0 0 -5 0 -.75 0 1-4cyli.dat
1 16 -7.6491 13.6491 -20  -5.3509 0 0 0 0 5.3509  0 .75 0 3-8cyli.dat
4 16 8 6 -19.25 8 6 -20 -8 6 -20 -8 6 -19.25
4 16 13 13.6491 -20 13 11 -20 13 11 -19.25 13 13.6491 -19.25
4 16 -13 11 -19.25 -13 11 -20 -13 13.6491 -20 -13 13.6491 -19.25
4 16 2.1213 14.8787 -19.25 2.1213 14.8787 -20 2.7494 15.7998 -20 2.7494 15.7998 -19.25
4 16 -2.7494 15.7998 -20 -2.1213 14.8787 -20 -2.1213 14.8787 -19.25 -2.7494 15.7998 -19.25
4 16 2.7494 15.7998 -19.25 2.7494 15.7998 -20 3.8655 17.4328 -20 3.8655 17.4328 -19.25
4 16 -3.8655 17.4328 -20 -2.7494 15.7998 -20 -2.7494 15.7998 -19.25 -3.8655 17.4328 -19.25
0
0 mask outline
1 16 0 17 -20 -.707 0 .707 -.707 0 -.707 0 1 0 1-4edge.dat
1 16 0 17 -20 -.707 0 .707 -.707 0 -.707 0 1 0 1-4ring1.dat
2 24 8 4 -20 -8 4 -20
4 16 -8 6 -20 8 6 -20 8 4 -20 -8 4 -20
0 Inlined:1 2 0 17 -20 -.707 0 .707 -.707 0 -.707 0 1 0 ring2.dat
4 16 -1.414 15.586 -20 -.7653 15.1525 -20 -1.1479 14.2287 -20 -2.121 14.879 -20
4 16 -.7653 15.1525 -20 0 15.0003 -20 0 14.0005 -20 -1.1479 14.2287 -20
4 16 0 15.0003 -20 .7653 15.1525 -20 1.1479 14.2287 -20 0 14.0005 -20
4 16 .7653 15.1525 -20 1.414 15.586 -20 2.121 14.879 -20 1.1479 14.2287 -20
0
1 16 8 11 -20 7 0 0 0 0 -7 0 1 0 1-4edge.dat
4 16 14.4672 8.3212 -20 12.6195 9.0865 -20 13 11 -20 15 11 -20
4 16 12.9497 6.0503 -20 11.5355 7.4645 -20 12.6195 9.0865 -20 14.4672 8.3212 -20
4 16 10.6788 4.5328 -20 9.9135 6.3805 -20 11.5355 7.4645 -20 12.9497 6.0503 -20
4 16 8 4 -20 8 6 -20 9.9135 6.3805 -20 10.6788 4.5328 -20
0
1 16 7.649 13.649 -20 -5.198 0 5.198 5.198 0 5.198 0 1 0 3-8edge.dat
4 16 14.4404 16.4621 -20 15 13.6491 -20 13 13.6491 -20 12.5927 15.6968 -20
4 16 14.4404 16.4621 -20 12.5927 15.6968 -20 11.4327 17.4328 -20 12.8469 18.847 -20
4 16 10.4621 20.4404 -20 12.8469 18.847 -20 11.4327 17.4328 -20 9.6968 18.5927 -20
4 16 10.4621 20.4404 -20 9.6968 18.5927 -20 7.6491 19 -20 7.6491 21 -20
4 16 7.6491 19 -20 5.6014 18.5927 -20 4.8361 20.4404 -20 7.6491 21 -20
4 16 4.8361 20.4404 -20 5.6014 18.5927 -20 3.8655 17.4328 -20 2.4513 18.847 -20
0
2 24 15 11 -20 15 13.6491 -20
2 24 .7071 16.2929 -20 .9167 16.6004 -20
2 24 .9167 16.6004 -20 2.4513 18.847 -20
4 16 2.7494 15.7998 -20 2.1213 14.8787 -20 .7071 16.2929 -20 .9167 16.6004 -20
4 16 2.4513 18.847 -20 3.8655 17.4328 -20 2.7494 15.7998 -20 .9167 16.6004 -20
4 16 13 13.6491 -20 15 13.6491 -20 15 11 -20 13 11 -20
0 0
1 16 -8 11 -20 -7 0 0 0 0 -7 0 1 0 1-4edge.dat
4 16 -13 11 -20 -12.6195 9.0865 -20 -14.4672 8.3212 -20 -15 11 -20
4 16 -12.6195 9.0865 -20 -11.5355 7.4645 -20 -12.9497 6.0503 -20 -14.4672 8.3212 -20
4 16 -11.5355 7.4645 -20 -9.9135 6.3805 -20 -10.6788 4.5328 -20 -12.9497 6.0503 -20
4 16 -9.9135 6.3805 -20 -8 6 -20 -8 4 -20 -10.6788 4.5328 -20
1 16 -7.649 13.649 -20 -7.351 0 0 0 0 7.351 0 1 0 3-8edge.dat
4 16 -13 13.6491 -20 -15 13.6491 -20 -14.4404 16.4621 -20 -12.5927 15.6968 -20
4 16 -11.4327 17.4328 -20 -12.5927 15.6968 -20 -14.4404 16.4621 -20 -12.8469 18.847 -20
4 16 -11.4327 17.4328 -20 -12.8469 18.847 -20 -10.4621 20.4404 -20 -9.6968 18.5927 -20
4 16 -7.6491 19 -20 -9.6968 18.5927 -20 -10.4621 20.4404 -20 -7.6491 21 -20
4 16 -4.8361 20.4404 -20 -5.6014 18.5927 -20 -7.6491 19 -20 -7.6491 21 -20
4 16 -3.8655 17.4328 -20 -5.6014 18.5927 -20 -4.8361 20.4404 -20 -2.4513 18.847 -20

2 24 -15 11 -20 -15 13.6491 -20
2 24 -.7071 16.2929 -20 -.9167 16.6004 -20
2 24 -.9167 16.6004 -20 -2.4513 18.847 -20
4 16 -.7071 16.2929 -20 -2.1213 14.8787 -20 -2.7494 15.7998 -20 -.9167 16.6004 -20
4 16 -2.7494 15.7998 -20 -3.8655 17.4328 -20 -2.4513 18.847 -20 -.9167 16.6004 -20
4 16 -15 11 -20 -15 13.6491 -20 -13 13.6491 -20 -13 11 -20
0
0 nose rise 
1 16 0 17 -19.25 -.707 0 .707 -.707 0 -.707 0 1 0 1-4edge.dat
1 16 0 17 -19.25 -.707 0 .707 -.707 0 -.707 0 -.75 0 1-4cyli.dat
0    nr-left side
2 24 2.451 18.847 -19.25 4.8358 20.4407 -19.25
2 24 4.8358 20.4407 -19.25 6.5412  20.7796 -19.25
0 Inlined:1 1 7.649 13.649 -19.25 -5.198 0 5.198 5.198 0 5.198 0 -.75 0 1-8cyli.dat
5 24 2.451 18.847 -19.25 2.451 18.847 -20 4.8358 20.4407 -19.25 -2.747 13.649 -19.25
5 24 4.8358 20.4407 -19.25 4.8358 20.4407 -20 7.649 21 -19.25 2.451 18.847 -19.25
4 16 2.451 18.847 -19.25 4.8358 20.4407 -19.25 4.8358 20.4407 -20 2.451 18.847 -20
4 16 4.8358 20.4407 -19.25 6.5412 20.7796 -19.25 7.649 21 -20 4.8358 20.4407 -20

2 24 .7071 16.2929 -19.25 .9167 16.6004 -19.25
2 24 .9167 16.6004 -19.25 2.4513 18.847 -19.25
4 16 .7071 16.2929 -19.25 .9167 16.6004 -19.25 .9167 16.6004 -20 .7071 16.2929 -20
4 16 .9167 16.6004 -19.25 2.4513 18.847 -19.25 2.4513 18.847 -20 .9167 16.6004 -20
0    nr-right side
2 24 -4.8358 20.4406 -19.25 -2.4511 18.8469 -19.25
2 24 -4.8358 20.4406 -19.25 -6.5412 20.7796 -19.25
5 24 -4.8358 20.4406 -19.25 -4.8358 20.4406 -20 -2.4511 18.8469 -19.25 -7.649 21 -19.25
5 24 -2.4511 18.8469 -19.25  -2.4511 18.8469 -20 -4.8358 20.4406 -20 -.9167 16.6004 -19.25
4 16 -6.5412 20.7796 -19.25 -4.8358 20.4406 -19.25 -4.8358 20.4406 -20 -7.649 21 -20
4 16 -4.8358 20.4406 -19.25 -2.4511 18.8469 -19.25  -2.4511 18.8469 -20 -4.8358 20.4406 -20
2 24 -.7071 16.2929 -19.25 -.9167 16.6004 -19.25
2 24 -.9167 16.6004 -19.25 -2.4513 18.847 -19.25
4 16 -.9167 16.6004 -20 -.9167 16.6004 -19.25 -.7071 16.2929 -19.25 -.7071 16.2929 -20
4 16 -2.4513 18.847 -20 -2.4513 18.847 -19.25 -.9167 16.6004 -19.25 -.9167 16.6004 -20
0
0 nose surface
1 16 0 17 -19.25 .707 0 -.707 -.707 0 -.707 0 1 0 1-4disc.dat

2 24 6.5412 20.7796 -19.25 -6.5412 20.7796 -19.25
3 16 0 17 -19.25 .9167 16.6004 -19.25 .7071 16.2929 -19.25
4 16 .9167 16.6004 -19.25 0 17 -19.25 0 21 -19.25 2.4513 18.847 -19.25
3 16 4.8361 20.4404 -19.25 2.4513 18.847 -19.25 0 20.7796 -19.25
3 16 0 20.7796 -19.25 6.5412 20.7796 -19.25 4.8361 20.4404 -19.25
0     ns-mirrored to right
3 16 -.7071 16.2929 -19.25 -.9167 16.6004 -19.25 0 17 -19.25
4 16 0 20.7796 -19.25 0 17 -19.25 -.9167 16.6004 -19.25 -2.4513 18.847 -19.25
3 16 0 20.7796 -19.25 -2.4513 18.847 -19.25 -4.8361 20.4404 -19.25
3 16 -4.8361 20.4404 -19.25 -6.5412 20.7796 -19.25 0 20.7796 -19.25
0
0 top surface
2 24 15 4 -3           13.858 4  -8.740
2 24 13.858 4 -8.740   10.607 4 -13.607 
2 24 10.607 4 -13.607  5.740 4 -16.858
2 24 5.740 4 -16.858   0 4 -18
2 24 16.044 4 -4.75 16.0735 4 -4.75
2 24 16.044 4 -4.8058 16.044 4 -4.75
4 16 13.9425 4 -8.7752 13.858 4 -8.740 10.607 4 -13.607 11.1154 4 -14.1154 
4 16 11.1154 4 -14.1154 10.607 4 -13.607 5.740 4 -16.858 8 4 -20
4 16 8 4 -20 5.740 4 -16.858 0 4 -18 0 4 -20
4 16 17 4 -3 15 4 -3 16.044 4 -4.75 16.0735 4 -4.75
4 16 15 4 -3 13.858 4 -8.740 16.044 4 -4.8058 16.044 4 -4.75
3 16   13.858 4 -8.740 13.9425 4 -8.7752 16.044 4 -4.8058
0 outside strap/mask upper fillet
5 24 8 4 -20  17 4 -3 10.6788 4.5328 -20 0 4 -20
5 24 10.6788 4.5328 -20  16.044 4.0806 -5.571 12.9497 6.0503 -20 8 4 -20
5 24 16.3493 4.0549 -4.75 17 4 -3 12.9497 6.0503 -20 8 4 -20
5 24 12.9497 6.0503 -20  15.6324 4.6923 -8.7402 14.4672 8.3212 -20 10.6788 4.5328 -20
5 24 15.7492 4.6332 -8.25 16.1661 4.4221 -6.5 14.4672 8.3212 -20 10.6788 4.5328 -20
5 24 16.5831 4.2111 -4.75  17 4 -3 14.4672 8.3212 -20 10.6788 4.5328 -20
5 24 14.4672 8.3212 -20 15.9574 5.7793 -10 15 11 -20 12.9497 6.0503 -20
5 24 16.2178 5.3345 -8.25 16.4785 4.8897 -6.5 15 11 -20 12.9497 6.0503 -20
5 24 16.7393 4.4448 -4.75 17 4 -3 15 11 -20 12.9497 6.0503 -20

5 24 15 11 -20 16.1765 6.8824 -10 14.4672 8.3212 -20 15 12 -20
5 24 16.3824 6.1618 -8.25 16.5882 5.4412 -6.5 14.4672 8.3212 -20 15 12 -20
5 24 16.7941 4.7206 -4.75 17 4 -3 14.4672 8.3212 -20 15 12 -20
2 24 16.0735 4 -4.75 16.3493 4.0549 -4.75
2 24 16.044 4.0806 -5.5710 16.044 4 -4.8058
2 24 16.3493 4.0549 -4.75 16.5831 4.2111 -4.75
2 24 15.6324 4.5551 -8.25 15.6324 4.6923 -8.7402
2 24 16.044 4.3405 -6.5 16.044 4.0806 -5.5710
2 24 16.044 4.3405 -6.5 16.1661 4.4221 -6.5
2 24 15.6324 4.5551 -8.25 15.7492 4.6332 -8.25
2 24 15.9571 5.7793 -10 15.6324 5.2934 -10
2 24 16.5831 4.2111 -4.75 16.7393 4.4448 -4.75
2 24 15.6324 5.2934 -10 15.6324 4.6923 -8.7402
2 24 15.7492 4.6332 -8.25 16.2178 5.3345 -8.25
2 24 16.1661 4.4221 -6.5 16.4785 4.8897 -6.5
2 24 16.7393 4.4448 -4.75 16.7941 4.7206 -4.75
2 24 16.1765 6.8824 -10 15.9571 5.7793 -10
2 24 16.2178 5.3345 -8.25 16.3824 6.1618 -8.25
2 24 16.5882 5.4412 -6.5 16.4785 4.8897 -6.5

3 16 17 4 -3 16.0735 4 -4.75 16.3493 4.0549 -4.75
4 16 8 4 -20 10.6788 4.5328 -20 16.044 4.0806 -5.5710 16.044 4 -4.8058
3 16 17 4 -3 16.3493 4.0549 -4.75 16.5831 4.2111 -4.75
4 16 10.6788 4.5328 -20 12.9497 6.0503 -20 15.6324 4.6923 -8.7402 15.6324 4.5551 -8.25
4 16 10.6788 4.5328 -20 15.6324 4.5551 -8.25 16.044 4.3405 -6.5 16.044 4.0806 -5.5710
4 16 16.044 4.3405 -6.5 15.6324 4.5551 -8.25 15.7492 4.6332 -8.25 16.1661 4.4221 -6.5
4 16 12.9497 6.0503 -20 14.4672 8.3212 -20 15.9571 5.7793 -10 15.6324 5.2934 -10
3 16 17 4 -3 16.5831 4.2111 -4.75 16.7393 4.4448 -4.75
3 16 12.9497 6.0503 -20 15.6324 5.2934 -10 15.6324 4.6923 -8.7402
4 16 16.1661 4.4221 -6.5 15.7492 4.6332 -8.25 16.2178 5.3345 -8.25 16.4785 4.8897 -6.5
3 16 17 4 -3 16.7393 4.4448 -4.75 16.7941 4.7206 -4.75
4 16 14.4672 8.3212 -20 15 11 -20 16.1765 6.8824 -10 15.9571 5.7793 -10
4 16 16.2178 5.3345 -8.25 16.3824 6.1618 -8.25 16.5882 5.4412 -6.5 16.4785 4.8897 -6.5
0 strap outside
2 24 16.1765 12 -10 16.1765 13.772 -10
2 24 17 12 -3 16.7941 12 -4.75
2 24 16.5882 12 -6.5 16.3824 12 -8.25 
2 24 17 12 -3 17 8.7059 -3 
2 24 16.7941 4.7206 -4.75 16.7941 4.8235 -4.75
2 24 16.7941 9.5294 -4.75 16.7941 12 -4.75
2 24 16.7941 9.5294 -4.75 17 8.7059 -3
2 24 16.7941 4.8235 -4.75 17 4 -3
2 24 16.1765 7.2941 -10 16.1765 6.8824 -10 
2 24 16.3824 6.1618 -8.25 16.3824 6.4706 -8.25
2 24 16.3824 11.1765 -8.25 16.3824 12 -8.25
2 24 16.5882 5.4412 -6.5 16.5882 5.6471 -6.5
2 24 16.5882 10.3529 -6.5 16.5882 12 -6.5
2 24 16.3824 6.4706 -8.25 16.5882 5.6471 -6.5
2 24 16.3824 11.1765 -8.25 16.5882 10.3529 -6.5
4 16 17 12 -3 17 8.7059 -3 16.7941 9.5294 -4.75 16.7941 12 -4.75
3 16 17 4 -3 16.7941 4.7206 -4.75 16.7941 4.8235 -4.75
4 16 16.5882 5.4412 -6.5 16.3824 6.1618 -8.25 16.3824 6.4706 -8.25 16.5882 5.6471 -6.5
4 16 16.5882 10.3529 -6.5 16.3824 11.1765 -8.25 16.3824 12 -8.25 16.5882 12 -6.5
2 24 15.3492 10.6031 -17.0315 15.2706 11.0966 -17.6997
2 24 15.2706 11.0966 -17.6997 15.2202 11.8083 -18.1281
2 24 15.2202 11.8083 -18.1281 15.2057 12.6297 -18.2516
2 24 15.2057 12.6297 -18.2516 15.2293 13.4359 -18.0513
2 24 15.2293 13.4359 -18.0513 15.25 13.6752 -17.8746
2 24 16.1765 7.2941 -10 15.3492 10.6031 -17.0315
2 24 16.1765 12 -10 15.7447 13.7269 -13.6697

3 16 16.1765 13.772 -10 16.1765 12 -10 15.7447 13.7269 -13.6697
4 16 16.1765 7.2941 -10 16.1765 6.8824 -10 15 11 -20 15.3492 10.6031 -17.0315
3 16 15 11 -20 15.2706 11.0966 -17.6997 15.3492 10.6031 -17.0315
3 16 15 11 -20 15.2202 11.8083 -18.1281 15.2706 11.0966 -17.6997
4 16 15.2057 12.6297 -18.2516 15.2202 11.8083 -18.1281 15 11 -20 15 13.6491 -20
3 16 15.2293 13.4359 -18.0513 15.2057 12.6297 -18.2516 15 13.6491 -20
3 16 15.25 13.6752 -17.8746 15.2293 13.4359 -18.0513 15 13.6491 -20
0 outside strap/mask fillet - lower
2 24 16.1765 13.772 -10 15.9461 14.9303 -10
5 24 15 13.6491 -20 15.25 13.6752 -17.8746 14.4404 16.4621 -20 15 12 -20
5 24 15.7447 13.7269 -13.6697 16.1765 13.772 -10 14.4404 16.4621 -20 15 12 -20
2 24 15.2899 15.9123 -10 14.3081 16.5684 -10
5 24 14.4404 16.4621 -20 15.9461 14.9303 -10 12.8469 18.847 -20 15 13.6491 -20
2 24 15.9461 14.9303 -10 15.2899 15.9123 -10
5 24 12.8469 18.847 -20 15.2899 15.9123 -10 10.4624 20.4404 -20 14.4404 16.4621 -20
2 24 14.3081 16.5684 -10 13.1496 16.7988 -10
5 24 10.4624 20.4404 -20 14.3081 16.5684 -10 7.6491 21 -20 12.8469 18.847 -20
5 24 7.6491 21 -20 13.1496 16.7988 -10 10.4624 20.4404 -20 6 21 -20
4 16 15.7447 13.7269 -13.6697 15.4138 14.4558 -15.2185 15.9461 14.9303 -10 16.1765 13.772 -10
4 16 14.4404 16.4621 -20 15.9461 14.9303 -10 15.4138 14.4558 -15.2185 15.2771 14.656 -16.0247
3 16 14.4404 16.4621 -20 15.2771 14.656 -16.0247 15.203 14.5326 -16.8461
3 16 14.4404 16.4621 -20 15.203 14.5326 -16.8461 15.2028 14.1041 -17.5578
4 16 14.4404 16.4621 -20 15.2028 14.1041 -17.5578 15.25 13.6752 -17.8746 15 13.6491 -20
4 16 15.9461 14.9303 -10 14.4404 16.4621 -20 12.8469 18.847 -20 15.2899 15.9123 -10
4 16 15.2899 15.9123 -10 12.8469 18.847 -20 10.4624 20.4404 -20 14.3081 16.5684 -10
4 16 14.3081 16.5684 -10 10.4624 20.4404 -20 7.6491 21 -20 13.1496 16.7988 -10
0 bottom outside surface 
2 24 13.0165 16.7998 -10 13.1499 16.7988 -10
2 24 10.6066 18.314 -13.6066 13.0165 16.7998 -10 
2 24 5.74 19.6801 -16.8582 10.6066 18.314 -13.6066
2 24 0 20.1598 -18 5.740 19.6801 -16.858
4 16 7.6491 21 -20 10.6066 18.314 -13.6066 13.0165 16.7998 -10 13.1499 16.7988 -10
4 16 7.6491 21 -20 6.5412 20.7796 -19.25 5.74 19.6801 -16.8582 10.6066 18.314 -13.6066
4 16 0 20.1598 -18 5.740 19.6801 -16.858 6.5412 20.7796 -19.25 0 20.7796 -19.25
0 outside left tang
2 24 17 12 -1.25  17 12 0
 2 24 17 12 0 17 11.9 .5
 2 24 17 11.215 2.25 17 10.8284 2.8284
 2 24 17 10.8284 2.8284 17 9.5308 3.6956
 2 24 17 9.5308 3.6956 17 8 4
 2 24 17 8 4 17 6.4692 3.6956
 2 24 17 6.4692 3.6956 17 5.7738 3.2308
 2 24 17 7.0588 .5 17 11.9 .5     
 2 24 17 6.2353 2.25 17 11.215 2.25
 2 24 17 12 -1.25 17 7.8824 -1.25
2 24 17 6.2353 2.25  17 5.7738 3.2308
2 24 17 7.8824 -1.25 17 7.0588 .5
4 16 17 12 .5 17 7.0588 .5 17 7.8824 -1.25 17 12 0
3 16 17 12 0 17 7.8824 -1.25 17 11.9 -1.25
4 16 17 10.8284 2.8284 17 5.7738 3.2308 17 6.2353 2.25 17 11.215 2.25
4 16 17 9.5308 3.6956 17 6.4692 3.6956 17 5.7738 3.2308 17 10.8284 2.8284
3 16 17 9.5308 3.6956 17 8 4 17 6.4692 3.6956
0 begin mirror outside 
0 top surface
2 24 -15 4 -3           -13.858 4  -8.740
2 24 -13.858 4 -8.740   -10.607 4 -13.607 
2 24 -10.607 4 -13.607 -5.740 4 -16.858
2 24 -5.740 4 -16.858   0 4 -18
2 24 -16.044 4 -4.75 -16.0735 4 -4.75
2 24 -16.044 4 -4.8058 -16.044 4 -4.75 
4 16 -13.858 4 -8.740 -13.9425 4 -8.7752 -11.1154 4 -14.1154 -10.607 4 -13.607
4 16 -5.740 4 -16.858 -10.607 4 -13.607 -11.1154 4 -14.1154 -8 4 -20
4 16 0 4 -18 -5.740 4 -16.858 -8 4 -20 0 4 -20
4 16 -16.044 4 -4.75 -15 4 -3 -17 4 -3 -16.0735 4 -4.75
4 16 -16.044 4 -4.8058 -13.858 4 -8.740 -15 4 -3 -16.044 4 -4.75
3 16 -16.044 4 -4.8058 -13.9425 4 -8.7752 -13.858 4 -8.740
0 outside strap/mask upper fillet
5 24 -8 4 -20  -17 4 -3 -10.6788 4.5328 -20 0 4 -20
5 24 -10.6788 4.5328 -20  -16.044 4.0806 -5.571 -12.9497 6.0503 -20 -8 4 -20
5 24 -16.3493 4.0549 -4.75 -17 4 -3 -12.9497 6.0503 -20 -8 4 -20
5 24 -12.9497 6.0503 -20  -15.6324 4.6923 -8.7402 -14.4672 8.3212 -20 -10.6788 4.5328 -20
5 24 -15.7492 4.6332 -8.25 -16.1661 4.4221 -6.5 -14.4672 8.3212 -20 -10.6788 4.5328 -20
5 24 -16.5831 4.2111 -4.75  -17 4 -3 -14.4672 8.3212 -20 -10.6788 4.5328 -20
5 24 -14.4672 8.3212 -20 -15.9574 5.7793 -10 -15 11 -20 -12.9497 6.0503 -20
5 24 -16.2178 5.3345 -8.25 -16.4785 4.8897 -6.5 -15 11 -20 -12.9497 6.0503 -20
5 24 -16.7393 4.4448 -4.75 -17 4 -3 -15 11 -20 -12.9497 6.0503 -20
5 24 -15 11 -20 -16.1765 6.8824 -10 -14.4672 8.3212 -20 -15 12 -20
5 24 -16.3824 6.1618 -8.25 -16.5882 5.4412 -6.5 -14.4672 8.3212 -20 -15 12 -20
5 24 -16.7941 4.7206 -4.75 -17 4 -3 -14.4672 8.3212 -20 -15 12 -20
2 24 -16.0735 4 -4.75 -16.3493 4.0549 -4.75
2 24 -16.044 4.0806 -5.5710 -16.044 4 -4.8058
2 24 -16.3493 4.0549 -4.75 -16.5831 4.2111 -4.75
2 24 -15.6324 4.5551 -8.25 -15.6324 4.6923 -8.7402
2 24 -16.044 4.3405 -6.5 -16.044 4.0806 -5.5710
2 24 -16.044 4.3405 -6.5 -16.1661 4.4221 -6.5
2 24 -15.6324 4.5551 -8.25 -15.7492 4.6332 -8.25
2 24 -15.9571 5.7793 -10 -15.6324 5.2934 -10
2 24 -16.5831 4.2111 -4.75 -16.7393 4.4448 -4.75
2 24 -15.6324 5.2934 -10 -15.6324 4.6923 -8.7402
2 24 -15.7492 4.6332 -8.25 -16.2178 5.3345 -8.25
2 24 -16.1661 4.4221 -6.5 -16.4785 4.8897 -6.5
2 24 -16.7393 4.4448 -4.75 -16.7941 4.7206 -4.75
2 24 -16.1765 6.8824 -10 -15.9571 5.7793 -10
2 24 -16.2178 5.3345 -8.25 -16.3824 6.1618 -8.25
2 24 -16.5882 5.4412 -6.5 -16.4785 4.8897 -6.5
3 16 -16.3493 4.0549 -4.75 -16.0735 4 -4.75 -17 4 -3
4 16 -16.044 4.0806 -5.5710 -10.6788 4.5328 -20 -8 4 -20 -16.044 4 -4.8058
3 16 -16.5831 4.2111 -4.75 -16.3493 4.0549 -4.75 -17 4 -3
4 16 -12.9497 6.0503 -20 -10.6788 4.5328 -20 -15.6324 4.5551 -8.25 -15.6324 4.6923 -8.7402
4 16 -16.044 4.3405 -6.5 -15.6324 4.5551 -8.25 -10.6788 4.5328 -20 -16.044 4.0806 -5.5710
4 16 -15.7492 4.6332 -8.25 -15.6324 4.5551 -8.25 -16.044 4.3405 -6.5 -16.1661 4.4221 -6.5
4 16 -15.9571 5.7793 -10 -14.4672 8.3212 -20 -12.9497 6.0503 -20 -15.6324 5.2934 -10
3 16 -16.7393 4.4448 -4.75 -16.5831 4.2111 -4.75 -17 4 -3
3 16 -15.6324 4.6923 -8.7402 -15.6324 5.2934 -10 -12.9497 6.0503 -20
4 16 -16.2178 5.3345 -8.25 -15.7492 4.6332 -8.25 -16.1661 4.4221 -6.5 -16.4785 4.8897 -6.5
3 16 -16.7941 4.7206 -4.75 -16.7393 4.4448 -4.75 -17 4 -3
4 16 -16.1765 6.8824 -10 -15 11 -20 -14.4672 8.3212 -20 -15.9571 5.7793 -10
4 16 -16.3824 6.1618 -8.25 -16.2178 5.3345 -8.25 -16.4785 4.8897 -6.5 -16.5882 5.4412 -6.5
0 strap outside
2 24 -16.1765 12 -10 -16.1765 13.772 -10
2 24 -17 12 -3 -16.7941 12 -4.75
2 24 -16.5882 12 -6.5 -16.3824 12 -8.25 
2 24 -17 12 -3 -17 4 -3 
2 24 -16.7941 4.7206 -4.75 -16.7941 12 -4.75
2 24 -16.1765 13.772 -10 -16.1765 6.8824 -10 
2 24 -16.3824 6.1618 -8.25 -16.3824 12 -8.25
2 24 -16.5882 5.4412 -6.5 -16.5882 12 -6.5
4 16 -16.7941 4.7206 -4.75 -17 4 -3 -17 12 -3 -16.7941 12 -4.75
4 16 -15 11 -20 -16.1765 6.8824 -10 -16.1765 13.772 -10 -15 13.6491 -20
4 16 -16.3824 12 -8.25 -16.3824 6.1618 -8.25 -16.5882 5.4412 -6.5 -16.5882 12 -6.5
0 outside strap/mask fillet - lower
2 24 -16.1765 13.772 -10 -15.9461 14.9303 -10
5 24 -15 13.6491 -20 -16.1765 13.772 -10 -14.4404 16.4621 -20 -15 12 -20
2 24 -15.2899 15.9123 -10 -14.3081 16.5684 -10
5 24 -14.4404 16.4621 -20 -15.9461 14.9303 -10 -12.8469 18.847 -20 -15 13.6491 -20
2 24 -15.9461 14.9303 -10 -15.2899 15.9123 -10
5 24 -12.8469 18.847 -20 -15.2899 15.9123 -10 -10.4624 20.4404 -20 -14.4404 16.4621 -20
2 24 -14.3081 16.5684 -10 -13.1496 16.7988 -10
5 24 -10.4624 20.4404 -20 -14.3081 16.5684 -10 -7.6491 21 -20 -12.8469 18.847 -20
5 24 -7.6491 21 -20 -13.1496 16.7988 -10 -10.4624 20.4404 -20 -6 21 -20
4 16 -14.4404 16.4621 -20 -15 13.6491 -20 -16.1765 13.772 -10 -15.9461 14.9303 -10
4 16 -12.8469 18.847 -20 -14.4404 16.4621 -20 -15.9461 14.9303 -10 -15.2899 15.9123 -10
4 16 -10.4624 20.4404 -20 -12.8469 18.847 -20 -15.2899 15.9123 -10 -14.3081 16.5684 -10
4 16 -7.6491 21 -20 -10.4624 20.4404 -20 -14.3081 16.5684 -10 -13.1496 16.7988 -10
0 bottom outside surface 
2 24 -13.0165 16.7998 -10 -13.1499 16.7988 -10
2 24 -10.6066 18.314 -13.6066 -13.0165 16.7998 -10 
2 24 -5.74 19.6801 -16.8582 -10.6066 18.314 -13.6066
2 24 0 20.1598 -18 -5.740 19.6801 -16.858
4 16 -13.0165 16.7998 -10 -10.6066 18.314 -13.6066 -7.6491 21 -20 -13.1499 16.7988 -10
4 16 -5.74 19.6801 -16.8582 -6.5412 20.7796 -19.25 -7.6491 21 -20 -10.6066 18.314 -13.6066
4 16 -6.5412 20.7796 -19.25 -5.740 19.6801 -16.858 0 20.1598 -18 0 20.7796 -19.25
0 outside right tang
2 24 -17 4 0  -17 4 -1.25  
2 24 -17 12 -1.25  -17 12 0
 2 24 -17 12 0 -17 11.9 .5
 2 24 -17 11.215 2.25 -17 10.8284 2.8284
 2 24 -17 10.8284 2.8284 -17 9.5308 3.6956
 2 24 -17 9.5308 3.6956 -17 8 4
 2 24 -17 8 4 -17 6.4692 3.6956
 2 24 -17 6.4692 3.6956 -17 5.1716 2.8284
 2 24 -17 5.1716 2.8284 -17 4.7805 2.25
 2 24 -17 4.1 .5 -17 4 0
 2 24 -17 4.1 .5 -17 11.9 .5
 2 24 -17 4.785 2.25 -17 11.215 2.25
 2 24 -17 12 -1.25 -17 4 -1.25
4 16 -17 4 0 -17 4 .5 -17 12 .5 -17 12 0
4 16 -17 11.9 -1.25 -17 4.1 -1.25 -17 4 0 -17 12 0
4 16 -17 4.785 2.25 -17 5.1716 2.8284 -17 10.8284 2.8284 -17 11.215 2.25
4 16 -17 5.1716 2.8284 -17 6.4692 3.6956 -17 9.5308 3.6956 -17 10.8284 2.8284
3 16 -17 6.4692 3.6956 -17 8 4 -17 9.5308 3.6956
0 end mirror outside surfaces
0
0 closeouts -inside strap/mask upper
4 16 15 4 -3 15 6 -3 13.8582 6.8358 -8.7403 13.8582 4 -8.7403
3 16 13.8582 4 -8.7403 13.8582 6.8358 -8.7403 13.577 6.6015 -9.1611
4 16 13.8582 4 -8.7403 13.577 6.6015 -9.1611 12.2242 6.2077 -11.1857 10.6066 4 -13.6066
3 16 10.6066 4 -13.6066 12.2242 6.2077 -11.1857 10.6066 6.1107 -13.6066
3 16 10.6066 4 -13.6066 10.6066 6.1107 -13.6066 9.7982 6 -14.1468
4 16 10.6066 4 -13.6066 9.7985 6 -14.1468 5.74 6 -16.858 5.740 4 -16.858
4 16 5.740 4 -16.858 5.740 6 -16.858 0 6 -18 0 4 -18
0 closeouts-inside nose
4 16 0 14 -18 1.1481 14.2284 -17.7716 2.1213 14.8787 -17.578 0 20.1598 -18
3 16  0 20.1598 -18  2.1213 14.8787 -17.578 3.8655 17.4328 -17.2311
4 16 0 20.1598 -18 3.8655 17.4328 -17.2311  5.6016 18.5928 -16.8858 5.74 19.6801 -16.8582
3 16 5.74 19.6801 -16.8582 5.6016 18.5928 -16.8858 5.740 18.6203 -16.8582
3 16 5.74 19.6801 -16.8582 5.740 18.6203 -16.8582 7.6493 19 -15.5826
3 16 5.74 19.6801 -16.8582 7.6493 19 -15.5826 9.4126 18.6492 -14.4044
0 closeout -lower fillet
2 24 13.0165 16.7998 -10 13.0165 15.3274 -10
3 16 9.5467 18.6116 -14.3148 10.6066 17.8876 -13.6066 10.6066 18.314 -13.6066
4 16 10.6066 18.314 -13.6066 10.6066 17.8876 -13.6066 11.8498 17.0157 -11.746 13.0165 16.7998 -10
3 16 13.0165 16.7998 -10 11.8498 17.0157 -11.746 13.0165 15.3274 -10
0 closeouts strap/end fillet
2 24 14.0667 12 -10 15.6324 12 -10
2 24 16.7941 12 -4.75 16.044 12 -4.75
2 24  16.044 12 -4.75 16.044 12 -6.5
2 24 16.044 12 -6.5 16.5882 12 -6.5
2 24 16.3824 12 -8.25 15.6324 12 -8.25
2 24 15.6324 12 -10 15.6324 12 -8.25
4 16 14.3081 16.5684 -10 13.1499 16.7988 -10 13.0165 16.7998 -10 13.0165 15.3274 -10
3 16 13.0165 15.3274 -10 15.2899 15.9123 -10 14.3081 16.5684 -10
4 16 13.0165 15.3274 -10 13.7344 14.2528 -10 15.9461 14.9303 -10 15.2899 15.9123 -10
4 16 13.7344 14.2528 -10 14.0667 12.5823 -10 16.1765 13.772 -10 15.9461 14.9303 -10
4 16 14.0667 12.5823 -10 14.0667 12 -10 16.1765 12 -10 16.1765 13.772 -10
4 16 17 12 -3 16.7941 12 -4.75 16.044 12 -4.75  15 12 -3
4 16 15 12 -3 16.044 12 -4.75 16.044 12 -6.5 14.0667 12 -10
4 16 16.044 12 -6.5 16.5882 12 -6.5 16.3824 12 -8.25 15.6324 12 -8.25
3 16 16.044 12 -6.5 15.6324 12 -8.25 14.0667 12 -10
3 16 14.0667 12 -10 15.6324 12 -8 15.6324 12 -10
0 closeout-tang
2 24 17 11.215 2.25 16.25 11.215 2.25
2 24 16.25 11.215 2.25 16.25 11.6956 1.5308 
2 24 17 11.9 .5 16.25 11.9 .5
2 24 16.25 11.9 .5 16.25 11.6956 1.5308 
2 24 15 4 -3 17 4 -3
2 24 17 12 -1.25 16.25 12 -1.25
2 24 16.25 12 -1.25 16.25 12 -3
2 24 16.25 12 -3 17 12 -3
2 24 17 5.7738 3.2308  15 5.7738 3.2308
4 16 17 5.7738 3.2308 17 6.4692 3.6956 15 6.4692 3.6956 15 5.7738 3.2308
4 16 17 6.4692 3.6956 17 8 4 15 8 4 15 6.4692 3.6956
5 24 17 6.4692 3.6956 15 6.4692 3.6956 17 8 4 17 5.1716 2.8284
4 16 17 8 4 17 9.5308 3.6956 15 9.5308 3.6956 15 8 4
5 24 17 8 4 15 8 4 17 9.5308 3.6956 17 6.4692 3.6956
4 16 17 9.5308 3.6956 17 10.8284 2.8284 15 10.8284 2.8284 15 9.5308 3.6956
5 24 17 9.5308 3.6956 15 9.5308 3.6956 17 10.8284 2.8284 17 8 4
4 16 17 10.8284 2.8284 17 11.215 2.25 16.25 11.215 2.25 15 10.8284 2.8284
4 16 16.25 11.215 2.25 16.25 11.6956 1.5308 15 11.6956 1.5308 15 10.8284 2.8284
5 24 17 10.8284 2.8284 15 10.8284 2.8284 17 11.6956 1.5308 17 9.5308 3.6956
4 16 17 11.9 .5 17 12 0 15 12 0 16.25 11.9 .5
4 16 15 11.6956 1.5308 16.25 11.6956 1.5308 16.25 11.9 .5 15 12 0
5 24 16.25 11.6956 1.5308 15 11.6956 1.5308 17 12 0 17 10.8284 2.8284
4 16 15 12 0 17 12 0 17 12 -1.25 16.25 12 -1.25
4 16 15 12 -3 15 12 0 16.25 12 -1.25 16.25 12 -3
0
0 begin mirror - closouts
0 closeouts -inside strap/mask upper
4 16 -13.8582 6.8358 -8.7403 -15 6 -3 -15 4 -3 -13.8582 4 -8.7403
3 16 -13.577 6.6015 -9.1611 -13.8582 6.8358 -8.7403 -13.8582 4 -8.7403
4 16 -12.2242 6.2077 -11.1857 -13.577 6.6015 -9.1611 -13.8582 4 -8.7403 -10.6066 4 -13.6066
3 16 -10.6066 6.1107 -13.6066 -12.2242 6.2077 -11.1857 -10.6066 4 -13.6066
3 16 -9.7982 6 -14.1468 -10.6066 6.1107 -13.6066 -10.6066 4 -13.6066
4 16 -5.74 6 -16.858 -9.7985 6 -14.1468 -10.6066 4 -13.6066 -5.740 4 -16.858
4 16 0 6 -18 -5.740 6 -16.858 -5.740 4 -16.858 0 4 -18
0 closeouts-inside nose
4 16 -2.1213 14.8787 -17.578 -1.1481 14.2284 -17.7716 0 14 -18 0 20.1598 -18
3 16 -3.8655 17.4328 -17.2311 -2.1213 14.8787 -17.578 0 20.1598 -18
4 16 -5.6016 18.5928 -16.8858 -3.8655 17.4328 -17.2311 0 20.1598 -18 -5.74 19.6801 -16.8582
3 16 -5.740 18.6203 -16.8582 -5.6016 18.5928 -16.8858 -5.74 19.6801 -16.8582
3 16 -7.6493 19 -15.5826 -5.740 18.6203 -16.8582 -5.74 19.6801 -16.8582
3 16 -9.4126 18.6492 -14.4044 -7.6493 19 -15.5826 -5.74 19.6801 -16.8582
0 closeout -lower fillet
2 24 -13.0165 16.7998 -10 -13.0165 15.3274 -10
3 16 -10.6066 18.314 -13.6066 -10.6066 17.8876 -13.6066 -9.5467 18.6116 -14.3148
4 16 -11.8498 17.0157 -11.746 -10.6066 17.8876 -13.6066 -10.6066 18.314 -13.6066 -13.0165 16.7998 -10
3 16 -13.0165 15.3274 -10 -11.8498 17.0157 -11.746 -13.0165 16.7998 -10
0 closeouts strap/end fillet
2 24 -14.0667 12 -10 -15.6324 12 -10
2 24 -16.7941 12 -4.75 -16.044 12 -4.75
2 24  -16.044 12 -4.75 -16.044 12 -6.5
2 24 -16.044 12 -6.5 -16.5882 12 -6.5
2 24 -16.3824 12 -8.25 -15.6324 12 -8.25
2 24 -15.6324 12 -10 -15.6324 12 -8.25
4 16 -13.1499 16.7988 -10 -14.3081 16.5684 -10 -13.0165 15.3274 -10 -13.0165 16.7998 -10
3 16 -14.3081 16.5684 -10 -15.2899 15.9123 -10 -13.0165 15.3274 -10
4 16 -15.9461 14.9303 -10 -13.7344 14.2528 -10 -13.0165 15.3274 -10 -15.2899 15.9123 -10
4 16 -16.1765 13.772 -10 -14.0667 12.5823 -10 -13.7344 14.2528 -10 -15.9461 14.9303 -10
4 16 -16.1765 12 -10 -14.0667 12 -10 -14.0667 12.5823 -10 -16.1765 13.772 -10
4 16 -16.044 12 -4.75 -16.7941 12 -4.75 -17 12 -3 -15 12 -3
4 16 -16.044 12 -6.5 -16.044 12 -4.75 -15 12 -3 -14.0667 12 -10
4 16 -16.3824 12 -8.25 -16.5882 12 -6.5 -16.044 12 -6.5 -15.6324 12 -8.25
3 16 -14.0667 12 -10 -15.6324 12 -8.25 -16.044 12 -6.5
3 16 -15.6324 12 -10 -15.6324 12 -8 -14.0667 12 -10
0 closeout-tang
2 24 -17 4.1 .5 -16.25 4.1 .5 
2 24 -16.25 4.1 .5 -16.25 4.3044 1.5308
2 24 -17 4.785 2.25  -16.25 4.785 2.25
2 24 -16.25 4.3044 1.5308 -16.25 4.785 2.25
2 24 -17 11.215 2.25 -16.25 11.215 2.25
2 24 -16.25 11.215 2.25 -16.25 11.6956 1.5308 
2 24 -17 11.9 .5 -16.25 11.9 .5
2 24 -16.25 11.9 .5 -16.25 11.6956 1.5308 
2 24 -17 4 -1.25 -16.25 4 -1.25
2 24 -16.25 4 -1.25 -16.25 4 -3
2 24 -16.24 4 -3 -17 4 -3
2 24 -17 12 -1.25 -16.25 12 -1.25
2 24 -16.25 12 -1.25 -16.25 12 -3
2 24 -16.25 12 -3 -17 12 -3
4 16 -16.25 4.1 .5 -17 4.1 .5 -17 4 0 -15 4 0
4 16 -15 4.3044 1.5308 -16.25 4.3044 1.5308 -16.25 4.1 .5 -15 4 0
5 24 -17 4 0 -15 4 0 -17 4.3044 1.5308 -17 4.3044 -1.5308
4 16 -15 5.1716 2.8284 -17 5.1716 2.8284 -17 4.785 2.25 -16.25 4.785 2.25
4 16 -15 5.1716 2.8284 -16.25 4.785 2.25 -16.25 4.3044 1.5308 -15 4.3044 1.5308
 5 24 -16.25 4.3044 1.5308 -15 4.3044 1.5308 -17 5.1716 2.8284 -17 4 0
4 16 -15 6.4692 3.6956 -17 6.4692 3.6956 -17 5.1716 2.8284 -15 5.1716 2.8284
 5 24 -17 5.1716 2.8284 -15 5.1716 2.8284 -17 6.4692 3.6956 -17 4.3044 1.5308
4 16 -15 8 4 -17 8 4 -17 6.4692 3.6956 -15 6.4692 3.6956
 5 24 -17 6.4692 3.6956 -15 6.4692 3.6956 -17 8 4 -17 5.1716 2.8284
4 16 -15 9.5308 3.6956 -17 9.5308 3.6956 -17 8 4 -15 8 4
 5 24 -17 8 4 -15 8 4 -17 9.5308 3.6956 -17 6.4692 3.6956
4 16 -15 10.8284 2.8284 -17 10.8284 2.8284 -17 9.5308 3.6956 -15 9.5308 3.6956
 5 24 -17 9.5308 3.6956 -15 9.5308 3.6956 -17 10.8284 2.8284 -17 8 4
4 16 -16.25 11.215 2.25 -17 11.215 2.25 -17 10.8284 2.8284 -15 10.8284 2.8284
4 16 -15 11.6956 1.5308 -16.25 11.6956 1.5308 -16.25 11.215 2.25 -15 10.8284 2.8284
5 24 -17 10.8284 2.8284 -15 10.8284 2.8284 -17 11.6956 1.5308 -17 9.5308 3.6956
4 16 -15 12 0 -17 12 0 -17 11.9 .5 -16.25 11.9 .5
4 16 -16.25 11.9 .5 -16.25 11.6956 1.5308 -15 11.6956 1.5308 -15 12 0
5 24 -16.25 11.6956 1.5308 -15 11.6956 1.5308 -17 12 0 -17 10.8284 2.8284
4 16 -15 4 0 -17 4 0 -17 4 -1.25 -16.25 4 -1.25
4 16 -15 4 -3 -15 4 0 -16.25 4 -1.25 -16.25 4 -3
4 16 -17 12 -1.25 -17 12 0 -15 12 0 -16.25 12 -1.25
4 16 -16.25 12 -1.25 -15 12 0 -15 12 -3 -16.25 12 -3
0 end mirror closeouts
0
0 channels-left
2 24 16.25 6.2353 2.25 16.25 11.215 2.25
2 24 16.25 6.2353 2.25 17 6.2353 2.25
2 24 16.25 7.0588 .5 16.25 11.9 .5
2 24 16.25 7.0588 .5 17 7.0588 .5
2 24 16.25 7.0588 .5 16.25 6.2353 2.25
4 16 17 11.215 2.25 17 6.2353 2.25 16.25 6.2353 2.25 16.25 11.215 2.25
3 16 16.25 6.2353 2.25 16.25 7.0588 .5  16.25 11.215 2.25
4 16 16.25 11.6956 1.5308 16.25 11.215 2.25 16.25 7.0588 .5 16.25 11.9 .5
4 16 17 7.0588 .5 17 11.9 .5 16.25 11.9 .5 16.25 7.0588 .5
4 16 17 7.0588 .5 16.25 7.0588 .5 16.25 6.2353 2.25 17 6.2353 2.25
2 24 16.25 7.8824 -1.25 16.25 12 -1.25
2 24 16.25 8.7059 -3 16.25 12 -3
2 24 16.25 7.8824 -1.25 17 7.8824 -1.25
2 24 16.25 8.7059 -3 17 8.7059 -3
2 24 16.25 8.7059 -3 16.25 7.8824 -1.25
4 16 17 12 -1.25 17 7.8824 -1.25 16.25 7.8824 -1.25 16.25 12 -1.25
4 16 16.25 12 -1.25 16.25 7.8824 -1.25 16.25 8.7059 -3 16.25 12 -3
4 16 16.25 8.7059 -3 17 8.7059 -3 17 12 -3 16.25 12 -3
4 16 16.25 8.7059 -3 16.25 7.8824 -1.25 17 7.8824 -1.25 17 8.7059 -3
2 24 16.044 4 -4.75 16.044 4.8235 -4.75
2 24 16.044 9.5294 -4.75 16.044 12 -4.75
2 24 16.044 4.8235 -4.75 16.7941 4.8235 -4.75
2 24 16.044 9.5294 -4.75 16.7941 9.5294 -4.75
2 24 16.044 4.8235 -4.75 16.044 5.6471 -6.5
2 24 16.044 9.5294 -4.75 16.044 10.3529 -6.5
2 24 16.044 4.3405 -6.5 16.044 5.6471 -6.5
2 24 16.044 10.3529 -6.5 16.044 12 -6.5
2 24 16.044 10.3529 -6.5 16.5882 10.3529 -6.5
2 24 16.044 5.6471 -6.5 16.5882 5.6471 -6.5

 1 16 16.0734 4.7206 -4.75 .7206 0 0 0 0 -.7206 0 1 0 1-4disc.dat
4 16 16.0734 4 -4.75 16.044 4 -4.75 16.044 4.8235 -4.75 16.0734 4.7206 -4.75
4 16 16.044 4.8235 -4.75 16.0734 4.7206 -4.75 16.7941  4.7206 -4.75 16.7941 4.8235 -4.75
4 16 16.7941 12 -4.75 16.7941 9.5294 -4.75 16.044 9.5294 -4.75 16.044 12 -4.75
0 4 1 16.044 4 -4.75 16.044 4 -4.8058 16.044 4.0806 -5.5710 16.044 4.8235 -4.75
3 16 16.044 4 -4.75 16.044 4.0806 -5.5710 16.044 4.8235 -4.75
4 16 16.044 4.0806 -5.5710 16.044 4.3405 -6.5 16.044 5.6471 -6.5 16.044 4.8235 -4.75
4 16 16.044 4.8235 -4.75 16.044 5.6471 -6.5 16.7941 5.6471 -6.5 16.7941 4.8235 -4.75
4 16 16.044 10.3529 -6.5 16.044 9.5294 -4.75 16.7941 9.5294 -4.75 16.7941 10.3529 -6.5
4 16 16.044 9.5294 -4.75 16.044 10.3529 -6.5 16.044 12 -6.5 16.044 12 -4.75
4 16 16.044 4.3405 -6.5 16.1661 4.4224 -6.5 16.4785 4.8897 -6.5 16.044 5.6471 -6.5
4 16 16.4785 4.8897 -6.5 16.5882 5.4412 -6.5 16.5882 5.6471 -6.5 16.044 5.6471 -6.5
4 16 16.044 10.3529 -6.5 16.5882 10.3529 -6.5 16.5882 12 -6.5 16.044 12 -6.5
2 24 15.6324 4.5551 -8.25 15.6324 6.4706 -8.25
2 24 15.6324 11.1765 -8.25 15.6324 12 -8.25
2 24 15.6324 6.4706 -8.25 16.3824 6.4706 -8.25
2 24 15.6324 11.1765 -8.25 16.3824 11.1765 -8.25
2 24 15.6324 5.2934 -10 15.6324 7.2941 -10
2 24 15.6324 7.2941 -10 16.1765 7.2941 -10
2 24 15.6324 7.2941 -10 15.6324 6.4706 -8.25
2 24 15.6324 12 -10 15.6324 11.1765 -8.25
4 16 16.2178 5.3345 -8.25 15.7492 4.6332 -8.25 15.6324 4.5551 -8.25 15.6324 6.4706 -8.25
4 16 16.2178 5.3345 -8.25 15.6324 6.4706 -8.25 16.3824 6.4706 -8.25 16.3824 6.1618 -8.25
4 16 15.6324 11.1765 -8.25 15.6324 12 -8.25 16.3824 12 -8.25 16.3824 11.1765 -8.25
4 16 15.6324 4.5551 -8.25 15.6324 4.6923 -8.7402 15.6324 5.2934 -10 15.6324 6.4706 -8.25
3 16 15.6324 5.2934 -10 15.6324 7.2941 -10 15.6324 6.4706 -8.25
4 16 15.6324 6.4706 -8.25 15.6324 7.2941 -10 16.1765 7.2941 -10 16.3824 6.4706 -8.25
3 16 15.6324 12 -10 15.6324 12 -8.25 15.6324 11.1765 -8.25
4 16 16.1765 12 -10 15.6324 12 -10 15.6324 11.1765 -8.2 16.3824 11.1765 -8.25
4 16 15.6324 5.2934 -10 15.9571 5.7793 -10 16.1765 6.8824 -10 15.6324 7.2941 -10
3 16 16.1765 6.8824 -10 16.1765 7.2941 -10 15.6324 7.2941 -10
0 channels-right
2 24 -16.25 4.785 2.25 -16.25 11.215 2.25
2 24 -16.25 4.1 .5 -16.25 11.9 .5
4 16 -16.25 4.785 2.25 -17 4.785 2.25 -17 11.215 2.25 -16.25 11.215 2.25
4 16 -16.25 4.1 .5 -16.25 4.3044 1.5308 -16.25 4.785 2.25 -16.25 11.215 2.25
4 16 -16.25 4.1 .5 -16.25 11.215 2.25 -16.25 11.6956 1.5308 -16.25 11.9 .5
4 16 -16.25 11.9 .5 -17 11.9 .5 -17 4.1 .5 -16.25 4.1 .5
2 24 -16.25 4 -1.25 -16.25 12 -1.25
2 24 -16.25 4 -3 -16.25 12 -3
4 16 -16.25 4 -1.25 -17 4 -1.25 -17 12 -1.25 -16.25 12 -1.25
4 16 -16.25 4 -3 -16.25 4 -1.25 -16.25 12 -1.25 -16.25 12 -3
4 16 -17 12 -3 -17 4 -3 -16.25 4 -3 -16.25 12 -3
2 24 -16.044 4 -4.75 -16.044 12 -4.75
2 24 -16.044 4.3405 -6.5 -16.044 12 -6.5
1 16 -16.0734 4.7206 -4.75 0 0 -.7206 -.7206 0 0 0 1 0 1-4disc.dat
4 16 -16.044 12 -4.75 -16.044 4 -4.75 -16.0734 4 -4.75 -16.0734 4.7206 -4.75
4 16 -16.0734 4.7206 -4.75 -16.7941 4.7206 -4.75 -16.7941 12 -4.75 -16.0734 12 -4.75
0 4 1 -16.044 4.0806 -5.5710 -16.044 4 -4.8058 -16.044 4 -4.75 -16.044 12 -4.75
3 16 -16.044 4.0806 -5.5710  -16.044 4 -4.75 -16.044 12 -4.75
4 16 -16.044 12 -6.5 -16.044 4.3405 -6.5 -16.044 4.0806 -5.5710 -16.044 12 -4.75
4 16 -16.4785 4.8897 -6.5 -16.1661 4.4224 -6.5 -16.044 4.3405 -6.5 -16.044 12 -6.5
4 16 -16.5882 12 -6.5 -16.5882 5.4412 -6.5 -16.4785 4.8897 -6.5 -16.044 12 -6.5
2 24 -15.6324 4.5551 -8.25 -15.6324 12 -8.25
2 24 -15.6324 5.2934 -10 -15.6324 12 -10
4 16 -15.6324 4.5551 -8.25 -15.7492 4.6332 -8.25 -16.2178 5.3345 -8.25 -15.6324 12 -8.25
4 16 -16.3824 12 -8.25 -15.6324 12 -8.25 -16.2178 5.3345 -8.25 -16.3824 6.1618 -8.25
4 16 -15.6324 5.2934 -10 -15.6324 4.6923 -8.7402 -15.6324 4.5551 -8.25 -15.6324 12 -8.25
3 16 -15.6324 12 -8.25 -15.6324 12 -10 -15.6324 5.2934 -10
4 16 -16.1765 6.8824 -10 -15.9571 5.7793 -10 -15.6324 5.2934 -10 -15.6324 12 -10
3 16 -15.6324 12 -10 -16.1765 12 -10 -16.1765 6.8824 -10
0 snorkel (25.2 degrees angle)
2 24 15.25 13.6752 -17.8746 15.2028 14.1041 -17.5578
2 24 15.2028 14.1041 -17.5578 15.203 14.5326 -16.8461
2 24 15.203 14.5326 -16.8461 15.2771 14.656 -16.0247
2 24 15.2771 14.656 -16.0247 15.4138 14.4558 -15.2185
2 24 15.4138 14.4558 -15.2185 15.7447 13.7269 -13.6697
2 24 15 -3 11.875 17 -3 11.875
2 24  15 0.8527 13.688 17 0.8527 13.688
2 24 15 -3 11.875 15 4 -3 
2 24 15 5.7738 3.2308  15 0.8527 13.688
2 24 15 -3 11.875 15 .8527 13.688 
5 24 17 5.7738 3.2308 17 0.8527 13.688 15 .8527 13.688 17.8147 .7061 13.619 
1 16 17 -1.0737 12.7815 0 0 2.129 -1.926 -.426 0 -.906 .905 0 2-4edge.dat
1 16 17 12.5294 -16.125 0 -1.8 0 1.926 0 .906 .906 0 -1.926 2-4cyli.dat
3 16 17 4 -3 15.3492 10.6031 -17.0315 17 10.6031 -17.0315
3 16 17 14.4558 -15.2185 15.4138 14.4558 -15.2185 17 8.7059 -3
4 16 15 -3 11.875 15 4 -3 17 4 -3 17 -3 11.875
4 16 17 5.7738 3.2308 15 5.7738 3.2308  15 0.8527 13.688 17 0.8527 13.688
4 16 15 0.8527 13.688 15 -3 11.875 17 -3 11.875 17 0.8527 13.688
4 16 15 -3 11.875 15 .8527 13.688 15 5.7738 3.2308 15 4 -3
1 16 17 12.5294 -16.125 0 0 2.129 -1.926 -13.603 0 -.906 28.906 0 2-4cyli.dat
1 16 17 -1.0737 12.7815 0 0 2.129 -1.926 -.426 0 -.906 .905 0 2-4disc.dat
1 16 17 12.5294 -16.125 0 0 2.129 -1.926 .906 0 -.906 -1.926 0 2-8sphe.dat
0
0 Thanks James
0
