0 Minifig Scuba Tank
0 Name: 30091.dat
0 Author: Chris Alano
0 !LDRAW_ORG Part UPDATE 2000-02
0 !LICENSE Not redistributable : see NonCAreadme.txt

0 !CATEGORY Minifig Accessory
0 !KEYWORDS diver, scuba, air tank, regulator

0 !HISTORY 2000-09-30 [PTadmin] Official Update 2000-02
0 !HISTORY 2007-06-06 [PTadmin] Header formatted for Contributor Agreement
0 !HISTORY 2008-07-01 [PTadmin] Official Update 2008-01

0 // Tank-cylinder
1 16 0 1 18 5 0 0 0 1 0 0 0 5 4-4edge.dat
1 16 0 1 18 5 0 0 0 1 0 0 0 -5 4-4disc.dat
1 16 0 29 18 5 0 0 0 1 0 0 0 5 4-4edge.dat
1 16 0 29 18 8 0 0 0 1 0 0 0 8 4-4edge.dat
1 16 0 1 18 5 0 0 0 28 0 0 0 5 4-4cyli.dat
1 16 0 -1 18 8 0 0 0 30 0 0 0 -8 4-4cyli.dat
1 16 0 29 18 1.25 0 0 0 1 0 0 0 1.25 ring4.dat
1 16 0 29 18 2 0 0 0 1 0 0 0 2 ring3.dat
0 tank-top
5 24 8 -1 18 7.3912 -1 21.0616 7.7071 -1.5 18 8 0 18
5 24 7.7071 -1.7071 18 7.1206 -1.7071 20.9495 8 -1 18 7 -2 18
5 24 7 -2 18 6.4673 -2 20.6789 7.7071 -1.7071 18 6 -2 18
5 24 8 -1 18 7.7071 -1.7071 18 7.3912 -1 18.9384 7.3912 -1 17.0616
5 24 7.7071 -1.7071 18 7 -2 18 7.1206 -1.7071 20.9495 7.1206 -1.7071 17.0505
4 16 8 -1 18 7.3912 -1 21.0616 7.1206 -1.7071 20.9495 7.7071 -1.7071 18
4 16 7.7071 -1.7071 18 7.1206 -1.7071 20.9495 6.4673 -2 20.6789 7 -2 18
0
5 24 7.391 -1 21.061 5.657 -1 23.657 7.12 -1.5 20.949 7.391 0 21.061
5 24 7.12 -1.707 20.949 5.45 -1.707 23.45 7.391 -1 21.061 6.467 -2 20.679
5 24 6.467 -2 20.679 4.95 -2 22.95 7.12 -1.707 20.949 5.543 -2 20.296
5 24 7.391 -1 21.061 7.12 -1.707 20.949 6.469 -1 21.695 7.188 -1 19.962
5 24 7.12 -1.707 20.949 6.467 -2 20.679 5.45 -1.707 23.45 6.942 -1.707 19.848
4 16 7.391 -1 21.061 5.657 -1 23.657 5.45 -1.707 23.45 7.12 -1.707 20.949
4 16 7.12 -1.707 20.949 5.45 -1.707 23.45 4.95 -2 22.95 6.467 -2 20.679
0 0
5 24 5.657 -1 23.657 3.061 -1 25.391 5.45 -1.5 23.45 5.657 0 23.657
5 24 5.45 -1.707 23.45 2.949 -1.707 25.121 5.657 -1 23.657 4.95 -2 22.95
5 24 4.95 -2 22.95 2.679 -2 24.467 5.45 -1.707 23.45 4.243 -2 22.243
5 24 5.657 -1 23.657 5.45 -1.707 23.45 4.563 -1 23.89 5.89 -1 22.563
5 24 5.45 -1.707 23.45 4.95 -2 22.95 2.949 -1.707 25.121 5.706 -1.707 22.364
4 16 5.657 -1 23.657 3.061 -1 25.391 2.949 -1.707 25.121 5.45 -1.707 23.45
4 16 5.45 -1.707 23.45 2.949 -1.707 25.121 2.679 -2 24.467 4.95 -2 22.95
0
5 24 3.062 -1 25.391 0 -1 26 2.949 -1.5 25.12 3.062 0 25.391
5 24 2.949 -1.707 25.12 0 -1.707 25.707 3.062 -1 25.391 2.679 -2 24.467
5 24 2.679 -2 24.467 0 -2 25 2.949 -1.707 25.12 2.296 -2 23.543
5 24 3.062 -1 25.391 2.949 -1.707 25.12 1.962 -1 25.187 3.695 -1 24.47
5 24 2.949 -1.707 25.12 2.679 -2 24.467 0 -1.707 25.707 3.602 -1.707 24.215
4 16 3.062 -1 25.391 0 -1 26 0 -1.707 25.707 2.949 -1.707 25.12
4 16 2.949 -1.707 25.12 0 -1.707 25.707 0 -2 25 2.679 -2 24.467
0 0 0
5 24 0 -1 26 -3.062 -1 25.391 0 -1.5 25.707 0 0 26
5 24 0 -1.707 25.707 -2.95 -1.707 25.121 0 -1 26 0 -2 25
5 24 0 -2 25 -2.679 -2 24.467 0 -1.707 25.707 0 -2 24
5 24 0 -1 26 0 -1.707 25.707 -0.938 -1 25.391 0.938 -1 25.391
5 24 0 -1.707 25.707 0 -2 25 -2.95 -1.707 25.121 0.949 -1.707 25.121
4 16 0 -1 26 -3.062 -1 25.391 -2.95 -1.707 25.121 0 -1.707 25.707
4 16 0 -1.707 25.707 -2.95 -1.707 25.121 -2.679 -2 24.467 0 -2 25
0
5 24 -3.061 -1 25.391 -5.657 -1 23.657 -2.949 -1.5 25.12 -3.061 0 25.391
5 24 -2.949 -1.707 25.12 -5.45 -1.707 23.45 -3.061 -1 25.391 -2.679 -2 24.467
5 24 -2.679 -2 24.467 -4.95 -2 22.95 -2.949 -1.707 25.12 -2.296 -2 23.543
5 24 -3.061 -1 25.391 -2.949 -1.707 25.12 -3.695 -1 24.469 -1.962 -1 25.188
5 24 -2.949 -1.707 25.12 -2.679 -2 24.467 -5.45 -1.707 23.45 -1.848 -1.707 24.942
4 16 -3.061 -1 25.391 -5.657 -1 23.657 -5.45 -1.707 23.45 -2.949 -1.707 25.12
4 16 -2.949 -1.707 25.12 -5.45 -1.707 23.45 -4.95 -2 22.95 -2.679 -2 24.467
0 0
5 24 -5.657 -1 23.657 -7.391 -1 21.061 -5.45 -1.5 23.45 -5.657 0 23.657
5 24 -5.45 -1.707 23.45 -7.121 -1.707 20.949 -5.657 -1 23.657 -4.95 -2 22.95
5 24 -4.95 -2 22.95 -6.467 -2 20.679 -5.45 -1.707 23.45 -4.243 -2 22.243
5 24 -5.657 -1 23.657 -5.45 -1.707 23.45 -5.89 -1 22.563 -4.563 -1 23.89
5 24 -5.45 -1.707 23.45 -4.95 -2 22.95 -7.121 -1.707 20.949 -4.364 -1.707 23.706
4 16 -5.657 -1 23.657 -7.391 -1 21.061 -7.121 -1.707 20.949 -5.45 -1.707 23.45
4 16 -5.45 -1.707 23.45 -7.121 -1.707 20.949 -6.467 -2 20.679 -4.95 -2 22.95
0
5 24 -7.391 -1 21.062 -8 -1 18 -7.12 -1.5 20.949 -7.391 0 21.062
5 24 -7.12 -1.707 20.949 -7.707 -1.707 18 -7.391 -1 21.062 -6.467 -2 20.679
5 24 -6.467 -2 20.679 -7 -2 18 -7.12 -1.707 20.949 -5.543 -2 20.296
5 24 -7.391 -1 21.062 -7.12 -1.707 20.949 -7.187 -1 19.962 -6.47 -1 21.695
5 24 -7.12 -1.707 20.949 -6.467 -2 20.679 -7.707 -1.707 18 -6.215 -1.707 21.602
4 16 -7.391 -1 21.062 -8 -1 18 -7.707 -1.707 18 -7.12 -1.707 20.949
4 16 -7.12 -1.707 20.949 -7.707 -1.707 18 -7 -2 18 -6.467 -2 20.679
0 0 0 0
5 24 -8 -1 18 -7.391 -1 14.938 -7.707 -1.5 18 -8 0 18
5 24 -7.707 -1.707 18 -7.121 -1.707 15.051 -8 -1 18 -7 -2 18
5 24 -7 -2 18 -6.467 -2 15.321 -7.707 -1.707 18 -6 -2 18
5 24 -8 -1 18 -7.707 -1.707 18 -7.391 -1 17.062 -7.391 -1 18.938
5 24 -7.707 -1.707 18 -7 -2 18 -7.121 -1.707 15.051 -7.121 -1.707 18.95
4 16 -8 -1 18 -7.391 -1 14.938 -7.121 -1.707 15.051 -7.707 -1.707 18
4 16 -7.707 -1.707 18 -7.121 -1.707 15.051 -6.467 -2 15.321 -7 -2 18
0
5 24 -7.391 -1 14.939 -5.657 -1 12.343 -7.12 -1.5 15.051 -7.391 0 14.939
5 24 -7.12 -1.707 15.051 -5.45 -1.707 12.55 -7.391 -1 14.939 -6.467 -2 15.321
5 24 -6.467 -2 15.321 -4.95 -2 13.05 -7.12 -1.707 15.051 -5.543 -2 15.704
5 24 -7.391 -1 14.939 -7.12 -1.707 15.051 -6.469 -1 14.305 -7.188 -1 16.038
5 24 -7.12 -1.707 15.051 -6.467 -2 15.321 -5.45 -1.707 12.55 -6.942 -1.707 16.152
4 16 -7.391 -1 14.939 -5.657 -1 12.343 -5.45 -1.707 12.55 -7.12 -1.707 15.051
4 16 -7.12 -1.707 15.051 -5.45 -1.707 12.55 -4.95 -2 13.05 -6.467 -2 15.321
0 0
5 24 -5.657 -1 12.343 -3.061 -1 10.609 -5.45 -1.5 12.55 -5.657 0 12.343
5 24 -5.45 -1.707 12.55 -2.949 -1.707 10.879 -5.657 -1 12.343 -4.95 -2 13.05
5 24 -4.95 -2 13.05 -2.679 -2 11.533 -5.45 -1.707 12.55 -4.243 -2 13.757
5 24 -5.657 -1 12.343 -5.45 -1.707 12.55 -4.563 -1 12.11 -5.89 -1 13.437
5 24 -5.45 -1.707 12.55 -4.95 -2 13.05 -2.949 -1.707 10.879 -5.706 -1.707 13.636
4 16 -5.657 -1 12.343 -3.061 -1 10.609 -2.949 -1.707 10.879 -5.45 -1.707 12.55
4 16 -5.45 -1.707 12.55 -2.949 -1.707 10.879 -2.679 -2 11.533 -4.95 -2 13.05
0
5 24 -3.062 -1 10.609 0 -1 10 -2.949 -1.5 10.88 -3.062 0 10.609
5 24 -2.949 -1.707 10.88 0 -1.707 10.293 -3.062 -1 10.609 -2.679 -2 11.533
5 24 -2.679 -2 11.533 0 -2 11 -2.949 -1.707 10.88 -2.296 -2 12.457
5 24 -3.062 -1 10.609 -2.949 -1.707 10.88 -1.962 -1 10.813 -3.695 -1 11.53
5 24 -2.949 -1.707 10.88 -2.679 -2 11.533 0 -1.707 10.293 -3.602 -1.707 11.785
4 16 -3.062 -1 10.609 0 -1 10 0 -1.707 10.293 -2.949 -1.707 10.88
4 16 -2.949 -1.707 10.88 0 -1.707 10.293 0 -2 11 -2.679 -2 11.533
0 0 0
5 24 0 -1 10 3.062 -1 10.609 0 -1.5 10.293 0 0 10
5 24 0 -1.707 10.293 2.95 -1.707 10.879 0 -1 10 0 -2 11
5 24 0 -2 11 2.679 -2 11.533 0 -1.707 10.293 0 -2 12
5 24 0 -1 10 0 -1.707 10.293 0.938 -1 10.609 -0.938 -1 10.609
5 24 0 -1.707 10.293 0 -2 11 2.95 -1.707 10.879 -0.949 -1.707 10.879
4 16 0 -1 10 3.062 -1 10.609 2.95 -1.707 10.879 0 -1.707 10.293
4 16 0 -1.707 10.293 2.95 -1.707 10.879 2.679 -2 11.533 0 -2 11
0
5 24 3.061 -1 10.609 5.657 -1 12.343 2.949 -1.5 10.88 3.061 0 10.609
5 24 2.949 -1.707 10.88 5.45 -1.707 12.55 3.061 -1 10.609 2.679 -2 11.533
5 24 2.679 -2 11.533 4.95 -2 13.05 2.949 -1.707 10.88 2.296 -2 12.457
5 24 3.061 -1 10.609 2.949 -1.707 10.88 3.695 -1 11.531 1.962 -1 10.812
5 24 2.949 -1.707 10.88 2.679 -2 11.533 5.45 -1.707 12.55 1.848 -1.707 11.058
4 16 3.061 -1 10.609 5.657 -1 12.343 5.45 -1.707 12.55 2.949 -1.707 10.88
4 16 2.949 -1.707 10.88 5.45 -1.707 12.55 4.95 -2 13.05 2.679 -2 11.533
0 0
5 24 5.657 -1 12.343 7.391 -1 14.939 5.45 -1.5 12.55 5.657 0 12.343
5 24 5.45 -1.707 12.55 7.121 -1.707 15.051 5.657 -1 12.343 4.95 -2 13.05
5 24 4.95 -2 13.05 6.467 -2 15.321 5.45 -1.707 12.55 4.243 -2 13.757
5 24 5.657 -1 12.343 5.45 -1.707 12.55 5.89 -1 13.437 4.563 -1 12.11
5 24 5.45 -1.707 12.55 4.95 -2 13.05 7.121 -1.707 15.051 4.364 -1.707 12.294
4 16 5.657 -1 12.343 7.391 -1 14.939 7.121 -1.707 15.051 5.45 -1.707 12.55
4 16 5.45 -1.707 12.55 7.121 -1.707 15.051 6.467 -2 15.321 4.95 -2 13.05
0
5 24 7.391 -1 14.938 8 -1 18 7.12 -1.5 15.051 7.391 0 14.938
5 24 7.12 -1.707 15.051 7.707 -1.707 18 7.391 -1 14.938 6.467 -2 15.321
5 24 6.467 -2 15.321 7 -2 18 7.12 -1.707 15.051 5.543 -2 15.704
5 24 7.391 -1 14.938 7.12 -1.707 15.051 7.187 -1 16.038 6.47 -1 14.305
5 24 7.12 -1.707 15.051 6.467 -2 15.321 7.707 -1.707 18 6.215 -1.707 14.398
4 16 7.391 -1 14.938 8 -1 18 7.707 -1.707 18 7.12 -1.707 15.051
4 16 7.12 -1.707 15.051 7.707 -1.707 18 7 -2 18 6.467 -2 15.321
0 0 0 0
1 16 0 -2 18 7 0 0 0 1 0 0 0 7 4-4disc.dat

0 back support
1 16 6 2.5 11.4283 0 1 0 -2.5 0 0 0 0 1.42835  rect.dat
1 16 -6 2.5 11.4283 0 1 0 2.5 0 0 0 0 1.42835  rect.dat
2 24 6 0 10 -6 0 10
2 24 6 5 10 -6 5 10
4 16 6 0 10 -6 0 10 -6  5 10 6 5 10
2 24 0 5 10 3.0615 5 10.609
2 24 3.0615 5 10.609 5.6569 5 12.3431
2 24 5.6569 5 12.3431 6 5 12.8567
3 16 6 5 10 0 5 10 3.0615 5 10.609
3 16 6 5 10 3.0615 5 10.609 5.6569 5 12.3431
3 16 6 5 10 5.6569 5 12.3431 6 5 12.8567
2 24 0 5 10 -3.0615 5 10.609
2 24 -3.0615 5 10.609 -5.6569 5 12.3431
2 24 -5.6569 5 12.3431 -6 5 12.8567
3 16 -6 5 12.8567 -5.6569 5 12.3431 -6 5 10
3 16 -5.6569 5 12.3431 -3.0615 5 10.609 -6 5 10
3 16 -3.0615 5 10.609 0 5 10 -6 5 10
2 24 0 0 10 3.0615 0 10.609
2 24 3.0615 0 10.609 4.7 0 11.7035
3 16 3.0615 0 10.609 0 0 10 4.8888 0 10
3 16 4.7 0 11.7035 3.0615 0 10.609 4.8888 0 10
2 24 0 0 10 -3.0615 0 10.609
2 24 -3.0615 0 10.609 -4.7 0 11.7035
3 16 -4.8888 0 10 0 0 10 -3.0615 0 10.609
3 16 -4.8888 0 10 -3.0615 0 10.609 -4.7 0 11.7035

0 hose connector-left 
2 24 6.7639 0 14 6.9674 1.5307 14.3045
2 24 6.9674 1.5307 14.3045 7.391 2.4797 14.9385
2 24 7.391 2.4797 14.9385 7.4374 2.8284 15.1716
2 24 7.4374 2.8284 15.1716 7.6955 3.6955 16.4693
2 24 7.6955 3.6955 16.4693 8 4 18
2 24 8 4 18 7.6955 3.6955 19.5307
2 24 7.6955 3.6955 19.5307 7.4374 2.8284 20.8284
2 24  7.4374 2.8284 20.8284 7.391 2.4797 21.0615
2 24  7.391 2.4797 21.0615 6.9674 1.5307 21.6955
2 24 6.9674 1.5307 21.6955 6.7639 0 22
2 24 6.7639 0 22 6.8968 -1 21.8011
0
2 24 6.8968 -1 21.8011 6.7207 -1.5247 21.681
2 24 6.7207 -1.5247 21.681 6.7141 -1.7071 21.5575
2 24 6.7141 -1.7071 21.5575 6.1061 -2 21.2192
2 24 6.1061 -2 21.2192 5.2693 -2 21.0228
2 24 5.2693 -2 21.0228 4.358 -2 20.3046
2 24 4.358 -2 20.3046 4.42 -2.2119 20.2119
2 24 4.42 -2.2119 20.2119 4.6194 -2.5685 19.9134
2 24 4.6194 -2.5685 19.9134 4.7235 -3 19.3903
2 24 4.7235 -3 19.3903 4.5983 -3 19.2426
2 24  4.5983 -3 19.2426 4.2284 -3 18
2 24  4.2284 -3 18 4.5356 -3 15.9611
2 24 4.5356 -3 15.9611 4.4011 -2.7654 15.76
2 24 4.4011 -2.7654 15.76 4.2706 -2 15.5646
2 24 4.2706 -2 15.5646 4.5776 -2 12.8016
2 24 4.5776 -2 12.8016 4.6639 -1.7071 12.0251
2 24 4.6639 -1.7071 12.0251 4.7 -1 11.7035
0
2 24 8.4444 0 14 8.4106 -1.5307 14.3045
2 24 8.4106 -1.5307 14.3045 8.3758 -2 14.618
2 24 8.3758 -2 14.618 8.1667 -2.7654 15.1294
2 24 8.1667 -2.7654 15.1294 7.6311 -3.4142 16.0483
2 24 7.6311 -3.4142 16.0483 7.1633 -3.6955 16.4693
2 24 7.1633 -3.6955 16.4693 6.8504 -3.8478 17.2346
2 24 6.8504 -3.8478 17.2346 6 -4 18

2 24 8.4444 0 14 6.7639 0 14
2 24 6.7639 0 14 6 0 12.8567
1 16 9.3 0 18 0 1 0 4 0 0 0 0 4 4-4edge.dat
1 16 9.3 0 18 0 1 0 4 0 0 0 0 4 4-4disc.dat
1 16 9.3 0 18 0 -2.5 0  -4 0 0  0 0 4  4-4cyli.dat
1 16 6.8 0 18 0 -4 0 -4 0 0 0 0 4 1-8sphe.dat

0 hose connector-right
2 24 -6.7639 0 14 -6.9674 1.5307 14.3045
2 24 -6.9674 1.5307 14.3045 -7.391 2.4797 14.9385
2 24 -7.391 2.4797 14.9385 -7.4374 2.8284 15.1716
2 24 -7.4374 2.8284 15.1716 -7.6955 3.6955 16.4693
2 24 -7.6955 3.6955 16.4693 -8 4 18
2 24 -8 4 18 -7.6955 3.6955 19.5307
2 24 -7.6955 3.6955 19.5307 -7.4374 2.8284 20.8284
2 24 -7.4374 2.8284 20.8284 -7.391 2.4797 21.0615
2 24 -7.391 2.4797 21.0615 -6.9674 1.5307 21.6955
2 24 -6.9674 1.5307 21.6955 -6.7639 0 22
2 24 -6.7639 0 22 -6.8968 -1 21.8011
0
2 24 -6.8968 -1 21.8011 -6.7207 -1.5247 21.681
2 24 -6.7207 -1.5247 21.681 -6.7141 -1.7071 21.5575
2 24 -6.7141 -1.7071 21.5575 -6.1061 -2 21.2192
2 24 -6.1061 -2 21.2192 -5.2693 -2 21.0228
2 24 -5.2693 -2 21.0228 -4.358 -2 20.3046
2 24 -4.358 -2 20.3046 -4.42 -2.2119 20.2119
2 24 -4.42 -2.2119 20.2119 -4.6194 -2.5685 19.9134
2 24 -4.6194 -2.5685 19.9134 -4.7235 -3 19.3903
2 24 -4.7235 -3 19.3903 -4.5983 -3 19.2426
2 24 -4.5983 -3 19.2426 -4.2284 -3 18
2 24 -4.2284 -3 18 -4.5356 -3 15.9611
2 24 -4.5356 -3 15.9611 -4.4011 -2.7654 15.76
2 24 -4.4011 -2.7654 15.76 -4.2706 -2 15.5646
2 24 -4.2706 -2 15.5646 -4.5776 -2 12.8016
2 24 -4.5776 -2 12.8016 -4.6639 -1.7071 12.0251
2 24 -4.6639 -1.7071 12.0251 -4.7 -1 11.7035
0
2 24 -8.4444 0 14 -8.4106 -1.5307 14.3045
2 24 -8.4106 -1.5307 14.3045 -8.3758 -2 14.618
2 24 -8.3758 -2 14.618 -8.1667 -2.7654 15.1294
2 24 -8.1667 -2.7654 15.1294 -7.6311 -3.4142 16.0483
2 24 -7.6311 -3.4142 16.0483 -7.1633 -3.6955 16.4693
2 24 -7.1633 -3.6955 16.4693 -6.8504 -3.8478 17.2346
2 24 -6.8504 -3.8478 17.2346 -6 -4 18

2 24 -8.4444 0 14 6.7639 0 14
2 24 -6.7639 0 14 6 0 12.8567
1 16 -9.3 0 18 0 1 0 4 0 0 0 0 4 4-4edge.dat
1 16 -9.3 0 18 0 1 0 4 0 0 0 0 4 4-4disc.dat
1 16 -9.3 0 18 0 2.5 0  -4 0 0  0 0 4  4-4cyli.dat
1 16 -6.8 0 18 0 4 0 -4 0 0 0 0 4 1-8sphe.dat

0 strap - left
1 16 8 -2 0 -2 -2 0 0 0 -2 0 18 0 2-4cyli.dat
2 24 10 0 0 8.4444 0 14
2 24 6 0 0 5.6408 0 3.5026
2 24 5.3382 0 5.9567 4.7 0 11.7035
4 16 8.3758 -2 14.618 10 -2 0 10 0 0 8.3758 0 14.618
4 16 6 0 0 6 -2 0 4.5776 -2 12.8016 4.5776 0 12.8016
4 16 6 0 12.8567 6.7639 0 14 8.4444 0 14 6 0 10
3 16 10 0 0 6 0 10 8.4444 0 14
4 16 4.8888 0 10 6 0 10 10 0 0 6 0 0
0
1 16 5.4745 0 4.7296 -.136 0 -1.227 0 1 0 1.227 0 -.136 2-4edge.dat
1 16 5.4745 -3.8478 4.7296 -.136 0 -1.227 0 1 0 1.227 0 -.136 4-4edge.dat
2 24 5.33 0 5.96 5.33 -2 5.96
2 24 5.33 -2 5.96 5.49 -2.77 5.94
2 24 5.49 -2.77 5.94 5.82 -3.24 5.92
2 24 5.82 -3.24 5.92 5.93 -3.41 5.85
2 24 5.93 -3.41 5.85 6.25 -3.61 5.69
2 24 6.25 -3.61 5.69 6.56 -3.79 5.33
2 24 6.56 -3.79 5.33 6.7 -3.85 4.87
2 24 6.7 -3.85 4.87 6.66 -3.79 4.39
2 24 6.66 -3.79 4.39 6.44 -3.61 3.96
2 24 6.44 -3.61 3.96 6.17 -3.41 3.74
2 24 6.17 -3.41 3.74 6.07 -3.24 3.65
2 24 6.07 -3.24 3.65 5.76 -2.77 3.55
2 24 5.76 -2.77 3.55 5.61 -2 3.5
2 24 5.61 -2 3.5 5.61 0 3.5
1 16 5.4745 0 4.7296 .13 0 -1.2 0 1 0 -1.2 0 -.13 2-4disc.dat
1 16 5.4745 0 4.7296 -.13 0 -1.2 0 -3.8478 0 1.2 0 -.13 2-4cyli.dat
1 16 5.4745 -2 4.7296 .13 0 1.2 0 -1.848 0 -1.2 0 .13 2-4cyli.dat
1 16 5.4745 -3.8478 4.7296 -.13 0 -1.2 0 1 0 1.2 0 -.13 4-4disc.dat

0 strap-right
1 16 -8 -2 0 -2 2 0 0 0 -2 0 18 0 2-4cyli.dat
2 24 -10 0 0 -8.4444 0 14
2 24 -6 0 0 -5.6408 0 3.5026
2 24 -5.3382 0 5.9567 -4.7 0 11.7035
4 16 -10 0 0 -10 -2 0 -8.3758 -2 14.618 -8.3758 0 14.618
4 16 -4.5776 -2 12.8016 -6 -2 0 -6 0 0 -4.5776 0 12.8016
4 16 -8.4444 0 14 -6.7639 0 14 -6 0 12.8567 -6 0 10
3 16 -8.4444 0 14 -6 0 10 -10 0 0
4 16 -10 0 0 -6 0 10 -4.8888 0 10 -6 0 0
0 
1 16 -5.4745 0 4.7296  -.137 0 1.227 0 1 0 -1.227 0 -.137 2-4edge.dat
1 16 -5.4745 -3.848 4.7296 -.137 0 1.227 0 1 0 -1.227 0 -.137 4-4edge.dat
2 24 -5.33 0 5.96 -5.33 -2 5.96
2 24 -5.33 -2 5.96 -5.49 -2.77 5.94
2 24 -5.49 -2.77 5.94 -5.82 -3.24 5.92
2 24 -5.82 -3.24 5.92 -5.93 -3.41 5.85
2 24 -5.93 -3.41 5.85 -6.25 -3.61 5.69
2 24 -6.25 -3.61 5.69 -6.56 -3.79 5.33
2 24 -6.56 -3.79 5.33 -6.7 -3.85 4.87
2 24 -6.7 -3.85 4.87 -6.66 -3.79 4.39
2 24 -6.66 -3.79 4.39 -6.44 -3.61 3.96
2 24 -6.44 -3.61 3.96 -6.17 -3.41 3.74
2 24 -6.17 -3.41 3.74 -6.07 -3.24 3.65
2 24 -6.07 -3.24 3.65 -5.76 -2.77 3.55
2 24 -5.76 -2.77 3.55 -5.61 -2 3.5
2 24 -5.61 -2 3.5 -5.61 0 3.5
1 16 -5.4745 0 4.7296 .137 0 1.199 0 1 0 1.199 0 -.137 2-4disc.dat
1 16 -5.4745 0 4.7296 -.137 0 1.199 0 -3.848 0 -1.199 0 -.137 2-4cyli.dat
1 16 -5.4745 -2 4.7296 .137 0 -1.199 0 -1.848 0 1.199 0 .137 2-4cyli.dat
1 16 -5.4745 -3.848 4.7296 -.137 0 1.199 0 1 0 -1.199 0 -.137 4-4disc.dat

0 collar
1 16 0 0 0 6 0 0 0 1 0 0 0 -6 2-4edge.dat
1 16 0 0 0 10 0 0 0 1 0 0 0 -10 2-4edge.dat

1 16 0 0 0 -2 0 0 0 1 0 0 0 -2 2-4ring3.dat
0 1 3 0 0 0 -2 0 0 0 1 0 0 0 -2 2-4ring4.dat
1 16 0 0 0 -2.5 0 0 0 1 0 0 0 -2.5 2-4ring3.dat
1 16 0 0 0 6 0 0 0 -2 0 0 0 -6 2-4cyli.dat
1 16 0 0 0 -10 0 0 0 -2 0 0 0 -10 2-4cyli.dat

0 collar-top
5 24 9.848 -2.765 .001 10 -2 .001 9.239 -2 3.827 9.239 -2 -3.827
5 24 9.414 -3.414 .001 9.848 -2.765 .001 9.098 -2.765 3.769 9.098 -2.765 -3.769
5 24 8.765 -3.848 .001 9.414 -3.414 .001 8.698 -3.414 3.603 8.698 -3.414 -3.603
5 24 8 -4 0 8.765 -3.848 .001 8.098 -3.848 3.354 8.098 -3.848 -3.354
5 24 7.234 -3.848 0 8 -4 0 7.391 -4 3.061 7.391 -4 -3.062
5 24 6.586 -3.414 0 7.234 -3.848 0 6.684 -3.848 2.769 6.684 -3.848 -2.769
5 24 6.152 -2.765 0 6.586 -3.414 0 6.084 -3.414 2.52 6.085 -3.414 -2.52
5 24 6 -2 0 6.152 -2.765 0 5.684 -2.765 2.354 5.684 -2.765 -2.355
0 1 collar segment 1/16
5  24  9.8478 -2.7654  0  9.0984 -2.7654 -3.7678 10 -2 0 9.4141 -3.4142 0
5  24  9.239 -2 -3.826  10 -2  0 9.8478 -2.7654 0 10 -1 0
5  24  9.4141 -3.4142  0  8.6977 -3.4142 -3.6019 9.8478 -2.7654  0 8.7654 -3.8478  0
5  24  8.7654 -3.8478  0  8.0982 -3.8478 -3.3538 9.4141 -3.4142  0  8 -4  0
5  24  8 -4  0  7.391 -4 -3.061  8.7654 -3.8478  0  7.2346 -3.8478  0
5  24  7.2346 -3.8478  0  6.6838 -3.8478 -2.7683 8 -4  0 6.5858 -3.4142  0
5  24  6.5858 -3.4142  0  6.0843 -3.4142 -2.5201  7.2346 -3.8478  0 6.1522 -2.7654  0
5  24  6.1522 -2.7654  0  5.6836 -2.7654 -2.3542 6.5858 -3.4142  0 6 -2  0
5  24  6 -2  0  5.543 -2 -2.296 5.6836 -2.7654 -2.3542  6 -1 0
0 vert lines
5  24  9.0984 -2.7654 -3.7678  9.239 -2 -3.826 10 -2 0 7.071 -2 -7.071
5  24  8.6977 -3.4142 -3.6019  9.0984 -2.7654 -3.7678 9.8478 -2.7654 0  6.9634 -2.7654 -6.9634
5  24  8.0982 -3.8478 -3.3538  8.6977 -3.4142 -3.6019 9.4142 -3.4142 0 6.6568 -3.4142 -6.6568
5  24  7.391 -4 -3.061  8.0982 -3.8478 -3.3538 8.7654 -3.8478 0  6.1981 -3.8478 -6.1981
5  24  6.6838 -3.8478 -2.7683  7.391 -4 -3.061  8 -4 0 5.657 -4 -5.657
5  24  6.0843 -3.4142 -2.5201  6.6838 -3.8478 -2.7683 7.2346 -3.8478 0 5.1159 -3.8478 -5.1159
5  24  5.6836 -2.7654 -2.3542  6.0843 -3.4142 -2.5201 6.5858 -3.4142 0 4.6572 -3.4142 -4.6572
5  24  5.543 -2 -2.296  5.6836 -2.7654 -2.3542   6.1522 -2.7654 0 4.3506 -2.7654 -4.3506
0
4 16 10 -2 0 9.8478 -2.7654 0  9.0984 -2.7654 -3.7678 9.239 -2 -3.826
4 16 9.8478 -2.7654 0 9.4142 -3.4142 0  8.6977 -3.4142 -3.6019  9.0984 -2.7654 -3.7678
4 16 9.4142 -3.4142 0 8.7654 -3.8478 0  8.0982 -3.8478 -3.3538  8.6977 -3.4142 -3.6019
4 16 8.7654 -3.8478 0 8 -4 0  7.391 -4 -3.061 8.0982 -3.8478 -3.3538
4 16 8 -4 0 7.2346 -3.8478 0 6.6838 -3.8478 -2.7682  7.391 -4 -3.061
4 16 7.2346 -3.8478 0 6.5858 -3.4142 0  6.0843 -3.4142 -2.5201 6.6838 -3.8478 -2.7682
4 16 6.5858 -3.4142 0 6.1522 -2.7654 0  5.6836 -2.7654 -2.3542  6.0843 -3.4142 -2.5201
4 16 6.1522 -2.7654 0 6 -2 0  5.543 -2 -2.296 5.6836 -2.7654 -2.3542
0 2 collar segment 1/16
5 24 9.098 -2.765 -3.769 6.964 -2.765 -6.963 9.239 -2 -3.827 8.697 -3.414 -3.603
5 24 7.072 -2 -7.07 9.239 -2 -3.827 9.098 -2.765 -3.769 9.239 -1 -3.827
5 24 8.697 -3.414 -3.603 6.657 -3.414 -6.656 9.098 -2.765 -3.769 8.098 -3.848 -3.354
5 24 8.098 -3.848 -3.354 6.198 -3.848 -6.198 8.697 -3.414 -3.603 7.391 -4 -3.061
5 24 7.391 -4 -3.061 5.657 -4 -5.656 8.098 -3.848 -3.354 6.684 -3.848 -2.769
5 24 6.684 -3.848 -2.769 5.116 -3.848 -5.115 7.391 -4 -3.061 6.084 -3.414 -2.52
5 24 6.084 -3.414 -2.52 4.657 -3.414 -4.657 6.684 -3.848 -2.769 5.684 -2.765 -2.354
5 24 5.684 -2.765 -2.354 4.35 -2.765 -4.35 6.084 -3.414 -2.52 5.543 -2 -2.296
5 24 5.543 -2 -2.296 4.242 -2 -4.242 4.35 -2.765 -4.35 5.543 -1 -2.296
0 vert lines
5 24 6.964 -2.765 -6.963 7.072 -2 -7.07 9.239 -2 -3.827 3.827 -2 -9.239
5 24 6.657 -3.414 -6.656 6.964 -2.765 -6.963 9.098 -2.765 -3.769 3.769 -2.765 -9.098
5 24 6.198 -3.848 -6.198 6.657 -3.414 -6.656 8.698 -3.414 -3.603 3.603 -3.414 -8.698
5 24 5.657 -4 -5.656 6.198 -3.848 -6.198 8.098 -3.848 -3.354 3.354 -3.848 -8.098
5 24 5.116 -3.848 -5.115 5.657 -4 -5.656 7.391 -4 -3.061 3.062 -4 -7.391
5 24 4.657 -3.414 -4.657 5.116 -3.848 -5.115 6.684 -3.848 -2.769 2.769 -3.848 -6.684
5 24 4.35 -2.765 -4.35 4.657 -3.414 -4.657 6.084 -3.414 -2.52 2.52 -3.414 -6.085
5 24 4.242 -2 -4.242 4.35 -2.765 -4.35 5.684 -2.765 -2.354 2.355 -2.765 -5.684
0
4 16 9.239 -2 -3.827 9.098 -2.765 -3.769 6.964 -2.765 -6.963 7.072 -2 -7.07
4 16 9.098 -2.765 -3.769 8.698 -3.414 -3.603 6.657 -3.414 -6.656 6.964 -2.765 -6.963
4 16 8.698 -3.414 -3.603 8.098 -3.848 -3.354 6.198 -3.848 -6.198 6.657 -3.414 -6.656
4 16 8.098 -3.848 -3.354 7.391 -4 -3.061 5.657 -4 -5.656 6.198 -3.848 -6.198
4 16 7.391 -4 -3.061 6.684 -3.848 -2.769 5.116 -3.848 -5.115 5.657 -4 -5.656
4 16 6.684 -3.848 -2.769 6.084 -3.414 -2.52 4.657 -3.414 -4.657 5.116 -3.848 -5.115
4 16 6.084 -3.414 -2.52 5.684 -2.765 -2.354 4.35 -2.765 -4.35 4.657 -3.414 -4.657
4 16 5.684 -2.765 -2.354 5.543 -2 -2.296 4.242 -2 -4.242 4.35 -2.765 -4.35
0 3 collar segment 1/16
5 24 6.963 -2.765 -6.963 3.769 -2.765 -9.098 7.071 -2 -7.071 6.657 -3.414 -6.657
5 24 3.828 -2 -9.238 7.071 -2 -7.071 6.963 -2.765 -6.963 7.071 -1 -7.071
5 24 6.657 -3.414 -6.657 3.603 -3.414 -8.697 6.963 -2.765 -6.963 6.198 -3.848 -6.198
5 24 6.198 -3.848 -6.198 3.355 -3.848 -8.098 6.657 -3.414 -6.657 5.657 -4 -5.657
5 24 5.657 -4 -5.657 3.062 -4 -7.391 6.198 -3.848 -6.198 5.116 -3.848 -5.116
5 24 5.116 -3.848 -5.116 2.769 -3.848 -6.684 5.657 -4 -5.657 4.657 -3.414 -4.657
5 24 4.657 -3.414 -4.657 2.52 -3.414 -6.084 5.116 -3.848 -5.116 4.35 -2.765 -4.35
5 24 4.35 -2.765 -4.35 2.354 -2.765 -5.684 4.657 -3.414 -4.657 4.243 -2 -4.243
5 24 4.243 -2 -4.243 2.296 -2 -5.543 2.354 -2.765 -5.684 4.243 -1 -4.243
0 vert lines
5 24 3.769 -2.765 -9.098 3.828 -2 -9.238 7.071 -2 -7.071 0 -2 -10
5 24 3.603 -3.414 -8.697 3.769 -2.765 -9.098 6.963 -2.765 -6.963 0 -2.765 -9.848
5 24 3.355 -3.848 -8.098 3.603 -3.414 -8.697 6.657 -3.414 -6.657 0 -3.414 -9.414
5 24 3.062 -4 -7.391 3.355 -3.848 -8.098 6.198 -3.848 -6.198 0 -3.848 -8.765
5 24 2.769 -3.848 -6.684 3.062 -4 -7.391 5.657 -4 -5.657 0 -4 -8
5 24 2.52 -3.414 -6.084 2.769 -3.848 -6.684 5.116 -3.848 -5.116 0 -3.848 -7.235
5 24 2.354 -2.765 -5.684 2.52 -3.414 -6.084 4.657 -3.414 -4.657 0 -3.414 -6.586
5 24 2.296 -2 -5.543 2.354 -2.765 -5.684 4.35 -2.765 -4.35 0 -2.765 -6.153
0
4 16 7.071 -2 -7.071 6.963 -2.765 -6.963 3.769 -2.765 -9.098 3.828 -2 -9.238
4 16 6.963 -2.765 -6.963 6.657 -3.414 -6.657 3.603 -3.414 -8.697 3.769 -2.765 -9.098
4 16 6.657 -3.414 -6.657 6.198 -3.848 -6.198 3.355 -3.848 -8.098 3.603 -3.414 -8.697
4 16 6.198 -3.848 -6.198 5.657 -4 -5.657 3.062 -4 -7.391 3.355 -3.848 -8.098
4 16 5.657 -4 -5.657 5.116 -3.848 -5.116 2.769 -3.848 -6.684 3.062 -4 -7.391
4 16 5.116 -3.848 -5.116 4.657 -3.414 -4.657 2.52 -3.414 -6.084 2.769 -3.848 -6.684
4 16 4.657 -3.414 -4.657 4.35 -2.765 -4.35 2.354 -2.765 -5.684 2.52 -3.414 -6.084
4 16 4.35 -2.765 -4.35 4.243 -2 -4.243 2.296 -2 -5.543 2.354 -2.765 -5.684
0 4 collar segment 1/16
5 24 3.769 -2.765 -9.098 .001 -2.765 -9.848 3.827 -2 -9.239 3.603 -3.414 -8.697
5 24 .001 -2 -10 3.827 -2 -9.239 3.769 -2.765 -9.098 3.827 -1 -9.239
5 24 3.603 -3.414 -8.697 .001 -3.414 -9.414 3.769 -2.765 -9.098 3.354 -3.848 -8.098
5 24 3.354 -3.848 -8.098 .001 -3.848 -8.765 3.603 -3.414 -8.697 3.061 -4 -7.391
5 24 3.061 -4 -7.391 0 -4 -8 3.354 -3.848 -8.098 2.769 -3.848 -6.684
5 24 2.769 -3.848 -6.684 0 -3.848 -7.234 3.061 -4 -7.391 2.52 -3.414 -6.084
5 24 2.52 -3.414 -6.084 0 -3.414 -6.586 2.769 -3.848 -6.684 2.354 -2.765 -5.684
5 24 2.354 -2.765 -5.684 0 -2.765 -6.152 2.52 -3.414 -6.084 2.296 -2 -5.543
5 24 2.296 -2 -5.543 0 -2 -6 0 -2.765 -6.152 2.296 -1 -5.543
0 vert lines
5 24 .001 -2.765 -9.848 .001 -2 -10 3.827 -2 -9.239 -3.827 -2 -9.239
5 24 .001 -3.414 -9.414 .001 -2.765 -9.848 3.769 -2.765 -9.098 -3.769 -2.765 -9.098
5 24 .001 -3.848 -8.765 .001 -3.414 -9.414 3.603 -3.414 -8.698 -3.603 -3.414 -8.698
5 24 0 -4 -8 .001 -3.848 -8.765 3.354 -3.848 -8.098 -3.354 -3.848 -8.098
5 24 0 -3.848 -7.234 0 -4 -8 3.061 -4 -7.391 -3.062 -4 -7.391
5 24 0 -3.414 -6.586 0 -3.848 -7.234 2.769 -3.848 -6.684 -2.769 -3.848 -6.684
5 24 0 -2.765 -6.152 0 -3.414 -6.586 2.52 -3.414 -6.084 -2.52 -3.414 -6.085
5 24 0 -2 -6 0 -2.765 -6.152 2.354 -2.765 -5.684 -2.355 -2.765 -5.684
0
4 16 3.827 -2 -9.239 3.769 -2.765 -9.098 .001 -2.765 -9.848 .001 -2 -10
4 16 3.769 -2.765 -9.098 3.603 -3.414 -8.698 .001 -3.414 -9.414 .001 -2.765 -9.848
4 16 3.603 -3.414 -8.698 3.354 -3.848 -8.098 .001 -3.848 -8.765 .001 -3.414 -9.414
4 16 3.354 -3.848 -8.098 3.061 -4 -7.391 0 -4 -8 .001 -3.848 -8.765
4 16 3.061 -4 -7.391 2.769 -3.848 -6.684 0 -3.848 -7.234 0 -4 -8
4 16 2.769 -3.848 -6.684 2.52 -3.414 -6.084 0 -3.414 -6.586 0 -3.848 -7.234
4 16 2.52 -3.414 -6.084 2.354 -2.765 -5.684 0 -2.765 -6.152 0 -3.414 -6.586
4 16 2.354 -2.765 -5.684 2.296 -2 -5.543 0 -2 -6 0 -2.765 -6.152
0 5 collar segment 1/16
5 24 0 -2.765 -9.848 -3.768 -2.765 -9.098 0 -2 -10 0 -3.414 -9.414
5 24 -3.826 -2 -9.239 0 -2 -10 0 -2.765 -9.848 0 -1 -10
5 24 0 -3.414 -9.414 -3.602 -3.414 -8.698 0 -2.765 -9.848 0 -3.848 -8.765
5 24 0 -3.848 -8.765 -3.354 -3.848 -8.098 0 -3.414 -9.414 0 -4 -8
5 24 0 -4 -8 -3.061 -4 -7.391 0 -3.848 -8.765 0 -3.848 -7.235
5 24 0 -3.848 -7.235 -2.768 -3.848 -6.684 0 -4 -8 0 -3.414 -6.586
5 24 0 -3.414 -6.586 -2.52 -3.414 -6.084 0 -3.848 -7.235 0 -2.765 -6.152
5 24 0 -2.765 -6.152 -2.354 -2.765 -5.684 0 -3.414 -6.586 0 -2 -6
5 24 0 -2 -6 -2.296 -2 -5.543 -2.354 -2.765 -5.684 0 -1 -6
0 vert lines
5 24 -3.768 -2.765 -9.098 -3.826 -2 -9.239 0 -2 -10 -7.071 -2 -7.071
5 24 -3.602 -3.414 -8.698 -3.768 -2.765 -9.098 0 -2.765 -9.848 -6.963 -2.765 -6.963
5 24 -3.354 -3.848 -8.098 -3.602 -3.414 -8.698 0 -3.414 -9.414 -6.657 -3.414 -6.657
5 24 -3.061 -4 -7.391 -3.354 -3.848 -8.098 0 -3.848 -8.765 -6.198 -3.848 -6.198
5 24 -2.768 -3.848 -6.684 -3.061 -4 -7.391 0 -4 -8 -5.657 -4 -5.657
5 24 -2.52 -3.414 -6.084 -2.768 -3.848 -6.684 0 -3.848 -7.235 -5.116 -3.848 -5.116
5 24 -2.354 -2.765 -5.684 -2.52 -3.414 -6.084 0 -3.414 -6.586 -4.657 -3.414 -4.657
5 24 -2.296 -2 -5.543 -2.354 -2.765 -5.684 0 -2.765 -6.152 -4.351 -2.765 -4.351
0
4 16 0 -2 -10 0 -2.765 -9.848 -3.768 -2.765 -9.098 -3.826 -2 -9.239
4 16 0 -2.765 -9.848 0 -3.414 -9.414 -3.602 -3.414 -8.698 -3.768 -2.765 -9.098
4 16 0 -3.414 -9.414 0 -3.848 -8.765 -3.354 -3.848 -8.098 -3.602 -3.414 -8.698
4 16 0 -3.848 -8.765 0 -4 -8 -3.061 -4 -7.391 -3.354 -3.848 -8.098
4 16 0 -4 -8 0 -3.848 -7.235 -2.768 -3.848 -6.684 -3.061 -4 -7.391
4 16 0 -3.848 -7.235 0 -3.414 -6.586 -2.52 -3.414 -6.084 -2.768 -3.848 -6.684
4 16 0 -3.414 -6.586 0 -2.765 -6.152 -2.354 -2.765 -5.684 -2.52 -3.414 -6.084
4 16 0 -2.765 -6.152 0 -2 -6 -2.296 -2 -5.543 -2.354 -2.765 -5.684
0 6 collar segment 1/16
5 24 -3.769 -2.765 -9.098 -6.963 -2.765 -6.964 -3.827 -2 -9.239 -3.603 -3.414 -8.697
5 24 -7.07 -2 -7.072 -3.827 -2 -9.239 -3.769 -2.765 -9.098 -3.827 -1 -9.239
5 24 -3.603 -3.414 -8.697 -6.656 -3.414 -6.657 -3.769 -2.765 -9.098 -3.354 -3.848 -8.098
5 24 -3.354 -3.848 -8.098 -6.198 -3.848 -6.198 -3.603 -3.414 -8.697 -3.061 -4 -7.391
5 24 -3.061 -4 -7.391 -5.656 -4 -5.657 -3.354 -3.848 -8.098 -2.769 -3.848 -6.684
5 24 -2.769 -3.848 -6.684 -5.115 -3.848 -5.116 -3.061 -4 -7.391 -2.52 -3.414 -6.084
5 24 -2.52 -3.414 -6.084 -4.657 -3.414 -4.657 -2.769 -3.848 -6.684 -2.354 -2.765 -5.684
5 24 -2.354 -2.765 -5.684 -4.35 -2.765 -4.35 -2.52 -3.414 -6.084 -2.296 -2 -5.543
5 24 -2.296 -2 -5.543 -4.242 -2 -4.242 -4.35 -2.765 -4.35 -2.296 -1 -5.543
0 vert lines
5 24 -6.963 -2.765 -6.964 -7.07 -2 -7.072 -3.827 -2 -9.239 -9.239 -2 -3.827
5 24 -6.656 -3.414 -6.657 -6.963 -2.765 -6.964 -3.769 -2.765 -9.098 -9.098 -2.765 -3.769
5 24 -6.198 -3.848 -6.198 -6.656 -3.414 -6.657 -3.603 -3.414 -8.698 -8.698 -3.414 -3.603
5 24 -5.656 -4 -5.657 -6.198 -3.848 -6.198 -3.354 -3.848 -8.098 -8.098 -3.848 -3.354
5 24 -5.115 -3.848 -5.116 -5.656 -4 -5.657 -3.061 -4 -7.391 -7.391 -4 -3.062
5 24 -4.657 -3.414 -4.657 -5.115 -3.848 -5.116 -2.769 -3.848 -6.684 -6.684 -3.848 -2.769
5 24 -4.35 -2.765 -4.35 -4.657 -3.414 -4.657 -2.52 -3.414 -6.084 -6.085 -3.414 -2.52
5 24 -4.242 -2 -4.242 -4.35 -2.765 -4.35 -2.354 -2.765 -5.684 -5.684 -2.765 -2.355
0
4 16 -3.827 -2 -9.239 -3.769 -2.765 -9.098 -6.963 -2.765 -6.964 -7.07 -2 -7.072
4 16 -3.769 -2.765 -9.098 -3.603 -3.414 -8.698 -6.656 -3.414 -6.657 -6.963 -2.765 -6.964
4 16 -3.603 -3.414 -8.698 -3.354 -3.848 -8.098 -6.198 -3.848 -6.198 -6.656 -3.414 -6.657
4 16 -3.354 -3.848 -8.098 -3.061 -4 -7.391 -5.656 -4 -5.657 -6.198 -3.848 -6.198
4 16 -3.061 -4 -7.391 -2.769 -3.848 -6.684 -5.115 -3.848 -5.116 -5.656 -4 -5.657
4 16 -2.769 -3.848 -6.684 -2.52 -3.414 -6.084 -4.657 -3.414 -4.657 -5.115 -3.848 -5.116
4 16 -2.52 -3.414 -6.084 -2.354 -2.765 -5.684 -4.35 -2.765 -4.35 -4.657 -3.414 -4.657
4 16 -2.354 -2.765 -5.684 -2.296 -2 -5.543 -4.242 -2 -4.242 -4.35 -2.765 -4.35
0 7 collar segment 1/16
5 24 -6.963 -2.765 -6.963 -9.098 -2.765 -3.769 -7.071 -2 -7.071 -6.657 -3.414 -6.657
5 24 -9.238 -2 -3.828 -7.071 -2 -7.071 -6.963 -2.765 -6.963 -7.071 -1 -7.071
5 24 -6.657 -3.414 -6.657 -8.697 -3.414 -3.603 -6.963 -2.765 -6.963 -6.198 -3.848 -6.198
5 24 -6.198 -3.848 -6.198 -8.098 -3.848 -3.355 -6.657 -3.414 -6.657 -5.657 -4 -5.657
5 24 -5.657 -4 -5.657 -7.391 -4 -3.062 -6.198 -3.848 -6.198 -5.116 -3.848 -5.116
5 24 -5.116 -3.848 -5.116 -6.684 -3.848 -2.769 -5.657 -4 -5.657 -4.657 -3.414 -4.657
5 24 -4.657 -3.414 -4.657 -6.084 -3.414 -2.52 -5.116 -3.848 -5.116 -4.35 -2.765 -4.35
5 24 -4.35 -2.765 -4.35 -5.684 -2.765 -2.354 -4.657 -3.414 -4.657 -4.243 -2 -4.243
5 24 -4.243 -2 -4.243 -5.543 -2 -2.296 -5.684 -2.765 -2.354 -4.243 -1 -4.243
0 vert lines
5 24 -9.098 -2.765 -3.769 -9.238 -2 -3.828 -7.071 -2 -7.071 -10 -2 0
5 24 -8.697 -3.414 -3.603 -9.098 -2.765 -3.769 -6.963 -2.765 -6.963 -9.848 -2.765 0
5 24 -8.098 -3.848 -3.355 -8.697 -3.414 -3.603 -6.657 -3.414 -6.657 -9.414 -3.414 0
5 24 -7.391 -4 -3.062 -8.098 -3.848 -3.355 -6.198 -3.848 -6.198 -8.765 -3.848 0
5 24 -6.684 -3.848 -2.769 -7.391 -4 -3.062 -5.657 -4 -5.657 -8 -4 0
5 24 -6.084 -3.414 -2.52 -6.684 -3.848 -2.769 -5.116 -3.848 -5.116 -7.235 -3.848 0
5 24 -5.684 -2.765 -2.354 -6.084 -3.414 -2.52 -4.657 -3.414 -4.657 -6.586 -3.414 0
5 24 -5.543 -2 -2.296 -5.684 -2.765 -2.354 -4.35 -2.765 -4.35 -6.153 -2.765 0
0
4 16 -7.071 -2 -7.071 -6.963 -2.765 -6.963 -9.098 -2.765 -3.769 -9.238 -2 -3.828
4 16 -6.963 -2.765 -6.963 -6.657 -3.414 -6.657 -8.697 -3.414 -3.603 -9.098 -2.765 -3.769
4 16 -6.657 -3.414 -6.657 -6.198 -3.848 -6.198 -8.098 -3.848 -3.355 -8.697 -3.414 -3.603
4 16 -6.198 -3.848 -6.198 -5.657 -4 -5.657 -7.391 -4 -3.062 -8.098 -3.848 -3.355
4 16 -5.657 -4 -5.657 -5.116 -3.848 -5.116 -6.684 -3.848 -2.769 -7.391 -4 -3.062
4 16 -5.116 -3.848 -5.116 -4.657 -3.414 -4.657 -6.084 -3.414 -2.52 -6.684 -3.848 -2.769
4 16 -4.657 -3.414 -4.657 -4.35 -2.765 -4.35 -5.684 -2.765 -2.354 -6.084 -3.414 -2.52
4 16 -4.35 -2.765 -4.35 -4.243 -2 -4.243 -5.543 -2 -2.296 -5.684 -2.765 -2.354
0 8 collar segment 1/16
5 24 -9.098 -2.765 -3.769 -9.848 -2.765 -.001 -9.239 -2 -3.827 -8.697 -3.414 -3.603
5 24 -10 -2 -.001 -9.239 -2 -3.827 -9.098 -2.765 -3.769 -9.239 -1 -3.827
5 24 -8.697 -3.414 -3.603 -9.414 -3.414 -.001 -9.098 -2.765 -3.769 -8.098 -3.848 -3.354
5 24 -8.098 -3.848 -3.354 -8.765 -3.848 -.001 -8.697 -3.414 -3.603 -7.391 -4 -3.061
5 24 -7.391 -4 -3.061 -8 -4 0 -8.098 -3.848 -3.354 -6.684 -3.848 -2.769
5 24 -6.684 -3.848 -2.769 -7.234 -3.848 0 -7.391 -4 -3.061 -6.084 -3.414 -2.52
5 24 -6.084 -3.414 -2.52 -6.586 -3.414 0 -6.684 -3.848 -2.769 -5.684 -2.765 -2.354
5 24 -5.684 -2.765 -2.354 -6.152 -2.765 0 -6.084 -3.414 -2.52 -5.543 -2 -2.296
5 24 -5.543 -2 -2.296 -6 -2 0 -6.152 -2.765 0 -5.543 -1 -2.296
0 vert lines
5 24 -9.848 -2.765 -.001 -10 -2 -.001 -9.239 -2 -3.827 -9.239 -2 3.827
5 24 -9.414 -3.414 -.001 -9.848 -2.765 -.001 -9.098 -2.765 -3.769 -9.098 -2.765 3.769
5 24 -8.765 -3.848 -.001 -9.414 -3.414 -.001 -8.698 -3.414 -3.603 -8.698 -3.414 3.603
5 24 -8 -4 0 -8.765 -3.848 -.001 -8.098 -3.848 -3.354 -8.098 -3.848 3.354
5 24 -7.234 -3.848 0 -8 -4 0 -7.391 -4 -3.061 -7.391 -4 3.062
5 24 -6.586 -3.414 0 -7.234 -3.848 0 -6.684 -3.848 -2.769 -6.684 -3.848 2.769
5 24 -6.152 -2.765 0 -6.586 -3.414 0 -6.084 -3.414 -2.52 -6.085 -3.414 2.52
5 24 -6 -2 0 -6.152 -2.765 0 -5.684 -2.765 -2.354 -5.684 -2.765 2.355
0
4 16 -9.239 -2 -3.827 -9.098 -2.765 -3.769 -9.848 -2.765 -.001 -10 -2 -.001
4 16 -9.098 -2.765 -3.769 -8.698 -3.414 -3.603 -9.414 -3.414 -.001 -9.848 -2.765 -.001
4 16 -8.698 -3.414 -3.603 -8.098 -3.848 -3.354 -8.765 -3.848 -.001 -9.414 -3.414 -.001
4 16 -8.098 -3.848 -3.354 -7.391 -4 -3.061 -8 -4 0 -8.765 -3.848 -.001
4 16 -7.391 -4 -3.061 -6.684 -3.848 -2.769 -7.234 -3.848 0 -8 -4 0
4 16 -6.684 -3.848 -2.769 -6.084 -3.414 -2.52 -6.586 -3.414 0 -7.234 -3.848 0
4 16 -6.084 -3.414 -2.52 -5.684 -2.765 -2.354 -6.152 -2.765 0 -6.586 -3.414 0
4 16 -5.684 -2.765 -2.354 -5.543 -2 -2.296 -6 -2 0 -6.152 -2.765 0

0 First Stage
2 24 3.923 -3 17.293 3.923 -3 18.7807
2 24 3.923 -8 17.293 3.923 -8 18.7807
2 24 2.923 -3 17.2193 2.619 -3 16.485
2 24 2.923 -8 17.2193 2.619 -8 16.485
1 16 3.423 -5.5 17.2193 0 0 -.5 2.5 0 0 0 1 0 rect.dat
1 16 3.423 -5.5 18.7807 0 0 .5 2.5 0 0 0 1 0 rect.dat
4 16 2.923 -3 17.2193 2.923 -8 17.2193 2.619 -8 16.485 2.619 -3 16.485
4 16 3.923 -3 17.2193 3.923 -3 18.7807 3.923 -8 18.7807 3.923 -8 17.2193
4 16 3.923 -8 17.2193 3.923 -8 18.7807 2.923 -8 18.7807 2.923 -8 17.2193
4 16 2.923 -8 17.2193 2.923 -8 18.7807 0 -8 18 2.619 -8 16.485
0
2 24 2.274 -3 14.726 3.326 -3 15.778
2 24 2.274 -8 14.726 3.326 -8 15.778
2 24 1.515 -3 15.381 0.781 -3 15.077
2 24 1.515 -8 15.381 0.781 -8 15.077
1 16 1.868 -5.5 15.028 0 .707 -.354 2.5 0 0 0 .707 .354 rect.dat
1 16 2.972 -5.5 16.132 0 .707 .354 2.5 0 0 0 .707 -.354 rect.dat
4 16 1.515 -3 15.381 1.515 -8 15.381 0.781 -8 15.077 0.781 -3 15.077
4 16 2.222 -3 14.674 3.326 -3 15.778 3.326 -8 15.778 2.222 -8 14.674
4 16 2.222 -8 14.674 3.326 -8 15.778 2.619 -8 16.485 1.515 -8 15.381
4 16 1.515 -8 15.381 2.619 -8 16.485 0 -8 18 0.781 -8 15.077
0 0
2 24 -0.707 -3 14.077 0.781 -3 14.077
2 24 -0.707 -8 14.077 0.781 -8 14.077
2 24 -0.781 -3 15.077 -1.515 -3 15.381
2 24 -0.781 -8 15.077 -1.515 -8 15.381
1 16 -0.781 -5.5 14.577 0 1 0 2.5 0 0 0 0 .5 rect.dat
1 16 0.781 -5.5 14.577 0 1 0 2.5 0 0 0 0 -.5 rect.dat
4 16 -0.781 -3 15.077 -0.781 -8 15.077 -1.515 -8 15.381 -1.515 -3 15.381
4 16 -0.781 -3 14.077 0.781 -3 14.077 0.781 -8 14.077 -0.781 -8 14.077
4 16 -0.781 -8 14.077 0.781 -8 14.077 0.781 -8 15.077 -0.781 -8 15.077
4 16 -0.781 -8 15.077 0.781 -8 15.077 0 -8 18 -1.515 -8 15.381
0
2 24 -3.274 -3 15.726 -2.222 -3 14.674
2 24 -3.274 -8 15.726 -2.222 -8 14.674
2 24 -2.619 -3 16.485 -2.923 -3 17.219
2 24 -2.619 -8 16.485 -2.923 -8 17.219
1 16 -2.972 -5.5 16.132 0 .707 .354 2.5 0 0 0 -.707 .354 rect.dat
1 16 -1.868 -5.5 15.028 0 .707 -.354 2.5 0 0 0 -.707 -.354 rect.dat
4 16 -2.619 -3 16.485 -2.619 -8 16.485 -2.923 -8 17.219 -2.923 -3 17.219
4 16 -3.326 -3 15.778 -2.222 -3 14.674 -2.222 -8 14.674 -3.326 -8 15.778
4 16 -3.326 -8 15.778 -2.222 -8 14.674 -1.515 -8 15.381 -2.619 -8 16.485
4 16 -2.619 -8 16.485 -1.515 -8 15.381 0 -8 18 -2.923 -8 17.219
0 0 0
2 24 -3.923 -3 18.707 -3.923 -3 17.219
2 24 -3.923 -8 18.707 -3.923 -8 17.219
2 24 -2.923 -3 18.781 -2.619 -3 19.515
2 24 -2.923 -8 18.781 -2.619 -8 19.515
1 16 -3.423 -5.5 18.781 0 0 .5 2.5 0 0 0 -1 0 rect.dat
1 16 -3.423 -5.5 17.219 0 0 -.5 2.5 0 0 0 -1 0 rect.dat
4 16 -2.923 -3 18.781 -2.923 -8 18.781 -2.619 -8 19.515 -2.619 -3 19.515
4 16 -3.923 -3 18.781 -3.923 -3 17.219 -3.923 -8 17.219 -3.923 -8 18.781
4 16 -3.923 -8 18.781 -3.923 -8 17.219 -2.923 -8 17.219 -2.923 -8 18.781
4 16 -2.923 -8 18.781 -2.923 -8 17.219 0 -8 18 -2.619 -8 19.515
0
2 24 -2.274 -3 21.274 -3.326 -3 20.222
2 24 -2.274 -8 21.274 -3.326 -8 20.222
2 24 -1.515 -3 20.619 -0.781 -3 20.923
2 24 -1.515 -8 20.619 -0.781 -8 20.923
1 16 -1.868 -5.5 20.972 0 -.707 .354 2.5 0 0 0 -.707 -.354 rect.dat
1 16 -2.972 -5.5 19.868 0 -.707 -.354 2.5 0 0 0 -.707 .354 rect.dat
4 16 -1.515 -3 20.619 -1.515 -8 20.619 -0.781 -8 20.923 -0.781 -3 20.923
4 16 -2.222 -3 21.326 -3.326 -3 20.222 -3.326 -8 20.222 -2.222 -8 21.326
4 16 -2.222 -8 21.326 -3.326 -8 20.222 -2.619 -8 19.515 -1.515 -8 20.619
4 16 -1.515 -8 20.619 -2.619 -8 19.515 0 -8 18 -0.781 -8 20.923
0 0
2 24 0.707 -3 21.923 -0.781 -3 21.923
2 24 0.707 -8 21.923 -0.781 -8 21.923
2 24 0.781 -3 20.923 1.515 -3 20.619
2 24 0.781 -8 20.923 1.515 -8 20.619
1 16 0.781 -5.5 21.423 0 -1 0 2.5 0 0 0 0 -.5 rect.dat
1 16 -0.781 -5.5 21.423 0 -1 0 2.5 0 0 0 0 .5 rect.dat
4 16 0.781 -3 20.923 0.781 -8 20.923 1.515 -8 20.619 1.515 -3 20.619
4 16 0.781 -3 21.923 -0.781 -3 21.923 -0.781 -8 21.923 0.781 -8 21.923
4 16 0.781 -8 21.923 -0.781 -8 21.923 -0.781 -8 20.923 0.781 -8 20.923
4 16 0.781 -8 20.923 -0.781 -8 20.923 0 -8 18 1.515 -8 20.619
0
2 24 3.274 -3 20.274 2.222 -3 21.326
2 24 3.274 -8 20.274 2.222 -8 21.326
2 24 2.619 -3 19.515 2.923 -3 18.781
2 24 2.619 -8 19.515 2.923 -8 18.781
1 16 2.972 -5.5 19.868 0 -.707 -.354 2.5 0 0 0 .707 -.354 rect.dat
1 16 1.868 -5.5 20.972 0 -.707 .354 2.5 0 0 0 .707 .354 rect.dat
4 16 2.619 -3 19.515 2.619 -8 19.515 2.923 -8 18.781 2.923 -3 18.781
4 16 3.326 -3 20.222 2.222 -3 21.326 2.222 -8 21.326 3.326 -8 20.222
4 16 3.326 -8 20.222 2.222 -8 21.326 1.515 -8 20.619 2.619 -8 19.515
4 16 2.619 -8 19.515 1.515 -8 20.619 0 -8 18 2.923 -8 18.781
0
1 16 0 -2 18 5 0 0 0 1 0 0 0 5 4-4edge.dat
1 16 0 -3 18 5 0 0 0 1 0 0 0 5 4-4edge.dat
1 16 0 -3 18 5 0 0 0 1 0 0 0 5 4-4disc.dat
1 16 0 -2 18 5 0 0 0 -1 0 0 0 5 4-4cyli.dat
  
0 Second Stage
1 16 5 4 -18 0 1 0 4 0 0 0 0 4 4-4edge.dat
1 16 -5 4 -18 0 1 0 4 0 0 0 0 4 4-4edge.dat
1 16 5 4 -18 0 1 0 4 0 0 0 0 4 4-4disc.dat
1 16 -5 4 -18 0 1 0 -4 0 0 0 0 4 4-4disc.dat
1 16 5 4 -18 0 -10 0  -4 0 0  0 0 4  2-4cyli.dat
1 16 5 4 -18 0 -1 0 4 0 0 0 0 -4 2-4cyli.dat
1 16 -5 4 -18 0 1 0 -4 0 0 0 0 -4 2-4cyli.dat

1 16 0 4 -18  0  .707 -4  4 0 0  0 -.707 -4  2-4edge.dat
1 16 0 4 -18  0 -.707 4  -4 0 0  0 -.707 -4 2-4edge.dat
1 16 4 4 -18 0 -4 0 0 0 4 -4 0 0 1-4cyls.dat
1 16 4 4 -18 0 -4 0 0 0 -4 -4 0 0 1-4cyls.dat
1 16 -4 4 -18 0 4 0 0 0 4 -4 0 0 1-4cyls.dat
1 16 -4 4 -18 0 4 0 0 0 -4 -4 0 0 1-4cyls.dat

1 16 0 4 -24 4 0 0 0 0 -4 0 1 0 4-4edge.dat
1 16 0 4 -22 -4 0 0 0 0 4 0 4 0 1-4cyls.dat
1 16 0 4 -22 -4 0 0 0 0 -4 0 4 0 1-4cyls.dat
1 16 0 4 -22 4 0 0 0 0 4 0 4 0 1-4cyls.dat
1 16 0 4 -22 4 0 0 0 0 -4 0 4 0 1-4cyls.dat
1 16 0 4 -24 4 0 0 0 0 4 0 2 0 4-4cyli.dat
1 16 0 4 -24 4 0 0 0 0 -4 0 1 0 4-4disc.dat

0 Hose-left
1 16 5.2 4 -18  0 -.8 0  .8 0 0 0 0 .8 754.dat
1 16 7.2 3.9 -18  0 -.8 0  .8 0 0 0 0 .8 754.dat
1 16 9.35 3.8 -17.75 0 -.777 -.189 .8 0 0 0 -.189 .777 754.dat
1 16 11.25 3.7 -17.05 0 -.714 -.361 .8 0 0 0 -.361 .714 754.dat
1 16 13 3.2 -15.9 .054 -.611 -.513 .797 .07 0 .045 -.511 .614 754.dat

1 16 14.6 2.5 -14.45 .084 -.474 -.639 .788 .139 0 .111 -.629 .481 754.dat
1 16 15.8 1.5 -12.65 .084 -.313 -.731 .773 .207 0 .189 -.707 .324 754.dat
1 16 16.7 .6 -10.7 .054 -.218 -.768 .776 .193 0 .185 -.745 .225 754.dat
1 16 17.4 -.1 -8.75 .043 -.22 -.768 .785 .153 0 .147 -.753 .225 754.dat
1 16 18 -.7 -6.75 .027 -.223 -.768 .794 .097 0 .093 -.762 .225 754.dat

1 16 18.6 -1 -4.75 .02 -.224 -.768 .797 .07 0 .067 -.765 .225 754.dat
1 16 19.2 -1.45 -2.75 0 -.225 -.768 .8 0 0 0 -.768 .225 754.dat
1 16 19.75 -1.8 -.8 0 -.143 -.787 .8 0 0 0 -.787 .143 754.dat
1 16 20 -2 1.2 0 -.056 -.798 .8 0 0 0 -.798 .056 754.dat
1 16 20 -1.9 3.28 0 0 -.8 .8 0 0 0 -.8 0 754.dat

1 16 20 -1.6 5.35 0 0 -.8 .8 0 0 0 -.8 0 754.dat
1 16 19.9 -1.2 7.4 0 .093 -.795 .8 0 0 0 -.795 -.093 754.dat
1 16 19.5 -1 9.4 0 .227 -.767 .8 0 0 0 -.767 -.227 754.dat
1 16 18.75 -.75 11.32 0 .354 -.717 .8 0 0 0 -.717 -.354 754.dat
1 16 17.7 -.4 13.1 0 .471 -.646 .8 0 0 0 -.646 -.471 754.dat

1 16 16.35 -.25 14.6 0 .575 -.557 .8 0 0 0 -.557 -.575 754.dat
1 16 14.75 -.15 15.9 0 .662 -.45 .8 0 0 0 -.45 -.662 754.dat
1 16 12.95 -.05 16.95 0 .729 -.329 .8 0 0 0 -.329 -.729 754.dat
1 16 11 0 17.6 0 .775 -.2 .8 0 0 0 -.2 -.775 756.dat

0 Hose-right
1 16 -5.2 4 -18 0 .8 0 -.8 0 0 0 0 .8 754.dat
1 16 -7.2 3.9 -18 0 .8 0 -.8 0 0 0 0 .8 754.dat
1 16 -9.35 3.8 -17.75 0 .777 .189 -.8 0 0 0 -.189 .777 754.dat
1 16 -11.25 3.7 -17.05 0 .714 .361 -.8 0 0 0 -.361 .714 754.dat
1 16 -13 3.2 -15.9 -.054 .611 .513 -.797 .07 0 -.045 -.511 .614 754.dat

1 16 -14.6 2.5 -14.45 -.084 .474 .639 -.788 .139 0 -.111 -.629 .481 754.dat
1 16 -15.8 1.5 -12.65 -.084 .313 .731 -.773 .207 0 -.189 -.707 .324 754.dat
1 16 -16.7 .6 -10.7 -.054 .218 .768 -.776 .193 0 -.185 -.745 .225 754.dat
1 16 -17.4 -.1 -8.75 -.043 .22 .768 -.785 .153 0 -.147 -.753 .225 754.dat
1 16 -18 -.7 -6.75 -.027 .223 .768 -.794 .097 0 -.093 -.762 .225 754.dat

1 16 -18.6 -1 -4.75 -.02 .224 .768 -.797 .07 0 -.067 -.765 .225 754.dat
1 16 -19.2 -1.45 -2.75 0 .225 .768 -.8 0 0 0 -.768 .225 754.dat
1 16 -19.75 -1.8 -.8 0 .143 .787 -.8 0 0 0 -.787 .143 754.dat
1 16 -20 -2 1.2 0 .056 .798 -.8 0 0 0 -.798 .056 754.dat
1 16 -20 -1.9 3.28 0 0 .8 -.8 0 0 0 -.8 0 754.dat

1 16 -20 -1.6 5.35 0 0 .8 -.8 0 0 0 -.8 0 754.dat
1 16 -19.9 -1.2 7.4 0 -.093 .795 -.8 0 0 0 -.795 -.093 754.dat
1 16 -19.5 -1 9.4 0 -.227 .767 -.8 0 0 0 -.767 -.227 754.dat
1 16 -18.75 -.75 11.32 0 -.354 .717 -.8 0 0 0 -.717 -.354 754.dat
1 16 -17.7 -.4 13.1 0 -.471 .646 -.8 0 0 0 -.646 -.471 754.dat

1 16 -16.35 -.25 14.6 0 -.575 .557 -.8 0 0 0 -.557 -.575 754.dat
1 16 -14.75 -.15 15.9 0 -.662 .45 -.8 0 0 0 -.45 -.662 754.dat
1 16 -12.95 -.05 16.95 0 -.729 .329 -.8 0 0 0 -.329 -.729 754.dat
1 16 -11 0 17.6 0 -.775 .2 -.8 0 0 0 -.2 -.775 756.dat
0
0 Thanks James
0
