0 Glass for Window Bay  3 x  8 x  6
0 Name: 301.dat
0 Author: Luis E. Fernandez (lfernand@super.zippo.com)
0 Official LCad update 99-01

4 16 77 5 32 77 135 32 39 135 -6 39 5 -6
4 16 39 5 -6 39 135 -6 -39 135 -6 -39 5 -6
4 16 -39 5 -6 -39 135 -6 -77 135 32 -77 5 32
0
4 16 72 5 32 72 135 32 38 135 -2 38 5 -2
4 16 38 5 -2 38 135 -2 -38 135 -2 -38 5 -2
4 16 -38 5 -2 -38 135 -2 -72 135 32 -72 5 32
0
2 24 77 5 32 39 5 -6
2 24 39 5 -6 -39 5 -6
2 24 -39 5 -6 -77 5 32
0
2 24 72 5 32 38 5 -2
2 24 38 5 -2 -38 5 -2
2 24 -38 5 -2 -72 5 32
0
4 16 77 5 32 72 5 32 38 5 -2 39 5 -6
4 16 39 5 -6 38 5 -2 -38 5 -2 -39 5 -6
4 16 -39 5 -6 -38 5 -2 -72 5 32 -77 5 32
0
2 24 77 5 32 72 5 32
2 24 -77 5 32 -72 5 32
0
2 24 77 135 32 39 135 -6
2 24 39 135 -6 -39 135 -6
2 24 -39 135 -6 -77 135 32
0
2 24 72 135 32 38 135 -2
2 24 38 135 -2 -38 135 -2
2 24 -38 135 -2 -72 135 32
0
4 16 77 135 32 72 135 32 38 135 -2 39 135 -6
4 16 39 135 -6 38 135 -2 -38 135 -2 -39 135 -6
4 16 -39 135 -6 -38 135 -2 -72 135 32 -77 135 32
0
2 24 77 135 32 72 135 32
2 24 -77 135 32 -72 135 32
0
4 16 77 135 32 72 135 32 72 5 32 77 5 32
4 16 39 135 -6 38 135 -2 38 5 -2 39 5 -6
4 16 -39 135 -6 -38 135 -2 -38 5 -2 -39 5 -6
4 16 -77 135 32 -72 135 32 -72 5 32 -77 5 32
0
2 24 77 135 32 77 5 32
2 24 39 135 -6 39 5 -6
2 24 -39 135 -6 -39 5 -6
2 24 -77 135 32 -77 5 32
0
2 24 -72 135 32 -72 5 32
2 24 -38 135 -2 -38 5 -2
2 24 38 135 -2 38 5 -2
2 24 72 135 32 72 5 32
0
1 16 -30 48 -2 1 0 0 0 0 -1 0 2 0 4-4cyli.dat
1 16 -30 48 -2 1 0 0 0 0 -1 0 2 0 4-4disc.dat
1 16 -30 48 0 1 0 0 0 0 -1 0 1 0 4-4disc.dat
0
1 16 30 48 -2 1 0 0 0 0 -1 0 2 0 4-4cyli.dat
1 16 30 48 -2 1 0 0 0 0 -1 0 2 0 4-4disc.dat
1 16 30 48 0 1 0 0 0 0 -1 0 1 0 4-4disc.dat
0
1 16 30 92 -2 1 0 0 0 0 -1 0 2 0 4-4cyli.dat
1 16 30 92 -2 1 0 0 0 0 -1 0 2 0 4-4disc.dat
1 16 30 92 0 1 0 0 0 0 -1 0 1 0 4-4disc.dat
0
1 16 -30 92 -2 1 0 0 0 0 -1 0 2 0 4-4cyli.dat
1 16 -30 92 -2 1 0 0 0 0 -1 0 2 0 4-4disc.dat
1 16 -30 92 0 1 0 0 0 0 -1 0 1 0 4-4disc.dat
0