0 Brick  1 x  4 with Basic Car Headlights Pattern
0 Name: 3010p08.dat
0 Author: James Jessiman
0 Original LDraw Part - LDraw beta 0.27 Archive

1 16 20 4 0 1 0 0 0 -5 0 0 0 1 stud3.dat
1 16 0 4 0 1 0 0 0 -5 0 0 0 1 stud3.dat
1 16 -20 4 0 1 0 0 0 -5 0 0 0 1 stud3.dat

1 16 0 24 0 36 0 0 0 -20 0 0 0 6 box5.dat

4 16 40 24 10 36 24 6 -36 24 6 -40 24 10
4 16 -40 24 10 -36 24 6 -36 24 -6 -40 24 -10
4 16 -40 24 -10 -36 24 -6 36 24 -6 40 24 -10
4 16 40 24 -10 36 24 -6 36 24 6 40 24 10

1 16 40 12 0 0 0 0 12 0 0 0 0 10 rect.dat
1 16 -40 12 0 0 0 0 12 0 0 0 0 10 rect.dat
2 24 40 24 10 -40 24 10
2 24 40 24 -10 -40 24 -10
2 24 40 0 10 -40 0 10
2 24 40 0 -10 -40 0 -10
4 16 40 24 10 40 0 10 -40 0 10 -40 24 10
4 16 40 0 10 40 0 -10 -40 0 -10 -40 0 10

1 16 30 0 0 1 0 0 0 1 0 0 0 1 stud.dat
1 16 10 0 0 1 0 0 0 1 0 0 0 1 stud.dat
1 16 -10 0 0 1 0 0 0 1 0 0 0 1 stud.dat
1 16 -30 0 0 1 0 0 0 1 0 0 0 1 stud.dat

1 7 -26 9 -10 10 0 0 0 0 6 0 0 0 rect.dat
1 7 26 9 -10 10 0 0 0 0 6 0 0 0 rect.dat

1 0 -12.5 9 -10 1.5 0 0 0 0 6 0 0 0 rect.dat
1 0 -7.5 9 -10 1.5 0 0 0 0 6 0 0 0 rect.dat
1 0 -2.5 9 -10 1.5 0 0 0 0 6 0 0 0 rect.dat
1 0 2.5 9 -10 1.5 0 0 0 0 6 0 0 0 rect.dat
1 0 7.5 9 -10 1.5 0 0 0 0 6 0 0 0 rect.dat
1 0 12.5 9 -10 1.5 0 0 0 0 6 0 0 0 rect.dat

1 0 0 19 -10 36 0 0 0 0 2 0 0 0 rect.dat

4 16 40 24 -10 36 21 -10 -36 21 -10 -40 24 -10
4 16 -40 24 -10 -36 21 -10 -36 3 -10 -40 0 -10
4 16 -40 0 -10 -36 3 -10 36 3 -10 40 0 -10
4 16 40 0 -10 36 3 -10 36 21 -10 40 24 -10

4 16 36 13 -10 36 17 -10 -36 17 -10 -36 13 -10
4 16 16 13 -10 16 3 -10 14 3 -10 14 13 -10
4 16 11 13 -10 11 3 -10 9 3 -10 9 13 -10
4 16 6 13 -10 6 3 -10 4 3 -10 4 13 -10
4 16 1 13 -10 1 3 -10 -1 3 -10 -1 13 -10
4 16 -4 13 -10 -4 3 -10 -6 3 -10 -6 13 -10
4 16 -9 13 -10 -9 3 -10 -11 3 -10 -11 13 -10
4 16 -14 13 -10 -14 3 -10 -16 3 -10 -16 13 -10
0
