0 Brick  1 x  4 with White Grille Pattern
0 Name: 3010p05.dat
0 Author: James Jessiman
0 Modified By: Jonathan Wilson
0 Official LCad update 99-06
 
1 16 20 4 0 1 0 0 0 -5 0 0 0 1 stud3.dat
1 16 0 4 0 1 0 0 0 -5 0 0 0 1 stud3.dat
1 16 -20 4 0 1 0 0 0 -5 0 0 0 1 stud3.dat
 
1 16 0 24 0 36 0 0 0 -20 0 0 0 6 box5.dat
 
4 16 40 24 10 36 24 6 -36 24 6 -40 24 10
4 16 -40 24 10 -36 24 6 -36 24 -6 -40 24 -10
4 16 -40 24 -10 -36 24 -6 36 24 -6 40 24 -10
4 16 40 24 -10 36 24 -6 36 24 6 40 24 10
 
1 16 40 12 0 0 0 0 12 0 0 0 0 10 rect.dat
1 16 -40 12 0 0 0 0 12 0 0 0 0 10 rect.dat
2 24 40 24 10 -40 24 10
2 24 40 24 -10 -40 24 -10
2 24 40 0 10 -40 0 10
2 24 40 0 -10 -40 0 -10
4 16 40 24 10 40 0 10 -40 0 10 -40 24 10
4 16 40 0 10 40 0 -10 -40 0 -10 -40 0 10
 
1 16 30 0 0 1 0 0 0 1 0 0 0 1 stud.dat
1 16 10 0 0 1 0 0 0 1 0 0 0 1 stud.dat
1 16 -10 0 0 1 0 0 0 1 0 0 0 1 stud.dat
1 16 -30 0 0 1 0 0 0 1 0 0 0 1 stud.dat
 
1 15 -35 12 -10 1 0 0 0 0 9 0 0 0 rect.dat
1 15 -30 12 -10 1 0 0 0 0 9 0 0 0 rect.dat
1 15 -25 12 -10 1 0 0 0 0 9 0 0 0 rect.dat
1 15 -20 12 -10 1 0 0 0 0 9 0 0 0 rect.dat
1 15 -15 12 -10 1 0 0 0 0 9 0 0 0 rect.dat
1 15 -10 12 -10 1 0 0 0 0 9 0 0 0 rect.dat
1 15 -5 12 -10 1 0 0 0 0 9 0 0 0 rect.dat
1 15 0 12 -10 1 0 0 0 0 9 0 0 0 rect.dat
1 15 5 12 -10 1 0 0 0 0 9 0 0 0 rect.dat
1 15 10 12 -10 1 0 0 0 0 9 0 0 0 rect.dat
1 15 15 12 -10 1 0 0 0 0 9 0 0 0 rect.dat
1 15 20 12 -10 1 0 0 0 0 9 0 0 0 rect.dat
1 15 25 12 -10 1 0 0 0 0 9 0 0 0 rect.dat
1 15 30 12 -10 1 0 0 0 0 9 0 0 0 rect.dat
1 15 35 12 -10 1 0 0 0 0 9 0 0 0 rect.dat
 
4 16 40 24 -10 36 21 -10 -36 21 -10 -40 24 -10
4 16 -40 24 -10 -36 21 -10 -36 3 -10 -40 0 -10
4 16 -40 0 -10 -36 3 -10 36 3 -10 40 0 -10
4 16 40 0 -10 36 3 -10 36 21 -10 40 24 -10
 
4 16 34 21 -10 34 3 -10 31 3 -10 31 21 -10
4 16 29 21 -10 29 3 -10 26 3 -10 26 21 -10
4 16 24 21 -10 24 3 -10 21 3 -10 21 21 -10
4 16 19 21 -10 19 3 -10 16 3 -10 16 21 -10
4 16 14 21 -10 14 3 -10 11 3 -10 11 21 -10
4 16 9 21 -10 9 3 -10 6 3 -10 6 21 -10
4 16 4 21 -10 4 3 -10 1 3 -10 1 21 -10
4 16 -1 21 -10 -1 3 -10 -4 3 -10 -4 21 -10
4 16 -6 21 -10 -6 3 -10 -9 3 -10 -9 21 -10
4 16 -11 21 -10 -11 3 -10 -14 3 -10 -14 21 -10
4 16 -16 21 -10 -16 3 -10 -19 3 -10 -19 21 -10
4 16 -21 21 -10 -21 3 -10 -24 3 -10 -24 21 -10
4 16 -26 21 -10 -26 3 -10 -29 3 -10 -29 21 -10
4 16 -31 21 -10 -31 3 -10 -34 3 -10 -34 21 -10
0