0 Panel 14 x 14 x  2 & 2/3 Quarter Saucer Top
0 Name: 30116.dat
0 Author: Tim Romine
0 LDRAW_ORG Part UPDATE 2003-02

0 BFC CERTIFY CCW

2 24 0 64 -80 0 64 -100
2 24 0 64 -80 40 64 -80
2 24 40 64 -60 40 64 -80
2 24 60 64 -60 40 64 -60
2 24 60 64 -60 60 64 -40
2 24 60 64 -40 80 64 -40
2 24 80 64 -40 80 64 0
2 24 100 64 0 80 64 0
2 24 100 64 0 100 64 -40
2 24 95 64 -45 100 64 -40
2 24 95 64 -45 92 64 -42
2 24 96 64 -38 92 64 -42
2 24 96 64 -4 96 64 -38
2 24 84 64 -4 96 64 -4
2 24 84 64 -44 84 64 -4
2 24 64 64 -44 84 64 -44
2 24 64 64 -64 64 64 -44
2 24 44 64 -64 64 64 -64
2 24 44 64 -84 44 64 -64
2 24 4 64 -84 44 64 -84
2 24 4 64 -84 4 64 -96
2 24 4 64 -96 38 64 -96
2 24 38 64 -96 42 64 -92
2 24 45 64 -95 42 64 -92
2 24 45 64 -95 40 64 -100
2 24 0 64 -100 40 64 -100
2 24 56 64 -78 52 64 -82
2 24 56 64 -78 54 64 -76
2 24 56 64 -74 54 64 -76
2 24 56 64 -74 58 64 -76
2 24 58 64 -76 62 64 -72
2 24 65 64 -75 62 64 -72
2 24 55 64 -85 65 64 -75
2 24 55 64 -85 52 64 -82
2 24 76 64 -58 72 64 -62
2 24 76 64 -58 74 64 -56
2 24 76 64 -54 74 64 -56
2 24 76 64 -54 78 64 -56
2 24 78 64 -56 82 64 -52
2 24 85 64 -55 82 64 -52
2 24 75 64 -65 85 64 -55
2 24 75 64 -65 72 64 -62
2 24 42 59 -92 42 64 -92
2 24 52 59 -82 52 64 -82
2 24 55 64 -85 55 59 -85
2 24 45 64 -95 45 59 -95
2 24 45 59 -95 42 59 -92
2 24 42 59 -92 52 59 -82
2 24 55 59 -85 52 59 -82
2 24 45 59 -95 55 59 -85
2 24 62 59 -72 62 64 -72
2 24 72 59 -62 72 64 -62
2 24 75 64 -65 75 59 -65
2 24 65 64 -75 65 59 -75
2 24 65 59 -75 62 59 -72
2 24 62 59 -72 72 59 -62
2 24 75 59 -65 72 59 -62
2 24 65 59 -75 75 59 -65
2 24 82 59 -52 82 64 -52
2 24 92 59 -42 92 64 -42
2 24 95 64 -45 95 59 -45
2 24 85 64 -55 85 59 -55
2 24 85 59 -55 82 59 -52
2 24 82 59 -52 92 59 -42
2 24 95 59 -45 92 59 -42
2 24 85 59 -55 95 59 -45
2 24 4 64 -96 4 16 -96
2 24 4 64 -84 4 16 -84
2 24 44 16 -84 44 64 -84
2 24 44 16 -64 44 64 -64
2 24 64 16 -64 64 64 -64
2 24 64 16 -44 64 64 -44
2 24 84 16 -44 84 64 -44
2 24 84 16 -4 84 64 -4
2 24 96 16 -4 96 64 -4
2 24 96 16 -38 96 64 -38
2 24 78 16 -56 78 64 -56
2 24 76 16 -54 76 64 -54
2 24 74 16 -56 74 64 -56
2 24 76 16 -58 76 64 -58
2 24 58 16 -76 58 64 -76
2 24 56 16 -74 56 64 -74
2 24 54 16 -76 54 64 -76
2 24 56 16 -78 56 64 -78
2 24 38 16 -96 38 64 -96
2 24 4 16 -96 4 16 -84
2 24 4 16 -84 44 16 -84
2 24 44 16 -84 44 16 -64
2 24 44 16 -64 64 16 -64
2 24 64 16 -64 64 16 -44
2 24 64 16 -44 84 16 -44
2 24 84 16 -44 84 16 -4
2 24 84 16 -4 96 16 -4
2 24 96 16 -4 96 16 -38
2 24 78 16 -56 96 16 -38
2 24 76 16 -54 78 16 -56
2 24 76 16 -54 74 16 -56
2 24 76 16 -58 74 16 -56
2 24 58 16 -76 76 16 -58
2 24 56 16 -74 58 16 -76
2 24 56 16 -74 54 16 -76
2 24 56 16 -78 54 16 -76
2 24 38 16 -96 56 16 -78
2 24 4 16 -96 38 16 -96
2 24 0 64 -100 0 16 -100
2 24 0 8 -80 0 64 -80
2 24 40 8 -80 40 64 -80
2 24 40 8 -60 40 64 -60
2 24 60 8 -60 60 64 -60
2 24 60 8 -40 60 64 -40
2 24 80 8 -40 80 64 -40
2 24 80 8 0 80 64 0
2 24 100 64 0 100 16 0
2 24 100 16 -40 100 64 -40
2 24 40 16 -100 40 64 -100
2 24 0 8 -100 0 8 -80
2 24 0 8 -80 40 8 -80
2 24 40 8 -80 40 8 -60
2 24 40 8 -60 60 8 -60
2 24 60 8 -40 60 8 -60
2 24 80 8 -40 60 8 -40
2 24 80 8 -40 80 8 0
2 24 100 8 0 80 8 0
2 24 100 16 0 100 16 -40
2 24 40 16 -100 100 16 -40
2 24 0 16 -100 40 16 -100
2 24 100 0 0 100 8 0
2 24 100 0 -40 100 0 0
2 24 100 0 -40 100 8 -40
2 24 100 8 -40 100 8 0
2 24 100 0 -40 40 0 -100
2 24 40 0 -100 40 8 -100
2 24 100 8 -40 40 8 -100
2 24 0 0 -100 40 0 -100
2 24 0 0 -100 0 8 -100
2 24 0 8 -100 40 8 -100
2 24 120 0 0 100 0 0
2 24 120 0 0 120 0 -17.143
2 24 111.991 0 -46.388 120 0 -17.143
2 24 111.991 0 -46.388 96.169 0 -73.793
2 24 96.169 0 -73.793 73.793 0 -96.169
2 24 46.388 0 -111.991 73.793 0 -96.169
2 24 46.388 0 -111.991 17.143 0 -120
2 24 0 0 -120 17.143 0 -120
2 24 0 0 -120 0 0 -100
2 24 0 16 -100 0 16 -140
2 24 100 16 0 140 16 0
2 24 140 16 -55 140 16 0
2 24 140 16 -55 133 16 -62
2 24 130 16 -59 133 16 -62
2 24 130 16 -59 136 16 -53
2 24 136 16 -4 136 16 -53
2 24 104 16 -4 136 16 -4
2 24 104 16 -4 104 16 -42
2 24 104 16 -42 42 16 -104
2 24 4 16 -104 42 16 -104
2 24 4 16 -104 4 16 -136
2 24 4 16 -136 53 16 -136
2 24 53 16 -136 59 16 -130
2 24 59 16 -130 62 16 -133
2 24 55 16 -140 62 16 -133
2 24 0 16 -140 55 16 -140
2 24 110.336 7.536 -84.664 84.664 7.536 -110.336
2 24 90 11 -99 93 11 -102
2 24 82 11 -113 93 11 -102
2 24 79 11 -110 90 11 -99
2 24 99 11 -90 102 11 -93
2 24 110 11 -79 113 11 -82
2 24 102 11 -93 113 11 -82
2 24 99 11 -90 110 11 -79
2 24 4 16 -104 4 11 -104
2 24 42 11 -104 42 16 -104
2 24 104 11 -42 104 16 -42
2 24 104 11 -4 104 16 -4
2 24 119 11 -70 110 11 -79
2 24 99 11 -90 90 11 -99
2 24 55 9.845 -140 55 16 -140
2 24 55 9.845 -140 57.114 9.549 -137.886
2 24 140 9.845 -55 140 16 -55
2 24 140 9.845 -55 137.886 9.549 -57.114
2 24 82 16 -113 73 16 -122
2 24 90 16 -99 93 16 -102
2 24 90 16 -99 99 16 -90
2 24 99 16 -90 102 16 -93
2 24 102 16 -93 93 16 -102
2 24 110 16 -79 113 16 -82
2 24 110 16 -79 119 16 -70
2 24 122 16 -73 113 16 -82
2 24 62 16 -133 62 11 -133
2 24 70 11 -119 73 11 -122
2 24 62 11 -133 73 11 -122
2 24 59 11 -130 70 11 -119
2 24 79 11 -110 82 11 -113
2 24 90 16 -99 90 11 -99
2 24 93 16 -102 93 11 -102
2 24 113 16 -82 113 11 -82
2 24 119 11 -70 122 11 -73
2 24 70 16 -119 73 16 -122
2 24 70 16 -119 79 16 -110
2 24 79 16 -110 82 16 -113
2 24 119 16 -70 122 16 -73
2 24 59 16 -130 59 11 -130
2 24 70 16 -119 70 11 -119
2 24 73 16 -122 73 11 -122
2 24 99 16 -90 99 11 -90
2 24 102 16 -93 102 11 -93
2 24 110 16 -79 110 11 -79
2 24 119 16 -70 119 11 -70
2 24 122 16 -73 122 11 -73
2 24 130 16 -59 130 11 -59
2 24 133 16 -62 133 11 -62
2 24 79 16 -110 79 11 -110
2 24 82 16 -113 82 11 -113
2 24 4 11 -136 4 16 -136
2 24 136 11 -4 136 16 -4
2 24 122 11 -73 133 11 -62
2 24 119 11 -70 130 11 -59
2 24 136 11 -53 136 16 -53
2 24 79 11 -110 70 11 -119
2 24 53 11 -136 53 16 -136
2 24 20 8 -140 55 9.845 -140
2 24 57.114 9.549 -137.886 84.664 7.536 -110.336
2 24 140 8 -4 140 8 -20
2 24 140 8 -20 140 9.845 -55
2 24 137.886 9.549 -57.114 110.336 7.536 -84.664
2 24 59 11 -130 62 11 -133
2 24 130 11 -59 133 11 -62
2 24 4 11 -104 42 11 -104
2 24 42 11 -104 104 11 -42
2 24 104 11 -42 104 11 -4
2 24 104 11 -4 136 11 -4
2 24 136 11 -4 136 11 -53
2 24 59 11 -130 53 11 -136
2 24 5 11 -136 53 11 -136
2 24 136 11 -53 130 11 -59
2 24 4 11 -104 4 11 -136
2 24 140 8 -20 156 11.2 -22.286
2 24 137.886 9.549 -57.114 149.321 12 -61.851
2 24 128.225 12 -98.391 110.336 7.536 -84.664
2 24 98.391 12 -128.225 84.664 7.536 -110.336
2 24 57.114 9.549 -137.886 61.851 12 -149.321
2 24 20 8 -140 22.286 11.2 -156
2 24 159.687 12 -24 149.321 12 -61.851
2 24 149.321 12 -61.851 128.225 12 -98.391
2 24 98.391 12 -128.225 128.225 12 -98.391
2 24 61.851 12 -149.321 98.391 12 -128.225
2 24 24 12 -159.687 61.851 12 -149.321
2 24 180 17.333 -25.714 220 28 -31.429
2 24 149.321 12 -61.851 205.317 28 -85.045
2 24 176.31 28 -135.287 128.225 12 -98.391
2 24 135.287 28 -176.31 98.391 12 -128.225
2 24 61.851 12 -149.321 85.045 28 -205.317
2 24 25.714 17.333 -180 31.429 28 -220
2 24 220 28 -31.429 205.317 28 -85.045
2 24 176.31 28 -135.287 205.317 28 -85.045
2 24 176.31 28 -135.287 175.597 28 -136
2 24 135.287 28 -176.31 136 28 -175.597
2 24 135.287 28 -176.31 85.045 28 -205.317
2 24 31.429 28 -220 85.045 28 -205.317
2 24 257.58 57.867 -106.693 205.317 28 -85.045
2 24 176.31 28 -135.287 177.239 28.618 -136
2 24 221.189 57.867 -169.724 184 33.118 -141.188
2 24 169.724 57.867 -221.189 141.188 33.118 -184
2 24 135.287 28 -176.31 136 28.618 -177.239
2 24 106.693 57.867 -257.58 85.045 28 -205.317
2 24 136 31.736 -184 136 28.618 -177.239
2 24 136 28 -175.597 136 28.618 -177.239
2 24 136 31.736 -184 141.188 33.118 -184
2 24 184 49.239 -184 141.188 33.118 -184
2 24 136 20.545 -136 136 28 -175.597
2 24 144 51 -144 144 51 -176
2 24 144 51 -176 176 51 -176
2 24 140 24 -171.597 140 27.164 -180
2 24 140 24 -171.597 140 18.051 -140
2 24 180 42.226 -180 140 27.164 -180
2 24 184 31.736 -136 177.239 28.618 -136
2 24 175.597 28 -136 177.239 28.618 -136
2 24 184 31.736 -136 184 33.118 -141.188
2 24 184 49.239 -184 184 33.118 -141.188
2 24 136 20.545 -136 175.597 28 -136
2 24 144 51 -144 176 51 -144
2 24 176 51 -144 176 51 -176
2 24 171.597 24 -140 180 27.164 -140
2 24 171.597 24 -140 140 18.051 -140
2 24 180 42.226 -180 180 27.164 -140
2 24 136 51 -136 136 51 -184
2 24 136 51 -184 184 51 -184
2 24 144 56 -176 144 51 -176
2 24 144 56 -144 144 56 -176
2 24 144 56 -176 176 56 -176
2 24 140 48 -140 140 48 -180
2 24 140 48 -180 180 48 -180
2 24 136 51 -136 184 51 -136
2 24 184 51 -136 184 51 -184
2 24 176 56 -144 176 51 -144
2 24 144 56 -144 176 56 -144
2 24 176 56 -144 176 56 -176
2 24 140 48 -140 180 48 -140
2 24 180 48 -140 180 48 -180
2 24 136 20.545 -136 136 51 -136
2 24 184 49.239 -184 184 51 -184
2 24 136 51 -184 136 31.736 -184
2 24 140 51 -140 140 51 -180
2 24 140 51 -180 180 51 -180
2 24 140 48 -180 140 27.164 -180
2 24 184 51 -136 184 31.736 -136
2 24 140 51 -140 180 51 -140
2 24 180 51 -140 180 51 -180
2 24 180 48 -140 180 27.164 -140
2 24 144 56 -144 144 51 -144
2 24 176 56 -176 176 51 -176
2 24 140 48 -140 140 18.051 -140
2 24 180 48 -180 180 42.226 -180
2 24 140 51 -180 140 56 -180
2 24 140 56 -140 140 56 -180
2 24 140 56 -180 180 56 -180
2 24 180 51 -140 180 56 -140
2 24 140 56 -140 180 56 -140
2 24 180 56 -140 180 56 -180
2 24 140 56 -140 140 51 -140
2 24 180 56 -180 180 51 -180
2 24 44.988 64 -274.478 46.026 64 -278.35
2 24 40 64 -280 46.026 64 -278.35
2 24 56.562 64 -271.308 57.6 64 -275.18
2 24 64.659 64 -273.247 63.621 64 -269.375
2 24 64.659 64 -273.247 57.6 64 -275.18
2 24 75.195 64 -266.206 76.232 64 -270.078
2 24 83.291 64 -268.145 82.254 64 -264.273
2 24 83.291 64 -268.145 76.232 64 -270.078
2 24 93.828 64 -261.103 94.865 64 -264.975
2 24 108.239 64 -261.313 94.865 64 -264.975
2 24 124.262 64 -252.062 122.26 64 -248.593
2 24 124.262 64 -252.062 108.239 64 -261.313
2 24 134.654 64 -246.062 132.652 64 -242.593
2 24 145.92 64 -234.932 147.923 64 -238.401
2 24 134.654 64 -246.062 147.923 64 -238.401
2 24 158.315 64 -232.402 156.312 64 -228.933
2 24 160.92 64 -226.272 162.923 64 -229.741
2 24 158.315 64 -232.402 162.923 64 -229.741
2 24 172.532 64 -224.046 169.699 64 -221.214
2 24 181.214 64 -209.699 184.046 64 -212.532
2 24 172.532 64 -224.046 184.046 64 -212.532
2 24 192.532 64 -204.046 189.699 64 -201.214
2 24 280 64 0 280 64 -40
2 24 274.478 64 -44.988 278.35 64 -46.026
2 24 280 64 -40 278.35 64 -46.026
2 24 271.308 64 -56.562 275.18 64 -57.6
2 24 273.247 64 -64.659 269.375 64 -63.621
2 24 273.247 64 -64.659 275.18 64 -57.6
2 24 266.206 64 -75.195 270.078 64 -76.232
2 24 268.145 64 -83.291 264.273 64 -82.254
2 24 268.145 64 -83.291 270.078 64 -76.232
2 24 261.103 64 -93.828 264.975 64 -94.865
2 24 261.313 64 -108.239 264.975 64 -94.865
2 24 252.062 64 -124.262 248.593 64 -122.26
2 24 252.062 64 -124.262 261.313 64 -108.239
2 24 246.062 64 -134.654 242.593 64 -132.652
2 24 234.932 64 -145.92 238.401 64 -147.923
2 24 246.062 64 -134.654 238.401 64 -147.923
2 24 232.402 64 -158.315 228.933 64 -156.312
2 24 226.272 64 -160.92 229.741 64 -162.923
2 24 232.402 64 -158.315 229.741 64 -162.923
2 24 224.046 64 -172.532 221.214 64 -169.699
2 24 209.699 64 -181.214 212.532 64 -184.046
2 24 224.046 64 -172.532 212.532 64 -184.046
2 24 204.046 64 -192.532 201.214 64 -189.699
2 24 192.532 64 -204.046 204.046 64 -192.532
2 24 0 64 -280 40 64 -280
2 24 0 64 -280 0 64 -260
2 24 40 64 -260 40 64 -275.844
2 24 40 64 -275.844 44.988 64 -274.478
2 24 56.562 64 -271.308 63.621 64 -269.375
2 24 75.195 64 -266.206 82.254 64 -264.273
2 24 93.828 64 -261.103 106.693 64 -257.58
2 24 106.693 64 -257.58 109.576 64 -255.916
2 24 110 64 -256 109.576 64 -255.916
2 24 110 64 -256 112.296 64 -255.543
2 24 114.243 64 -254.243 112.296 64 -255.543
2 24 114.243 64 -254.243 115.353 64 -252.58
2 24 122.26 64 -248.593 115.353 64 -252.58
2 24 145.92 64 -234.932 132.652 64 -242.593
2 24 160.92 64 -226.272 156.312 64 -228.933
2 24 181.214 64 -209.699 169.699 64 -221.214
2 24 280 64 0 260 64 0
2 24 260 64 0 260 64 -40
2 24 275.844 64 -40 274.478 64 -44.988
2 24 276 64 -4 276 64 -36
2 24 271.308 64 -56.562 269.375 64 -63.621
2 24 266.206 64 -75.195 264.273 64 -82.254
2 24 261.103 64 -93.828 257.58 64 -106.693
2 24 257.58 64 -106.693 255.916 64 -109.576
2 24 256 64 -110 255.916 64 -109.576
2 24 256 64 -110 255.543 64 -112.296
2 24 254.243 64 -114.243 255.543 64 -112.296
2 24 254.243 64 -114.243 252.58 64 -115.353
2 24 248.593 64 -122.26 252.58 64 -115.353
2 24 234.932 64 -145.92 242.593 64 -132.652
2 24 226.272 64 -160.92 228.933 64 -156.312
2 24 209.699 64 -181.214 221.214 64 -169.699
2 24 189.699 64 -201.214 201.214 64 -189.699
2 24 0 64 -260 40 64 -260
2 24 36 64 -264 4 64 -264
2 24 36 64 -264 36 64 -276
2 24 260 64 -40 275.844 64 -40
2 24 276 64 -4 264 64 -4
2 24 264 64 -36 264 64 -4
2 24 4 64 -276 36 64 -276
2 24 4 64 -276 4 64 -264
2 24 264 64 -36 276 64 -36
2 24 40 64 -280 40 56 -280
2 24 4 64 -276 4 57.867 -276
2 24 36 64 -276 36 57.867 -276
2 24 106.693 57.867 -257.58 106.693 64 -257.58
2 24 44.988 64 -274.478 44.988 59 -274.478
2 24 46.026 59 -278.35 46.026 64 -278.35
2 24 56.562 64 -271.308 56.562 59 -271.308
2 24 57.6 59 -275.18 57.6 64 -275.18
2 24 63.621 64 -269.375 63.621 59 -269.375
2 24 64.659 59 -273.247 64.659 64 -273.247
2 24 75.195 64 -266.206 75.195 59 -266.206
2 24 76.232 59 -270.078 76.232 64 -270.078
2 24 82.254 64 -264.273 82.254 59 -264.273
2 24 83.291 59 -268.145 83.291 64 -268.145
2 24 93.828 64 -261.103 93.828 59 -261.103
2 24 94.865 59 -264.975 94.865 64 -264.975
2 24 108.239 64 -261.313 108.239 56 -261.313
2 24 109.576 64 -255.916 109.576 59 -255.916
2 24 110 59 -256 110 64 -256
2 24 112.296 59 -255.543 112.296 64 -255.543
2 24 114.243 59 -254.243 114.243 64 -254.243
2 24 115.353 59 -252.58 115.353 64 -252.58
2 24 122.26 64 -248.593 122.26 59 -248.593
2 24 124.262 59 -252.062 124.262 64 -252.062
2 24 132.652 64 -242.593 132.652 59 -242.593
2 24 134.654 59 -246.062 134.654 64 -246.062
2 24 145.92 64 -234.932 145.92 59 -234.932
2 24 147.923 59 -238.401 147.923 64 -238.401
2 24 156.312 64 -228.933 156.312 59 -228.933
2 24 158.315 59 -232.402 158.315 64 -232.402
2 24 160.92 64 -226.272 160.92 59 -226.272
2 24 162.923 59 -229.741 162.923 64 -229.741
2 24 169.699 64 -221.214 169.699 59 -221.214
2 24 172.532 59 -224.046 172.532 64 -224.046
2 24 181.214 64 -209.699 181.214 59 -209.699
2 24 184.046 59 -212.532 184.046 64 -212.532
2 24 189.699 64 -201.214 189.699 59 -201.214
2 24 192.532 59 -204.046 192.532 64 -204.046
2 24 280 64 -40 280 56 -40
2 24 276 64 -36 276 57.867 -36
2 24 264 64 -36 264 51.467 -36
2 24 275.844 64 -40 275.844 57.867 -40
2 24 257.58 57.867 -106.693 257.58 64 -106.693
2 24 260 56 -40 260 64 -40
2 24 274.478 64 -44.988 274.478 59 -44.988
2 24 278.35 59 -46.026 278.35 64 -46.026
2 24 271.308 64 -56.562 271.308 59 -56.562
2 24 275.18 59 -57.6 275.18 64 -57.6
2 24 269.375 64 -63.621 269.375 59 -63.621
2 24 273.247 59 -64.659 273.247 64 -64.659
2 24 266.206 64 -75.195 266.206 59 -75.195
2 24 270.078 59 -76.232 270.078 64 -76.232
2 24 264.273 64 -82.254 264.273 59 -82.254
2 24 268.145 59 -83.291 268.145 64 -83.291
2 24 261.103 64 -93.828 261.103 59 -93.828
2 24 264.975 59 -94.865 264.975 64 -94.865
2 24 261.313 64 -108.239 261.313 56 -108.239
2 24 256 59 -110 256 64 -110
2 24 255.543 59 -112.296 255.543 64 -112.296
2 24 254.243 59 -114.243 254.243 64 -114.243
2 24 252.58 59 -115.353 252.58 64 -115.353
2 24 248.593 64 -122.26 248.593 59 -122.26
2 24 252.062 59 -124.262 252.062 64 -124.262
2 24 242.593 64 -132.652 242.593 59 -132.652
2 24 246.062 59 -134.654 246.062 64 -134.654
2 24 234.932 64 -145.92 234.932 59 -145.92
2 24 238.401 59 -147.923 238.401 64 -147.923
2 24 228.933 64 -156.312 228.933 59 -156.312
2 24 232.402 59 -158.315 232.402 64 -158.315
2 24 226.272 64 -160.92 226.272 59 -160.92
2 24 229.741 59 -162.923 229.741 64 -162.923
2 24 221.214 64 -169.699 221.214 59 -169.699
2 24 224.046 59 -172.532 224.046 64 -172.532
2 24 209.699 64 -181.214 209.699 59 -181.214
2 24 212.532 59 -184.046 212.532 64 -184.046
2 24 201.214 64 -189.699 201.214 59 -189.699
2 24 204.046 59 -192.532 204.046 64 -192.532
2 24 0 64 -280 0 56 -280
2 24 4 64 -264 4 51.467 -264
2 24 36 64 -264 36 51.467 -264
2 24 40 64 -275.844 40 57.867 -275.844
2 24 276 64 -4 276 57.867 -4
2 24 264 64 -4 264 51.467 -4
2 24 0 56 -260 0 64 -260
2 24 260 56 0 260 64 0
2 24 280 64 0 280 56 0
2 24 40 56 -260 40 64 -260
2 24 255.916 64 -109.576 255.916 59 -109.576
2 24 44.988 59 -274.478 46.026 59 -278.35
2 24 57.6 59 -275.18 46.026 59 -278.35
2 24 64.659 59 -273.247 63.621 59 -269.375
2 24 76.232 59 -270.078 64.659 59 -273.247
2 24 83.291 59 -268.145 82.254 59 -264.273
2 24 83.291 59 -268.145 94.865 59 -264.975
2 24 110 59 -256 109.576 59 -255.916
2 24 110 59 -256 112.296 59 -255.543
2 24 114.243 59 -254.243 112.296 59 -255.543
2 24 114.243 59 -254.243 115.353 59 -252.58
2 24 109.576 59 -255.916 115.353 59 -252.58
2 24 124.262 59 -252.062 122.26 59 -248.593
2 24 124.262 59 -252.062 134.654 59 -246.062
2 24 145.92 59 -234.932 147.923 59 -238.401
2 24 158.315 59 -232.402 147.923 59 -238.401
2 24 160.92 59 -226.272 162.923 59 -229.741
2 24 162.923 59 -229.741 172.184 59 -224.394
2 24 172.184 59 -224.394 172.532 59 -224.046
2 24 181.214 59 -209.699 184.046 59 -212.532
2 24 192.532 59 -204.046 184.046 59 -212.532
2 24 275.18 59 -57.6 278.35 59 -46.026
2 24 271.308 59 -56.562 275.18 59 -57.6
2 24 270.078 59 -76.232 273.247 59 -64.659
2 24 266.206 59 -75.195 270.078 59 -76.232
2 24 264.273 59 -82.254 261.103 59 -93.828
2 24 268.145 59 -83.291 264.975 59 -94.865
2 24 261.103 59 -93.828 264.975 59 -94.865
2 24 256 59 -110 255.916 59 -109.576
2 24 256 59 -110 255.543 59 -112.296
2 24 254.243 59 -114.243 255.543 59 -112.296
2 24 254.243 59 -114.243 252.58 59 -115.353
2 24 248.593 59 -122.26 242.593 59 -132.652
2 24 252.062 59 -124.262 246.062 59 -134.654
2 24 246.062 59 -134.654 242.593 59 -132.652
2 24 232.402 59 -158.315 238.401 59 -147.923
2 24 232.402 59 -158.315 228.933 59 -156.312
2 24 226.272 59 -160.92 221.214 59 -169.699
2 24 229.741 59 -162.923 224.394 59 -172.184
2 24 224.394 59 -172.184 224.046 59 -172.532
2 24 224.046 59 -172.532 221.214 59 -169.699
2 24 209.699 59 -181.214 201.214 59 -189.699
2 24 204.046 59 -192.532 212.532 59 -184.046
2 24 204.046 59 -192.532 201.214 59 -189.699
2 24 44.988 59 -274.478 56.562 59 -271.308
2 24 56.562 59 -271.308 57.6 59 -275.18
2 24 63.621 59 -269.375 75.195 59 -266.206
2 24 75.195 59 -266.206 76.232 59 -270.078
2 24 82.254 59 -264.273 93.828 59 -261.103
2 24 93.828 59 -261.103 94.865 59 -264.975
2 24 122.26 59 -248.593 132.652 59 -242.593
2 24 134.654 59 -246.062 132.652 59 -242.593
2 24 145.92 59 -234.932 156.312 59 -228.933
2 24 158.315 59 -232.402 156.312 59 -228.933
2 24 160.92 59 -226.272 169.699 59 -221.214
2 24 172.184 59 -224.394 172.184 56 -224.394
2 24 172.532 59 -224.046 169.699 59 -221.214
2 24 181.214 59 -209.699 189.699 59 -201.214
2 24 192.532 59 -204.046 189.699 59 -201.214
2 24 274.478 59 -44.988 278.35 59 -46.026
2 24 274.478 59 -44.988 271.308 59 -56.562
2 24 273.247 59 -64.659 269.375 59 -63.621
2 24 269.375 59 -63.621 266.206 59 -75.195
2 24 268.145 59 -83.291 264.273 59 -82.254
2 24 255.916 59 -109.576 252.58 59 -115.353
2 24 252.062 59 -124.262 248.593 59 -122.26
2 24 234.932 59 -145.92 238.401 59 -147.923
2 24 234.932 59 -145.92 228.933 59 -156.312
2 24 226.272 59 -160.92 229.741 59 -162.923
2 24 224.394 59 -172.184 224.394 56 -172.184
2 24 209.699 59 -181.214 212.532 59 -184.046
2 24 0 56 -280 40 56 -280
2 24 108.239 56 -261.313 40 56 -280
2 24 108.239 56 -261.313 172.184 56 -224.394
2 24 280 56 0 280 56 -40
2 24 261.313 56 -108.239 280 56 -40
2 24 261.313 56 -108.239 224.394 56 -172.184
2 24 224.394 56 -172.184 172.184 56 -224.394
2 24 106.693 57.867 -257.58 39.429 57.867 -276
2 24 106.693 57.867 -257.58 169.724 57.867 -221.189
2 24 257.58 57.867 -106.693 276 57.867 -39.429
2 24 257.58 57.867 -106.693 221.189 57.867 -169.724
2 24 221.189 57.867 -169.724 169.724 57.867 -221.189
2 24 40 57.867 -275.844 106.693 57.867 -257.58
2 24 275.844 57.867 -40 257.58 57.867 -106.693
2 24 4 57.867 -276 4 51.467 -264
2 24 4 51.467 -264 36 51.467 -264
2 24 36 57.867 -276 36 51.467 -264
2 24 0 56 -260 4 56 -260
2 24 4 49.333 -260 8 49.333 -260
2 24 8 56 -260 12 56 -260
2 24 12 49.333 -260 28 49.333 -260
2 24 28 56 -260 32 56 -260
2 24 32 49.333 -260 37.143 49.333 -260
2 24 40 57.867 -275.844 40 29.205 -220
2 24 31.429 28 -220 40 29.205 -220
2 24 24 28 -220 24 26.933 -216
2 24 24 26.933 -216 4 26.933 -216
2 24 4 30.933 -216 0 30.933 -216
2 24 40 48 -240 36 48 -240
2 24 12 43 -240 24 43 -240
2 24 24 43 -224 4 43 -224
2 24 4 43 -224 4 48 -224
2 24 4 43 -224 4 43 -240
2 24 8 43 -236 8 43 -240
2 24 8 43 -236 12 43 -236
2 24 12 43 -236 12 43 -240
2 24 4 40.8 -244 4 49.334 -260
2 24 8 47.2 -256 8 49.334 -260
2 24 12 47.2 -256 12 49.334 -260
2 24 8 47.2 -256 12 47.2 -256
2 24 28 47.2 -256 28 49.334 -260
2 24 32 47.2 -256 32 49.334 -260
2 24 28 47.2 -256 32 47.2 -256
2 24 4 40.8 -244 36 40.8 -244
2 24 36 40.8 -244 36 49.334 -260
2 24 24 38.667 -240 24 30.133 -224
2 24 36 38.667 -240 36 30.133 -224
2 24 24 30.133 -224 36 30.133 -224
2 24 24 38.667 -240 28 38.667 -240
2 24 32 38.667 -240 36 38.667 -240
2 24 28 48 -240 32 48 -240
2 24 32 36.533 -236 32 38.667 -240
2 24 28 36.533 -236 28 38.667 -240
2 24 28 36.533 -236 32 36.533 -236
2 24 4 18.4 -184 4 26.933 -216
2 24 4 19 -184 4 19 -180
2 24 4 19 -180 24 19 -180
2 24 24 17.333 -180 24 18.4 -184
2 24 24 18.4 -184 4 18.4 -184
2 24 24 12 -159.687 24 11.29 -156
2 24 24 12 -159.687 24 12.08 -160
2 24 40 13.205 -160 24 12.08 -160
2 24 40 13.205 -160 40 18.337 -180
2 24 22.857 11.2 -156 4 11.2 -156
2 24 4 15.2 -156 0 15.2 -156
2 24 4 12 -140 0 12 -140
2 24 4 8 -140 4 11.2 -156
2 24 4 19 -176 4 19 -164
2 24 4 19 -164 24 19 -164
2 24 4 19 -176 24 19 -176
2 24 25.714 17.333 -180 40 18.337 -180
2 24 25.714 17.333 -180 24 17.333 -180
2 24 4 8 -140 20 8 -140
2 24 22.286 11.2 -156 24 11.29 -156
2 24 24 14 -164 24 14 -176
2 24 36 14 -164 36 14 -176
2 24 24 14 -164 36 14 -164
2 24 36 14 -176 24 14 -176
2 24 0 8 -160 22.857 8 -160
2 24 0 13.333 -180 20 13.333 -180
2 24 20 8 -160 20 13.333 -180
2 24 0 24 -220 31.429 24 -220
2 24 20 24 -220 20 34.667 -240
2 24 20 34.667 -240 0 34.667 -240
2 24 0 56 -280 0 34.6667 -240
2 24 0 40 -240 0 40 -220
2 24 0 24 -220 0 13.3333 -180
2 24 0 16 -180 0 16 -160
2 24 0 8 -160 0 0 -120
2 24 4 56 -260 4 49.333 -260
2 24 8 56 -260 8 49.333 -260
2 24 12 56 -260 12 49.333 -260
2 24 28 56 -260 28 49.333 -260
2 24 32 49.333 -260 32 56 -260
2 24 36 49.333 -260 36 56 -260
2 24 36 56 -260 40 56 -260
2 24 31.429 28 -220 24 28 -220
2 24 24 28 -220 24 43 -220
2 24 4 26.933 -216 4 30.933 -216
2 24 24 26.933 -216 24 43 -216
2 24 24 43 -220 0 43 -220
2 24 24 43 -216 0 43 -216
2 24 24 43 -216 24 43 -220
2 24 4 56 -260 4 56 -244
2 24 36 56 -244 4 56 -244
2 24 36 56 -260 36 56 -244
2 24 4 48 -240 4 48 -224
2 24 36 48 -224 4 48 -224
2 24 36 48 -240 36 48 -224
2 24 0 56 -240 40 56 -240
2 24 40 56 -240 40 56 -260
2 24 40 48 -240 40 48 -220
2 24 40 48 -220 0 48 -220
2 24 24 43 -240 24 43 -224
2 24 8 43 -236 8 48 -236
2 24 8 48 -236 8 48 -240
2 24 12 43 -236 12 48 -236
2 24 12 48 -236 8 48 -236
2 24 12 48 -236 12 48 -240
2 24 8 56 -260 8 56 -256
2 24 8 56 -256 12 56 -256
2 24 12 56 -260 12 56 -256
2 24 28 56 -260 28 56 -256
2 24 28 56 -256 32 56 -256
2 24 32 56 -260 32 56 -256
2 24 28 48 -236 28 48 -240
2 24 32 48 -236 32 48 -240
2 24 28 48 -236 32 48 -236
2 24 28 36.533 -236 28 48 -236
2 24 32 36.533 -236 32 48 -236
2 24 4 24 -190 4 30.933 -216
2 24 4 18.4 -184 4 19 -184
2 24 24 19 -180 24 17.333 -180
2 24 24 18.4 -184 24 19 -184
2 24 24 19 -180 24 19 -184
2 24 24 19 -184 4 19 -184
2 24 4 24 -190 4 24 -180
2 24 40 24 -180 4 24 -180
2 24 40 24 -180 40 24 -160
2 24 40 24 -160 0 24 -160
2 24 4 24 -176 4 24 -164
2 24 4 24 -164 36 24 -164
2 24 36 24 -176 36 24 -164
2 24 4 24 -176 36 24 -176
2 24 0 19 -160 24 19 -160
2 24 40 13.205 -160 40 24 -160
2 24 4 11.2 -156 4 15.2 -156
2 24 24 19 -160 24 19 -156
2 24 24 19 -156 0 19 -156
2 24 4 15.2 -156 4 12 -140
2 24 24 19 -164 24 19 -176
2 24 20 8 -160 20 16 -160
2 24 0 16 -160 20 16 -160
2 24 20 13.333 -180 20 16 -180
2 24 0 16 -180 20 16 -180
2 24 20 16 -160 20 16 -180
2 24 20 24 -220 20 40 -220
2 24 0 40 -220 20 40 -220
2 24 20 34.667 -240 20 40 -240
2 24 20 40 -220 20 40 -240
2 24 20 40 -240 0 40 -240
2 24 0 12 -140 0 15.2 -156
2 24 0 19 -156 0 19 -160
2 24 0 24 -160 0 24 -190
2 24 0 24 -190 0 30.9333 -216
2 24 0 43 -216 0 43 -220
2 24 0 48 -220 0 48 -240
2 24 0 56 -240 0 56 -260
2 24 0 34.6667 -240 0 40 -240
2 24 0 40 -220 0 24 -220
2 24 0 13.3333 -180 0 16 -180
2 24 0 16 -160 0 8 -160
2 24 40 56 -240 40 48 -240
2 24 4 48 -240 0 48 -240
2 24 40 48 -220 40 29.205 -220
2 24 4 43 -240 8 43 -240
2 24 8 48 -240 12 48 -240
2 24 4 56 -244 4 40.8 -244
2 24 36 56 -244 36 40.8 -244
2 24 8 56 -256 8 47.2 -256
2 24 12 56 -256 12 47.2 -256
2 24 28 56 -256 28 47.2 -256
2 24 32 56 -256 32 47.2 -256
2 24 24 43 -240 24 38.667 -240
2 24 24 43 -224 24 30.133 -224
2 24 36 48 -240 36 38.667 -240
2 24 36 48 -224 36 30.133 -224
2 24 28 48 -240 28 38.667 -240
2 24 32 48 -240 32 38.667 -240
2 24 24 19 -160 24 12 -160
2 24 40 24 -180 40 18.337 -180
2 24 24 19 -156 24 11.29 -156
2 24 4 12 -140 4 8 -140
2 24 4 24 -176 4 19 -176
2 24 4 24 -164 4 19 -164
2 24 24 19 -164 24 14 -164
2 24 24 19 -176 24 14 -176
2 24 36 24 -164 36 14 -164
2 24 36 24 -176 36 14 -176
2 24 0 16 -140 0 12 -140
2 24 0 15.2 -156 0 19 -156
2 24 0 19 -160 0 24 -160
2 24 0 43 -216 0 30.9333 -216
2 24 0 43 -220 0 48 -220
2 24 0 48 -240 0 56 -240
2 24 4 48 -240 4 43 -240
2 24 8 43 -240 8 48 -240
2 24 12 48 -240 12 43 -240
2 24 4 57.867 -276 36 57.867 -276
2 24 276 57.867 -4 276 57.867 -36
2 24 276 57.867 -4 264 51.467 -4
2 24 264 51.467 -4 264 51.467 -36
2 24 276 57.867 -36 264 51.467 -36
2 24 260 56 0 260 56 -4
2 24 260 49.333 -4 260 49.333 -8
2 24 260 56 -8 260 56 -12
2 24 260 49.333 -12 260 49.333 -28
2 24 260 56 -28 260 56 -32
2 24 260 49.333 -32 260 49.333 -37.143
2 24 260 56 -36 260 56 -40
2 24 275.844 57.867 -40 220 29.205 -40
2 24 220 28 -31.429 220 29.205 -40
2 24 220 28 -24 216 26.933 -24
2 24 216 26.933 -24 216 26.933 -4
2 24 216 30.933 -4 216 30.933 0
2 24 240 48 -40 240 48 -36
2 24 240 43 -12 240 43 -24
2 24 224 43 -24 224 43 -4
2 24 224 43 -4 240 43 -4
2 24 236 43 -8 240 43 -8
2 24 236 43 -8 236 48 -8
2 24 236 43 -8 236 43 -12
2 24 236 43 -12 240 43 -12
2 24 244 40.8 -4 260 49.334 -4
2 24 256 47.2 -8 260 49.334 -8
2 24 256 47.2 -12 260 49.334 -12
2 24 256 47.2 -8 256 47.2 -12
2 24 256 47.2 -28 260 49.334 -28
2 24 256 47.2 -32 260 49.334 -32
2 24 256 47.2 -28 256 47.2 -32
2 24 244 40.8 -4 244 40.8 -36
2 24 244 40.8 -36 260 49.334 -36
2 24 240 38.667 -24 224 30.133 -24
2 24 240 38.667 -36 224 30.133 -36
2 24 224 30.133 -24 224 30.133 -36
2 24 240 38.667 -24 240 38.667 -28
2 24 240 38.667 -32 240 38.667 -36
2 24 240 48 -28 240 48 -32
2 24 236 36.533 -32 240 38.667 -32
2 24 236 36.533 -28 240 38.667 -28
2 24 236 36.533 -28 236 48 -28
2 24 236 36.533 -32 236 48 -32
2 24 236 36.533 -28 236 36.533 -32
2 24 184 18.4 -4 216 26.933 -4
2 24 184 18.4 -4 184 19 -4
2 24 184 19 -4 180 19 -4
2 24 180 19 -4 180 19 -24
2 24 180 17.333 -24 184 18.4 -24
2 24 184 18.4 -24 184 18.4 -4
2 24 159.687 12 -24 156 11.29 -24
2 24 159.687 12 -24 160 12.08 -24
2 24 160 13.205 -40 160 12.08 -24
2 24 160 13.205 -40 180 18.337 -40
2 24 156 11.2 -22.857 156 11.2 -4
2 24 156 15.2 -4 156 15.2 0
2 24 140 12 -4 140 12 0
2 24 140 8 -4 156 11.2 -4
2 24 176 19 -4 164 19 -4
2 24 164 19 -4 164 19 -24
2 24 176 19 -4 176 19 -24
2 24 180 17.333 -25.714 180 18.337 -40
2 24 180 17.333 -25.714 180 17.333 -24
2 24 156 11.2 -22.286 156 11.29 -24
2 24 164 14 -24 176 14 -24
2 24 164 14 -36 176 14 -36
2 24 164 14 -24 164 14 -36
2 24 176 14 -36 176 14 -24
2 24 160 8 0 160 8 -22.857
2 24 180 13.333 0 180 13.333 -20
2 24 160 8 -20 180 13.333 -20
2 24 220 24 0 220 24 -31.429
2 24 220 24 -20 240 34.667 -20
2 24 240 34.667 -20 240 34.667 0
2 24 280 56 0 240 34.6667 0
2 24 240 40 0 220 40 0
2 24 220 24 0 180 13.3333 0
2 24 180 16 0 160 16 0
2 24 160 8 0 120 0 0
2 24 260 56 -4 260 49.333 -4
2 24 260 56 -8 260 49.333 -8
2 24 260 56 -12 260 49.333 -12
2 24 260 56 -28 260 49.333 -28
2 24 260 49.333 -32 260 56 -32
2 24 260 49.333 -36 260 56 -36
2 24 220 28 -31.429 220 28 -24
2 24 216 26.933 -4 216 30.933 -4
2 24 216 26.933 -24 216 43 -24
2 24 220 43 -24 220 43 0
2 24 216 43 -24 216 43 0
2 24 216 43 -24 220 43 -24
2 24 260 56 -4 244 56 -4
2 24 244 56 -36 244 56 -4
2 24 260 56 -36 244 56 -36
2 24 240 48 -4 224 48 -4
2 24 224 48 -36 224 48 -4
2 24 240 48 -36 224 48 -36
2 24 240 56 0 240 56 -40
2 24 240 56 -40 260 56 -40
2 24 240 48 -40 220 48 -40
2 24 220 48 -40 220 48 0
2 24 240 43 -24 224 43 -24
2 24 224 43 -4 224 48 -4
2 24 236 48 -8 240 48 -8
2 24 236 43 -12 236 48 -12
2 24 236 48 -12 236 48 -8
2 24 236 48 -12 240 48 -12
2 24 260 56 -8 256 56 -8
2 24 256 56 -8 256 56 -12
2 24 260 56 -12 256 56 -12
2 24 260 56 -28 256 56 -28
2 24 256 56 -28 256 56 -32
2 24 260 56 -32 256 56 -32
2 24 224 43 -24 224 30.133 -24
2 24 236 48 -28 240 48 -28
2 24 236 48 -32 240 48 -32
2 24 236 48 -28 236 48 -32
2 24 190 24 -4 216 30.933 -4
2 24 180 19 -24 180 17.333 -24
2 24 184 18.4 -24 184 19 -24
2 24 180 19 -24 184 19 -24
2 24 184 19 -24 184 19 -4
2 24 190 24 -4 180 24 -4
2 24 180 24 -40 180 24 -4
2 24 180 24 -40 160 24 -40
2 24 160 24 -40 160 24 0
2 24 176 24 -4 164 24 -4
2 24 164 24 -4 164 24 -36
2 24 176 24 -36 164 24 -36
2 24 176 24 -4 176 24 -36
2 24 160 19 0 160 19 -24
2 24 160 13.205 -40 160 24 -40
2 24 156 11.2 -4 156 15.2 -4
2 24 160 19 -24 156 19 -24
2 24 156 19 -24 156 11.29 -24
2 24 156 19 -24 156 19 0
2 24 156 15.2 -4 140 12 -4
2 24 140 12 -4 140 8 -4
2 24 164 19 -24 176 19 -24
2 24 164 19 -24 164 14 -24
2 24 160 8 -20 160 16 -20
2 24 160 16 0 160 16 -20
2 24 180 13.333 -20 180 16 -20
2 24 180 16 0 180 16 -20
2 24 160 16 -20 180 16 -20
2 24 220 24 -20 220 40 -20
2 24 220 40 0 220 40 -20
2 24 240 34.667 -20 240 40 -20
2 24 220 40 -20 240 40 -20
2 24 240 40 -20 240 40 0
2 24 140 16 0 140 12 0
2 24 140 12 0 156 15.2 0
2 24 156 19 0 160 19 0
2 24 160 24 0 190 24 0
2 24 190 24 0 216 30.9333 0
2 24 216 43 0 220 43 0
2 24 220 48 0 240 48 0
2 24 240 56 0 260 56 0
2 24 240 34.6667 0 240 40 0
2 24 180 13.3333 0 180 16 0
2 24 220 28 -24 220 43 -24
2 24 240 56 -40 240 48 -40
2 24 240 48 -4 240 48 0
2 24 220 48 -40 220 29.205 -40
2 24 240 43 -4 240 43 -8
2 24 240 48 -8 240 48 -12
2 24 244 56 -4 244 40.8 -4
2 24 244 56 -36 244 40.8 -36
2 24 256 56 -8 256 47.2 -8
2 24 256 56 -12 256 47.2 -12
2 24 256 56 -28 256 47.2 -28
2 24 256 56 -32 256 47.2 -32
2 24 240 43 -24 240 38.667 -24
2 24 240 48 -36 240 38.667 -36
2 24 224 48 -36 224 30.133 -36
2 24 240 48 -28 240 38.667 -28
2 24 240 48 -32 240 38.667 -32
2 24 160 19 -24 160 12 -24
2 24 180 24 -40 180 18.337 -40
2 24 176 24 -4 176 19 -4
2 24 164 24 -4 164 19 -4
2 24 176 19 -24 176 14 -24
2 24 164 24 -36 164 14 -36
2 24 176 24 -36 176 14 -36
2 24 156 15.2 0 156 19 0
2 24 216 43 0 216 30.9333 0
2 24 220 40 0 220 24 0
2 24 160 16 0 160 8 0
2 24 240 48 -4 240 43 -4
2 24 240 43 -8 240 48 -8
2 24 240 48 -12 240 43 -12
2 24 160 19 0 160 24 0
2 24 220 43 0 220 48 0
2 24 240 48 0 240 56 0
2 24 120 0 -17.143 160 8 -22.857
2 24 111.991 0 -46.388 149.321 8 -61.851
2 24 96.169 0 -73.793 128.225 8 -98.391
2 24 73.793 0 -96.169 98.391 8 -128.225
2 24 46.388 0 -111.991 61.851 8 -149.321
2 24 17.143 0 -120 22.857 8 -160
2 24 160 8 -22.857 149.321 8 -61.851
2 24 149.321 8 -61.851 128.225 8 -98.391
2 24 98.391 8 -128.225 128.225 8 -98.391
2 24 61.851 8 -149.321 98.391 8 -128.225
2 24 22.857 8 -160 61.851 8 -149.321
2 24 160 8 -22.857 220 24 -31.429
2 24 205.317 24 -85.045 149.321 8 -61.851
2 24 128.225 8 -98.391 176.31 24 -135.287
2 24 98.391 8 -128.225 135.287 24 -176.31
2 24 85.045 24 -205.317 61.851 8 -149.321
2 24 22.857 8 -160 31.429 24 -220
2 24 205.317 24 -85.045 220 24 -31.429
2 24 205.317 24 -85.045 176.31 24 -135.287
2 24 176.31 24 -135.287 171.597 24 -140
2 24 135.287 24 -176.31 140 24 -171.597
2 24 85.045 24 -205.317 135.287 24 -176.31
2 24 85.045 24 -205.317 31.429 24 -220
2 24 220 24 -31.429 280 56 -40
2 24 205.317 24 -85.045 261.313 56 -108.239
2 24 176.31 24 -135.287 224.394 56 -172.184
2 24 135.287 24 -176.31 172.184 56 -224.394
2 24 85.045 24 -205.317 108.239 56 -261.313
2 24 31.429 24 -220 40 56 -280
3 16 44 16 -84 44 16 -64 64 16 -64
3 16 64 16 -64 64 16 -44 84 16 -44
3 16 40 8 -80 60 8 -60 40 8 -60
3 16 60 8 -60 80 8 -40 60 8 -40
3 16 100 0 0 120 0 -17.143 120 0 0
3 16 100 0 -40 96.169 0 -73.793 111.991 0 -46.388
3 16 40 0 -100 46.388 0 -111.991 73.793 0 -96.169
3 16 0 0 -100 0 0 -120 17.143 0 -120
3 16 156 11.2 -22.286 156 11.29 -24 149.321 12 -61.851
3 16 159.687 12 -24 149.321 12 -61.851 156 11.29 -24
3 16 140 9.845 -55 149.321 12 -61.851 137.886 9.549 -57.114
3 16 55 9.845 -140 57.114 9.549 -137.886 61.851 12 -149.321
3 16 22.286 11.2 -156 61.851 12 -149.321 24 11.29 -156
3 16 24 12 -159.687 24 11.29 -156 61.851 12 -149.321
3 16 136 20.545 -136 98.391 12 -128.225 128.225 12 -98.391
3 16 220 28 -31.429 220 29.205 -40 205.317 28 -85.045
3 16 205.317 28 -85.045 177.239 28.618 -136 176.31 28 -135.287
3 16 175.597 28 -136 176.31 28 -135.287 177.239 28.618 -136
3 16 136 28 -175.597 136 28.618 -177.239 135.287 28 -176.31
3 16 85.045 28 -205.317 135.287 28 -176.31 136 28.618 -177.239
3 16 31.429 28 -220 85.045 28 -205.317 40 29.205 -220
3 16 184 51 -184 184 49.239 -184 141.188 33.118 -184
3 16 140 27.164 -180 140 18.051 -140 140 24 -171.597
3 16 180 27.164 -140 171.597 24 -140 140 18.051 -140
3 16 184 51 -184 184 33.118 -141.188 184 49.239 -184
3 16 108.239 64 -261.313 110 64 -256 112.296 64 -255.543
3 16 261.313 64 -108.239 255.543 64 -112.296 256 64 -110
3 16 109.576 59 -255.916 115.353 59 -252.58 114.243 59 -254.243
3 16 255.916 59 -109.576 254.243 59 -114.243 252.58 59 -115.353
3 16 169.699 59 -221.214 172.532 59 -224.046 172.184 59 -224.394
3 16 221.214 59 -169.699 224.394 59 -172.184 224.046 59 -172.532
3 16 22.286 11.2 -156 24 11.29 -156 24 19 -156
3 16 0 16 -180 0 16 -190 0 13.3333 -180
3 16 0 34.667 -240 0 56 -240 0 56 -280
3 16 40 48 -220 31.429 28 -220 40 29.205 -220
3 16 24 19 -160 24 12 -159.687 24 12.08 -160
3 16 160 19 -24 160 12.08 -24 159.687 12 -24
3 16 156 11.2 -22.286 156 19 -24 156 11.29 -24
3 16 240 34.667 0 280 56 0 240 56 0
3 16 220 48 -40 220 29.205 -40 220 28 -31.429
3 16 180 16 0 180 13.3333 0 190 16 0
3 16 98.391 8 -128.225 140 18.051 -140 128.225 8 -98.391
3 16 176.31 24 -135.287 171.597 24 -140 180 27.164 -140
3 16 224.394 56 -172.184 176.31 24 -135.287 180 27.164 -140
3 16 224.394 56 -172.184 180 27.164 -140 180 42.226 -180
3 16 172.184 56 -224.394 224.394 56 -172.184 180 42.226 -180
3 16 172.184 56 -224.394 180 42.226 -180 140 27.164 -180
3 16 172.184 56 -224.394 140 27.164 -180 135.287 24 -176.31
3 16 135.287 24 -176.31 140 27.164 -180 140 24 -171.597
4 16 38 64 -96 42 64 -92 45 64 -95 40 64 -100
4 16 38 64 -96 40 64 -100 0 64 -100 4 64 -96
4 16 4 64 -84 4 64 -96 0 64 -100 0 64 -80
4 16 4 64 -84 0 64 -80 40 64 -80 44 64 -84
4 16 44 64 -64 44 64 -84 40 64 -80 40 64 -60
4 16 44 64 -64 40 64 -60 60 64 -60 64 64 -64
4 16 64 64 -44 64 64 -64 60 64 -60 60 64 -40
4 16 64 64 -44 60 64 -40 80 64 -40 84 64 -44
4 16 84 64 -4 84 64 -44 80 64 -40 80 64 0
4 16 84 64 -4 80 64 0 100 64 0 96 64 -4
4 16 96 64 -38 96 64 -4 100 64 0 100 64 -40
4 16 96 64 -38 100 64 -40 95 64 -45 92 64 -42
4 16 92 59 -42 92 64 -42 95 64 -45 95 59 -45
4 16 85 59 -55 82 59 -52 92 59 -42 95 59 -45
4 16 82 59 -52 85 59 -55 85 64 -55 82 64 -52
4 16 82 64 -52 85 64 -55 75 64 -65 72 64 -62
4 16 76 64 -54 78 64 -56 76 64 -58 74 64 -56
4 16 72 59 -62 72 64 -62 75 64 -65 75 59 -65
4 16 65 59 -75 62 59 -72 72 59 -62 75 59 -65
4 16 62 59 -72 65 59 -75 65 64 -75 62 64 -72
4 16 62 64 -72 65 64 -75 55 64 -85 52 64 -82
4 16 56 64 -74 58 64 -76 56 64 -78 54 64 -76
4 16 52 59 -82 52 64 -82 55 64 -85 55 59 -85
4 16 45 59 -95 42 59 -92 52 59 -82 55 59 -85
4 16 42 59 -92 45 59 -95 45 64 -95 42 64 -92
4 16 4 16 -84 4 16 -96 4 64 -96 4 64 -84
4 16 4 16 -84 4 64 -84 44 64 -84 44 16 -84
4 16 44 16 -64 44 16 -84 44 64 -84 44 64 -64
4 16 64 16 -64 44 16 -64 44 64 -64 64 64 -64
4 16 64 16 -44 64 16 -64 64 64 -64 64 64 -44
4 16 84 16 -44 64 16 -44 64 64 -44 84 64 -44
4 16 84 16 -4 84 16 -44 84 64 -44 84 64 -4
4 16 96 16 -4 84 16 -4 84 64 -4 96 64 -4
4 16 96 16 -38 96 16 -4 96 64 -4 96 64 -38
4 16 96 59 -38 96 64 -38 92 64 -42 92 59 -42
4 16 82 59 -52 82 64 -52 78 64 -56 78 59 -56
4 16 96 16 -38 96 59 -38 78 59 -56 78 16 -56
4 16 78 64 -56 76 64 -54 76 16 -54 78 16 -56
4 16 76 64 -54 74 64 -56 74 16 -56 76 16 -54
4 16 74 64 -56 76 64 -58 76 16 -58 74 16 -56
4 16 76 59 -58 76 64 -58 72 64 -62 72 59 -62
4 16 62 59 -72 62 64 -72 58 64 -76 58 59 -76
4 16 76 16 -58 76 59 -58 58 59 -76 58 16 -76
4 16 58 64 -76 56 64 -74 56 16 -74 58 16 -76
4 16 56 64 -74 54 64 -76 54 16 -76 56 16 -74
4 16 54 64 -76 56 64 -78 56 16 -78 54 16 -76
4 16 56 59 -78 56 64 -78 52 64 -82 52 59 -82
4 16 42 59 -92 42 64 -92 38 64 -96 38 59 -96
4 16 56 16 -78 56 59 -78 38 59 -96 38 16 -96
4 16 4 16 -96 38 16 -96 38 64 -96 4 64 -96
4 16 4 16 -84 44 16 -84 38 16 -96 4 16 -96
4 16 84 16 -4 96 16 -4 96 16 -38 84 16 -44
4 16 84 16 -44 96 16 -38 38 16 -96 44 16 -84
4 16 0 8 -80 0 64 -80 0 64 -100 0 8 -100
4 16 0 8 -80 40 8 -80 40 64 -80 0 64 -80
4 16 40 8 -80 40 8 -60 40 64 -60 40 64 -80
4 16 40 8 -60 60 8 -60 60 64 -60 40 64 -60
4 16 60 8 -40 60 64 -40 60 64 -60 60 8 -60
4 16 80 8 -40 80 64 -40 60 64 -40 60 8 -40
4 16 80 8 -40 80 8 0 80 64 0 80 64 -40
4 16 80 8 0 100 8 0 100 64 0 80 64 0
4 16 100 16 -40 100 64 -40 100 64 0 100 16 0
4 16 95 64 -45 100 64 -40 100 59 -40 95 59 -45
4 16 85 64 -55 85 59 -55 75 59 -65 75 64 -65
4 16 65 64 -75 65 59 -75 55 59 -85 55 64 -85
4 16 40 64 -100 45 64 -95 45 59 -95 40 59 -100
4 16 40 16 -100 40 59 -100 100 59 -40 100 16 -40
4 16 0 16 -100 0 64 -100 40 64 -100 40 16 -100
4 16 0 8 -100 40 8 -100 40 8 -80 0 8 -80
4 16 100 8 0 80 8 0 80 8 -40 100 8 -40
4 16 40 8 -100 100 8 -40 80 8 -40 40 8 -80
4 16 100 8 -40 100 0 -40 100 0 0 100 8 0
4 16 100 8 -40 40 8 -100 40 0 -100 100 0 -40
4 16 0 8 -100 0 0 -100 40 0 -100 40 8 -100
4 16 100 0 0 100 0 -40 111.991 0 -46.388 120 0 -17.1429
4 16 40 0 -100 73.793 0 -96.169 96.169 0 -73.793 100 0 -40
4 16 0 0 -100 17.143 0 -120 46.388 0 -111.991 40 0 -100
4 16 4 16 -104 4 16 -136 0 16 -140 0 16 -100
4 16 4 16 -104 0 16 -100 40 16 -100 42 16 -104
4 16 104 16 -42 42 16 -104 40 16 -100 100 16 -40
4 16 100 16 0 104 16 -4 104 16 -42 100 16 -40
4 16 100 16 0 140 16 0 136 16 -4 104 16 -4
4 16 136 16 -4 140 16 0 140 16 -55 136 16 -53
4 16 136 16 -53 140 16 -55 133 16 -62 130 16 -59
4 16 130 16 -59 133 16 -62 133 11 -62 130 11 -59
4 16 122 11 -73 119 11 -70 130 11 -59 133 11 -62
4 16 119 16 -70 119 11 -70 122 11 -73 122 16 -73
4 16 110 16 -79 119 16 -70 122 16 -73 113 16 -82
4 16 110 16 -79 113 16 -82 113 11 -82 110 11 -79
4 16 102 11 -93 99 11 -90 110 11 -79 113 11 -82
4 16 99 16 -90 99 11 -90 102 11 -93 102 16 -93
4 16 90 16 -99 99 16 -90 102 16 -93 93 16 -102
4 16 90 16 -99 93 16 -102 93 11 -102 90 11 -99 
4 16 82 11 -113 79 11 -110 90 11 -99 93 11 -102
4 16 79 16 -110 79 11 -110 82 11 -113 82 16 -113
4 16 70 16 -119 79 16 -110 82 16 -113 73 16 -122
4 16 70 16 -119 73 16 -122 73 11 -122 70 11 -119
4 16 62 11 -133 59 11 -130 70 11 -119 73 11 -122
4 16 59 16 -130 59 11 -130 62 11 -133 62 16 -133
4 16 53 16 -136 59 16 -130 62 16 -133 55 16 -140
4 16 53 16 -136 55 16 -140 0 16 -140 4 16 -136
4 16 4 11 -104 42 11 -104 53 11 -136 4 11 -136
4 16 104 11 -42 136 11 -53 53 11 -136 42 11 -104
4 16 104 11 -42 104 11 -4 136 11 -4 136 11 -53
4 16 104 16 -4 104 11 -4 104 11 -42 104 16 -42
4 16 42 16 -104 104 16 -42 104 11 -42 42 11 -104
4 16 4 16 -104 42 16 -104 42 11 -104 4 11 -104
4 16 4 16 -104 4 11 -104 4 11 -136 4 16 -136
4 16 136 16 -4 136 16 -53 136 11 -53 136 11 -4
4 16 5 16 -136 5 11 -136 54 11 -136 54 16 -136
4 16 59 16 -130 53 16 -136 53 11 -136 59 11 -130
4 16 104 16 -4 136 16 -4 136 11 -4 104 11 -4
4 16 136 16 -53 130 16 -59 130 11 -59 136 11 -53
4 16 119 16 -70 110 16 -79 110 11 -79 119 11 -70
4 16 99 16 -90 90 16 -99 90 11 -99 99 11 -90
4 16 79 16 -110 70 16 -119 70 11 -119 79 11 -110
4 16 0 0 -100 0 16 -100 0 16 -120 0 0 -120
4 16 100 0 0 120 0 0 120 16 0 100 16 0
4 16 120 0 0 140 4 0 140 16 0 120 16 0
4 16 0 0 -120 0 16 -120 0 16 -140 0 4 -140
4 16 84.664 11 -110.336 84.664 7.536 -110.336 82 7.731 -113 82 11 -113 
4 16 113 11 -82 113 7.731 -82 110.336 7.536 -84.664 110.336 11 -84.664
4 16 57.114 16 -137.886 62 16 -133 62 9.192 -133 57.114 9.549 -137.886
4 16 137.886 16 -57.114 137.886 9.549 -57.114 133 9.192 -62 133 16 -62
4 16 73 16 -122 82 16 -113 82 7.731 -113 73 8.388 -122
4 16 122 16 -73 122 8.388 -73 113 7.731 -82 113 16 -82
4 16 93 16 -102 102 16 -93 102 7.536 -93 93 7.536 -102
4 16 62 11 -133 73 11 -122 73 8.388 -122 62 9.192 -133
4 16 133 11 -62 133 9.192 -62 122 8.388 -73 122 11 -73
4 16 93 11 -102 93 7.536 -102 84.668 7.536 -110.336 84.668 11 -110.336
4 16 110.336 11 -84.668 110.336 7.536 -84.668 102 7.536 -93 102 11 -93
4 16 55 16 -140 57.114 16 -137.886 57.114 9.549 -137.886 55 9.845 -140
4 16 140 16 -55 140 9.845 -55 137.886 9.549 -57.114 137.886 16 -57.114
4 16 20 16 -140 55 16 -140 55 9.845 -140 20 8 -140
4 16 140 16 -20 140 8 -20 140 9.845 -55 140 16 -55
4 16 140 8 -4 156 11.2 -4 156 11.2 -22.286 140 8 -20
4 16 98.391 12 -128.225 84.664 7.536 -110.336 110.336 7.536 -84.664 128.225 12 -98.391
4 16 61.851 12 -149.321 57.114 9.549 -137.886 84.664 7.536 -110.336 98.391 12 -128.225
4 16 22.286 11.2 -156 20 8 -140 55 9.845 -140 61.851 12 -149.321
4 16 4 8 -140 20 8 -140 22.286 11.2 -156 4 11.2 -156
4 16 184 18.4 -4 216 26.933 -4 216 26.933 -24 184 18.4 -24
4 16 180 17.333 -24 220 28 -24 220 28 -31.429 180 17.333 -25.714
4 16 180 17.333 -25.714 220 28 -31.429 205.317 28 -85.045 180 18.337 -40
4 16 149.321 12 -61.851 160 13.205 -40 180 18.337 -40 205.317 28 -85.045
4 16 159.687 12 -24 160 12.08 -24 160 13.205 -40 149.321 12 -61.851
4 16 205.317 28 -85.045 176.31 28 -135.287 128.225 12 -98.391 149.321 12 -61.851
4 16 176.31 28 -135.287 175.597 28 -136 136 20.545 -136 128.225 12 -98.391
4 16 135.287 28 -176.31 98.391 12 -128.225 136 20.545 -136 136 28 -175.597
4 16 85.045 28 -205.317 61.851 12 -149.321 98.391 12 -128.225 135.287 28 -176.31
4 16 24 12 -159.687 61.851 12 -149.321 40 13.205 -160 24 12.08 -160
4 16 61.851 12 -149.321 85.045 28 -205.317 40 18.337 -180 40 13.205 -160
4 16 25.714 17.333 -180 40 18.337 -180 85.045 28 -205.317 31.429 28 -220
4 16 24 17.333 -180 25.714 17.333 -180 31.429 28 -220 24 28 -220
4 16 4 18.4 -184 24 18.4 -184 24 26.933 -216 4 26.933 -216
4 16 220 29.205 -40 275.844 57.867 -40 257.58 57.867 -106.693 205.317 28 -85.045
4 16 257.58 57.867 -106.693 184 31.736 -136 177.239 28.618 -136 205.317 28 -85.045
4 16 257.58 57.867 -106.693 221.189 57.867 -169.724 184 33.118 -141.188 184 31.736 -136
4 16 221.189 57.867 -169.724 195.457 57.867 -195.457 184 49.239 -184 184 33.118 -141.188
4 16 169.724 57.867 -221.189 141.188 33.118 -184 184 49.239 -184 195.457 57.867 -195.457
4 16 106.693 57.867 -257.58 136 31.736 -184 141.188 33.118 -184 169.724 57.867 -221.189
4 16 106.693 57.867 -257.58 85.045 28 -205.317 136 28.618 -177.239 136 31.736 -184
4 16 40 29.205 -220 85.045 28 -205.317 106.693 57.867 -257.58 40 57.867 -275.844
4 16 136 51 -136 136 28.618 -177.239 136 28 -175.597 136 20.545 -136
4 16 136 51 -136 136 51 -184 136 31.736 -184 136 28.618 -177.239
4 16 184 51 -184 141.188 33.118 -184 136 31.736 -184 136 51 -184
4 16 136 51 -136 140 51 -140 140 51 -180 136 51 -184
4 16 136 51 -184 140 51 -180 180 51 -180 184 51 -184
4 16 140 48 -180 154 48 -166 154 48 -154 140 48 -140
4 16 180 48 -180 166 48 -166 154 48 -166 140 48 -180
4 16 140 48 -140 140 18.051 -140 140 27.164 -180 140 48 -180
4 16 180 48 -180 140 48 -180 140 27.164 -180 180 42.226 -180
4 16 136 51 -136 136 20.545 -136 175.597 28 -136 177.239 28.618 -136
4 16 136 51 -136 177.239 28.618 -136 184 31.736 -136 184 51 -136
4 16 184 51 -184 184 51 -136 184 31.736 -136 184 33.118 -141.188
4 16 136 51 -136 184 51 -136 180 51 -140 140 51 -140
4 16 184 51 -136 184 51 -184 180 51 -180 180 51 -140
4 16 180 48 -140 140 48 -140 154 48 -154 166 48 -154
4 16 180 48 -180 180 48 -140 166 48 -154 166 48 -166
4 16 140 48 -140 180 48 -140 180 27.164 -140 140 18.051 -140
4 16 180 48 -180 180 42.226 -180 180 27.164 -140 180 48 -140
4 16 140 51 -140 140 56 -140 140 56 -180 140 51 -180
4 16 140 51 -180 140 56 -180 180 56 -180 180 51 -180
4 16 144 56 -144 144 51 -144 144 51 -176 144 56 -176
4 16 140 56 -140 144 56 -144 144 56 -176 140 56 -180
4 16 144 51 -144 152 51 -152 152 51 -168 144 51 -176
4 16 144 56 -176 144 51 -176 176 51 -176 176 56 -176
4 16 140 56 -180 144 56 -176 176 56 -176 180 56 -180
4 16 144 51 -176 152 51 -168 168 51 -168 176 51 -176
4 16 140 51 -140 180 51 -140 180 56 -140 140 56 -140
4 16 180 51 -140 180 51 -180 180 56 -180 180 56 -140
4 16 144 56 -144 176 56 -144 176 51 -144 144 51 -144
4 16 140 56 -140 180 56 -140 176 56 -144 144 56 -144
4 16 144 51 -144 176 51 -144 168 51 -152 152 51 -152
4 16 176 56 -144 176 56 -176 176 51 -176 176 51 -144
4 16 180 56 -140 180 56 -180 176 56 -176 176 56 -144
4 16 176 51 -144 176 51 -176 168 51 -168 168 51 -152
4 16 0 64 -280 0 64 -260 4 64 -264 4 64 -276
4 16 4 64 -264 0 64 -260 40 64 -260 36 64 -264
4 16 40 64 -260 40 64 -280 36 64 -276 36 64 -264
4 16 36 64 -276 40 64 -280 0 64 -280 4 64 -276
4 16 40 64 -275.844 44.988 64 -274.478 46.026 64 -278.35 40 64 -280
4 16 57.6 64 -275.18 56.562 64 -271.308 63.621 64 -269.375 64.659 64 -273.247
4 16 76.232 64 -270.078 75.195 64 -266.206 82.254 64 -264.273 83.291 64 -268.145
4 16 94.865 64 -264.975 93.828 64 -261.103 106.693 64 -257.58 108.239 64 -261.313
4 16 108.239 64 -261.313 106.693 64 -257.58 109.576 64 -255.916 110 64 -256
4 16 114.243 64 -254.243 115.353 64 -252.58 122.26 64 -248.593 124.262 64 -252.062
4 16 134.654 64 -246.062 132.652 64 -242.593 145.92 64 -234.932 147.923 64 -238.401
4 16 158.315 64 -232.402 156.312 64 -228.933 160.92 64 -226.272 162.923 64 -229.741
4 16 172.532 64 -224.046 169.699 64 -221.214 181.214 64 -209.699 184.046 64 -212.532
4 16 280 64 0 276 64 -4 264 64 -4 260 64 0
4 16 264 64 -4 264 64 -36 260 64 -40 260 64 0
4 16 260 64 -40 264 64 -36 276 64 -36 280 64 -40
4 16 276 64 -36 276 64 -4 280 64 0 280 64 -40
4 16 275.844 64 -40 280 64 -40 278.35 64 -46.026 274.478 64 -44.988
4 16 275.18 64 -57.6 273.247 64 -64.659 269.375 64 -63.621 271.308 64 -56.562
4 16 270.078 64 -76.232 268.145 64 -83.291 264.273 64 -82.254 266.206 64 -75.195
4 16 264.975 64 -94.865 261.313 64 -108.239 257.58 64 -106.693 261.103 64 -93.828
4 16 261.313 64 -108.239 256 64 -110 255.916 64 -109.576 257.58 64 -106.693
4 16 254.243 64 -114.243 252.062 64 -124.262 248.593 64 -122.26 252.58 64 -115.353
4 16 246.062 64 -134.654 238.401 64 -147.923 234.932 64 -145.92 242.593 64 -132.652
4 16 232.402 64 -158.315 229.741 64 -162.923 226.272 64 -160.92 228.933 64 -156.312
4 16 224.046 64 -172.532 212.532 64 -184.046 209.699 64 -181.214 221.214 64 -169.699
4 16 192.532 64 -204.046 189.699 64 -201.214 201.214 64 -189.699 204.046 64 -192.532
4 16 108.239 64 -261.313 112.296 64 -255.543 114.243 64 -254.243 124.262 64 -252.062
4 16 254.243 64 -114.243 255.543 64 -112.296 261.313 64 -108.239 252.062 64 -124.262
4 16 0 64 -280 40 64 -280 40 56 -280 0 56 -280
4 16 40 64 -280 46.026 64 -278.35 46.026 59 -278.35 40 59 -280
4 16 56.562 64 -271.308 57.6 64 -275.18 57.6 59 -275.18 56.562 59 -271.308
4 16 57.6 64 -275.18 64.659 64 -273.247 64.659 59 -273.247 57.6 59 -275.18
4 16 75.195 64 -266.206 76.232 64 -270.078 76.232 59 -270.078 75.195 59 -266.206
4 16 76.232 64 -270.078 83.291 64 -268.145 83.291 59 -268.145 76.232 59 -270.078
4 16 93.828 64 -261.103 94.865 64 -264.975 94.865 59 -264.975 93.828 59 -261.103
4 16 94.865 64 -264.975 108.239 64 -261.313 108.239 59 -261.313 94.865 59 -264.975
4 16 108.239 64 -261.313 124.262 64 -252.062 124.262 59 -252.062 108.239 59 -261.313
4 16 132.652 64 -242.593 134.654 64 -246.062 134.654 59 -246.062 132.652 59 -242.593
4 16 134.654 64 -246.062 147.923 64 -238.401 147.923 59 -238.401 134.654 59 -246.062
4 16 156.312 64 -228.933 158.315 64 -232.402 158.315 59 -232.402 156.312 59 -228.933
4 16 158.315 64 -232.402 162.923 64 -229.741 162.923 59 -229.741 158.315 59 -232.402
4 16 169.699 64 -221.214 172.532 64 -224.046 172.532 59 -224.046 169.699 59 -221.214
4 16 172.532 64 -224.046 184.046 64 -212.532 184.046 59 -212.532 172.532 59 -224.046
4 16 189.699 64 -201.214 192.532 64 -204.046 192.532 59 -204.046 189.699 59 -201.214
4 16 280 64 0 280 56 0 280 56 -40 280 64 -40
4 16 280 64 -40 280 59 -40 278.35 59 -46.026 278.35 64 -46.026
4 16 274.478 64 -44.988 278.35 64 -46.026 278.35 59 -46.026 274.478 59 -44.988
4 16 271.308 64 -56.562 271.308 59 -56.562 275.18 59 -57.6 275.18 64 -57.6
4 16 275.18 64 -57.6 275.18 59 -57.6 273.247 59 -64.659 273.247 64 -64.659
4 16 269.375 64 -63.621 273.247 64 -64.659 273.247 59 -64.659 269.375 59 -63.621
4 16 266.206 64 -75.195 266.206 59 -75.195 270.078 59 -76.232 270.078 64 -76.232
4 16 270.078 64 -76.232 270.078 59 -76.232 268.145 59 -83.291 268.145 64 -83.291
4 16 264.273 64 -82.254 268.145 64 -83.291 268.145 59 -83.291 264.273 59 -82.254
4 16 261.103 64 -93.828 261.103 59 -93.828 264.975 59 -94.865 264.975 64 -94.865
4 16 264.975 64 -94.865 264.975 59 -94.865 261.313 59 -108.239 261.313 64 -108.239
4 16 261.313 64 -108.239 261.313 59 -108.239 252.062 59 -124.262 252.062 64 -124.262
4 16 248.593 64 -122.26 248.593 59 -122.26 252.58 59 -115.353 252.58 64 -115.353
4 16 248.593 64 -122.26 252.062 64 -124.262 252.062 59 -124.262 248.593 59 -122.26
4 16 242.593 64 -132.652 242.593 59 -132.652 246.062 59 -134.654 246.062 64 -134.654
4 16 246.062 64 -134.654 246.062 59 -134.654 238.401 59 -147.923 238.401 64 -147.923
4 16 234.932 64 -145.92 234.932 59 -145.92 242.593 59 -132.652 242.593 64 -132.652
4 16 234.932 64 -145.92 238.401 64 -147.923 238.401 59 -147.923 234.932 59 -145.92
4 16 228.933 64 -156.312 228.933 59 -156.312 232.402 59 -158.315 232.402 64 -158.315
4 16 232.402 64 -158.315 232.402 59 -158.315 229.741 59 -162.923 229.741 64 -162.923
4 16 226.272 64 -160.92 226.272 59 -160.92 228.933 59 -156.312 228.933 64 -156.312
4 16 226.272 64 -160.92 229.741 64 -162.923 229.741 59 -162.923 226.272 59 -160.92
4 16 221.214 64 -169.699 221.214 59 -169.699 224.046 59 -172.532 224.046 64 -172.532
4 16 224.046 64 -172.532 224.046 59 -172.532 212.532 59 -184.046 212.532 64 -184.046
4 16 221.214 64 -169.699 209.699 64 -181.214 209.699 59 -181.214 221.214 59 -169.699
4 16 209.699 64 -181.214 212.532 64 -184.046 212.532 59 -184.046 209.699 59 -181.214
4 16 192.532 64 -204.046 204.046 64 -192.532 204.046 59 -192.532 192.532 59 -204.046
4 16 44.988 64 -274.478 44.988 59 -274.478 46.026 59 -278.35 46.026 64 -278.35
4 16 56.562 64 -271.308 56.562 59 -271.308 63.621 59 -269.375 63.621 64 -269.375
4 16 75.195 64 -266.206 75.195 59 -266.206 82.254 59 -264.273 82.254 64 -264.273
4 16 93.828 64 -261.103 93.828 59 -261.103 106.693 59 -257.58 106.693 64 -257.58
4 16 145.92 64 -234.932 132.652 64 -242.593 132.652 59 -242.593 145.92 59 -234.932
4 16 145.92 64 -234.932 145.92 59 -234.932 147.923 59 -238.401 147.923 64 -238.401
4 16 160.92 64 -226.272 156.312 64 -228.933 156.312 59 -228.933 160.92 59 -226.272
4 16 160.92 64 -226.272 160.92 59 -226.272 162.923 59 -229.741 162.923 64 -229.741
4 16 169.699 64 -221.214 169.699 59 -221.214 181.214 59 -209.699 181.214 64 -209.699
4 16 181.214 64 -209.699 181.214 59 -209.699 184.046 59 -212.532 184.046 64 -212.532
4 16 189.699 64 -201.214 189.699 59 -201.214 201.214 59 -189.699 201.214 64 -189.699
4 16 0 56 -260 0 64 -260 0 64 -280 0 56 -280
4 16 108.239 59 -261.313 108.239 56 -261.313 40 56 -280 40 59 -280
4 16 261.313 59 -108.239 280 59 -40 280 56 -40 261.313 56 -108.239
4 16 108.239 59 -261.313 172.184 59 -224.394 172.184 56 -224.394 108.239 56 -261.313
4 16 261.313 59 -108.239 261.313 56 -108.239 224.394 56 -172.184 224.394 59 -172.184
4 16 172.184 59 -224.394 224.394 59 -172.184 224.394 56 -172.184 172.184 56 -224.394
4 16 39.429 59 -276 39.429 57.867 -276 106.693 57.867 -257.58 106.693 59 -257.58
4 16 276 59 -39.429 257.58 59 -106.693 257.58 57.867 -106.693 276 57.867 -39.429
4 16 106.693 59 -257.58 106.693 57.867 -257.58 169.724 57.867 -221.189 169.724 59 -221.189
4 16 257.58 59 -106.693 221.189 59 -169.724 221.189 57.867 -169.724 257.58 57.867 -106.693
4 16 221.189 59 -169.724 169.724 59 -221.189 169.724 57.867 -221.189 221.189 57.867 -169.724
4 16 40 64 -275.844 40 59 -275.844 44.988 59 -274.478 44.988 64 -274.478
4 16 44.988 59 -274.478 56.562 59 -271.308 57.6 59 -275.18 46.026 59 -278.35
4 16 63.621 64 -269.375 63.621 59 -269.375 64.659 59 -273.247 64.659 64 -273.247
4 16 63.621 59 -269.375 75.195 59 -266.206 76.232 59 -270.078 64.659 59 -273.247
4 16 82.254 64 -264.273 82.254 59 -264.273 83.291 59 -268.145 83.291 64 -268.145
4 16 83.291 59 -268.145 82.254 59 -264.273 93.828 59 -261.103 94.865 59 -264.975
4 16 106.693 64 -257.58 106.693 59 -257.58 109.576 59 -255.916 109.576 64 -255.916
4 16 122.26 64 -248.593 115.353 64 -252.58 115.353 59 -252.58 122.26 59 -248.593
4 16 109.576 64 -255.916 109.576 59 -255.916 110 59 -256 110 64 -256
4 16 112.296 64 -255.543 110 64 -256 110 59 -256 112.296 59 -255.543
4 16 112.296 64 -255.543 112.296 59 -255.543 114.243 59 -254.243 114.243 64 -254.243
4 16 122.26 64 -248.593 122.26 59 -248.593 124.262 59 -252.062 124.262 64 -252.062
4 16 122.26 59 -248.593 132.652 59 -242.593 134.654 59 -246.062 124.262 59 -252.062
4 16 145.92 59 -234.932 156.312 59 -228.933 158.315 59 -232.402 147.923 59 -238.401
4 16 162.923 59 -229.741 160.92 59 -226.272 169.699 59 -221.214 172.184 59 -224.394
4 16 181.214 59 -209.699 189.699 59 -201.214 192.532 59 -204.046 184.046 59 -212.532
4 16 275.844 64 -40 274.478 64 -44.988 274.478 59 -44.988 275.844 59 -40
4 16 274.478 59 -44.988 278.35 59 -46.026 275.18 59 -57.6 271.308 59 -56.562
4 16 271.308 64 -56.562 269.375 64 -63.621 269.375 59 -63.621 271.308 59 -56.562
4 16 269.375 59 -63.621 273.247 59 -64.659 270.078 59 -76.232 266.206 59 -75.195
4 16 266.206 64 -75.195 264.273 64 -82.254 264.273 59 -82.254 266.206 59 -75.195
4 16 268.145 59 -83.291 264.975 59 -94.865 261.103 59 -93.828 264.273 59 -82.254
4 16 261.103 64 -93.828 257.58 64 -106.693 257.58 59 -106.693 261.103 59 -93.828
4 16 257.58 64 -106.693 255.916 64 -109.576 255.916 59 -109.576 257.58 59 -106.693
4 16 255.916 64 -109.576 256 64 -110 256 59 -110 255.916 59 -109.576
4 16 255.543 64 -112.296 255.543 59 -112.296 256 59 -110 256 64 -110
4 16 255.543 64 -112.296 254.243 64 -114.243 254.243 59 -114.243 255.543 59 -112.296
4 16 248.593 59 -122.26 252.062 59 -124.262 246.062 59 -134.654 242.593 59 -132.652
4 16 234.932 59 -145.92 238.401 59 -147.923 232.402 59 -158.315 228.933 59 -156.312
4 16 229.741 59 -162.923 224.394 59 -172.184 221.214 59 -169.699 226.272 59 -160.92
4 16 209.699 59 -181.214 212.532 59 -184.046 204.046 59 -192.532 201.214 59 -189.699
4 16 115.354 64 -252.58 114.243 64 -254.243 114.243 59 -254.243 115.353 59 -252.58
4 16 252.58 64 -115.354 252.58 59 -115.353 254.243 59 -114.243 254.243 64 -114.243
4 16 255.916 59 -109.576 256 59 -110 255.543 59 -112.296 254.243 59 -114.243
4 16 201.214 64 -189.699 201.214 59 -189.699 204.046 59 -192.532 204.046 64 -192.532
4 16 109.576 59 -255.916 114.243 59 -254.243 112.296 59 -255.543 110 59 -256
4 16 4 64 -276 4 64 -264 4 51.467 -264 4 57.867 -276
4 16 4 64 -264 36 64 -264 36 51.467 -264 4 51.467 -264
4 16 4 64 -276 4 57.867 -276 36 57.867 -276 36 64 -276
4 16 4 57.867 -276 4 51.467 -264 36 51.467 -264 36 57.867 -276
4 16 0 64 -260 0 56 -260 40 56 -260 40 64 -260
4 16 4 56 -260 4 49.333 -260 8 49.333 -260 8 56 -260
4 16 12 56 -260 12 49.333 -260 28 49.333 -260 28 56 -260
4 16 32 56 -260 32 49.333 -260 36 49.333 -260 36 56 -260
4 16 40 64 -260 40 49.735 -260 40 57.867 -275.844 40 64 -275.844
4 16 40 56 -240 40 39.47 -240 40 49.735 -260 40 56 -260
4 16 40 48 -240 40 48 -220 40 29.205 -220 40 39.47 -240
4 16 4 43 -236 4 43 -224 6 43 -226 6 43 -234
4 16 4 43 -224 16 43 -224 14 43 -226 6 43 -226
4 16 16 43 -224 16 43 -236 14 43 -234 14 43 -226
4 16 16 43 -236 4 43 -236 6 43 -234 14 43 -234
4 16 16 43 -224 24 43 -224 24 43 -240 16 43 -236
4 16 12 43 -236 16 43 -236 24 43 -240 12 43 -240
4 16 24 48 -220 24 28 -220 31.429 28 -220 40 48 -220
4 16 0 48 -220 0 43 -220 24 43 -220 24 48 -220
4 16 0 43 -220 0 43 -216 24 43 -216 24 43 -220
4 16 24 43 -220 24 43 -216 24 26.933 -216 24 28 -220
4 16 4 43 -216 4 26.933 -216 24 26.933 -216 24 43 -216
4 16 0 56 -260 0 56 -240 4 56 -244 4 56 -260
4 16 36 56 -260 36 56 -244 40 56 -240 40 56 -260
4 16 4 56 -244 0 56 -240 40 56 -240 36 56 -244
4 16 0 56 -240 0 48 -240 40 48 -240 40 56 -240
4 16 36 48 -240 36 48 -224 40 48 -220 40 48 -240
4 16 4 48 -224 0 48 -220 40 48 -220 36 48 -224
4 16 8 56 -256 12 56 -256 12 56 -260 8 56 -260
4 16 8 56 -256 8 56 -260 8 49.334 -260 8 47.2 -256
4 16 8 56 -256 8 47.2 -256 12 47.2 -256 12 56 -256
4 16 12 56 -256 12 47.2 -256 12 49.334 -260 12 56 -260
4 16 28 56 -256 32 56 -256 32 56 -260 28 56 -260
4 16 28 56 -256 28 56 -260 28 49.334 -260 28 47.2 -256
4 16 28 56 -256 28 47.2 -256 32 47.2 -256 32 56 -256
4 16 32 56 -256 32 47.2 -256 32 49.334 -260 32 56 -260
4 16 4 49.334 -260 4 47.2 -256 8 47.2 -256 8 49.334 -260
4 16 12 49.334 -260 12 47.2 -256 28 47.2 -256 28 49.334 -260
4 16 32 49.334 -260 32 47.2 -256 36 47.2 -256 36 49.334 -260
4 16 4 56 -244 4 40.8 -244 4 49.334 -260 4 56 -260
4 16 4 56 -244 36 56 -244 36 40.8 -244 4 40.8 -244
4 16 36 56 -244 36 56 -260 36 49.334 -260 36 40.8 -244
4 16 4 40.8 -244 36 40.8 -244 36 47.2 -256 4 47.2 -256
4 16 24 43 -224 24 30.133 -224 24 38.667 -240 24 43 -240
4 16 36 48 -224 36 48 -240 36 38.667 -240 36 30.133 -224
4 16 28 48 -236 32 48 -236 32 48 -240 28 48 -240
4 16 24 36.533 -236 28 36.533 -236 28 38.667 -240 24 38.667 -240
4 16 32 36.533 -236 36 36.533 -236 36 38.667 -240 32 38.667 -240
4 16 28 48 -236 28 36.533 -236 32 36.533 -236 32 48 -236
4 16 24 48 -224 36 48 -224 36 30.133 -224 24 30.133 -224
4 16 24 36.533 -236 24 30.133 -224 36 30.133 -224 36 36.533 -236
4 16 4 24 -190 4 24 -184 4 18.4 -184 4 20 -190
4 16 4 24 -180 24 24 -180 24 19 -180 4 19 -180
4 16 4 19 -180 24 19 -180 24 19 -184 4 19 -184
4 16 4 19 -184 24 19 -184 24 18.4 -184 4 18.4 -184
4 16 24 19 -180 24 17.333 -180 24 18.4 -184 24 19 -184
4 16 4 20 -190 4 26.933 -216 4 30.933 -216 4 24 -190
4 16 0 24 -190 4 24 -190 4 30.933 -216 0 30.933 -216
4 16 0 24 -190 0 24 -160 4 24 -164 4 24 -190
4 16 0 24 -160 40 24 -160 36 24 -164 4 24 -164
4 16 36 24 -164 40 24 -160 40 24 -180 36 24 -176
4 16 4 24 -180 4 24 -176 36 24 -176 40 24 -180
4 16 40 24 -160 40 13.205 -160 40 18.337 -180 40 24 -180
4 16 24 24 -160 24 12.08 -160 40 13.205 -160 40 24 -160
4 16 0 24 -160 0 19 -160 24 19 -160 24 24 -160
4 16 0 19 -160 0 19 -156 24 19 -156 24 19 -160
4 16 4 11.2 -156 22.857 11.2 -156 24 15.2 -156 4 15.2 -156
4 16 24 11.29 -156 24 12 -159.687 24 19 -160 24 19 -156
4 16 0 15.2 -156 0 12 -140 4 12 -140 4 15.2 -156
4 16 4 15.2 -156 4 12 -140 4 8 -140 4 11.2 -156
4 16 4 24 -164 24 24 -164 24 19 -164 4 19 -164
4 16 4 24 -176 4 19 -176 24 19 -176 24 24 -176
4 16 14 19 -164 24 19 -164 24 19 -176 14 19 -176
4 16 4 19 -164 6 19 -164 6 19 -176 4 19 -176
4 16 6 19 -164 14 19 -164 14 19 -166 6 19 -166
4 16 6 19 -174 14 19 -174 14 19 -176 6 19 -176
4 16 25.714 24 -180 40 24 -180 40 18.337 -180 25.714 17.333 -180
4 16 25.714 24 -180 25.714 17.333 -180 24 17.333 -180 24 24 -180
4 16 4 16 -140 20 16 -140 20 8 -140 4 8 -140
4 16 24 19 -164 24 14 -164 24 14 -176 24 19 -176
4 16 36 24 -164 36 24 -176 36 14 -176 36 14 -164
4 16 24 24 -164 36 24 -164 36 14 -164 24 14 -164
4 16 36 24 -176 24 24 -176 24 14 -176 36 14 -176
4 16 24 14 -164 36 14 -164 36 14 -176 24 14 -176
4 16 0 16 -160 20 16 -160 20 8 -160 0 8 -160
4 16 0 16 -180 0 13.333 -180 20 13.333 -180 20 16 -180
4 16 20 16 -160 20 16 -180 20 13.333 -180 20 8 -160
4 16 0 16 -180 4 16 -176 4 16 -164 0 16 -160
4 16 0 16 -160 4 16 -164 16 16 -164 20 16 -160
4 16 20 16 -160 16 16 -164 16 16 -176 20 16 -180
4 16 20 16 -180 16 16 -176 4 16 -176 0 16 -180
4 16 0 40 -220 20 40 -220 20 24 -220 0 24 -220
4 16 20 40 -220 20 40 -240 20 34.667 -240 20 24 -220
4 16 20 40 -240 0 40 -240 0 34.667 -240 20 34.667 -240
4 16 0 40 -240 4 40 -236 4 40 -224 0 40 -220
4 16 0 40 -220 4 40 -224 16 40 -224 20 40 -220
4 16 20 40 -220 16 40 -224 16 40 -236 20 40 -240
4 16 20 40 -240 16 40 -236 4 40 -236 0 40 -240
4 16 0 4 -140 0 12 -140 0 16 -160 0 8 -160
4 16 0 16 -190 0 24 -190 0 32 -220 0 24 -220
4 16 36 64 -276 36 57.867 -276 36 51.467 -264 36 64 -264
4 16 4 48 -224 24 48 -224 24 43 -224 4 43 -224
4 16 12 48 -240 12 43 -240 24 43 -240 24 48 -240
4 16 32 48 -240 32 38.667 -240 36 38.667 -240 36 48 -240
4 16 24 48 -240 24 38.667 -240 28 38.667 -240 28 48 -240
4 16 28 48 -240 28 38.667 -240 28 36.533 -236 28 48 -236
4 16 32 48 -240 32 48 -236 32 36.533 -236 32 38.667 -240
4 16 0 16 -140 4 16 -140 4 12 -140 0 12 -140
4 16 0 16 -160 0 24 -160 0 24 -190 0 16 -190
4 16 0 40 -220 0 48 -220 0 48 -240 0 40 -240
4 16 4 43 -236 8 43 -236 8 43 -240 4 43 -240
4 16 8 48 -236 12 48 -236 12 48 -240 8 48 -240
4 16 12 48 -236 12 43 -236 12 43 -240 12 48 -240
4 16 8 48 -236 8 43 -236 12 43 -236 12 48 -236
4 16 4 48 -224 4 43 -224 4 43 -240 4 48 -240
4 16 0 43 -216 0 30.933 -216 4 30.933 -216 4 43 -216
4 16 0 48 -240 0 48 -220 4 48 -224 4 48 -240
4 16 4 24 -184 4 24 -180 4 19 -180 4 19 -184
4 16 0 19 -156 0 15.2 -156 24 15.2 -156 24 19 -156
4 16 4 24 -176 4 24 -164 4 19 -164 4 19 -176
4 16 0 15.2 -156 0 19 -156 0 19 -160 0 16 -160
4 16 0 30.9333 -216 0 43 -216 0 43 -220 0 32 -220
4 16 8 48 -240 8 43 -240 8 43 -236 8 48 -236
4 16 4 48 -240 4 43 -240 8 43 -240 8 48 -240
4 16 276 64 -4 276 57.867 -4 264 51.467 -4 264 64 -4
4 16 264 64 -4 264 51.467 -4 264 51.467 -36 264 64 -36
4 16 276 64 -36 264 64 -36 264 51.467 -36 276 57.867 -36
4 16 276 64 -4 276 64 -36 276 57.867 -36 276 57.867 -4
4 16 276 57.867 -4 276 57.867 -36 264 51.467 -36 264 51.467 -4
4 16 260 64 0 260 64 -40 260 56 -40 260 56 0
4 16 260 56 -4 260 56 -8 260 49.333 -8 260 49.333 -4
4 16 260 56 -12 260 56 -28 260 49.333 -28 260 49.333 -12
4 16 260 56 -32 260 56 -36 260 49.333 -36 260 49.333 -32
4 16 260 64 -40 275.844 64 -40 275.844 57.867 -40 260 49.735 -40
4 16 240 56 -40 260 56 -40 260 49.735 -40 240 39.47 -40
4 16 240 48 -40 240 39.47 -40 220 29.205 -40 220 48 -40
4 16 236 43 -4 234 43 -6 226 43 -6 224 43 -4
4 16 224 43 -4 226 43 -6 226 43 -14 224 43 -16
4 16 224 43 -16 226 43 -14 234 43 -14 236 43 -16
4 16 236 43 -16 234 43 -14 234 43 -6 236 43 -4
4 16 224 43 -16 236 43 -16 240 43 -24 224 43 -24
4 16 236 43 -12 240 43 -12 240 43 -24 236 43 -16
4 16 220 48 -24 220 48 -40 220 28 -31.429 220 28 -24
4 16 220 48 0 220 48 -24 220 43 -24 220 43 0
4 16 220 43 0 220 43 -24 216 43 -24 216 43 0
4 16 220 43 -24 220 28 -24 216 26.933 -24 216 43 -24
4 16 216 43 -4 216 43 -24 216 26.933 -24 216 26.933 -4
4 16 260 56 0 260 56 -4 244 56 -4 240 56 0
4 16 260 56 -36 260 56 -40 240 56 -40 244 56 -36
4 16 244 56 -4 244 56 -36 240 56 -40 240 56 0
4 16 240 56 0 240 56 -40 240 48 -40 240 48 0
4 16 240 48 -36 240 48 -40 220 48 -40 224 48 -36
4 16 224 48 -4 224 48 -36 220 48 -40 220 48 0
4 16 256 56 -8 260 56 -8 260 56 -12 256 56 -12
4 16 256 56 -8 256 47.2 -8 260 49.334 -8 260 56 -8
4 16 256 56 -12 260 56 -12 260 49.334 -12 256 47.2 -12
4 16 256 56 -28 260 56 -28 260 56 -32 256 56 -32
4 16 256 56 -28 256 47.2 -28 260 49.334 -28 260 56 -28
4 16 256 56 -32 260 56 -32 260 49.334 -32 256 47.2 -32
4 16 260 49.334 -4 260 49.334 -8 256 47.2 -8 256 47.2 -4
4 16 260 49.334 -12 260 49.334 -28 256 47.2 -28 256 47.2 -12
4 16 260 49.334 -32 260 49.334 -36 256 47.2 -36 256 47.2 -32
4 16 244 56 -4 260 56 -4 260 49.334 -4 244 40.8 -4
4 16 244 56 -4 244 40.8 -4 244 40.8 -36 244 56 -36
4 16 244 56 -36 244 40.8 -36 260 49.334 -36 260 56 -36
4 16 244 40.8 -4 256 47.2 -4 256 47.2 -36 244 40.8 -36
4 16 224 43 -24 240 43 -24 240 38.667 -24 224 30.133 -24
4 16 224 48 -36 224 30.133 -36 240 38.667 -36 240 48 -36
4 16 236 48 -28 240 48 -28 240 48 -32 236 48 -32
4 16 236 36.533 -24 240 38.667 -24 240 38.667 -28 236 36.533 -28
4 16 236 36.533 -32 240 38.667 -32 240 38.667 -36 236 36.533 -36
4 16 236 48 -28 236 48 -32 236 36.533 -32 236 36.533 -28
4 16 224 48 -24 224 30.133 -24 224 30.133 -36 224 48 -36
4 16 236 36.533 -24 236 36.533 -36 224 30.133 -36 224 30.133 -24
4 16 190 24 -4 190 20 -4 184 18.4 -4 184 24 -4
4 16 184 24 -4 184 19 -4 180 19 -4 180 24 -4
4 16 180 24 -4 180 19 -4 180 19 -24 180 24 -24
4 16 180 19 -4 184 19 -4 184 19 -24 180 19 -24
4 16 184 19 -4 184 18.4 -4 184 18.4 -24 184 19 -24
4 16 180 19 -24 184 19 -24 184 18.4 -24 180 17.333 -24
4 16 190 20 -4 190 24 -4 216 30.933 -4 216 26.933 -4
4 16 190 24 0 216 30.933 0 216 30.933 -4 190 24 -4
4 16 190 24 0 190 24 -4 164 24 -4 160 24 0
4 16 160 24 0 164 24 -4 164 24 -36 160 24 -40
4 16 164 24 -36 176 24 -36 180 24 -40 160 24 -40
4 16 180 24 -4 180 24 -40 176 24 -36 176 24 -4
4 16 160 24 -40 180 24 -40 180 18.337 -40 160 13.205 -40
4 16 160 24 -24 160 24 -40 160 13.205 -40 160 12.08 -24
4 16 160 24 0 160 24 -24 160 19 -24 160 19 0
4 16 160 19 0 160 19 -24 156 19 -24 156 19 0
4 16 156 19 0 156 19 -24 156 15.2 -24 156 15.2 0
4 16 156 11.2 -4 156 15.2 -4 156 15.2 -24 156 11.2 -22.857
4 16 156 11.29 -24 156 19 -24 160 19 -24 159.687 12 -24
4 16 156 15.2 0 156 15.2 -4 140 12 -4 140 12 0
4 16 156 15.2 -4 156 11.2 -4 140 8 -4 140 12 -4
4 16 164 24 -4 164 19 -4 164 19 -24 164 24 -24
4 16 176 24 -4 176 24 -24 176 19 -24 176 19 -4
4 16 164 19 -14 176 19 -14 176 19 -24 164 19 -24
4 16 164 19 -4 176 19 -4 176 19 -6 164 19 -6
4 16 166 19 -6 166 19 -14 164 19 -14 164 19 -6
4 16 174 19 -6 176 19 -6 176 19 -14 174 19 -14
4 16 180 24 -25.714 180 17.333 -25.714 180 18.337 -40 180 24 -40
4 16 180 24 -25.714 180 24 -24 180 17.333 -24 180 17.333 -25.714
4 16 140 16 -4 140 8 -4 140 8 -20 140 16 -20
4 16 164 19 -24 176 19 -24 176 14 -24 164 14 -24
4 16 164 24 -36 164 14 -36 176 14 -36 176 24 -36
4 16 164 24 -24 164 14 -24 164 14 -36 164 24 -36
4 16 164 14 -24 176 14 -24 176 14 -36 164 14 -36
4 16 160 16 0 160 8 0 160 8 -20 160 16 -20
4 16 180 16 0 180 16 -20 180 13.333 -20 180 13.333 0
4 16 160 16 -20 160 8 -20 180 13.333 -20 180 16 -20
4 16 180 16 0 160 16 0 164 16 -4 176 16 -4
4 16 160 16 0 160 16 -20 164 16 -16 164 16 -4
4 16 160 16 -20 180 16 -20 176 16 -16 164 16 -16
4 16 180 16 -20 180 16 0 176 16 -4 176 16 -16
4 16 220 40 0 220 24 0 220 24 -20 220 40 -20
4 16 220 40 -20 220 24 -20 240 34.667 -20 240 40 -20
4 16 240 40 -20 240 34.667 -20 240 34.667 0 240 40 0
4 16 240 40 0 220 40 0 224 40 -4 236 40 -4
4 16 220 40 0 220 40 -20 224 40 -16 224 40 -4
4 16 220 40 -20 240 40 -20 236 40 -16 224 40 -16
4 16 240 40 -20 240 40 0 236 40 -4 236 40 -16
4 16 140 4 0 160 8 0 160 16 0 140 12 0
4 16 160 16 0 190 16 0 190 24 0 160 24 0
4 16 190 16 0 220 24 0 220 32 0 190 24 0
4 16 224 48 -4 224 43 -4 224 43 -24 224 48 -24
4 16 240 48 -12 240 48 -24 240 43 -24 240 43 -12
4 16 240 48 -32 240 48 -36 240 38.667 -36 240 38.667 -32
4 16 240 48 -24 240 48 -28 240 38.667 -28 240 38.667 -24
4 16 240 48 -28 236 48 -28 236 36.533 -28 240 38.667 -28
4 16 240 48 -32 240 38.667 -32 236 36.533 -32 236 48 -32
4 16 140 16 0 140 12 0 140 12 -4 140 16 -4
4 16 176 24 -36 176 14 -36 176 14 -24 176 24 -24
4 16 220 40 0 240 40 0 240 48 0 220 48 0
4 16 260 56 0 280 56 0 280 64 0 260 64 0
4 16 236 43 -4 240 43 -4 240 43 -8 236 43 -8
4 16 236 48 -8 240 48 -8 240 48 -12 236 48 -12
4 16 236 48 -12 240 48 -12 240 43 -12 236 43 -12
4 16 236 48 -8 236 48 -12 236 43 -12 236 43 -8
4 16 224 48 -4 240 48 -4 240 43 -4 224 43 -4
4 16 216 43 0 216 43 -4 216 30.933 -4 216 30.933 0
4 16 240 48 0 240 48 -4 224 48 -4 220 48 0
4 16 256 56 -8 256 56 -12 256 47.2 -12 256 47.2 -8
4 16 256 56 -28 256 56 -32 256 47.2 -32 256 47.2 -28
4 16 176 24 -4 176 19 -4 164 19 -4 164 24 -4
4 16 156 15.2 0 160 16 0 160 19 0 156 19 0
4 16 216 30.9333 0 220 32 0 220 43 0 216 43 0
4 16 240 48 -8 236 48 -8 236 43 -8 240 43 -8
4 16 240 48 -4 240 48 -8 240 43 -8 240 43 -4
4 16 160 8 0 120 0 0 120 0 -17.143 160 8 -22.857
4 16 160 8 -22.857 120 0 -17.143 111.991 0 -46.388 149.321 8 -61.851
4 16 149.321 8 -61.851 111.991 0 -46.388 96.169 0 -73.793 128.225 8 -98.391
4 16 98.391 8 -128.225 128.225 8 -98.391 96.169 0 -73.793 73.793 0 -96.169
4 16 61.851 8 -149.321 98.391 8 -128.225 73.793 0 -96.169 46.388 0 -111.991
4 16 22.857 8 -160 61.851 8 -149.321 46.388 0 -111.991 17.143 0 -120
4 16 0 8 -160 22.857 8 -160 17.143 0 -120 0 0 -120
4 16 220 24 0 180 13.333 0 180 13.333 -20 220 24 -20
4 16 220 24 -20 160 8 -20 160 8 -22.857 220 24 -31.429
4 16 220 24 -31.429 160 8 -22.857 149.321 8 -61.851 205.317 24 -85.045
4 16 205.317 24 -85.045 149.321 8 -61.851 128.225 8 -98.391 176.31 24 -135.287
4 16 176.31 24 -135.287 128.225 8 -98.391 140 18.051 -140 171.597 24 -140
4 16 135.287 24 -176.31 140 24 -171.597 140 18.051 -140 98.391 8 -128.225
4 16 85.045 24 -205.317 135.287 24 -176.31 98.391 8 -128.225 61.851 8 -149.321
4 16 31.429 24 -220 85.045 24 -205.317 61.851 8 -149.321 22.857 8 -160
4 16 20 24 -220 31.429 24 -220 22.857 8 -160 20 8 -160
4 16 0 24 -220 20 24 -220 20 13.333 -180 0 13.333 -180
4 16 280 56 0 240 34.667 0 240 34.667 -20 280 56 -20
4 16 280 56 -20 220 24 -20 220 24 -31.429 280 56 -40
4 16 280 56 -40 220 24 -31.429 205.317 24 -85.045 261.313 56 -108.239
4 16 261.313 56 -108.239 205.317 24 -85.045 176.31 24 -135.287 224.394 56 -172.184
4 16 108.239 56 -261.313 172.184 56 -224.394 135.287 24 -176.31 85.045 24 -205.317
4 16 40 56 -280 108.239 56 -261.313 85.045 24 -205.317 31.429 24 -220
4 16 20 56 -280 40 56 -280 31.429 24 -220 20 24 -220
4 16 0 56 -280 20 56 -280 20 34.667 -240 0 34.667 -240
4 16 156 11.2 -22.286 149.321 12 -61.851 140 9.845 -55 140 8 -20
4 16 149.321 12 -61.851 128.225 12 -98.391 110.336 7.536 -84.664 137.886 9.549 -57.114
0 BFC CERTIFY INVERTNEXT
1 16 160 48 -160 6 0 0 0 3 0 0 0 6 4-4cyli.dat
0 BFC CERTIFY INVERTNEXT
1 16 230 40 -10 0 0 -4 0 3 0 4 0 0 4-4cyli.dat
0 BFC CERTIFY INVERTNEXT
1 16 10 40 -230 4 0 0 0 3 0 0 0 4 4-4cyli.dat
0 BFC CERTIFY INVERTNEXT
1 16 170 16 -10 0 0 -4 0 3 0 4 0 0 4-4cyli.dat
0 BFC CERTIFY INVERTNEXT
1 16 10 16 -170 4 0 0 0 3 0 0 0 4 4-4cyli.dat
1 16 160 51 -160 8 0 0 0 1 0 0 0 8 4-4edge.dat
1 16 160 48 -160 6 0 0 0 1 0 0 0 6 4-4edge.dat
1 16 230 43 -10 0 0 -4 0 1 0 4 0 0 4-4edge.dat
1 16 10 43 -230 4 0 0 0 1 0 0 0 4 4-4edge.dat
1 16 230 40 -10 0 0 -6 0 1 0 6 0 0 4-4edge.dat
1 16 10 40 -230 6 0 0 0 1 0 0 0 6 4-4edge.dat
1 16 170 19 -10 0 0 -4 0 1 0 4 0 0 4-4edge.dat
1 16 10 19 -170 4 0 0 0 1 0 0 0 4 4-4edge.dat
1 16 170 16 -10 0 0 -6 0 1 0 6 0 0 4-4edge.dat
1 16 10 16 -170 6 0 0 0 1 0 0 0 6 4-4edge.dat
1 16 160 51 -160 8 0 0 0 -1 0 0 0 -8 4-4ndis.dat
1 16 160 48 -160 6 0 0 0 1 0 0 0 6 4-4ndis.dat
1 16 230 43 -10 0 0 -4 0 -1 0 -4 0 0 4-4ndis.dat
1 16 10 43 -230 4 0 0 0 -1 0 0 0 -4 4-4ndis.dat
1 16 230 40 -10 0 0 -6 0 1 0 6 0 0 4-4ndis.dat
1 16 10 40 -230 6 0 0 0 1 0 0 0 6 4-4ndis.dat
1 16 170 19 -10 0 0 -4 0 -1 0 -4 0 0 4-4ndis.dat
1 16 10 19 -170 4 0 0 0 -1 0 0 0 -4 4-4ndis.dat
1 16 170 16 -10 0 0 -6 0 1 0 6 0 0 4-4ndis.dat
1 16 10 16 -170 6 0 0 0 1 0 0 0 6 4-4ndis.dat
1 16 150 48 -150 1 0 0 0 1 0 0 0 1 stud.dat
1 16 170 48 -150 1 0 0 0 1 0 0 0 1 stud.dat
1 16 150 48 -170 1 0 0 0 1 0 0 0 1 stud.dat
1 16 170 48 -170 1 0 0 0 1 0 0 0 1 stud.dat
1 16 90 8 -10 -0.707 0 -0.707 0 1 0 0.707 0 -0.707 stud.dat
1 16 90 8 -30 -0.707 0 -0.707 0 1 0 0.707 0 -0.707 stud.dat
1 16 70 8 -50 -0.707 0 -0.707 0 1 0 0.707 0 -0.707 stud.dat
1 16 50 8 -70 -0.707 0 -0.707 0 1 0 0.707 0 -0.707 stud.dat
1 16 10 8 -90 -0.707 0 -0.707 0 1 0 0.707 0 -0.707 stud.dat
1 16 30 8 -90 -0.707 0 -0.707 0 1 0 0.707 0 -0.707 stud.dat
1 16 110 0 -10 -0.707 0 -0.707 0 1 0 0.707 0 -0.707 stud.dat
1 16 10 0 -110 -0.707 0 -0.707 0 1 0 0.707 0 -0.707 stud.dat
1 16 230 40 -10 0 0 -1 0 1 0 1 0 0 stud2a.dat
1 16 10 40 -230 1 0 0 0 1 0 0 0 1 stud2a.dat
1 16 170 16 -10 0 0 -1 0 1 0 1 0 0 stud2a.dat
1 16 10 16 -170 1 0 0 0 1 0 0 0 1 stud2a.dat
1 16 230 43 -20 0 0 1 0 -1.25 0 1 0 0 stud3.dat
1 16 20 43 -230 1 0 0 0 -1.25 0 0 0 -1 stud3.dat
1 16 170 19 -20 0 0 1 0 -1.25 0 1 0 0 stud3.dat
1 16 20 19 -170 1 0 0 0 -1.25 0 0 0 -1 stud3.dat
1 16 120 12 -20 0 0 -1 0 -1 0 -1 0 0 stud4.dat
1 16 120 12 -40 0 0 -1 0 -1 0 -1 0 0 stud4.dat
1 16 100 12 -60 0 0 -1 0 -1 0 -1 0 0 stud4.dat
1 16 120 12 -60 0 0 -1 0 -1 0 -1 0 0 stud4.dat
1 16 80 12 -80 0 0 -1 0 -1 0 -1 0 0 stud4.dat
1 16 100 12 -80 0 0 -1 0 -1 0 -1 0 0 stud4.dat
1 16 60 12 -100 0 0 -1 0 -1 0 -1 0 0 stud4.dat
1 16 80 12 -100 0 0 -1 0 -1 0 -1 0 0 stud4.dat
1 16 20 12 -120 0 0 -1 0 -1 0 -1 0 0 stud4.dat
1 16 40 12 -120 0 0 -1 0 -1 0 -1 0 0 stud4.dat
1 16 60 12 -120 0 0 -1 0 -1 0 -1 0 0 stud4.dat
1 16 160 51 -160 1 0 0 0 -1 0 0 0 1 STUD4a.dat
0
