0 Windscreen  1 x  4 x  1.3 with Bottom Hinge
0 Name: 30161.dat
0 Author: Steve Bliss, (c) 1998, blisses@worldnet.att.net
0 Official LCad update 99-05

0 not CW-compliant
0 CATEGORY Windscreen
0 KEYWORDS adventurers, freestyle, hinge, roof-hinge, fold-down, flip-down

2 24 -36 -4 4 -22 -4 4
2 24 -22 -4 4 -22 -4 -4
2 24 -22 -4 -4 -36 -4 -4
2 24 -36 -4 -4 -36 -4 4
2 24 -36 -4 4 -36 0 4
2 24 -22 -4 4 -22 0 4
2 24 -22 -4 -4 -22 0 -4
2 24 -36 -4 -4 -36 0 -4
1 16 -36 0 0 0 0 0 0 0 4 4 0 0 2-4edge.dat
1 16 -22 0 0 0 0 0 0 0 4 4 0 0 2-4edge.dat
1 16 -36 0 0 0 0 0 0 0 4 4 0 0 2-4disc.dat
1 16 -22 0 0 0 0 0 0 0 4 4 0 0 2-4disc.dat
1 16 -36 0 0 0 14 0 0 0 4 4 0 0 2-4cyli.dat
4 16 -36 0 4 -22 0 4 -22 -4 4 -36 -4 4
4 16 -36 0 -4 -22 0 -4 -22 -4 -4 -36 -4 -4
4 16 -36 0 4 -36 0 -4 -36 -4 -4 -36 -4 4
4 16 -22 0 4 -22 0 -4 -22 -4 -4 -22 -4 4
4 16 -36 -4 4 -36 -4 -4 -22 -4 -4 -22 -4 4
2 24 -18 -4 4 -2 -4 4
2 24 -2 -4 4 -2 -4 -4
2 24 -2 -4 -4 -18 -4 -4
2 24 -18 -4 -4 -18 -4 4
2 24 -18 -4 4 -18 0 4
2 24 -2 -4 4 -2 0 4
2 24 -2 -4 -4 -2 0 -4
2 24 -18 -4 -4 -18 0 -4
1 16 -18 0 0 0 0 0 0 0 4 4 0 0 2-4edge.dat
1 16 -2 0 0 0 0 0 0 0 4 4 0 0 2-4edge.dat
1 16 -18 0 0 0 0 0 0 0 4 4 0 0 2-4disc.dat
1 16 -2 0 0 0 0 0 0 0 4 4 0 0 2-4disc.dat
1 16 -18 0 0 0 16 0 0 0 4 4 0 0 2-4cyli.dat
4 16 -18 0 4 -2 0 4 -2 -4 4 -18 -4 4
4 16 -18 0 -4 -2 0 -4 -2 -4 -4 -18 -4 -4
4 16 -18 0 4 -18 0 -4 -18 -4 -4 -18 -4 4
4 16 -2 0 4 -2 0 -4 -2 -4 -4 -2 -4 4
4 16 -18 -4 4 -18 -4 -4 -2 -4 -4 -2 -4 4
2 24 2 -4 4 18 -4 4
2 24 18 -4 4 18 -4 -4
2 24 18 -4 -4 2 -4 -4
2 24 2 -4 -4 2 -4 4
2 24 2 -4 4 2 0 4
2 24 18 -4 4 18 0 4
2 24 18 -4 -4 18 0 -4
2 24 2 -4 -4 2 0 -4
1 16 2 0 0 0 0 0 0 0 4 4 0 0 2-4edge.dat
1 16 18 0 0 0 0 0 0 0 4 4 0 0 2-4edge.dat
1 16 2 0 0 0 0 0 0 0 4 4 0 0 2-4disc.dat
1 16 18 0 0 0 0 0 0 0 4 4 0 0 2-4disc.dat
1 16 2 0 0 0 16 0 0 0 4 4 0 0 2-4cyli.dat
4 16 2 0 4 18 0 4 18 -4 4 2 -4 4
4 16 2 0 -4 18 0 -4 18 -4 -4 2 -4 -4
4 16 2 0 4 2 0 -4 2 -4 -4 2 -4 4
4 16 18 0 4 18 0 -4 18 -4 -4 18 -4 4
4 16 2 -4 4 2 -4 -4 18 -4 -4 18 -4 4
2 24 22 -4 4 36 -4 4
2 24 36 -4 4 36 -4 -4
2 24 36 -4 -4 22 -4 -4
2 24 22 -4 -4 22 -4 4
2 24 22 -4 4 22 0 4
2 24 36 -4 4 36 0 4
2 24 36 -4 -4 36 0 -4
2 24 22 -4 -4 22 0 -4
1 16 22 0 0 0 0 0 0 0 4 4 0 0 2-4edge.dat
1 16 36 0 0 0 0 0 0 0 4 4 0 0 2-4edge.dat
1 16 22 0 0 0 0 0 0 0 4 4 0 0 2-4disc.dat
1 16 36 0 0 0 0 0 0 0 4 4 0 0 2-4disc.dat
1 16 22 0 0 0 14 0 0 0 4 4 0 0 2-4cyli.dat
4 16 22 0 4 36 0 4 36 -4 4 22 -4 4
4 16 22 0 -4 36 0 -4 36 -4 -4 22 -4 -4
4 16 22 0 4 22 0 -4 22 -4 -4 22 -4 4
4 16 36 0 4 36 0 -4 36 -4 -4 36 -4 4
4 16 22 -4 4 22 -4 -4 36 -4 -4 36 -4 4
1 16 0 -16 0 40 0 0 0 12 0 0 0 2 box.dat
0