0 Grab Jaw Holder with Handle
0 Name: 30198.dat
0 Author: Martyn Boogaarts from parts by James Jessiman, Remco Braak
0 Official LCad update 98-09

4 16 10 10 7 10 -10 7 -10 -10 7 -10 10 7
2 24 10 5 7 10 10 7
2 24 10 10 7 -10 10 7
2 24 -10 10 7 -10 5 7
2 24 10 -5 7 10 -10 7
2 24 10 -10 7 -10 -10 7
2 24 -10 -10 7 -10 -5 7
1 16 0 0 10 10 0 0 0 0 10 0 1 0 rect.dat
4 16 10 10 7 10 -10 7 10 -10 10 10 10 10
4 16 -10 10 7 -10 -10 7 -10 -10 10 -10 10 10
4 16 10 10 7 -10 10 7 -10 10 10 10 10 10
4 16 10 -10 7 -10 -10 7 -10 -10 10 10 -10 10
2 24 10 10 7 10 10 10
2 24 10 -10 7 10 -10 10
2 24 -10 10 7 -10 10 10
2 24 -10 -10 7 -10 -10 10
1 16 0 0 10 0 0 10 10 0 0 0 1 0 4-4edge.dat
1 16 7.14 0 0 0 -14.28 0 3 0 0 0 0 3 4-4cyli.dat
1 16 7.14 0 0 0 1 0 3 0 0 0 0 3 4-4edge.dat
1 16 1.42 0 0 0 1 0 3 0 0 0 0 3 4-4edge.dat
1 16 -1.42 0 0 0 1 0 3 0 0 0 0 3 4-4edge.dat
1 16 -7.14 0 0 0 1 0 3 0 0 0 0 3 4-4edge.dat
1 16 10 0 0 0 -2.84 0 5 0 0 0 0 -5 2-4cyli.dat
1 16 1.42 0 0 0 -2.84 0 5 0 0 0 0 -5 2-4cyli.dat
1 16 -7.14 0 0 0 -2.84 0 5 0 0 0 0 -5 2-4cyli.dat
1 16 10 0 0 0 1 0 5 0 0 0 0 -5 2-4disc.dat
1 16 7.14 0 0 0 1 0 5 0 0 0 0 -5 2-4disc.dat
1 16 1.42 0 0 0 1 0 5 0 0 0 0 -5 2-4disc.dat
1 16 -1.42 0 0 0 1 0 5 0 0 0 0 -5 2-4disc.dat
1 16 -7.14 0 0 0 1 0 5 0 0 0 0 -5 2-4disc.dat
1 16 -10 0 0 0 1 0 5 0 0 0 0 -5 2-4disc.dat
1 16 10 0 0 0 1 0 5 0 0 0 0 -5 2-4edge.dat
1 16 7.14 0 0 0 1 0 5 0 0 0 0 -5 2-4edge.dat
1 16 1.42 0 0 0 1 0 5 0 0 0 0 -5 2-4edge.dat
1 16 -1.42 0 0 0 1 0 5 0 0 0 0 -5 2-4edge.dat
1 16 -7.14 0 0 0 1 0 5 0 0 0 0 -5 2-4edge.dat
1 16 -10 0 0 0 1 0 5 0 0 0 0 -5 2-4edge.dat
4 16 10 -5 0 10 5 0 10 5 7 10 -5 7
4 16 7.14 -5 0 7.14 5 0 7.14 5 7 7.14 -5 7
4 16 1.42 -5 0 1.42 5 0 1.42 5 7 1.42 -5 7
4 16 -1.42 -5 0 -1.42 5 0 -1.42 5 7 -1.42 -5 7
4 16 -7.14 -5 0 -7.14 5 0 -7.14 5 7 -7.14 -5 7
4 16 -10 -5 0 -10 5 0 -10 5 7 -10 -5 7
4 16 10 -5 0 10 -5 7 7.14 -5 7 7.14 -5 0
4 16 10 5 0 10 5 7 7.14 5 7 7.14 5 0
4 16 1.42 -5 0 1.42 -5 7 -1.42 -5 7 -1.42 -5 0
4 16 1.42 5 0 1.42 5 7 -1.42 5 7 -1.42 5 0
4 16 -10 -5 0 -10 -5 7 -7.14 -5 7 -7.14 -5 0
4 16 -10 5 0 -10 5 7 -7.14 5 7 -7.14 5 0
2 24 10 -5 0 10 -5 7
2 24 7.14 -5 0 7.14 -5 7
2 24 1.42 -5 0 1.42 -5 7
2 24 -10 -5 0 -10 -5 7
2 24 -7.14 -5 0 -7.14 -5 7
2 24 -1.42 -5 0 -1.42 -5 7
2 24 10 5 0 10 5 7
2 24 7.14 5 0 7.14 5 7
2 24 1.42 5 0 1.42 5 7
2 24 -10 5 0 -10 5 7
2 24 -7.14 5 0 -7.14 5 7
2 24 -1.42 5 0 -1.42 5 7
2 24 10 -5 7 7.14 -5 7
2 24 7.14 -5 7 7.14 5 7
2 24 7.14 5 7 10 5 7
2 24 -10 -5 7 -7.14 -5 7
2 24 -7.14 -5 7 -7.14 5 7
2 24 -7.14 5 7 -10 5 7
2 24 1.42 -5 7 1.42 5 7
2 24 1.42 5 7 -1.42 5 7
2 24 -1.42 5 7 -1.42 -5 7
2 24 -1.42 -5 7 1.42 -5 7
0 Space Gun
1 16 0 16 20 4 0 0 0 0 0 0 0 4 4-4edge.dat
1 16 0 0 20 4 0 0 0 0 4 0 0 4 2-4edge.dat
1 16 0 0 20 4 0 0 0 0 4 0 0 -4 2-4edge.dat
1 16 0 0 38 4 0 0 0 0 4 0 0 0 4-4edge.dat
1 16 0 0 30 4 0 0 0 0 4 0 0 0 4-4edge.dat
1 16 0 0 28 4 0 0 0 0 4 0 0 0 4-4edge.dat
1 16 0 0 26 4 0 0 0 0 4 0 0 0 4-4edge.dat
1 16 0 0 24 4 0 0 0 0 4 0 0 0 4-4edge.dat
1 16 0 0 22 4 0 0 0 0 4 0 0 0 4-4edge.dat
1 16 0 0 12 4 0 0 0 0 4 0 0 0 4-4edge.dat
1 16 0 16 20 4 0 0 0 0 0 0 0 4 4-4disc.dat
1 16 0 0 38 4 0 0 0 0 4 0 0 0 4-4disc.dat
1 16 0 0 20 4 0 0 0 16 0 0 0 4 4-4cyli.dat
1 16 0 0 10 4 0 0 0 0 4 0 28 0 4-4cyli.dat
0