0 Support Insectoid Leg Large
0 Name: 30212.dat
0 Author: William Wood
0 !LDRAW_ORG Part UPDATE 2001-02
0 !LICENSE Not redistributable : see NonCAreadme.txt

0 !HISTORY 2001-11-30 [PTadmin] Official Update 2001-02
0 !HISTORY 2007-06-07 [PTadmin] Header formatted for Contributor Agreement
0 !HISTORY 2008-07-01 [PTadmin] Official Update 2008-01

0 // Created with stl2dat conversion tool

1 16 -10 -98 -10 0 20 0 0 0 -4 -4 0 -0.0001 4-4cyli.dat
1 16 -10 -98 -10 0 1 0 0 0 -4 -4 0 -0.0001 4-4edge.dat
1 16 10 -98 -10 0 1 0 0 0 -4 -4 0 -0.0001 4-4edge.dat
1 16 -10 -78 -10 0 20 0 0 0 -4 -4 0 0 4-4cyli.dat
1 16 -10 -78 -10 0 1 0 0 0 -4 -4 0 0 4-4edge.dat
1 16 10 -78 -10 0 1 0 0 0 -4 -4 0 0 4-4edge.dat
1 16 -10 -78 10 0 20 0 0 0 -4 -4 0 0.0001 4-4cyli.dat
1 16 -10 -78 10 0 1 0 0 0 -4 -4 0 0.0001 4-4edge.dat
1 16 10 -78 10 0 1 0 0 0 -4 -4 0 0.0001 4-4edge.dat
1 16 -10 -98 10 0 20 0 0 0 -4 -4 0 0 4-4cyli.dat
1 16 -10 -98 10 0 1 0 0 0 -4 -4 0 0 4-4edge.dat
1 16 10 -98 10 0 1 0 0 0 -4 -4 0 0 4-4edge.dat
1 16 -10 -88 0 0 6 0 0 0 -6 -6 0 0 4-4cyli.dat
1 16 -10 -88 0 0 1 0 0 0 -6 -6 0 0 4-4edge.dat
1 16 -4 -88 0 0 1 0 0 0 -6 -6 0 0 4-4edge.dat
1 16 10 -88 0 0 -6 0 0 0 -6 6 0 0 4-4cyli.dat
1 16 10 -88 0 0 -1 0 0 0 -6 6 0 0 4-4edge.dat
1 16 4 -88 0 0 -1 0 0 0 -6 6 0 0 4-4edge.dat
3 16 15.49 4 -96 6.287 4 -96 14.85 4 -94
2 24 6.287 4 -96 15.49 4 -96
2 24 15.49 4 -96 14.85 4 -94
4 16 14.85 4 -94 6.287 4 -96 6.287 4 -85.3 11.44 4 -88.8
2 24 6.287 4 -85.3 6.287 4 -96
2 24 11.44 4 -88.8 6.287 4 -85.3
2 24 14.85 4 -94 11.44 4 -88.8
4 16 -12.18 4 -89.6 -7.603 4 -85.9 -6 4 -85.2 -15.11 4 -94.7
2 24 -7.603 4 -85.9 -12.18 4 -89.6
2 24 -6 4 -85.2 -7.603 4 -85.9
2 24 -12.18 4 -89.6 -15.11 4 -94.7
4 16 -15.11 4 -94.7 -6 4 -85.2 -6 4 -96 -15.49 4 -96
2 24 -6 4 -96 -6 4 -85.2
2 24 -15.49 4 -96 -6 4 -96
2 24 -15.11 4 -94.7 -15.49 4 -96
4 16 -4.034 12 -84.5 -2 12 -84.1 -2 12 -96 -6 12 -96
2 24 -2 12 -84.1 -4.034 12 -84.5
2 24 -2 12 -96 -2 12 -84.1
3 16 -6 12 -96 -2 12 -96 16 12 -100.2
3 16 16 12 -100.2 -2 12 -96 2 12 -96
2 24 -2 12 -96 2 12 -96
3 16 16 12 -100.2 2 12 -96 6.287 12 -96
4 16 6.287 12 -96 2 12 -96 4.184 12 -84.6 6.287 12 -85.3
2 24 6.287 12 -85.3 4.184 12 -84.6
2 24 6.287 12 -85.3 6.287 12 -96
4 16 17.45 12 -109.8 14.07 12 -114.2 9.766 12 -117.5 14.71 12 -106.3
2 24 14.07 12 -114.2 17.45 12 -109.8
2 24 9.766 12 -117.5 14.07 12 -114.2
2 24 17.45 12 -109.8 14.71 12 -106.3
3 16 14.71 12 -106.3 9.766 12 -117.5 16 12 -100.2
2 24 14.71 12 -106.3 16 12 -100.2
4 16 16 12 -100.2 9.766 12 -117.5 -15.49 12 -96 -6 12 -96
2 24 -15.49 12 -96 -6 12 -96
4 16 -15.49 12 -96 6.287 12 -114.7 -14.71 12 -106.3 -15.99 12 -100.5
2 24 -15.99 12 -100.5 -14.71 12 -106.3
2 24 -15.49 12 -96 -15.99 12 -100.5
4 16 -14.71 12 -106.3 6.287 12 -114.7 -6.287 12 -114.7 -17.45 12 -109.8
2 24 -14.71 12 -106.3 -17.45 12 -109.8
4 16 -17.45 12 -109.8 -6.287 12 -114.7 -9.766 12 -117.5 -14.07 12 -114.2
2 24 -9.766 12 -117.5 -6.287 12 -114.7
2 24 -14.07 12 -114.2 -9.766 12 -117.5
2 24 -17.45 12 -109.8 -14.07 12 -114.2
3 16 2 12 -84.1 4.184 12 -84.6 2 12 -96
2 24 4.184 12 -84.6 2 12 -84.1
2 24 2 12 -84.1 2 12 -96
4 16 2.147 12 -115.9 -2.147 12 -115.9 -6.287 12 -114.7 6.287 12 -114.7
2 24 -2.147 12 -115.9 2.147 12 -115.9
2 24 -6.287 12 -114.7 -2.147 12 -115.9
2 24 2.147 12 -115.9 6.287 12 -114.7
3 16 -15.49 12 -96 9.766 12 -117.5 6.287 12 -114.7
2 24 6.287 12 -114.7 9.766 12 -117.5
3 16 6.287 12 -96 15.49 12 -96 16 12 -100.2
2 24 6.287 12 -96 15.49 12 -96
2 24 16 12 -100.2 15.49 12 -96
3 16 -6 12 -96 -6 12 -85.2 -4.034 12 -84.5
2 24 -6 12 -96 -6 12 -85.2
2 24 -4.034 12 -84.5 -6 12 -85.2
3 16 14.85 4 -94 14.71 12 -93.7 14.85 16 -94
3 16 14.85 16 -94 14.71 12 -93.7 14.71 16 -93.7
2 24 14.71 12 -93.7 14.71 16 -93.7
2 24 14.85 16 -94 14.71 16 -93.7
3 16 -14.71 12 -93.7 -15.11 4 -94.7 -14.71 16 -93.7
2 24 -14.71 16 -93.7 -14.71 12 -93.7
3 16 -14.71 16 -93.7 -15.11 4 -94.7 -15.11 16 -94.7
2 24 -14.71 16 -93.7 -15.11 16 -94.7
4 16 -2 16 -84.1 -2 16 -80 -2 4 -80 -2 12 -84.1
2 24 -2 16 -80 -2 16 -84.1
2 24 -2 4 -80 -2 16 -80
2 24 -2 12 -84.1 -2 16 -84.1
4 16 -2 12 -84.1 -2 4 -80 -2 4 -96 -2 12 -96
2 24 -2 4 -80 -2 4 -96
2 24 -2 4 -96 -2 12 -96
4 16 2 12 -96 2 4 -96 2 4 -80 2 12 -84.1
2 24 2 12 -96 2 4 -96
2 24 2 4 -96 2 4 -80
4 16 2 12 -84.1 2 4 -80 2 16 -80 2 16 -84.1
2 24 2 4 -80 2 16 -80
2 24 2 16 -84.1 2 16 -80
2 24 2 12 -84.1 2 16 -84.1
4 16 4 -92.2 4.2 4 -93.5 2.3 4 -94 0 4 -90.3 5.5
4 16 4 -90.3 5.5 4 -94 0 4 -93.5 -2.3 4 -88 6
4 16 4 -88 6 4 -93.5 -2.3 4 -92.2 -4.2 4 -85.7 5.5
4 16 4 -85.7 5.5 4 -92.2 -4.2 4 -90.3 -5.5 4 -83.76 4.2
4 16 4 -83.76 4.2 4 -90.3 -5.5 4 -88 -6 4 -82.46 2.3
4 16 4 -82.46 2.3 4 -88 -6 4 -85.7 -5.5 4 -82 0
4 16 4 -82 0 4 -85.7 -5.5 4 -83.76 -4.2 4 -82.46 -2.3
4 16 2 -99.2 21.2 2 -68 99.23 17.92 -68 99.23 10 -99.2 21.2
2 24 2 -68 99.23 2 -99.2 21.2
5 24 2 -68 99.23 17.92 -68 99.23 10 -99.2 21.2 2 -68 116
2 24 2 -99.2 21.2 10 -99.2 21.2
3 16 10 -99.2 21.2 17.92 -68 99.23 10 -99.7 20
2 24 10 -99.7 20 17.92 -68 99.23
2 24 10 -99.2 21.2 10 -99.7 20
4 16 -4 -83.76 4.2 -4 -82.46 2.3 -4 -82 0 -4 -85.7 5.5
4 16 -4 -85.7 5.5 -4 -82 0 -4 -82.46 -2.3 -4 -88 6
4 16 -4 -88 6 -4 -82.46 -2.3 -4 -83.76 -4.2 -4 -90.3 5.5
4 16 -4 -90.3 5.5 -4 -83.76 -4.2 -4 -85.7 -5.5 -4 -92.2 4.2
4 16 -4 -92.2 4.2 -4 -85.7 -5.5 -4 -88 -6 -4 -93.5 2.3
4 16 -4 -93.5 2.3 -4 -88 -6 -4 -90.3 -5.5 -4 -94 0
4 16 -4 -94 0 -4 -90.3 -5.5 -4 -92.2 -4.2 -4 -93.5 -2.3
3 16 -2 -4 -76 -2 -4 -73.8 -2 6.343 -76
2 24 -2 -4 -73.8 -2 -4 -76
2 24 -2 -4 -76 -2 6.343 -76
3 16 -2 6.343 -76 -2 -4 -73.8 -2 -16.86 -59.9
4 16 -2 6.343 -76 -2 -16.86 -59.9 -2 -59.72 -17 -2 -61.28 -8.4
2 24 -2 -16.86 -59.9 -2 -59.72 -17
2 24 -2 6.343 -76 -2 -61.28 -8.4
3 16 -2 -61.28 -8.4 -2 -59.72 -17 -2 -65.27 -16.3
2 24 -2 -61.28 -8.4 -2 -65.27 -16.3
4 16 -2 -65.27 -16.3 -2 -59.72 -17 -2 -63.96 -22.6 -2 -71.56 -22.7
2 24 -2 -59.72 -17 -2 -63.96 -22.6
2 24 -2 -65.27 -16.3 -2 -71.56 -22.7
4 16 -2 -16.86 -59.9 -2 -4 -73.8 -2 -79.52 -26.7 -2 -69.28 -27.2
2 24 -2 -79.52 -26.7 -2 -4 -73.8
2 24 -2 -69.28 -27.2 -2 -16.86 -59.9
4 16 -2 -69.28 -27.2 -2 -79.52 -26.7 -2 -71.56 -22.7 -2 -63.96 -22.6
2 24 -2 -71.56 -22.7 -2 -79.52 -26.7
2 24 -2 -63.96 -22.6 -2 -69.28 -27.2
3 16 8.894 16 -82.1 9.766 16 -82.5 8 16 -81.7
2 24 9.766 16 -82.5 8.894 16 -82.1
2 24 8.894 16 -82.1 8 16 -81.7
3 16 8 16 -81.7 9.766 16 -82.5 6.287 16 -85.3
2 24 9.766 16 -82.5 6.287 16 -85.3
4 16 8 16 -81.7 6.287 16 -85.3 4.184 16 -84.6 8 16 -80
2 24 6.287 16 -85.3 4.184 16 -84.6
2 24 8 16 -81.7 8 16 -80
4 16 8 16 -80 4.184 16 -84.6 2 16 -84.1 2 16 -80
2 24 4.184 16 -84.6 2 16 -84.1
2 24 8 16 -80 2 16 -80
3 16 -8 16 -80 -8 -64 0 -2 16 -80
2 24 -8 -64 0 -8 16 -80
2 24 -8 16 -80 -2 16 -80
4 16 -2 16 -80 -8 -64 0 8 -64 0 2 16 -80
2 24 8 -64 0 -8 -64 0
2 24 2 16 -80 -2 16 -80
3 16 2 16 -80 8 -64 0 8 16 -80
2 24 8 16 -80 8 -64 0
3 16 -8 -69.11 -14.8 -8 -64.91 -6.5 -8 -61.28 -8.4
2 24 -8 -64.91 -6.5 -8 -69.11 -14.8
3 16 -8 -61.28 -8.4 -8 -64.91 -6.5 -8 -64 0
2 24 -8 -64 0 -8 -64.91 -6.5
3 16 -8 -61.28 -8.4 -8 -64 0 -8 6.343 -76
2 24 -8 6.343 -76 -8 -61.28 -8.4
4 16 -8 6.343 -76 -8 -64 0 -8 16 -80 -8 16 -81.7
2 24 -8 16 -81.7 -8 16 -80
3 16 -8 -4 -73.8 -8 -4 -76 -8 -79.52 -26.7
2 24 -8 -4 -73.8 -8 -4 -76
2 24 -8 -79.52 -26.7 -8 -4 -73.8
3 16 -8 -79.52 -26.7 -8 -4 -76 -8 0 -80
3 16 -8 -79.52 -26.7 -8 0 -80 -8 -8 -76
3 16 -8 -8 -76 -8 0 -80 -8 -8 -80
2 24 -8 0 -80 -8 -8 -80
2 24 -8 -8 -80 -8 -8 -76
3 16 -8 -8 -76 -8 -91.9 -23.7 -8 -79.52 -26.7
2 24 -8 -91.9 -23.7 -8 -8 -76
3 16 -8 -79.52 -26.7 -8 -91.9 -23.7 -8 -84.9 -23.8
2 24 -8 -84.9 -23.8 -8 -91.9 -23.7
4 16 -8 -79.52 -26.7 -8 -84.9 -23.8 -8 -76.14 -20.9 -8 -71.56 -22.7
2 24 -8 -76.14 -20.9 -8 -84.9 -23.8
2 24 -8 -71.56 -22.7 -8 -79.52 -26.7
4 16 -8 -71.56 -22.7 -8 -76.14 -20.9 -8 -61.28 -8.4 -8 -65.27 -16.3
2 24 -8 -61.28 -8.4 -8 -65.27 -16.3
2 24 -8 -65.27 -16.3 -8 -71.56 -22.7
3 16 -8 -61.28 -8.4 -8 -76.14 -20.9 -8 -69.11 -14.8
2 24 -8 -69.11 -14.8 -8 -76.14 -20.9
4 16 -8 16 -81.7 -8 0 -81.7 -8 0 -80 -8 6.343 -76
2 24 -8 0 -81.7 -8 16 -81.7
2 24 -8 0 -80 -8 0 -81.7
3 16 -8 6.343 -76 -8 0 -80 -8 -4 -76
2 24 -8 -4 -76 -8 6.343 -76
4 16 -16 8 140 -20 8 140 -20 8 160 -16 8 156
2 24 -20 8 140 -16 8 140
2 24 -20 8 160 -20 8 140
2 24 -16 8 156 -16 8 140
4 16 -16 8 156 -20 8 160 20 8 160 16 8 156
2 24 -20 8 160 20 8 160
2 24 16 8 156 -16 8 156
4 16 16 8 156 20 8 160 20 8 140 16 8 140
2 24 20 8 140 20 8 160
2 24 16 8 140 20 8 140
2 24 16 8 140 16 8 156
4 16 16 16 124 20 16 120 -20 16 120 -16 16 124
2 24 -20 16 120 20 16 120
2 24 -16 16 124 16 16 124
4 16 -16 16 124 -20 16 120 -20 16 140 -16 16 136
2 24 -20 16 140 -20 16 120
2 24 -16 16 136 -16 16 124
4 16 -16 16 136 -20 16 140 20 16 140 16 16 136
2 24 20 16 140 -20 16 140
2 24 16 16 136 -16 16 136
4 16 16 16 136 20 16 140 20 16 120 16 16 124
2 24 20 16 120 20 16 140
2 24 16 16 124 16 16 136
4 16 -20 0 160 -20 8 160 -20 8 140 -20 0 120
2 24 -20 0 160 -20 8 160
2 24 -20 0 120 -20 0 160
3 16 -20 0 120 -20 8 140 -20 8 120
5 24 -20 0 120 -20 8 120 -19.6 4 116 -20 8 140
4 16 -20 8 120 -20 8 140 -20 16 140 -20 16 120
2 24 -20 16 140 -20 8 140
2 24 -20 8 120 -20 16 120
4 16 -20 16 140 -20 8 140 -16 8 140 20 16 140
3 16 20 16 140 -16 8 140 16 8 140
4 16 16 8 140 -16 8 140 -16 4 140 16 4 140
2 24 -16 8 140 -16 4 140
2 24 -16 4 140 16 4 140
2 24 16 4 140 16 8 140
3 16 16 8 140 20 8 140 20 16 140
2 24 20 16 140 20 8 140
3 16 -2 -72.9 18.7 -2 -81.09 23 -2 -86.3 32
2 24 -2 -81.09 23 -2 -72.9 18.7
3 16 -2 -86.3 32 -2 -81.09 23 -2 -90.3 23.9
2 24 -2 -90.3 23.9 -2 -81.09 23
3 16 -2 -86.3 32 -2 -90.3 23.9 -2 -79.88 48
2 24 -2 -79.88 48 -2 -86.3 32
3 16 -2 -79.88 48 -2 -90.3 23.9 -2 -99.2 21.2
2 24 -2 -99.2 21.2 -2 -90.3 23.9
3 16 -2 -79.88 48 -2 -99.2 21.2 -2 -75.08 60
4 16 -2 -75.08 60 -2 -99.2 21.2 -2 -68 99.23 -2 -67.08 80
2 24 -2 -68 99.23 -2 -99.2 21.2
2 24 -2 -67.08 80 -2 -75.08 60
4 16 -2 -67.08 80 -2 -68 99.23 -2 -60 108 -2 -62.28 92
3 16 -2 -62.28 92 -2 -60 108 -2 -60 97.69
2 24 -2 -60 108 -2 -60 97.69
2 24 -2 -60 97.69 -2 -62.28 92
4 16 -2 -62.28 92 -2 -20.09 92 -2 -27.67 80 -2 -67.08 80
2 24 -2 -62.28 92 -2 -20.09 92
2 24 -2 -27.67 80 -2 -67.08 80
3 16 -2 -27.67 80 -2 -20.09 92 -2 -64.81 6.2
3 16 -2 -27.67 80 -2 -64.81 6.2 -2 -40.3 60
2 24 -2 -40.3 60 -2 -27.67 80
3 16 -2 -40.3 60 -2 -64.81 6.2 -2 -47.88 48
4 16 -2 -40.3 60 -2 -47.88 48 -2 -79.88 48 -2 -75.08 60
2 24 -2 -47.88 48 -2 -79.88 48
2 24 -2 -75.08 60 -2 -40.3 60
3 16 -2 -66.95 11.5 -2 -72.9 18.7 -2 -64.49 21.7
2 24 -2 -72.9 18.7 -2 -66.95 11.5
4 16 -2 -64.49 21.7 -2 -72.9 18.7 -2 -86.3 32 -2 -74.39 29
2 24 -2 -86.3 32 -2 -74.39 29
2 24 -2 -74.39 29 -2 -64.49 21.7
4 16 -2 4 116 -2 -9.98 108 -2 -60 108 -2 -68 116
2 24 -2 -9.98 108 -2 -60 108
2 24 -2 -68 116 -2 4 116
3 16 -2 -68 116 -2 -60 108 -2 -68 99.23
2 24 -2 -68 99.23 -2 -68 116
4 16 -2 -66.95 11.5 -2 -64.49 21.7 -2 -47.88 48 -2 -64.81 6.2
2 24 -2 -64.49 21.7 -2 -47.88 48
2 24 -2 -66.95 11.5 -2 -64.81 6.2
3 16 -2 -64.81 6.2 -2 -20.09 92 -2 4 115.16
2 24 -2 -64.81 6.2 -2 4 115.16
4 16 -2 4 115.16 -2 -20.09 92 -2 -9.98 108 -2 4 116
2 24 -2 -20.09 92 -2 -9.98 108
2 24 -2 4 116 -2 4 115.16
3 16 -10 -99.7 20 -17.92 -68 99.23 -10 -99.2 21.2
2 24 -17.92 -68 99.23 -10 -99.7 20
2 24 -10 -99.7 20 -10 -99.2 21.2
4 16 -10 -99.2 21.2 -17.92 -68 99.23 -2 -68 99.23 -2 -99.2 21.2
5 24 -17.92 -68 99.23 -2 -68 99.23 -2 -99.2 21.2 -19.6 -68 116
2 24 -10 -99.2 21.2 -2 -99.2 21.2
4 16 -10 -99.7 20 -10 -101.3 20 -18 -72 100 -17.92 -68 99.23
3 16 -18 -72 100 -10 -101.3 20 -9.839 -103.4 18.4
2 24 -9.839 -103.4 18.4 -10 -101.3 20
3 16 -18 -72 100 -9.839 -103.4 18.4 -9.655 -105.4 16.6
2 24 -9.655 -105.4 16.6 -9.839 -103.4 18.4
2 24 -18 -72 100 -9.655 -105.4 16.6
4 16 -20 0 120 -19.6 4 116 -19.6 -68 116 -20 -72 120
2 24 -19.6 4 116 -19.6 -68 116
2 24 -20 -72 120 -20 0 120
4 16 -20 -72 120 -19.6 -68 116 -17.92 -68 99.23 -18 -72 100
2 24 -19.6 -68 116 -17.92 -68 99.23
2 24 -20 -72 120 -18 -72 100
3 16 -8.269 -64.18 2.7 -8.313 -64.2 3.1 -19.4 8 114
2 24 -8.313 -64.2 3.1 -8.269 -64.18 2.7
4 16 -19.4 8 114 -8.313 -64.2 3.1 -8.62 -64.81 6.2 -19.52 4 115.16
2 24 -8.62 -64.81 6.2 -8.313 -64.2 3.1
2 24 -8.62 -64.81 6.2 -19.52 4 115.16
4 16 -19.4 8 114 -19.52 4 115.16 -19.6 4 116 -20 8 120
2 24 -19.52 4 115.16 -19.6 4 116
2 24 -19.4 8 114 -20 8 120
3 16 -20 8 120 -19.6 4 116 -20 0 120
3 16 -19.4 8 114 -8 -64 0 -8.269 -64.18 2.7
2 24 -8 -64 0 -19.4 8 114
2 24 -8.269 -64.18 2.7 -8 -64 0
3 16 -8.313 -64.2 3.1 -8.269 -64.18 2.7 -10 -64.15 2.7
5 24 -8.313 -64.2 3.1 -10 -64.15 2.7 -8.62 -64.81 6.2 -8.269 -64.18 2.7
3 16 -10 -64.15 2.7 -8.269 -64.18 2.7 -8 -64 0
5 24 -8 -64 0 -10 -64.15 2.7 -8.269 -64.18 2.7 -10 -64.91 -6.5
3 16 8.269 -64.18 2.7 10 -64.15 2.7 8 -64 0
5 24 10 -64.15 2.7 8 -64 0 8.269 -64.18 2.7 10 -64.91 -6.5
2 24 8.269 -64.18 2.7 8 -64 0
3 16 8.269 -64.18 2.7 8.313 -64.2 3.1 10 -64.15 2.7
2 24 8.313 -64.2 3.1 8.269 -64.18 2.7
5 24 8.313 -64.2 3.1 10 -64.15 2.7 8.269 -64.18 2.7 8.62 -64.81 6.2
3 16 -10 -100.8 -7.2 -10 -101.7 -8.5 -10 -105.9 -8.9
3 16 -10 -105.9 -8.9 -10 -101.7 -8.5 -10 -102 -10
4 16 -10 -105.9 -8.9 -10 -102 -10 -10 -102.5 -19.1 -10 -108.7 -12.2
2 24 -10 -102.5 -19.1 -10 -108.7 -12.2
3 16 -10 -102.5 -19.1 -10 -102 -10 -10 -101.7 -11.5
3 16 -10 -102.5 -19.1 -10 -101.7 -11.5 -10 -100.8 -12.8
4 16 -10 -82 0 -10 -82.46 2.3 -10 -79.53 6.3 -10 -78 6
3 16 -10 -79.53 6.3 -10 -82.46 2.3 -10 -83.76 4.2
4 16 -10 -79.53 6.3 -10 -83.76 4.2 -10 -85.7 5.5 -10 -88 8
4 16 -10 -88 8 -10 -85.7 5.5 -10 -88 6 -10 -90.4 7.6
2 24 -10 -90.4 7.6 -10 -88 8
3 16 -10 -90.4 7.6 -10 -88 6 -10 -90.3 5.5
3 16 -10 -94 0 -10 -93.5 -2.3 -10 -95.6 -2.4
3 16 -10 -95.6 -2.4 -10 -93.5 -2.3 -10 -92.2 -4.2
4 16 -10 -95.6 -2.4 -10 -92.2 -4.2 -10 -98 -6 -10 -98.4 -2
2 24 -10 -98.4 -2 -10 -95.6 -2.4
4 16 -10 -98.4 -2 -10 -98 -6 -10 -103.4 -4.1 -10 -101.1 -2.6
2 24 -10 -103.4 -4.1 -10 -101.1 -2.6
2 24 -10 -101.1 -2.6 -10 -98.4 -2
3 16 -10 -103.4 -4.1 -10 -98 -6 -10 -99.5 -6.3
4 16 -10 -103.4 -4.1 -10 -99.5 -6.3 -10 -105.9 -8.9 -10 -105.1 -6.3
2 24 -10 -105.9 -8.9 -10 -105.1 -6.3
2 24 -10 -105.1 -6.3 -10 -103.4 -4.1
3 16 -10 -105.9 -8.9 -10 -99.5 -6.3 -10 -100.8 -7.2
4 16 -10 -98 -6 -10 -92.2 -4.2 -10 -90.3 -5.5 -10 -96.5 -6.3
4 16 -10 -96.5 -6.3 -10 -90.3 -5.5 -10 -88 -6 -10 -88 -8
4 16 -10 -88 -8 -10 -88 -6 -10 -85.7 -5.5 -10 -85.6 -7.6
2 24 -10 -85.6 -7.6 -10 -88 -8
4 16 -10 -85.6 -7.6 -10 -85.7 -5.5 -10 -81.7 -11.5 -10 -79.12 -17.9
3 16 -10 -79.12 -17.9 -10 -81.7 -11.5 -10 -80.83 -12.8
3 16 -10 -94.3 -8.5 -10 -95.2 -7.2 -10 -90.4 -7.6
3 16 -10 -90.4 -7.6 -10 -95.2 -7.2 -10 -96.5 -6.3
3 16 -10 -90.4 -7.6 -10 -96.5 -6.3 -10 -88 -8
2 24 -10 -88 -8 -10 -90.4 -7.6
3 16 -10 -98 -14 -10 -96.5 -13.7 -10 -96.9 -17.9
3 16 -10 -96.9 -17.9 -10 -96.5 -13.7 -10 -95.2 -12.8
4 16 -10 -96.9 -17.9 -10 -95.2 -12.8 -10 -94.3 -11.5 -10 -90.4 -7.6
3 16 -10 -90.4 -7.6 -10 -94.3 -11.5 -10 -94 -10
3 16 -10 -100.8 -12.8 -10 -99.5 -13.7 -10 -102.5 -19.1
4 16 -10 -102.5 -19.1 -10 -99.5 -13.7 -10 -98 -14 -10 -96.9 -17.9
3 16 -10 -74 -10 -10 -74.3 -8.5 -10 -70.08 -8.9
3 16 -10 -70.08 -8.9 -10 -74.3 -8.5 -10 -75.17 -7.2
4 16 -10 -70.08 -8.9 -10 -75.17 -7.2 -10 -76.47 -6.3 -10 -80.35 -2.4
3 16 -10 -80.35 -2.4 -10 -76.47 -6.3 -10 -78 -6
3 16 -10 -80.83 -12.8 -10 -79.53 -13.7 -10 -79.12 -17.9
3 16 -10 -79.12 -17.9 -10 -79.53 -13.7 -10 -78 -14
4 16 -10 -79.12 -17.9 -10 -78 -14 -10 -76.47 -13.7 -10 -76.14 -20.9
4 16 -10 -76.14 -20.9 -10 -76.47 -13.7 -10 -75.17 -12.8 -10 -69.11 -14.8
2 24 -10 -69.11 -14.8 -10 -76.14 -20.9
4 16 -10 -69.11 -14.8 -10 -75.17 -12.8 -10 -74.3 -11.5 -10 -70.08 -8.9
3 16 -10 -70.08 -8.9 -10 -74.3 -11.5 -10 -74 -10
3 16 -10 -78 14 -10 -79.53 13.7 -10 -83.92 15.4
3 16 -10 -83.92 15.4 -10 -79.53 13.7 -10 -80.83 12.8
4 16 -10 -83.92 15.4 -10 -80.83 12.8 -10 -81.7 11.5 -10 -85.6 7.6
3 16 -10 -85.6 7.6 -10 -81.7 11.5 -10 -82 10
4 16 -10 -90.3 23.9 -10 -81.09 23 -10 -79.12 17.9 -10 -84.9 19.8
2 24 -10 -90.3 23.9 -10 -81.09 23
2 24 -10 -84.9 19.8 -10 -79.12 17.9
3 16 -10 -79.12 17.9 -10 -81.09 23 -10 -72.9 18.7
2 24 -10 -81.09 23 -10 -72.9 18.7
4 16 -10 -79.12 17.9 -10 -72.9 18.7 -10 -83.92 15.4 -10 -81.74 17.1
2 24 -10 -83.92 15.4 -10 -81.74 17.1
2 24 -10 -81.74 17.1 -10 -79.12 17.9
3 16 -10 -83.92 15.4 -10 -72.9 18.7 -10 -76.47 13.7
3 16 -10 -83.92 15.4 -10 -76.47 13.7 -10 -78 14
3 16 -10 -74.3 8.5 -10 -74 10 -10 -70.08 8.9
3 16 -10 -70.08 8.9 -10 -74 10 -10 -74.3 11.5
4 16 -10 -70.08 8.9 -10 -74.3 11.5 -10 -75.17 12.8 -10 -72.9 18.7
3 16 -10 -72.9 18.7 -10 -75.17 12.8 -10 -76.47 13.7
3 16 -10 -81.7 8.5 -10 -80.83 7.2 -10 -85.6 7.6
3 16 -10 -85.6 7.6 -10 -80.83 7.2 -10 -79.53 6.3
3 16 -10 -85.6 7.6 -10 -79.53 6.3 -10 -88 8
2 24 -10 -88 8 -10 -85.6 7.6
3 16 -10 -82 0 -10 -78 6 -10 -80.35 2.4
4 16 -10 -82 0 -10 -80.35 2.4 -10 -80 0 -10 -82.46 -2.3
2 24 -10 -80.35 2.4 -10 -80 0
4 16 -10 -82.46 -2.3 -10 -80 0 -10 -81.7 -8.5 -10 -83.76 -4.2
4 16 -10 -83.76 -4.2 -10 -81.7 -8.5 -10 -82 -10 -10 -85.7 -5.5
3 16 -10 -85.7 -5.5 -10 -82 -10 -10 -81.7 -11.5
4 16 -10 -102.5 -19.1 -10 -96.9 -17.9 -10 -91.1 -19.8 -10 -94.2 -23.2
2 24 -10 -91.1 -19.8 -10 -96.9 -17.9
2 24 -10 -94.2 -23.2 -10 -102.5 -19.1
3 16 -10 -94.2 -23.2 -10 -91.1 -19.8 -10 -84.9 -19.8
2 24 -10 -84.9 -19.8 -10 -91.1 -19.8
3 16 -10 -79.53 -6.3 -10 -80.83 -7.2 -10 -80.35 -2.4
3 16 -10 -80.35 -2.4 -10 -80.83 -7.2 -10 -81.7 -8.5
3 16 -10 -80.35 -2.4 -10 -81.7 -8.5 -10 -80 0
2 24 -10 -80 0 -10 -80.35 -2.4
3 16 -10 -90.3 5.5 -10 -92.2 4.2 -10 -90.4 7.6
3 16 -10 -90.4 7.6 -10 -92.2 4.2 -10 -93.5 2.3
3 16 -10 -90.4 7.6 -10 -93.5 2.3 -10 -95.6 2.4
4 16 -10 -95.6 2.4 -10 -93.5 2.3 -10 -94 0 -10 -95.6 -2.4
3 16 -10 -95.6 2.4 -10 -95.6 -2.4 -10 -96 0
2 24 -10 -95.6 -2.4 -10 -96 0
2 24 -10 -96 0 -10 -95.6 2.4
4 16 -10 -90.6 -13.1 -10 -92.1 -15.4 -10 -90.4 -7.6 -10 -90 -10.4
2 24 -10 -90.6 -13.1 -10 -92.1 -15.4
2 24 -10 -90.4 -7.6 -10 -90 -10.4
2 24 -10 -90 -10.4 -10 -90.6 -13.1
4 16 -10 -90.4 -7.6 -10 -92.1 -15.4 -10 -94.3 -17.1 -10 -96.9 -17.9
2 24 -10 -92.1 -15.4 -10 -94.3 -17.1
2 24 -10 -94.3 -17.1 -10 -96.9 -17.9
4 16 -10 -80.35 2.4 -10 -76.47 6.3 -10 -75.17 7.2 -10 -70.08 8.9
3 16 -10 -70.08 8.9 -10 -75.17 7.2 -10 -74.3 8.5
4 16 -10 -86 10.4 -10 -85.4 13.1 -10 -83.92 15.4 -10 -85.6 7.6
2 24 -10 -86 10.4 -10 -85.4 13.1
2 24 -10 -85.4 13.1 -10 -83.92 15.4
2 24 -10 -85.6 7.6 -10 -86 10.4
3 16 -10 -94.3 8.5 -10 -94 10 -10 -90.6 13.1
3 16 -10 -90.6 13.1 -10 -94 10 -10 -94.3 11.5
4 16 -10 -90.6 13.1 -10 -94.3 11.5 -10 -95.2 12.8 -10 -96.9 17.9
4 16 -10 -96.9 17.9 -10 -95.2 12.8 -10 -96.5 13.7 -10 -101.3 20
3 16 -10 -101.3 20 -10 -96.5 13.7 -10 -98 14
4 16 -10 -74.94 -2.6 -10 -72.61 -4.1 -10 -80.35 -2.4 -10 -77.62 -2
2 24 -10 -74.94 -2.6 -10 -72.61 -4.1
2 24 -10 -80.35 -2.4 -10 -77.62 -2
2 24 -10 -77.62 -2 -10 -74.94 -2.6
4 16 -10 -80.35 -2.4 -10 -72.61 -4.1 -10 -70.93 -6.3 -10 -70.08 -8.9
2 24 -10 -72.61 -4.1 -10 -70.93 -6.3
2 24 -10 -70.93 -6.3 -10 -70.08 -8.9
3 16 -10 -94.3 8.5 -10 -90.6 13.1 -10 -95.2 7.2
3 16 -10 -95.2 7.2 -10 -90.6 13.1 -10 -90 10.4
2 24 -10 -90.6 13.1 -10 -90 10.4
3 16 -10 -95.2 7.2 -10 -90 10.4 -10 -96.5 6.3
4 16 -10 -96.5 6.3 -10 -90 10.4 -10 -90.4 7.6 -10 -95.6 2.4
2 24 -10 -90 10.4 -10 -90.4 7.6
3 16 -10 -79.12 -17.9 -10 -76.14 -20.9 -10 -84.9 -19.8
2 24 -10 -79.12 -17.9 -10 -84.9 -19.8
4 16 -10 -84.9 -19.8 -10 -76.14 -20.9 -10 -84.9 -23.8 -10 -94.2 -23.2
2 24 -10 -76.14 -20.9 -10 -84.9 -23.8
2 24 -10 -84.9 -23.8 -10 -94.2 -23.2
3 16 -10 -99.5 13.7 -10 -100.8 12.8 -10 -101.3 20
3 16 -10 -101.3 20 -10 -100.8 12.8 -10 -101.7 11.5
3 16 -10 -101.3 20 -10 -101.7 11.5 -10 -102 10
3 16 -10 -101.3 20 -10 -102 10 -10 -103.4 4.1
3 16 -10 -103.4 4.1 -10 -102 10 -10 -101.7 8.5
4 16 -10 -103.4 4.1 -10 -101.7 8.5 -10 -100.8 7.2 -10 -101.1 2.6
2 24 -10 -101.1 2.6 -10 -103.4 4.1
4 16 -10 -101.1 2.6 -10 -100.8 7.2 -10 -99.5 6.3 -10 -98.4 2
2 24 -10 -98.4 2 -10 -101.1 2.6
4 16 -10 -98.4 2 -10 -99.5 6.3 -10 -98 6 -10 -95.6 2.4
2 24 -10 -95.6 2.4 -10 -98.4 2
3 16 -10 -95.6 2.4 -10 -98 6 -10 -96.5 6.3
3 16 -10 -96.9 17.9 -10 -101.3 20 -10 -91.1 19.8
2 24 -10 -96.9 17.9 -10 -91.1 19.8
3 16 -10 -91.1 19.8 -10 -101.3 20 -10 -99.7 20
3 16 -10 -91.1 19.8 -10 -99.7 20 -10 -84.9 19.8
2 24 -10 -91.1 19.8 -10 -84.9 19.8
4 16 -10 -84.9 19.8 -10 -99.7 20 -10 -99.2 21.2 -10 -90.3 23.9
2 24 -10 -99.2 21.2 -10 -90.3 23.9
4 16 -10 -83.92 -15.4 -10 -85.4 -13.1 -10 -79.12 -17.9 -10 -81.74 -17.1
2 24 -10 -83.92 -15.4 -10 -85.4 -13.1
2 24 -10 -79.12 -17.9 -10 -81.74 -17.1
2 24 -10 -81.74 -17.1 -10 -83.92 -15.4
4 16 -10 -79.12 -17.9 -10 -85.4 -13.1 -10 -86 -10.4 -10 -85.6 -7.6
2 24 -10 -85.4 -13.1 -10 -86 -10.4
2 24 -10 -86 -10.4 -10 -85.6 -7.6
3 16 -10 -70.08 8.9 -10 -72.9 18.7 -10 -68.23 3.1
2 24 -10 -70.08 8.9 -10 -68.23 3.1
3 16 -10 -68.23 3.1 -10 -72.9 18.7 -10 -66.95 11.5
2 24 -10 -72.9 18.7 -10 -66.95 11.5
3 16 -10 -68.23 3.1 -10 -66.95 11.5 -10 -68.23 -3.1
2 24 -10 -68.23 3.1 -10 -68.23 -3.1
4 16 -10 -68.23 -3.1 -10 -66.95 11.5 -10 -64.15 2.7 -10 -64.91 -6.5
2 24 -10 -66.95 11.5 -10 -64.15 2.7
2 24 -10 -64.15 2.7 -10 -64.91 -6.5
4 16 -10 -72.61 4.1 -10 -74.94 2.6 -10 -70.08 8.9 -10 -70.93 6.3
2 24 -10 -72.61 4.1 -10 -74.94 2.6
2 24 -10 -70.08 8.9 -10 -70.93 6.3
2 24 -10 -70.93 6.3 -10 -72.61 4.1
4 16 -10 -70.08 8.9 -10 -74.94 2.6 -10 -77.62 2 -10 -80.35 2.4
2 24 -10 -74.94 2.6 -10 -77.62 2
2 24 -10 -77.62 2 -10 -80.35 2.4
4 16 -10 -111.8 -3.4 -10 -111.3 5.8 -10 -105.9 8.9 -10 -107.8 3.1
2 24 -10 -111.8 -3.4 -10 -111.3 5.8
2 24 -10 -107.8 3.1 -10 -105.9 8.9
3 16 -10 -105.9 8.9 -10 -111.3 5.8 -10 -107.3 14.2
2 24 -10 -111.3 5.8 -10 -107.3 14.2
3 16 -10 -105.9 8.9 -10 -107.3 14.2 -10 -105.1 6.3
2 24 -10 -105.1 6.3 -10 -105.9 8.9
4 16 -10 -105.1 6.3 -10 -107.3 14.2 -10 -101.3 20 -10 -103.4 4.1
2 24 -10 -107.3 14.2 -10 -101.3 20
2 24 -10 -103.4 4.1 -10 -105.1 6.3
3 16 -10 -111.8 -3.4 -10 -107.8 3.1 -10 -108.7 -12.2
2 24 -10 -108.7 -12.2 -10 -111.8 -3.4
3 16 -10 -108.7 -12.2 -10 -107.8 3.1 -10 -107.8 -3.1
2 24 -10 -107.8 -3.1 -10 -107.8 3.1
3 16 -10 -108.7 -12.2 -10 -107.8 -3.1 -10 -105.9 -8.9
2 24 -10 -105.9 -8.9 -10 -107.8 -3.1
4 16 -10 -94.3 17.1 -10 -92.1 15.4 -10 -90.6 13.1 -10 -96.9 17.9
2 24 -10 -94.3 17.1 -10 -92.1 15.4
2 24 -10 -92.1 15.4 -10 -90.6 13.1
2 24 -10 -96.9 17.9 -10 -94.3 17.1
4 16 -10 -68.23 -3.1 -10 -64.91 -6.5 -10 -69.11 -14.8 -10 -70.08 -8.9
2 24 -10 -64.91 -6.5 -10 -69.11 -14.8
2 24 -10 -68.23 -3.1 -10 -70.08 -8.9
3 16 -10 -94 -10 -10 -94.3 -8.5 -10 -90.4 -7.6
3 16 -10 -85.6 7.6 -10 -82 10 -10 -81.7 8.5
3 16 -10 -78 -6 -10 -79.53 -6.3 -10 -80.35 -2.4
3 16 -10 -80.35 2.4 -10 -78 6 -10 -76.47 6.3
3 16 -10 -98 14 -10 -99.5 13.7 -10 -101.3 20
4 16 20 8 160 20 0 160 20 0 120 20 8 140
2 24 20 8 160 20 0 160
2 24 20 0 160 20 0 120
4 16 20 8 140 20 0 120 20 8 120 20 16 140
5 24 20 8 120 20 0 120 19.6 -68 116 20 16 140
3 16 20 16 140 20 8 120 20 16 120
2 24 20 8 120 20 16 120
3 16 9.839 -103.4 18.4 10 -101.3 20 18 -72 100
2 24 9.839 -103.4 18.4 10 -101.3 20
4 16 18 -72 100 10 -101.3 20 10 -99.7 20 17.92 -68 99.23
3 16 8.313 -64.2 3.1 8.269 -64.18 2.7 19.52 4 115.16
4 16 19.52 4 115.16 8.269 -64.18 2.7 8 -64 0 19.4 8 114
2 24 8 -64 0 19.4 8 114
4 16 19.52 4 115.16 19.4 8 114 20 8 120 19.6 4 116
2 24 19.4 8 114 20 8 120
2 24 19.6 4 116 19.52 4 115.16
3 16 19.6 4 116 20 8 120 19.6 -68 116
2 24 19.6 -68 116 19.6 4 116
3 16 19.6 -68 116 20 8 120 20 0 120
3 16 19.6 -68 116 20 0 120 20 -72 120
2 24 20 0 120 20 -72 120
4 16 19.6 -68 116 20 -72 120 18 -72 100 17.92 -68 99.23
2 24 20 -72 120 18 -72 100
2 24 17.92 -68 99.23 19.6 -68 116
3 16 18 -72 100 9.655 -105.4 16.6 9.839 -103.4 18.4
2 24 18 -72 100 9.655 -105.4 16.6
2 24 9.655 -105.4 16.6 9.839 -103.4 18.4
3 16 19.52 4 115.16 8.62 -64.81 6.2 8.313 -64.2 3.1
2 24 19.52 4 115.16 8.62 -64.81 6.2
2 24 8.62 -64.81 6.2 8.313 -64.2 3.1
3 16 10 -101.7 8.5 10 -102 10 10 -105.1 6.3
3 16 10 -105.1 6.3 10 -102 10 10 -101.7 11.5
3 16 10 -105.1 6.3 10 -101.7 11.5 10 -99.2 21.2
3 16 10 -99.2 21.2 10 -101.7 11.5 10 -100.8 12.8
3 16 10 -99.2 21.2 10 -100.8 12.8 10 -99.5 13.7
3 16 10 -74.3 8.5 10 -75.17 7.2 10 -70.93 6.3
4 16 10 -70.93 6.3 10 -75.17 7.2 10 -76.47 6.3 10 -80.35 2.4
3 16 10 -70.93 6.3 10 -80.35 2.4 10 -72.61 4.1
2 24 10 -72.61 4.1 10 -70.93 6.3
4 16 10 -72.61 4.1 10 -80.35 2.4 10 -77.62 2 10 -74.94 2.6
2 24 10 -80.35 2.4 10 -77.62 2
2 24 10 -77.62 2 10 -74.94 2.6
2 24 10 -74.94 2.6 10 -72.61 4.1
3 16 10 -78 14 10 -76.47 13.7 10 -79.12 17.9
3 16 10 -79.12 17.9 10 -76.47 13.7 10 -75.17 12.8
4 16 10 -79.12 17.9 10 -75.17 12.8 10 -70.08 8.9 10 -72.9 18.7
3 16 10 -70.08 8.9 10 -75.17 12.8 10 -74.3 11.5
4 16 10 -70.08 8.9 10 -74.3 11.5 10 -74 10 10 -70.93 6.3
2 24 10 -70.93 6.3 10 -70.08 8.9
3 16 10 -70.93 6.3 10 -74 10 10 -74.3 8.5
3 16 10 -88 6 10 -85.7 5.5 10 -85.6 7.6
3 16 10 -85.6 7.6 10 -85.7 5.5 10 -83.76 4.2
3 16 10 -85.6 7.6 10 -83.76 4.2 10 -86 10.4
2 24 10 -86 10.4 10 -85.6 7.6
3 16 10 -86 10.4 10 -83.76 4.2 10 -82.46 2.3
3 16 10 -86 10.4 10 -82.46 2.3 10 -80.35 -2.4
3 16 10 -80.35 -2.4 10 -82.46 2.3 10 -82 0
3 16 10 -80.35 -2.4 10 -82 0 10 -82.46 -2.3
3 16 10 -74.3 -11.5 10 -75.17 -12.8 10 -69.11 -14.8
3 16 10 -69.11 -14.8 10 -75.17 -12.8 10 -76.47 -13.7
4 16 10 -69.11 -14.8 10 -76.47 -13.7 10 -81.74 -17.1 10 -79.12 -17.9
2 24 10 -81.74 -17.1 10 -79.12 -17.9
3 16 10 -81.74 -17.1 10 -76.47 -13.7 10 -78 -14
3 16 10 -81.74 -17.1 10 -78 -14 10 -79.53 -13.7
3 16 10 -81.7 -8.5 10 -80.83 -7.2 10 -85.6 -7.6
3 16 10 -85.6 -7.6 10 -80.83 -7.2 10 -79.53 -6.3
3 16 10 -85.6 -7.6 10 -79.53 -6.3 10 -88 -8
2 24 10 -88 -8 10 -85.6 -7.6
4 16 10 -88 -8 10 -79.53 -6.3 10 -83.76 -4.2 10 -85.7 -5.5
3 16 10 -64.91 -6.5 10 -64.15 2.7 10 -70.08 8.9
2 24 10 -64.91 -6.5 10 -64.15 2.7
4 16 10 -70.08 8.9 10 -64.15 2.7 10 -66.95 11.5 10 -72.9 18.7
2 24 10 -64.15 2.7 10 -66.95 11.5
2 24 10 -66.95 11.5 10 -72.9 18.7
4 16 10 -79.12 17.9 10 -72.9 18.7 10 -81.09 23 10 -84.9 19.8
2 24 10 -72.9 18.7 10 -81.09 23
2 24 10 -79.12 17.9 10 -84.9 19.8
4 16 10 -98 6 10 -99.5 6.3 10 -105.1 6.3 10 -103.4 4.1
2 24 10 -105.1 6.3 10 -103.4 4.1
3 16 10 -105.1 6.3 10 -99.5 6.3 10 -100.8 7.2
3 16 10 -105.1 6.3 10 -100.8 7.2 10 -101.7 8.5
4 16 10 -92.2 4.2 10 -90.3 5.5 10 -88 8 10 -98.4 2
4 16 10 -98.4 2 10 -88 8 10 -96.5 6.3 10 -101.1 2.6
2 24 10 -101.1 2.6 10 -98.4 2
3 16 10 -101.1 2.6 10 -96.5 6.3 10 -103.4 4.1
2 24 10 -103.4 4.1 10 -101.1 2.6
3 16 10 -103.4 4.1 10 -96.5 6.3 10 -98 6
4 16 10 -85.4 -13.1 10 -83.92 -15.4 10 -85.6 -7.6 10 -86 -10.4
2 24 10 -85.4 -13.1 10 -83.92 -15.4
2 24 10 -85.6 -7.6 10 -86 -10.4
2 24 10 -86 -10.4 10 -85.4 -13.1
3 16 10 -85.6 -7.6 10 -83.92 -15.4 10 -81.74 -17.1
2 24 10 -83.92 -15.4 10 -81.74 -17.1
4 16 10 -85.6 -7.6 10 -81.74 -17.1 10 -80.83 -12.8 10 -81.7 -11.5
3 16 10 -80.83 -12.8 10 -81.74 -17.1 10 -79.53 -13.7
3 16 10 -85.6 -7.6 10 -81.7 -11.5 10 -82 -10
3 16 10 -85.6 -7.6 10 -82 -10 10 -81.7 -8.5
4 16 10 -84.9 19.8 10 -81.09 23 10 -90.3 23.9 10 -91.1 19.8
2 24 10 -81.09 23 10 -90.3 23.9
2 24 10 -84.9 19.8 10 -91.1 19.8
4 16 10 -91.1 19.8 10 -90.3 23.9 10 -99.2 21.2 10 -96.9 17.9
2 24 10 -90.3 23.9 10 -99.2 21.2
2 24 10 -91.1 19.8 10 -96.9 17.9
3 16 10 -78 6 10 -79.53 6.3 10 -80.35 2.4
3 16 10 -80.35 2.4 10 -79.53 6.3 10 -80.83 7.2
3 16 10 -80.35 2.4 10 -80.83 7.2 10 -80.35 -2.4
3 16 10 -80.35 -2.4 10 -80.83 7.2 10 -81.7 8.5
3 16 10 -80.35 -2.4 10 -81.7 8.5 10 -82 10
4 16 10 -85.4 13.1 10 -86 10.4 10 -80.35 -2.4 10 -83.92 15.4
2 24 10 -85.4 13.1 10 -86 10.4
2 24 10 -83.92 15.4 10 -85.4 13.1
3 16 10 -83.92 15.4 10 -80.35 -2.4 10 -82 10
3 16 10 -83.92 15.4 10 -82 10 10 -81.7 11.5
3 16 10 -78 14 10 -79.12 17.9 10 -79.53 13.7
4 16 10 -79.53 13.7 10 -79.12 17.9 10 -81.74 17.1 10 -80.83 12.8
2 24 10 -79.12 17.9 10 -81.74 17.1
4 16 10 -80.83 12.8 10 -81.74 17.1 10 -83.92 15.4 10 -81.7 11.5
2 24 10 -81.74 17.1 10 -83.92 15.4
4 16 10 -79.53 -6.3 10 -77.62 -2 10 -80.35 -2.4 10 -83.76 -4.2
2 24 10 -77.62 -2 10 -80.35 -2.4
3 16 10 -83.76 -4.2 10 -80.35 -2.4 10 -82.46 -2.3
3 16 10 -88 -6 10 -90.3 -5.5 10 -90.4 -7.6
3 16 10 -90.4 -7.6 10 -90.3 -5.5 10 -92.2 -4.2
3 16 10 -90.4 -7.6 10 -92.2 -4.2 10 -93.5 -2.3
4 16 10 -75.17 -7.2 10 -70.08 -8.9 10 -70.93 -6.3 10 -76.47 -6.3
2 24 10 -70.08 -8.9 10 -70.93 -6.3
3 16 10 -76.47 -6.3 10 -70.93 -6.3 10 -78 -6
4 16 10 -78 -6 10 -70.93 -6.3 10 -72.61 -4.1 10 -74.94 -2.6
2 24 10 -70.93 -6.3 10 -72.61 -4.1
2 24 10 -72.61 -4.1 10 -74.94 -2.6
4 16 10 -78 -6 10 -74.94 -2.6 10 -77.62 -2 10 -79.53 -6.3
2 24 10 -74.94 -2.6 10 -77.62 -2
4 16 10 -88 -6 10 -90.4 -7.6 10 -88 -8 10 -85.7 -5.5
2 24 10 -90.4 -7.6 10 -88 -8
3 16 10 -94.3 8.5 10 -95.2 7.2 10 -90.4 7.6
3 16 10 -90.4 7.6 10 -95.2 7.2 10 -96.5 6.3
3 16 10 -90.4 7.6 10 -96.5 6.3 10 -88 8
2 24 10 -88 8 10 -90.4 7.6
4 16 10 -88 6 10 -85.6 7.6 10 -88 8 10 -90.3 5.5
2 24 10 -85.6 7.6 10 -88 8
4 16 10 -74 -10 10 -74.3 -11.5 10 -69.11 -14.8 10 -70.08 -8.9
4 16 10 -70.08 -8.9 10 -69.11 -14.8 10 -64.91 -6.5 10 -68.23 -3.1
2 24 10 -69.11 -14.8 10 -64.91 -6.5
2 24 10 -70.08 -8.9 10 -68.23 -3.1
3 16 10 -68.23 -3.1 10 -64.91 -6.5 10 -68.23 3.1
2 24 10 -68.23 -3.1 10 -68.23 3.1
3 16 10 -68.23 3.1 10 -64.91 -6.5 10 -70.08 8.9
2 24 10 -68.23 3.1 10 -70.08 8.9
3 16 10 -80.35 2.4 10 -76.47 6.3 10 -78 6
3 16 10 -95.2 12.8 10 -94.3 11.5 10 -90.4 7.6
3 16 10 -90.4 7.6 10 -94.3 11.5 10 -94 10
3 16 10 -90.4 7.6 10 -94 10 10 -94.3 8.5
3 16 10 -105.9 -8.9 10 -107.8 -3.1 10 -111.3 5.8
2 24 10 -107.8 -3.1 10 -105.9 -8.9
3 16 10 -111.3 5.8 10 -107.8 -3.1 10 -107.8 3.1
2 24 10 -107.8 3.1 10 -107.8 -3.1
4 16 10 -111.3 5.8 10 -107.8 3.1 10 -105.9 8.9 10 -107.3 14.2
2 24 10 -105.9 8.9 10 -107.8 3.1
2 24 10 -107.3 14.2 10 -111.3 5.8
4 16 10 -107.3 14.2 10 -105.9 8.9 10 -99.7 20 10 -101.3 20
2 24 10 -101.3 20 10 -107.3 14.2
3 16 10 -99.7 20 10 -105.9 8.9 10 -105.1 6.3
2 24 10 -105.9 8.9 10 -105.1 6.3
3 16 10 -99.7 20 10 -105.1 6.3 10 -99.2 21.2
3 16 10 -94.3 -8.5 10 -94 -10 10 -90.4 -7.6
3 16 10 -90.4 -7.6 10 -94 -10 10 -94.3 -11.5
4 16 10 -90.4 -7.6 10 -94.3 -11.5 10 -95.2 -12.8 10 -96.9 -17.9
3 16 10 -96.9 -17.9 10 -95.2 -12.8 10 -102.5 -19.1
3 16 10 -102.5 -19.1 10 -95.2 -12.8 10 -96.5 -13.7
3 16 10 -102.5 -19.1 10 -96.5 -13.7 10 -98 -14
4 16 10 -96.9 17.9 10 -99.2 21.2 10 -99.5 13.7 10 -98 14
4 16 10 -96.9 17.9 10 -98 14 10 -96.5 13.7 10 -94.3 17.1
2 24 10 -94.3 17.1 10 -96.9 17.9
3 16 10 -94.3 17.1 10 -96.5 13.7 10 -95.2 12.8
3 16 10 -94 0 10 -93.5 2.3 10 -95.6 2.4
3 16 10 -95.6 2.4 10 -93.5 2.3 10 -92.2 4.2
3 16 10 -95.6 2.4 10 -92.2 4.2 10 -98.4 2
2 24 10 -98.4 2 10 -95.6 2.4
3 16 10 -75.17 -7.2 10 -74.3 -8.5 10 -70.08 -8.9
3 16 10 -70.08 -8.9 10 -74.3 -8.5 10 -74 -10
3 16 10 -99.5 -6.3 10 -98 -6 10 -98.4 -2
4 16 10 -98.4 -2 10 -98 -6 10 -96.5 -6.3 10 -95.6 -2.4
2 24 10 -95.6 -2.4 10 -98.4 -2
4 16 10 -95.6 -2.4 10 -96.5 -6.3 10 -95.2 -7.2 10 -90.4 -7.6
3 16 10 -95.6 -2.4 10 -90.4 -7.6 10 -93.5 -2.3
3 16 10 -94.3 -8.5 10 -90.4 -7.6 10 -95.2 -7.2
4 16 10 -90.6 13.1 10 -92.1 15.4 10 -90.4 7.6 10 -90 10.4
2 24 10 -90.6 13.1 10 -92.1 15.4
2 24 10 -90.4 7.6 10 -90 10.4
2 24 10 -90 10.4 10 -90.6 13.1
4 16 10 -90.4 7.6 10 -92.1 15.4 10 -94.3 17.1 10 -95.2 12.8
2 24 10 -92.1 15.4 10 -94.3 17.1
3 16 10 -96 0 10 -95.6 -2.4 10 -95.6 2.4
2 24 10 -96 0 10 -95.6 -2.4
2 24 10 -95.6 2.4 10 -96 0
4 16 10 -95.6 2.4 10 -95.6 -2.4 10 -93.5 -2.3 10 -94 0
3 16 10 -99.5 -13.7 10 -100.8 -12.8 10 -102.5 -19.1
3 16 10 -102.5 -19.1 10 -100.8 -12.8 10 -101.7 -11.5
3 16 10 -102.5 -19.1 10 -101.7 -11.5 10 -102 -10
4 16 10 -102.5 -19.1 10 -102 -10 10 -105.1 -6.3 10 -105.9 -8.9
2 24 10 -105.1 -6.3 10 -105.9 -8.9
4 16 10 -105.1 -6.3 10 -102 -10 10 -101.7 -8.5 10 -103.4 -4.1
2 24 10 -103.4 -4.1 10 -105.1 -6.3
4 16 10 -103.4 -4.1 10 -101.7 -8.5 10 -100.8 -7.2 10 -101.1 -2.6
2 24 10 -101.1 -2.6 10 -103.4 -4.1
4 16 10 -101.1 -2.6 10 -100.8 -7.2 10 -99.5 -6.3 10 -98.4 -2
2 24 10 -98.4 -2 10 -101.1 -2.6
3 16 10 -79.12 -17.9 10 -84.9 -19.8 10 -94.2 -23.2
2 24 10 -84.9 -19.8 10 -79.12 -17.9
3 16 10 -94.2 -23.2 10 -84.9 -19.8 10 -91.1 -19.8
2 24 10 -91.1 -19.8 10 -84.9 -19.8
4 16 10 -94.2 -23.2 10 -91.1 -19.8 10 -96.9 -17.9 10 -102.5 -19.1
2 24 10 -96.9 -17.9 10 -91.1 -19.8
2 24 10 -102.5 -19.1 10 -94.2 -23.2
4 16 10 -84.9 -23.8 10 -76.14 -20.9 10 -79.12 -17.9 10 -94.2 -23.2
2 24 10 -84.9 -23.8 10 -76.14 -20.9
2 24 10 -94.2 -23.2 10 -84.9 -23.8
3 16 10 -79.12 -17.9 10 -76.14 -20.9 10 -69.11 -14.8
2 24 10 -76.14 -20.9 10 -69.11 -14.8
4 16 10 -111.8 -3.4 10 -108.7 -12.2 10 -105.9 -8.9 10 -111.3 5.8
2 24 10 -111.8 -3.4 10 -108.7 -12.2
2 24 10 -111.3 5.8 10 -111.8 -3.4
3 16 10 -105.9 -8.9 10 -108.7 -12.2 10 -102.5 -19.1
2 24 10 -108.7 -12.2 10 -102.5 -19.1
4 16 10 -92.1 -15.4 10 -90.6 -13.1 10 -96.9 -17.9 10 -94.3 -17.1
2 24 10 -92.1 -15.4 10 -90.6 -13.1
2 24 10 -96.9 -17.9 10 -94.3 -17.1
2 24 10 -94.3 -17.1 10 -92.1 -15.4
4 16 10 -96.9 -17.9 10 -90.6 -13.1 10 -90 -10.4 10 -90.4 -7.6
2 24 10 -90.6 -13.1 10 -90 -10.4
2 24 10 -90 -10.4 10 -90.4 -7.6
3 16 10 -98 -14 10 -99.5 -13.7 10 -102.5 -19.1
3 16 10 -80.35 -2.4 10 -80 0 10 -80.35 2.4
2 24 10 -80.35 -2.4 10 -80 0
2 24 10 -80 0 10 -80.35 2.4
3 16 8 -64 0 8 -64.91 -6.5 8 -61.28 -8.4
2 24 8 -64 0 8 -64.91 -6.5
3 16 8 -61.28 -8.4 8 -64.91 -6.5 8 -69.11 -14.8
2 24 8 -64.91 -6.5 8 -69.11 -14.8
3 16 8 -61.28 -8.4 8 -69.11 -14.8 8 -79.52 -26.7
3 16 8 -79.52 -26.7 8 -69.11 -14.8 8 -76.14 -20.9
2 24 8 -69.11 -14.8 8 -76.14 -20.9
3 16 8 -79.52 -26.7 8 -76.14 -20.9 8 -84.9 -23.8
2 24 8 -76.14 -20.9 8 -84.9 -23.8
4 16 8 -91.9 -23.7 8 -8 -76 8 -4 -76 8 -84.9 -23.8
2 24 8 -91.9 -23.7 8 -8 -76
2 24 8 -84.9 -23.8 8 -91.9 -23.7
3 16 8 -84.9 -23.8 8 -4 -76 8 -4 -73.8
2 24 8 -4 -76 8 -4 -73.8
3 16 8 -84.9 -23.8 8 -4 -73.8 8 -79.52 -26.7
2 24 8 -4 -73.8 8 -79.52 -26.7
3 16 8 -4 -76 8 -8 -76 8 -8 -80
2 24 8 -8 -76 8 -8 -80
4 16 8 -4 -76 8 -8 -80 8 0 -80 8 6.343 -76
2 24 8 -8 -80 8 0 -80
2 24 8 6.343 -76 8 -4 -76
4 16 8 6.343 -76 8 0 -80 8 0 -81.7 8 16 -81.7
2 24 8 0 -81.7 8 0 -80
2 24 8 16 -81.7 8 0 -81.7
4 16 8 16 -80 8 -64 0 8 -61.28 -8.4 8 16 -81.7
3 16 8 16 -81.7 8 -61.28 -8.4 8 6.343 -76
2 24 8 -61.28 -8.4 8 6.343 -76
4 16 8 -71.56 -22.7 8 -65.27 -16.3 8 -61.28 -8.4 8 -79.52 -26.7
2 24 8 -71.56 -22.7 8 -65.27 -16.3
2 24 8 -65.27 -16.3 8 -61.28 -8.4
2 24 8 -79.52 -26.7 8 -71.56 -22.7
4 16 -18.58 0 -92.6 -20 0 -100 -8 0 -81.7 -14.37 0 -86.1
2 24 -18.58 0 -92.6 -20 0 -100
2 24 -8 0 -81.7 -14.37 0 -86.1
2 24 -14.37 0 -86.1 -18.58 0 -92.6
3 16 -8 0 -81.7 -20 0 -100 20 0 -100
2 24 -20 0 -100 20 0 -100
4 16 -8 0 -81.7 20 0 -100 8 0 -81.7 -8 0 -80
3 16 -8 0 -80 8 0 -81.7 8 0 -80
2 24 8 0 -80 -8 0 -80
4 16 8 0 -81.7 20 0 -100 18.58 0 -92.6 14.37 0 -86.1
2 24 20 0 -100 18.58 0 -92.6
2 24 18.58 0 -92.6 14.37 0 -86.1
2 24 14.37 0 -86.1 8 0 -81.7
3 16 2 -86.3 32 2 -79.88 48 2 -68 99.23
2 24 2 -86.3 32 2 -79.88 48
3 16 2 -68 99.23 2 -79.88 48 2 -75.08 60
3 16 2 -68 99.23 2 -75.08 60 2 -60 108
3 16 2 -60 108 2 -75.08 60 2 -67.08 80
2 24 2 -75.08 60 2 -67.08 80
3 16 2 -60 108 2 -67.08 80 2 -62.28 92
4 16 2 -62.28 92 2 -67.08 80 2 -27.67 80 2 -20.09 92
2 24 2 -67.08 80 2 -27.67 80
2 24 2 -20.09 92 2 -62.28 92
3 16 2 -20.09 92 2 -27.67 80 2 4 116
3 16 2 -20.09 92 2 4 116 2 -9.98 108
2 24 2 -9.98 108 2 -20.09 92
4 16 2 -9.98 108 2 4 116 2 -68 116 2 -60 108
2 24 2 4 116 2 -68 116
2 24 2 -60 108 2 -9.98 108
3 16 2 -60 108 2 -68 116 2 -68 99.23
2 24 2 -68 116 2 -68 99.23
3 16 2 -64.81 6.2 2 4 115.16 2 -47.88 48
2 24 2 -64.81 6.2 2 4 115.16
3 16 2 -47.88 48 2 4 115.16 2 -40.3 60
4 16 2 -47.88 48 2 -40.3 60 2 -75.08 60 2 -79.88 48
2 24 2 -40.3 60 2 -75.08 60
2 24 2 -79.88 48 2 -47.88 48
3 16 2 -86.3 32 2 -99.2 21.2 2 -74.39 29
2 24 2 -74.39 29 2 -86.3 32
3 16 2 -74.39 29 2 -99.2 21.2 2 -90.3 23.9
2 24 2 -99.2 21.2 2 -90.3 23.9
3 16 2 -74.39 29 2 -90.3 23.9 2 -64.49 21.7
2 24 2 -64.49 21.7 2 -74.39 29
3 16 2 -64.49 21.7 2 -90.3 23.9 2 -81.09 23
2 24 2 -90.3 23.9 2 -81.09 23
3 16 2 -64.49 21.7 2 -81.09 23 2 -72.9 18.7
2 24 2 -81.09 23 2 -72.9 18.7
4 16 2 4 116 2 -27.67 80 2 -40.3 60 2 4 115.16
2 24 2 -27.67 80 2 -40.3 60
2 24 2 4 115.16 2 4 116
4 16 2 -64.81 6.2 2 -47.88 48 2 -64.49 21.7 2 -66.95 11.5
2 24 2 -47.88 48 2 -64.49 21.7
2 24 2 -66.95 11.5 2 -64.81 6.2
3 16 2 -66.95 11.5 2 -64.49 21.7 2 -72.9 18.7
2 24 2 -72.9 18.7 2 -66.95 11.5
3 16 2 -86.3 32 2 -68 99.23 2 -99.2 21.2
3 16 2 -62.28 92 2 -60 97.69 2 -60 108
2 24 2 -62.28 92 2 -60 97.69
2 24 2 -60 97.69 2 -60 108
4 16 2 -59.72 -17 2 -61.28 -8.4 2 -69.28 -27.2 2 -63.96 -22.6
2 24 2 -69.28 -27.2 2 -63.96 -22.6
2 24 2 -63.96 -22.6 2 -59.72 -17
3 16 2 -69.28 -27.2 2 -61.28 -8.4 2 -65.27 -16.3
2 24 2 -61.28 -8.4 2 -65.27 -16.3
3 16 2 -69.28 -27.2 2 -65.27 -16.3 2 -71.56 -22.7
2 24 2 -65.27 -16.3 2 -71.56 -22.7
3 16 2 -4 -73.8 2 6.343 -76 2 -16.86 -59.9
4 16 2 -16.86 -59.9 2 6.343 -76 2 -61.28 -8.4 2 -59.72 -17
2 24 2 6.343 -76 2 -61.28 -8.4
2 24 2 -59.72 -17 2 -16.86 -59.9
4 16 2 -4 -73.8 2 -16.86 -59.9 2 -69.28 -27.2 2 -79.52 -26.7
2 24 2 -16.86 -59.9 2 -69.28 -27.2
2 24 2 -79.52 -26.7 2 -4 -73.8
3 16 2 -79.52 -26.7 2 -69.28 -27.2 2 -71.56 -22.7
2 24 2 -71.56 -22.7 2 -79.52 -26.7
3 16 2 -4 -73.8 2 -4 -76 2 6.343 -76
2 24 2 -4 -73.8 2 -4 -76
2 24 2 -4 -76 2 6.343 -76
4 16 18.58 16 -92.6 20 16 -100.2 16 16 -100.2 17.45 16 -90.2
2 24 18.58 16 -92.6 20 16 -100.2
2 24 17.45 16 -90.2 18.58 16 -92.6
3 16 17.45 16 -90.2 16 16 -100.2 14.85 16 -94
2 24 16 16 -100.2 14.85 16 -94
3 16 17.45 16 -90.2 14.85 16 -94 14.71 16 -93.7
2 24 14.71 16 -93.7 17.45 16 -90.2
3 16 16 16 -100.2 20 16 -100.2 14.71 16 -106.3
2 24 14.71 16 -106.3 16 16 -100.2
4 16 14.71 16 -106.3 20 16 -100.2 18.42 16 -107.8 17.45 16 -109.8
2 24 20 16 -100.2 18.42 16 -107.8
2 24 18.42 16 -107.8 17.45 16 -109.8
2 24 17.45 16 -109.8 14.71 16 -106.3
4 16 7.604 16 -118.5 0 16 -120 -2.147 16 -115.9 9.766 16 -117.5
2 24 7.604 16 -118.5 0 16 -120
2 24 9.766 16 -117.5 7.604 16 -118.5
3 16 9.766 16 -117.5 -2.147 16 -115.9 2.147 16 -115.9
2 24 -2.147 16 -115.9 2.147 16 -115.9
3 16 9.766 16 -117.5 2.147 16 -115.9 6.287 16 -114.7
2 24 2.147 16 -115.9 6.287 16 -114.7
2 24 6.287 16 -114.7 9.766 16 -117.5
3 16 -2.147 16 -115.9 0 16 -120 -6.287 16 -114.7
2 24 -6.287 16 -114.7 -2.147 16 -115.9
4 16 -6.287 16 -114.7 0 16 -120 -7.604 16 -118.5 -9.766 16 -117.5
2 24 0 16 -120 -7.604 16 -118.5
2 24 -7.604 16 -118.5 -9.766 16 -117.5
2 24 -9.766 16 -117.5 -6.287 16 -114.7
4 16 -14.71 16 -106.3 -17.45 16 -109.8 -18.42 16 -107.8 -15.99 16 -100.5
2 24 -14.71 16 -106.3 -17.45 16 -109.8
2 24 -17.45 16 -109.8 -18.42 16 -107.8
2 24 -15.99 16 -100.5 -14.71 16 -106.3
4 16 -15.99 16 -100.5 -18.42 16 -107.8 -20 16 -100.2 -15.11 16 -94.7
2 24 -18.42 16 -107.8 -20 16 -100.2
2 24 -15.11 16 -94.7 -15.99 16 -100.5
3 16 -15.11 16 -94.7 -20 16 -100.2 -14.71 16 -93.7
4 16 -14.71 16 -93.7 -20 16 -100.2 -18.58 16 -92.6 -17.45 16 -90.2
2 24 -20 16 -100.2 -18.58 16 -92.6
2 24 -18.58 16 -92.6 -17.45 16 -90.2
2 24 -17.45 16 -90.2 -14.71 16 -93.7
4 16 -8 16 -80 -2 16 -80 -2 16 -84.1 -8 16 -81.7
4 16 -8 16 -81.7 -2 16 -84.1 -4.184 16 -84.6 -8.894 16 -82.1
2 24 -2 16 -84.1 -4.184 16 -84.6
2 24 -8.894 16 -82.1 -8 16 -81.7
4 16 -8.894 16 -82.1 -4.184 16 -84.6 -6.287 16 -85.3 -9.766 16 -82.5
2 24 -4.184 16 -84.6 -6.287 16 -85.3
2 24 -6.287 16 -85.3 -9.766 16 -82.5
2 24 -9.766 16 -82.5 -8.894 16 -82.1
3 16 -14.71 12 -93.7 -17.45 12 -90.2 -12.18 12 -89.6
2 24 -14.71 12 -93.7 -17.45 12 -90.2
2 24 -12.18 12 -89.6 -14.71 12 -93.7
4 16 -12.18 12 -89.6 -17.45 12 -90.2 -14.37 12 -86.1 -7.603 12 -85.9
2 24 -17.45 12 -90.2 -14.37 12 -86.1
2 24 -7.603 12 -85.9 -12.18 12 -89.6
4 16 -7.603 12 -85.9 -14.37 12 -86.1 -9.766 12 -82.5 -6.287 12 -85.3
2 24 -14.37 12 -86.1 -9.766 12 -82.5
2 24 -9.766 12 -82.5 -6.287 12 -85.3
2 24 -6.287 12 -85.3 -7.603 12 -85.9
4 16 6.287 12 -85.3 9.766 12 -82.5 14.37 12 -86.1 11.44 12 -88.8
2 24 6.287 12 -85.3 9.766 12 -82.5
2 24 9.766 12 -82.5 14.37 12 -86.1
2 24 11.44 12 -88.8 6.287 12 -85.3
4 16 11.44 12 -88.8 14.37 12 -86.1 17.45 12 -90.2 14.71 12 -93.7
2 24 14.37 12 -86.1 17.45 12 -90.2
2 24 17.45 12 -90.2 14.71 12 -93.7
2 24 14.71 12 -93.7 11.44 12 -88.8
3 16 8.894 16 -82.1 8 16 -81.7 9.766 12 -82.5
5 24 9.766 12 -82.5 8.894 16 -82.1 8 16 -81.7 9.766 16 -82.5
3 16 9.766 12 -82.5 8 16 -81.7 8 12 -81.7
5 24 8 0 -81.7 9.766 12 -82.5 8 16 -81.7 14.37 12 -86.1
5 24 14.37 0 -86.1 14.37 12 -86.1 8 0 -81.7 17.45 12 -90.2
5 24 14.37 0 -86.1 17.45 12 -90.2 14.37 12 -86.1 18.58 0 -92.6
5 24 18.58 0 -92.6 17.45 12 -90.2 14.37 0 -86.1 18.58 16 -92.6
5 24 18.58 0 -92.6 18.58 16 -92.6 17.45 16 -90.2 20 0 -100
2 24 17.45 16 -90.2 17.45 12 -90.2
2 24 20 0 -100 20 8 -100
5 24 20 8 -100 20 16 -100.2 18.58 16 -92.6 20 8 -100.2
5 24 20 8 -100.2 20 16 -100.2 20 8 -100 18.42 8 -107.8
5 24 18.42 8 -107.8 18.42 16 -107.8 20 16 -100.2 17.45 12 -109.8
4 16 18.42 16 -107.8 18.42 12 -107.8 17.45 12 -109.8 17.45 16 -109.8
5 24 18.42 8 -107.8 17.45 12 -109.8 17.45 16 -109.8 14.07 12 -114.2
2 24 17.45 12 -109.8 17.45 16 -109.8
5 24 -9.766 12 -117.5 -7.604 8 -118.5 -14.07 12 -114.2 -9.766 16 -117.5
4 16 -7.604 12 -118.5 -9.766 12 -117.5 -9.766 16 -117.5 -7.604 16 -118.5
2 24 -9.766 12 -117.5 -9.766 16 -117.5
5 24 -7.604 16 -118.5 -7.604 8 -118.5 -9.766 12 -117.5 0 16 -120
5 24 0 16 -120 0 8 -120 -7.604 8 -118.5 7.604 16 -118.5
5 24 7.604 16 -118.5 7.604 8 -118.5 0 8 -120 9.766 16 -117.5
4 16 7.604 12 -118.5 7.604 16 -118.5 9.766 16 -117.5 9.766 12 -117.5
2 24 9.766 16 -117.5 9.766 12 -117.5
5 24 7.604 8 -118.5 9.766 12 -117.5 14.07 8 -114.2 7.604 16 -118.5
5 24 -20 16 -100.2 -20 8 -100.2 -18.58 16 -92.6 -18.42 16 -107.8
5 24 -18.42 16 -107.8 -18.42 8 -107.8 -20 8 -100.2 -17.45 16 -109.8
4 16 -18.42 12 -107.8 -18.42 16 -107.8 -17.45 16 -109.8 -17.45 12 -109.8
2 24 -17.45 16 -109.8 -17.45 12 -109.8
5 24 -17.45 12 -109.8 -18.42 8 -107.8 -18.42 16 -107.8 -14.07 8 -114.2
5 24 -20 8 -100 -18.58 16 -92.6 -20 8 -100.2 -20 0 -100
2 24 -20 8 -100 -20 0 -100
5 24 -18.58 0 -92.6 -18.58 16 -92.6 -20 8 -100 -17.45 12 -90.2
4 16 -18.58 16 -92.6 -18.58 12 -92.6 -17.45 12 -90.2 -17.45 16 -90.2
5 24 -18.58 0 -92.6 -17.45 12 -90.2 -17.45 16 -90.2 -14.37 12 -86.1
2 24 -17.45 12 -90.2 -17.45 16 -90.2
3 16 -8 16 -81.7 -8.894 16 -82.1 -8 12 -81.7
5 24 -8.894 16 -82.1 -8 0 -81.7 -8 16 -81.7 -9.766 16 -82.5
3 16 -8 12 -81.7 -8.894 16 -82.1 -9.766 16 -82.5
3 16 -8 12 -81.7 -9.766 16 -82.5 -9.766 12 -82.5
2 24 -9.766 16 -82.5 -9.766 12 -82.5
5 24 -9.766 12 -82.5 -8 0 -81.7 -9.766 16 -82.5 -14.37 0 -86.1
5 24 -9.766 12 -82.5 -14.37 0 -86.1 -8 0 -81.7 -14.37 12 -86.1
5 24 -14.37 12 -86.1 -14.37 0 -86.1 -9.766 12 -82.5 -18.58 0 -92.6
5 24 -17.45 12 -109.8 -14.07 8 -114.2 -18.42 8 -107.8 -14.07 12 -114.2
5 24 -14.07 12 -114.2 -14.07 8 -114.2 -17.45 12 -109.8 -7.604 8 -118.5
5 24 14.07 8 -114.2 14.07 12 -114.2 18.42 8 -107.8 9.766 12 -117.5
5 24 14.07 8 -114.2 9.766 12 -117.5 14.07 12 -114.2 7.604 8 -118.5
3 16 9.766 12 -82.5 9.766 16 -82.5 8.894 16 -82.1
2 24 9.766 12 -82.5 9.766 16 -82.5
4 16 -10 -79.12 17.9 10 -79.12 17.9 10 -84.9 19.8 -10 -84.9 19.8
2 24 -10 -79.12 17.9 10 -79.12 17.9
4 16 -10 -84.9 19.8 10 -84.9 19.8 10 -91.1 19.8 -10 -91.1 19.8
4 16 -10 -91.1 19.8 10 -91.1 19.8 10 -96.9 17.9 -10 -96.9 17.9
2 24 10 -96.9 17.9 -10 -96.9 17.9
4 16 -10 -105.9 8.9 10 -105.9 8.9 10 -107.8 3.1 -10 -107.8 3.1
2 24 -10 -105.9 8.9 10 -105.9 8.9
4 16 -10 -107.8 3.1 10 -107.8 3.1 10 -107.8 -3.1 -10 -107.8 -3.1
4 16 -10 -107.8 -3.1 10 -107.8 -3.1 10 -105.9 -8.9 -10 -105.9 -8.9
2 24 10 -105.9 -8.9 -10 -105.9 -8.9
4 16 -10 -70.08 -8.9 10 -70.08 -8.9 10 -68.23 -3.1 -10 -68.23 -3.1
2 24 -10 -70.08 -8.9 10 -70.08 -8.9
4 16 -10 -68.23 -3.1 10 -68.23 -3.1 10 -68.23 3.1 -10 -68.23 3.1
4 16 -10 -68.23 3.1 10 -68.23 3.1 10 -70.08 8.9 -10 -70.08 8.9
2 24 10 -70.08 8.9 -10 -70.08 8.9
4 16 -10 -96.9 -17.9 10 -96.9 -17.9 10 -91.1 -19.8 -10 -91.1 -19.8
2 24 -10 -96.9 -17.9 10 -96.9 -17.9
4 16 -10 -91.1 -19.8 10 -91.1 -19.8 10 -84.9 -19.8 -10 -84.9 -19.8
4 16 -10 -84.9 -19.8 10 -84.9 -19.8 10 -79.12 -17.9 -10 -79.12 -17.9
2 24 10 -79.12 -17.9 -10 -79.12 -17.9
4 16 18 -72 100 -18 -72 100 -9.655 -105.4 16.6 9.655 -105.4 16.6
4 16 -20 8 120 20 8 120 19.4 8 114 -19.4 8 114
2 24 -20 8 120 20 8 120
2 24 19.4 8 114 -19.4 8 114
4 16 -19.4 8 114 19.4 8 114 8 -64 0 -8 -64 0
4 16 20 -72 120 -20 -72 120 -18 -72 100 18 -72 100
2 24 20 -72 120 -20 -72 120
4 16 -9.655 -105.4 16.6 -10 -107.3 14.2 10 -107.3 14.2 9.655 -105.4 16.6
2 24 -9.655 -105.4 16.6 -10 -107.3 14.2
5 24 -10 -107.3 14.2 10 -107.3 14.2 9.655 -105.4 16.6 -10 -111.3 5.8
2 24 9.655 -105.4 16.6 10 -107.3 14.2
4 16 10 -107.3 14.2 -10 -107.3 14.2 -10 -111.3 5.8 10 -111.3 5.8
5 24 -10 -111.3 5.8 10 -111.3 5.8 10 -107.3 14.2 -10 -111.8 -3.4
4 16 10 -111.3 5.8 -10 -111.3 5.8 -10 -111.8 -3.4 10 -111.8 -3.4
5 24 -10 -111.8 -3.4 10 -111.8 -3.4 10 -111.3 5.8 -10 -108.7 -12.2
4 16 10 -111.8 -3.4 -10 -111.8 -3.4 -10 -108.7 -12.2 10 -108.7 -12.2
5 24 -10 -108.7 -12.2 10 -108.7 -12.2 10 -111.8 -3.4 -10 -102.5 -19.1
4 16 10 -108.7 -12.2 -10 -108.7 -12.2 -10 -102.5 -19.1 10 -102.5 -19.1
5 24 -10 -102.5 -19.1 10 -102.5 -19.1 10 -108.7 -12.2 -10 -94.2 -23.2
4 16 10 -102.5 -19.1 -10 -102.5 -19.1 -10 -94.2 -23.2 10 -94.2 -23.2
5 24 -10 -94.2 -23.2 10 -94.2 -23.2 10 -102.5 -19.1 -8 -91.9 -23.7
4 16 10 -94.2 -23.2 -10 -94.2 -23.2 -8 -91.9 -23.7 8 -91.9 -23.7
5 24 -10 -94.2 -23.2 -8 -91.9 -23.7 8 -91.9 -23.7 -10 -84.9 -23.8
5 24 8 -91.9 -23.7 10 -94.2 -23.2 -10 -94.2 -23.2 10 -84.9 -23.8
4 16 8 -64.91 -6.5 10 -64.91 -6.5 10 -69.11 -14.8 8 -69.11 -14.8
5 24 8 -64.91 -6.5 10 -64.91 -6.5 10 -69.11 -14.8 8 -64 0
5 24 10 -69.11 -14.8 8 -69.11 -14.8 8 -64.91 -6.5 10 -76.14 -20.9
4 16 8 -69.11 -14.8 10 -69.11 -14.8 10 -76.14 -20.9 8 -76.14 -20.9
5 24 10 -76.14 -20.9 8 -76.14 -20.9 8 -69.11 -14.8 10 -84.9 -23.8
4 16 8 -76.14 -20.9 10 -76.14 -20.9 10 -84.9 -23.8 8 -84.9 -23.8
5 24 8 -84.9 -23.8 10 -84.9 -23.8 8 -91.9 -23.7 8 -76.14 -20.9
3 16 8 -64 0 10 -64.15 2.7 10 -64.91 -6.5
5 24 10 -64.91 -6.5 8 -64 0 10 -64.15 2.7 8 -64.91 -6.5
3 16 8 -64 0 10 -64.91 -6.5 8 -64.91 -6.5
3 16 10 -64.15 2.7 8.313 -64.2 3.1 8.62 -64.81 6.2
5 24 8.62 -64.81 6.2 10 -64.15 2.7 8.313 -64.2 3.1 10 -66.95 11.5
3 16 10 -64.15 2.7 8.62 -64.81 6.2 10 -66.95 11.5
5 24 8.62 -64.81 6.2 10 -66.95 11.5 10 -64.15 2.7 2 -64.81 6.2
4 16 10 -66.95 11.5 8.62 -64.81 6.2 2 -64.81 6.2 2 -66.95 11.5
2 24 8.62 -64.81 6.2 2 -64.81 6.2
5 24 2 -66.95 11.5 10 -66.95 11.5 8.62 -64.81 6.2 2 -72.9 18.7
4 16 10 -66.95 11.5 2 -66.95 11.5 2 -72.9 18.7 10 -72.9 18.7
5 24 2 -72.9 18.7 10 -72.9 18.7 10 -66.95 11.5 2 -81.09 23
4 16 10 -72.9 18.7 2 -72.9 18.7 2 -81.09 23 10 -81.09 23
5 24 2 -81.09 23 10 -81.09 23 10 -72.9 18.7 2 -90.3 23.9
4 16 10 -81.09 23 2 -81.09 23 2 -90.3 23.9 10 -90.3 23.9
5 24 2 -90.3 23.9 10 -90.3 23.9 10 -81.09 23 2 -99.2 21.2
4 16 10 -90.3 23.9 2 -90.3 23.9 2 -99.2 21.2 10 -99.2 21.2
3 16 -10 -101.3 20 -10 -107.3 14.2 -9.839 -103.4 18.4
2 24 -10 -107.3 14.2 -9.839 -103.4 18.4
3 16 -9.839 -103.4 18.4 -10 -107.3 14.2 -9.655 -105.4 16.6
3 16 10 -101.3 20 9.839 -103.4 18.4 10 -107.3 14.2
2 24 9.839 -103.4 18.4 10 -107.3 14.2
3 16 10 -107.3 14.2 9.839 -103.4 18.4 9.655 -105.4 16.6
3 16 -8.313 -64.2 3.1 -10 -64.15 2.7 -8.62 -64.81 6.2
5 24 -10 -64.15 2.7 -8.62 -64.81 6.2 -8.313 -64.2 3.1 -10 -66.95 11.5
3 16 -8.62 -64.81 6.2 -10 -64.15 2.7 -10 -66.95 11.5
5 24 -10 -66.95 11.5 -8.62 -64.81 6.2 -10 -64.15 2.7 -2 -66.95 11.5
4 16 -8.62 -64.81 6.2 -10 -66.95 11.5 -2 -66.95 11.5 -2 -64.81 6.2
5 24 -10 -66.95 11.5 -2 -66.95 11.5 -2 -64.81 6.2 -10 -72.9 18.7
2 24 -2 -64.81 6.2 -8.62 -64.81 6.2
4 16 -2 -66.95 11.5 -10 -66.95 11.5 -10 -72.9 18.7 -2 -72.9 18.7
5 24 -10 -72.9 18.7 -2 -72.9 18.7 -2 -66.95 11.5 -10 -81.09 23
4 16 -2 -72.9 18.7 -10 -72.9 18.7 -10 -81.09 23 -2 -81.09 23
5 24 -10 -81.09 23 -2 -81.09 23 -2 -72.9 18.7 -10 -90.3 23.9
4 16 -2 -81.09 23 -10 -81.09 23 -10 -90.3 23.9 -2 -90.3 23.9
5 24 -10 -90.3 23.9 -2 -90.3 23.9 -2 -81.09 23 -10 -99.2 21.2
4 16 -2 -90.3 23.9 -10 -90.3 23.9 -10 -99.2 21.2 -2 -99.2 21.2
3 16 -10 -64.15 2.7 -8 -64 0 -10 -64.91 -6.5
5 24 -8 -64 0 -10 -64.91 -6.5 -10 -64.15 2.7 -8 -64.91 -6.5
3 16 -10 -64.91 -6.5 -8 -64 0 -8 -64.91 -6.5
5 24 -8 -64.91 -6.5 -10 -64.91 -6.5 -8 -64 0 -8 -69.11 -14.8
4 16 -10 -64.91 -6.5 -8 -64.91 -6.5 -8 -69.11 -14.8 -10 -69.11 -14.8
5 24 -10 -69.11 -14.8 -8 -69.11 -14.8 -8 -76.14 -20.9 -10 -64.91 -6.5
4 16 -10 -84.9 -23.8 -10 -76.14 -20.9 -8 -76.14 -20.9 -8 -84.9 -23.8
5 24 -10 -76.14 -20.9 -8 -76.14 -20.9 -8 -84.9 -23.8 -10 -69.11 -14.8
5 24 -8 -84.9 -23.8 -10 -84.9 -23.8 -10 -76.14 -20.9 -8 -91.9 -23.7
4 16 -8 -76.14 -20.9 -10 -76.14 -20.9 -10 -69.11 -14.8 -8 -69.11 -14.8
3 16 -10 -84.9 -23.8 -8 -84.9 -23.8 -8 -91.9 -23.7
5 24 -8 -91.9 -23.7 -10 -84.9 -23.8 -8 -84.9 -23.8 -10 -94.2 -23.2
3 16 -10 -84.9 -23.8 -8 -91.9 -23.7 -10 -94.2 -23.2
3 16 10 -94.2 -23.2 8 -91.9 -23.7 10 -84.9 -23.8
5 24 8 -91.9 -23.7 10 -84.9 -23.8 10 -94.2 -23.2 8 -84.9 -23.8
3 16 10 -84.9 -23.8 8 -91.9 -23.7 8 -84.9 -23.8
4 16 -2 -64.81 6.2 -2 4 115.16 -19.52 4 115.16 -8.62 -64.81 6.2
2 24 -2 4 115.16 -19.52 4 115.16
4 16 -20 16 120 20 16 120 20 8 120 -20 8 120
4 16 -20 8 160 -20 0 160 20 0 160 20 8 160
2 24 -20 0 160 20 0 160
4 16 20 0 120 20 0 160 -20 0 160 -20 0 120
2 24 -20 0 120 20 0 120
4 16 20 0 120 -20 0 120 -20 -72 120 20 -72 120
4 16 -2 4 116 -2 -68 116 -19.6 -68 116 -19.6 4 116
2 24 -2 -68 116 -19.6 -68 116
2 24 -19.6 4 116 -2 4 116
4 16 -19.6 -68 116 -2 -68 116 -2 -68 99.23 -17.92 -68 99.23
4 16 -2 4 115.16 -2 4 116 -19.6 4 116 -19.52 4 115.16
4 16 -8 -91.9 -23.7 -8 -8 -76 8 -8 -76 8 -91.9 -23.7
2 24 -8 -8 -76 8 -8 -76
4 16 8 0 -80 8 -8 -80 -8 -8 -80 -8 0 -80
2 24 8 -8 -80 -8 -8 -80
4 16 8 -8 -80 8 -8 -76 -8 -8 -76 -8 -8 -80
4 16 -2 6.343 -76 -8 6.343 -76 -8 -4 -76 -2 -4 -76
2 24 -2 6.343 -76 -8 6.343 -76
2 24 -8 -4 -76 -2 -4 -76
4 16 -2 -61.28 -8.4 -8 -61.28 -8.4 -8 6.343 -76 -2 6.343 -76
2 24 -2 -61.28 -8.4 -8 -61.28 -8.4
4 16 -2 -79.52 -26.7 -8 -79.52 -26.7 -8 -71.56 -22.7 -2 -71.56 -22.7
2 24 -2 -79.52 -26.7 -8 -79.52 -26.7
5 24 -8 -71.56 -22.7 -2 -71.56 -22.7 -2 -79.52 -26.7 -8 -65.27 -16.3
4 16 -2 -71.56 -22.7 -8 -71.56 -22.7 -8 -65.27 -16.3 -2 -65.27 -16.3
5 24 -8 -65.27 -16.3 -2 -65.27 -16.3 -2 -71.56 -22.7 -8 -61.28 -8.4
4 16 -2 -65.27 -16.3 -8 -65.27 -16.3 -8 -61.28 -8.4 -2 -61.28 -8.4
4 16 -2 -4 -73.8 -8 -4 -73.8 -8 -79.52 -26.7 -2 -79.52 -26.7
2 24 -2 -4 -73.8 -8 -4 -73.8
4 16 -2 -4 -76 -8 -4 -76 -8 -4 -73.8 -2 -4 -73.8
4 16 10 -95.6 -2.4 -10 -95.6 -2.4 -10 -98.4 -2 10 -98.4 -2
2 24 10 -95.6 -2.4 -10 -95.6 -2.4
5 24 -10 -98.4 -2 10 -98.4 -2 10 -95.6 -2.4 -10 -101.1 -2.6
4 16 10 -98.4 -2 -10 -98.4 -2 -10 -101.1 -2.6 10 -101.1 -2.6
5 24 -10 -101.1 -2.6 10 -101.1 -2.6 10 -98.4 -2 -10 -103.4 -4.1
4 16 10 -101.1 -2.6 -10 -101.1 -2.6 -10 -103.4 -4.1 10 -103.4 -4.1
5 24 -10 -103.4 -4.1 10 -103.4 -4.1 10 -101.1 -2.6 -10 -105.1 -6.3
4 16 10 -103.4 -4.1 -10 -103.4 -4.1 -10 -105.1 -6.3 10 -105.1 -6.3
5 24 -10 -105.1 -6.3 10 -105.1 -6.3 10 -103.4 -4.1 -10 -105.9 -8.9
4 16 10 -105.1 -6.3 -10 -105.1 -6.3 -10 -105.9 -8.9 10 -105.9 -8.9
4 16 10 -96.9 -17.9 -10 -96.9 -17.9 -10 -94.3 -17.1 10 -94.3 -17.1
5 24 -10 -94.3 -17.1 10 -94.3 -17.1 10 -96.9 -17.9 -10 -92.1 -15.4
4 16 10 -94.3 -17.1 -10 -94.3 -17.1 -10 -92.1 -15.4 10 -92.1 -15.4
5 24 -10 -92.1 -15.4 10 -92.1 -15.4 10 -94.3 -17.1 -10 -90.6 -13.1
4 16 10 -92.1 -15.4 -10 -92.1 -15.4 -10 -90.6 -13.1 10 -90.6 -13.1
5 24 -10 -90.6 -13.1 10 -90.6 -13.1 10 -92.1 -15.4 -10 -90 -10.4
4 16 10 -90.6 -13.1 -10 -90.6 -13.1 -10 -90 -10.4 10 -90 -10.4
5 24 -10 -90 -10.4 10 -90 -10.4 10 -90.6 -13.1 -10 -90.4 -7.6
4 16 10 -90 -10.4 -10 -90 -10.4 -10 -90.4 -7.6 10 -90.4 -7.6
2 24 -10 -90.4 -7.6 10 -90.4 -7.6
4 16 10 -85.6 -7.6 -10 -85.6 -7.6 -10 -86 -10.4 10 -86 -10.4
2 24 10 -85.6 -7.6 -10 -85.6 -7.6
5 24 -10 -86 -10.4 10 -86 -10.4 10 -85.6 -7.6 -10 -85.4 -13.1
4 16 10 -86 -10.4 -10 -86 -10.4 -10 -85.4 -13.1 10 -85.4 -13.1
5 24 -10 -85.4 -13.1 10 -85.4 -13.1 10 -86 -10.4 -10 -83.92 -15.4
4 16 10 -85.4 -13.1 -10 -85.4 -13.1 -10 -83.92 -15.4 10 -83.92 -15.4
5 24 -10 -83.92 -15.4 10 -83.92 -15.4 10 -85.4 -13.1 -10 -81.74 -17.1
4 16 10 -83.92 -15.4 -10 -83.92 -15.4 -10 -81.74 -17.1 10 -81.74 -17.1
5 24 -10 -81.74 -17.1 10 -81.74 -17.1 10 -83.92 -15.4 -10 -79.12 -17.9
4 16 10 -81.74 -17.1 -10 -81.74 -17.1 -10 -79.12 -17.9 10 -79.12 -17.9
4 16 10 -70.08 -8.9 -10 -70.08 -8.9 -10 -70.93 -6.3 10 -70.93 -6.3
5 24 -10 -70.93 -6.3 10 -70.93 -6.3 10 -70.08 -8.9 -10 -72.61 -4.1
4 16 10 -70.93 -6.3 -10 -70.93 -6.3 -10 -72.61 -4.1 10 -72.61 -4.1
5 24 -10 -72.61 -4.1 10 -72.61 -4.1 10 -70.93 -6.3 -10 -74.94 -2.6
4 16 10 -72.61 -4.1 -10 -72.61 -4.1 -10 -74.94 -2.6 10 -74.94 -2.6
5 24 -10 -74.94 -2.6 10 -74.94 -2.6 10 -72.61 -4.1 -10 -77.62 -2
4 16 10 -74.94 -2.6 -10 -74.94 -2.6 -10 -77.62 -2 10 -77.62 -2
5 24 -10 -77.62 -2 10 -77.62 -2 10 -74.94 -2.6 -10 -80.35 -2.4
4 16 10 -77.62 -2 -10 -77.62 -2 -10 -80.35 -2.4 10 -80.35 -2.4
2 24 -10 -80.35 -2.4 10 -80.35 -2.4
4 16 10 -80.35 2.4 -10 -80.35 2.4 -10 -77.62 2 10 -77.62 2
2 24 10 -80.35 2.4 -10 -80.35 2.4
5 24 -10 -77.62 2 10 -77.62 2 10 -80.35 2.4 -10 -74.94 2.6
4 16 10 -77.62 2 -10 -77.62 2 -10 -74.94 2.6 10 -74.94 2.6
5 24 -10 -74.94 2.6 10 -74.94 2.6 10 -77.62 2 -10 -72.61 4.1
4 16 10 -74.94 2.6 -10 -74.94 2.6 -10 -72.61 4.1 10 -72.61 4.1
5 24 -10 -72.61 4.1 10 -72.61 4.1 10 -74.94 2.6 -10 -70.93 6.3
4 16 10 -72.61 4.1 -10 -72.61 4.1 -10 -70.93 6.3 10 -70.93 6.3
5 24 -10 -70.93 6.3 10 -70.93 6.3 10 -72.61 4.1 -10 -70.08 8.9
4 16 10 -70.93 6.3 -10 -70.93 6.3 -10 -70.08 8.9 10 -70.08 8.9
4 16 10 -79.12 17.9 -10 -79.12 17.9 -10 -81.74 17.1 10 -81.74 17.1
5 24 -10 -81.74 17.1 10 -81.74 17.1 10 -79.12 17.9 -10 -83.92 15.4
4 16 10 -81.74 17.1 -10 -81.74 17.1 -10 -83.92 15.4 10 -83.92 15.4
5 24 -10 -83.92 15.4 10 -83.92 15.4 10 -81.74 17.1 -10 -85.4 13.1
4 16 10 -83.92 15.4 -10 -83.92 15.4 -10 -85.4 13.1 10 -85.4 13.1
5 24 -10 -85.4 13.1 10 -85.4 13.1 10 -83.92 15.4 -10 -86 10.4
4 16 10 -85.4 13.1 -10 -85.4 13.1 -10 -86 10.4 10 -86 10.4
5 24 -10 -86 10.4 10 -86 10.4 10 -85.4 13.1 -10 -85.6 7.6
4 16 10 -86 10.4 -10 -86 10.4 -10 -85.6 7.6 10 -85.6 7.6
2 24 -10 -85.6 7.6 10 -85.6 7.6
4 16 10 -90.4 7.6 -10 -90.4 7.6 -10 -90 10.4 10 -90 10.4
2 24 10 -90.4 7.6 -10 -90.4 7.6
5 24 -10 -90 10.4 10 -90 10.4 10 -90.4 7.6 -10 -90.6 13.1
4 16 10 -90 10.4 -10 -90 10.4 -10 -90.6 13.1 10 -90.6 13.1
5 24 -10 -90.6 13.1 10 -90.6 13.1 10 -90 10.4 -10 -92.1 15.4
4 16 10 -90.6 13.1 -10 -90.6 13.1 -10 -92.1 15.4 10 -92.1 15.4
5 24 -10 -92.1 15.4 10 -92.1 15.4 10 -90.6 13.1 -10 -94.3 17.1
4 16 10 -92.1 15.4 -10 -92.1 15.4 -10 -94.3 17.1 10 -94.3 17.1
5 24 -10 -94.3 17.1 10 -94.3 17.1 10 -92.1 15.4 -10 -96.9 17.9
4 16 10 -94.3 17.1 -10 -94.3 17.1 -10 -96.9 17.9 10 -96.9 17.9
4 16 10 -105.9 8.9 -10 -105.9 8.9 -10 -105.1 6.3 10 -105.1 6.3
5 24 -10 -105.1 6.3 10 -105.1 6.3 10 -105.9 8.9 -10 -103.4 4.1
4 16 10 -105.1 6.3 -10 -105.1 6.3 -10 -103.4 4.1 10 -103.4 4.1
5 24 -10 -103.4 4.1 10 -103.4 4.1 10 -105.1 6.3 -10 -101.1 2.6
4 16 10 -103.4 4.1 -10 -103.4 4.1 -10 -101.1 2.6 10 -101.1 2.6
5 24 -10 -101.1 2.6 10 -101.1 2.6 10 -103.4 4.1 -10 -98.4 2
4 16 10 -101.1 2.6 -10 -101.1 2.6 -10 -98.4 2 10 -98.4 2
5 24 -10 -98.4 2 10 -98.4 2 10 -101.1 2.6 -10 -95.6 2.4
4 16 10 -98.4 2 -10 -98.4 2 -10 -95.6 2.4 10 -95.6 2.4
2 24 -10 -95.6 2.4 10 -95.6 2.4
4 16 10 -95.6 2.4 -10 -95.6 2.4 -10 -96 0 10 -96 0
5 24 -10 -96 0 10 -96 0 10 -95.6 2.4 -10 -95.6 -2.4
4 16 10 -96 0 -10 -96 0 -10 -95.6 -2.4 10 -95.6 -2.4
4 16 10 -90.4 -7.6 -10 -90.4 -7.6 -10 -88 -8 10 -88 -8
5 24 -10 -88 -8 10 -88 -8 10 -90.4 -7.6 -10 -85.6 -7.6
4 16 10 -88 -8 -10 -88 -8 -10 -85.6 -7.6 10 -85.6 -7.6
4 16 10 -80.35 -2.4 -10 -80.35 -2.4 -10 -80 0 10 -80 0
5 24 -10 -80 0 10 -80 0 10 -80.35 -2.4 -10 -80.35 2.4
4 16 10 -80 0 -10 -80 0 -10 -80.35 2.4 10 -80.35 2.4
4 16 10 -85.6 7.6 -10 -85.6 7.6 -10 -88 8 10 -88 8
5 24 -10 -88 8 10 -88 8 10 -85.6 7.6 -10 -90.4 7.6
4 16 10 -88 8 -10 -88 8 -10 -90.4 7.6 10 -90.4 7.6
4 16 -20 0 -100 -20 8 -100 20 8 -100 20 0 -100
4 16 -2 -9.98 108 -2 -20.09 92 2 -20.09 92 2 -9.98 108
2 24 -2 -20.09 92 2 -20.09 92
2 24 2 -9.98 108 -2 -9.98 108
4 16 -2 -60 108 -2 -9.98 108 2 -9.98 108 2 -60 108
2 24 2 -60 108 -2 -60 108
4 16 -2 -60 97.69 -2 -60 108 2 -60 108 2 -60 97.69
5 24 2 -60 97.69 -2 -60 97.69 -2 -60 108 2 -62.28 92
4 16 -2 -62.28 92 -2 -60 97.69 2 -60 97.69 2 -62.28 92
2 24 2 -62.28 92 -2 -62.28 92
4 16 -2 -20.09 92 -2 -62.28 92 2 -62.28 92 2 -20.09 92
4 16 -2 -75.08 60 -2 -67.08 80 2 -67.08 80 2 -75.08 60
2 24 -2 -67.08 80 2 -67.08 80
2 24 2 -75.08 60 -2 -75.08 60
4 16 -2 -40.3 60 -2 -75.08 60 2 -75.08 60 2 -40.3 60
2 24 2 -40.3 60 -2 -40.3 60
4 16 -2 -27.67 80 -2 -40.3 60 2 -40.3 60 2 -27.67 80
2 24 2 -27.67 80 -2 -27.67 80
4 16 -2 -67.08 80 -2 -27.67 80 2 -27.67 80 2 -67.08 80
4 16 2 -86.3 32 -2 -86.3 32 -2 -79.88 48 2 -79.88 48
2 24 2 -86.3 32 -2 -86.3 32
2 24 -2 -79.88 48 2 -79.88 48
4 16 2 -64.49 21.7 -2 -64.49 21.7 -2 -74.39 29 2 -74.39 29
2 24 2 -64.49 21.7 -2 -64.49 21.7
5 24 -2 -74.39 29 2 -74.39 29 2 -64.49 21.7 -2 -86.3 32
4 16 2 -74.39 29 -2 -74.39 29 -2 -86.3 32 2 -86.3 32
4 16 -2 -47.88 48 -2 -64.49 21.7 2 -64.49 21.7 2 -47.88 48
2 24 2 -47.88 48 -2 -47.88 48
4 16 -2 -79.88 48 -2 -47.88 48 2 -47.88 48 2 -79.88 48
4 16 2 -59.72 -17 -2 -59.72 -17 -2 -16.86 -59.9 2 -16.86 -59.9
2 24 2 -59.72 -17 -2 -59.72 -17
2 24 -2 -16.86 -59.9 2 -16.86 -59.9
4 16 2 -69.28 -27.2 -2 -69.28 -27.2 -2 -63.96 -22.6 2 -63.96 -22.6
2 24 2 -69.28 -27.2 -2 -69.28 -27.2
5 24 -2 -63.96 -22.6 2 -63.96 -22.6 2 -69.28 -27.2 -2 -59.72 -17
4 16 2 -63.96 -22.6 -2 -63.96 -22.6 -2 -59.72 -17 2 -59.72 -17
4 16 -2 -16.86 -59.9 -2 -69.28 -27.2 2 -69.28 -27.2 2 -16.86 -59.9
4 16 2 -68 116 2 4 116 19.6 4 116 19.6 -68 116
2 24 2 4 116 19.6 4 116
2 24 19.6 -68 116 2 -68 116
4 16 19.6 4 116 2 4 116 2 4 115.16 19.52 4 115.16
2 24 2 4 115.16 19.52 4 115.16
4 16 19.52 4 115.16 2 4 115.16 2 -64.81 6.2 8.62 -64.81 6.2
4 16 2 -68 99.23 2 -68 116 19.6 -68 116 17.92 -68 99.23
4 16 2 6.343 -76 2 -4 -76 8 -4 -76 8 6.343 -76
2 24 2 -4 -76 8 -4 -76
2 24 8 6.343 -76 2 6.343 -76
4 16 2 -4 -73.8 8 -4 -73.8 8 -4 -76 2 -4 -76
2 24 2 -4 -73.8 8 -4 -73.8
4 16 2 -79.52 -26.7 8 -79.52 -26.7 8 -4 -73.8 2 -4 -73.8
2 24 2 -79.52 -26.7 8 -79.52 -26.7
4 16 2 -61.28 -8.4 8 -61.28 -8.4 8 -65.27 -16.3 2 -65.27 -16.3
2 24 2 -61.28 -8.4 8 -61.28 -8.4
5 24 8 -65.27 -16.3 2 -65.27 -16.3 2 -61.28 -8.4 8 -71.56 -22.7
4 16 2 -65.27 -16.3 8 -65.27 -16.3 8 -71.56 -22.7 2 -71.56 -22.7
5 24 8 -71.56 -22.7 2 -71.56 -22.7 2 -65.27 -16.3 8 -79.52 -26.7
4 16 2 -71.56 -22.7 8 -71.56 -22.7 8 -79.52 -26.7 2 -79.52 -26.7
4 16 2 6.343 -76 8 6.343 -76 8 -61.28 -8.4 2 -61.28 -8.4
4 16 16 4 136 16 4 124 -16 4 124 -16 4 136
2 24 16 4 136 16 4 124
2 24 16 4 124 -16 4 124
2 24 -16 4 124 -16 4 136
2 24 -16 4 136 16 4 136
4 16 -16 16 136 16 16 136 16 4 136 -16 4 136
2 24 16 16 136 16 4 136
2 24 -16 4 136 -16 16 136
4 16 16 16 136 16 16 124 16 4 124 16 4 136
2 24 16 16 124 16 4 124
4 16 16 16 124 -16 16 124 -16 4 124 16 4 124
2 24 -16 16 124 -16 4 124
4 16 -16 16 124 -16 16 136 -16 4 136 -16 4 124
4 16 -16 4 140 -16 4 156 16 4 156 16 4 140
2 24 -16 4 140 -16 4 156
2 24 -16 4 156 16 4 156
2 24 16 4 156 16 4 140
4 16 -16 8 156 16 8 156 16 4 156 -16 4 156
2 24 16 8 156 16 4 156
2 24 -16 4 156 -16 8 156
4 16 16 8 156 16 8 140 16 4 140 16 4 156
4 16 -16 8 156 -16 4 156 -16 4 140 -16 8 140
4 16 6.287 16 -85.3 6.287 12 -85.3 4.184 12 -84.6 4.184 16 -84.6
2 24 6.287 16 -85.3 6.287 12 -85.3
4 16 4.184 16 -84.6 4.184 12 -84.6 2 12 -84.1 2 16 -84.1
4 16 2 16 -80 2 4 -80 -2 4 -80 -2 16 -80
2 24 2 4 -80 -2 4 -80
4 16 -14.71 12 -106.3 -14.71 16 -106.3 -15.99 16 -100.5 -15.99 12 -100.5
2 24 -14.71 12 -106.3 -14.71 16 -106.3
3 16 -15.99 12 -100.5 -15.99 16 -100.5 -15.49 12 -96
3 16 -15.49 12 -96 -15.99 16 -100.5 -15.11 16 -94.7
4 16 -15.49 12 -96 -15.11 16 -94.7 -15.11 4 -94.7 -15.49 4 -96
2 24 -15.49 4 -96 -15.49 12 -96
3 16 -2 12 -84.1 -4.034 12 -84.5 -2 16 -84.1
3 16 -2 16 -84.1 -4.034 12 -84.5 -6 12 -85.2
3 16 -2 16 -84.1 -6 12 -85.2 -6.287 12 -85.3
5 24 -6.287 12 -85.3 -2 16 -84.1 -6 12 -85.2 -4.184 16 -84.6
3 16 -6.287 12 -85.3 -6 12 -85.2 -6 4 -85.2
2 24 -6 12 -85.2 -6 4 -85.2
4 16 -6.287 12 -85.3 -6 4 -85.2 -7.603 4 -85.9 -7.603 12 -85.9
4 16 -7.603 12 -85.9 -7.603 4 -85.9 -12.18 4 -89.6 -12.18 12 -89.6
3 16 -12.18 12 -89.6 -12.18 4 -89.6 -14.71 12 -93.7
3 16 -14.71 12 -93.7 -12.18 4 -89.6 -15.11 4 -94.7
3 16 -6.287 16 -85.3 -4.184 16 -84.6 -6.287 12 -85.3
2 24 -6.287 12 -85.3 -6.287 16 -85.3
3 16 -6.287 12 -85.3 -4.184 16 -84.6 -2 16 -84.1
4 16 -6.287 12 -85.3 -9.766 12 -82.5 -9.766 16 -82.5 -6.287 16 -85.3
4 16 -17.45 16 -90.2 -17.45 12 -90.2 -14.71 12 -93.7 -14.71 16 -93.7
4 16 -14.71 12 -106.3 -17.45 12 -109.8 -17.45 16 -109.8 -14.71 16 -106.3
4 16 -9.766 12 -117.5 -6.287 12 -114.7 -6.287 16 -114.7 -9.766 16 -117.5
2 24 -6.287 12 -114.7 -6.287 16 -114.7
4 16 -6.287 16 -114.7 -6.287 12 -114.7 -2.147 12 -115.9 -2.147 16 -115.9
4 16 -2.147 16 -115.9 -2.147 12 -115.9 2.147 12 -115.9 2.147 16 -115.9
4 16 2.147 16 -115.9 2.147 12 -115.9 6.287 12 -114.7 6.287 16 -114.7
2 24 6.287 12 -114.7 6.287 16 -114.7
4 16 6.287 16 -114.7 6.287 12 -114.7 9.766 12 -117.5 9.766 16 -117.5
4 16 17.45 16 -109.8 17.45 12 -109.8 14.71 12 -106.3 14.71 16 -106.3
2 24 14.71 12 -106.3 14.71 16 -106.3
4 16 15.49 4 -96 14.85 4 -94 14.85 16 -94 15.49 12 -96
2 24 15.49 12 -96 15.49 4 -96
3 16 15.49 12 -96 14.85 16 -94 16 12 -100.2
5 24 14.85 16 -94 16 12 -100.2 15.49 12 -96 16 16 -100.2
3 16 16 12 -100.2 14.85 16 -94 16 16 -100.2
4 16 16 12 -100.2 16 16 -100.2 14.71 16 -106.3 14.71 12 -106.3
4 16 6.287 4 -85.3 6.287 12 -85.3 11.44 12 -88.8 11.44 4 -88.8
2 24 6.287 4 -85.3 6.287 12 -85.3
4 16 11.44 4 -88.8 11.44 12 -88.8 14.71 12 -93.7 14.85 4 -94
4 16 17.45 12 -90.2 17.45 16 -90.2 14.71 16 -93.7 14.71 12 -93.7
4 16 9.766 12 -82.5 6.287 12 -85.3 6.287 16 -85.3 9.766 16 -82.5
4 16 -2 12 -96 -2 4 -96 2 4 -96 2 12 -96
2 24 -2 4 -96 2 4 -96
4 16 -2 4 -96 -2 4 -80 2 4 -80 2 4 -96
4 16 -6 4 -96 -6 12 -96 -15.49 12 -96 -15.49 4 -96
2 24 -6 4 -96 -6 12 -96
4 16 -6 12 -96 -6 4 -96 -6 4 -85.2 -6 12 -85.2
4 16 6.287 12 -85.3 6.287 4 -85.3 6.287 4 -96 6.287 12 -96
2 24 6.287 4 -96 6.287 12 -96
4 16 6.287 12 -96 6.287 4 -96 15.49 4 -96 15.49 12 -96
1 16 0 8 -100 20 0 0 0 0 0 0 0 -20 2-4disc.dat
1 16 0 8 -100 20 0 0 0 0 0 0 0 -20 2-4edge.dat
1 16 0 8 -100 -18.4776 0 -7.6537 0 8 0 -7.6537 0 18.4776 1-8cyli.dat
1 16 0 8 -100 -7.6537 0 -18.4776 0 4 0 -18.4776 0 7.6537 1-8cyli.dat
1 16 0 8 -100 7.6537 0 -18.4776 0 8 0 -18.4776 0 -7.6537 1-8cyli.dat
1 16 0 8 -100 18.4776 0 -7.6537 0 4 0 -7.6537 0 -18.4776 1-8cyli.dat
1 16 0 8 -100 18.4776 0 7.6537 0 8 0 7.6537 0 -18.4776 1-8cyli.dat
1 16 0 8 -100 -18.4776 0 7.6537 0 4 0 7.6537 0 18.4776 1-8cyli.dat
1 16 0 8 -100 7.6537 0 18.4776 0 4 0 18.4776 0 -7.6537 1-8cyli.dat
1 16 0 0 -100 -20 0 0 0 8 0 0 0 20 2-4cyli.dat
1 16 -10 0 130 0 0 1 0 1 0 -1 0 0 stud2.dat
1 16 10 0 130 0 0 1 0 1 0 -1 0 0 stud2.dat
1 16 10 0 150 0 0 1 0 1 0 -1 0 0 stud2.dat
1 16 -10 0 150 0 0 1 0 1 0 -1 0 0 stud2.dat
1 16 -10 -72 110 0 0 1 0 1 0 -1 0 0 stud2.dat
1 16 10 -72 110 0 0 1 0 1 0 -1 0 0 stud2.dat
1 16 -10 0 -90 0 0 -1 0 1 0 1 0 0 stud6.dat
1 16 10 0 -90 1 0 0 0 1 0 0 0 1 stud6.dat
1 16 -10 8 -110 -1 0 0 0 1 0 0 0 -1 stud6.dat
1 16 10 8 -110 0 0 1 0 1 0 -1 0 0 stud6.dat
1 16 -10 -78 10 0 1 0 0 0 1 1 0 0 stud2.dat
1 16 -10 -78 -10 0 1 0 0 0 1 1 0 0 stud2.dat
1 16 -10 -98 10 0 1 0 0 0 1 1 0 0 stud2.dat
1 16 -10 -98 -10 0 1 0 0 0 1 1 0 0 stud2.dat
1 16 10 -78 -10 0 -1 0 0 0 1 -1 0 0 stud2.dat
1 16 10 -78 10 0 -1 0 0 0 1 -1 0 0 stud2.dat
1 16 10 -98 -10 0 -1 0 0 0 1 -1 0 0 stud2.dat
1 16 10 -98 10 0 -1 0 0 0 1 -1 0 0 stud2.dat
1 16 0 4 130 0 0 -1 0 -3 0 -1 0 0 stud3.dat
1 16 0 4 150 0 0 -1 0 -1 0 -1 0 0 stud3.dat
1 16 0 12 -100 0 0 -1 0 -1 0 -1 0 0 stud4.dat
0
