0 Brick  1 x  2 with Handle
0 Name: 30236.dat
0 Author: Steve Bliss, based on 2540.dat by James Jessiman
0 Official LCad update 99-02

0 CATEGORY Brick
0 KEYWORDS gizmo, rod, bar, side, grab, horizontal, clip-on
0 not CW-compliant

1 16 0 4 0 1 0 0 0 -5 0 0 0 1 stud3.dat
1 16 0 24 0 16 0 0 0 -20 0 0 0 6 box5.dat
4 16 20 24 10 16 24 6 -16 24 6 -20 24 10
4 16 -20 24 10 -16 24 6 -16 24 -6 -20 24 -10
4 16 -20 24 -10 -16 24 -6 16 24 -6 20 24 -10
4 16 20 24 -10 16 24 -6 16 24 6 20 24 10
2 24 20 24 10 20 24 -10
2 24 20 24 -10 -20 24 -10
2 24 -20 24 -10 -20 24 10
2 24 -20 24 10 20 24 10
2 24 12 16 -10 6 16 -10
2 24 -6 16 -10 -12 16 -10
2 24 12 8 -10 6 8 -10
2 24 -6 8 -10 -12 8 -10
2 24 12 8 -10 12 16 -10
2 24 -12 8 -10 -12 16 -10
2 24 6 8 -10 6 16 -10
2 24 -6 8 -10 -6 16 -10
2 24 20 0 10 20 0 -10
2 24 20 0 -10 -20 0 -10
2 24 -20 0 -10 -20 0 10
2 24 -20 0 10 20 0 10
2 24 20 0 10 20 24 10
2 24 -20 0 10 -20 24 10
2 24 20 0 -10 20 24 -10
2 24 -20 0 -10 -20 24 -10
2 24 12 8 -14.39 6 8 -14.39
2 24 -12 8 -14.39 -6 8 -14.39
2 24 12 16 -10 12 16 -20
1 16 12 10 -20 0 0 0 6 0 0 0 0 -6 2-4edge.dat
1 16 12 10 -20 0 0 0 -6 0 0 0 0 6 1-8edge.dat
2 24 12 5.76 -15.76 12 8 -14.39
2 24 12 8 -14.39 12 8 -10
2 24 6 16 -10 6 16 -20
1 16 6 10 -20 0 0 0 6 0 0 0 0 -6 2-4edge.dat
1 16 6 10 -20 0 0 0 -6 0 0 0 0 6 1-8edge.dat
2 24 6 5.76 -15.76 6 8 -14.39
2 24 6 8 -14.39 6 8 -10
2 24 -6 16 -10 -6 16 -20
1 16 -6 10 -20 0 0 0 6 0 0 0 0 -6 2-4edge.dat
1 16 -6 10 -20 0 0 0 -6 0 0 0 0 6 1-8edge.dat
2 24 -6 5.76 -15.76 -6 8 -14.39
2 24 -6 8 -14.39 -6 8 -10
2 24 -12 16 -10 -12 16 -20
1 16 -12 10 -20 0 0 0 6 0 0 0 0 -6 2-4edge.dat
1 16 -12 10 -20 0 0 0 -6 0 0 0 0 6 1-8edge.dat
2 24 -12 5.76 -15.76 -12 8 -14.39
2 24 -12 8 -14.39 -12 8 -10
1 16 20 10 -20 0 0 0 4 0 0 0 0 4 4-4edge.dat
1 16 12 10 -20 0 0 0 4 0 0 0 0 4 4-4edge.dat
1 16 6 10 -20 0 0 0 4 0 0 0 0 4 4-4edge.dat
1 16 -6 10 -20 0 0 0 4 0 0 0 0 4 4-4edge.dat
1 16 -12 10 -20 0 0 0 4 0 0 0 0 4 4-4edge.dat
1 16 -20 10 -20 0 0 0 4 0 0 0 0 4 4-4edge.dat
1 16 0 24 0 20 0 0 0 -24 0 0 0 10 box5.dat
1 16 20 10 -20 0 0 0 4 0 0 0 0 4 4-4disc.dat
1 16 -20 10 -20 0 0 0 4 0 0 0 0 4 4-4disc.dat
1 16 12 10 -20 0 0 0 6 0 0 0 0 6 4-4disc.dat
1 16 6 10 -20 0 0 0 6 0 0 0 0 6 4-4disc.dat
1 16 -6 10 -20 0 0 0 6 0 0 0 0 6 4-4disc.dat
1 16 -12 10 -20 0 0 0 6 0 0 0 0 6 4-4disc.dat
4 16 12 16 -10 12 8 -10 12 8 -20 12 16 -20
4 16 6 16 -10 6 8 -10 6 8 -20 6 16 -20
4 16 -6 16 -10 -6 8 -10 -6 8 -20 -6 16 -20
4 16 -12 16 -10 -12 8 -10 -12 8 -20 -12 16 -20
4 16 12 16 -10 12 16 -20 6 16 -20 6 16 -10
1 16 12 10 -20 0 -6 0 6 0 0 0 0 -6 2-4cyli.dat
1 16 12 10 -20 0 -6 0 -6 0 0 0 0 6 1-8cyli.dat
4 16 12 5.76 -15.76 12 8 -14.39 6 8 -14.39 6 5.76 -15.76
4 16 12 8 -14.39 12 8 -10 6 8 -10 6 8 -14.39
4 16 -12 16 -10 -12 16 -20 -6 16 -20 -6 16 -10
1 16 -12 10 -20 0 6 0 6 0 0 0 0 -6 2-4cyli.dat
1 16 -12 10 -20 0 6 0 -6 0 0 0 0 6 1-8cyli.dat
4 16 -12 5.76 -15.76 -12 8 -14.39 -6 8 -14.39 -6 5.76 -15.76
4 16 -12 8 -14.39 -12 8 -10 -6 8 -10 -6 8 -14.39
1 16 20 10 -20 0 -40 0 4 0 0 0 0 4 4-4cyli.dat
1 16 10 0 0 1 0 0 0 1 0 0 0 1 stud.dat
1 16 -10 0 0 1 0 0 0 1 0 0 0 1 stud.dat
0