0 Slope Brick 55  1 x  6 x  5
0 Name: 30249.dat
0 Author: Joseph H. Cardana
0 LDRAW_ORG Part UPDATE 2003-03

0 BFC CERTIFY CCW

0 // 2002-11-28 Willy Tschager Fixed Gap; Corrected L3P -check warnings;
0 //            Identical lines, Bad vertex sequence; Made BFC compliant;
0 //            repositioned, regrouped and reordered.
0 // 2002-12-08 DG origin at top center, removed extra edgeline


2 24 10 120 -100 -10 120 -100
2 24 -10 120 -100 -10 120 20
2 24 10 120 20 -10 120 20
2 24 10 120 -100 10 120 20

2 24 -6 120 -96 6 120 -96
2 24 -6 120 -64 6 120 -64
2 24 -6 120 -61 6 120 -61
2 24 -6 120 -96 -6 120 16
2 24 -6 120 16 6 120 16
2 24 6 120 -96 6 120 16

2 24 -10 116 -100 10 116 -100
2 24 -6 116 -96 6 116 -96
2 24 -6 69 -64 6 69 -64
2 24 -6 65 -61 6 65 -61

2 24 6 4 -20 -6 4 -20
2 24 -6 4 -20 -6 4 16
2 24 6 4 16 -6 4 16
2 24 6 4 -20 6 4 16
1 16 0 4 10 4 0 0 0 1 0 0 0 4 4-4edge.dat
1 16 0 0 10 6 0 0 0 1 0 0 0 6 4-4edge.dat

2 24 -10 0 -20 10 0 -20
2 24 -10 0 20 -10 0 -20
2 24 -10 0 20 10 0 20
2 24 10 0 20 10 0 -20

2 24 -10 116 -100 -10 120 -100
2 24 -10 0 20 -10 120 20
2 24 10 0 20 10 120 20
2 24 10 120 -100 10 116 -100

2 24 -6 120 -96 -6 116 -96
2 24 -6 120 -64 -6 69 -64
2 24 -6 120 -61 -6 65 -61
2 24 -6 120 16 -6 4 16
2 24 6 120 16 6 4 16
2 24 6 120 -61 6 65 -61
2 24 6 120 -64 6 69 -64
2 24 6 120 -96 6 116 -96

2 24 -6 4 -20 -6 116 -96
2 24 6 4 -20 6 116 -96
2 24 -10 116 -100 -10 0 -20
2 24 10 116 -100 10 0 -20

4 16 -10 120 -100 -6 120 -96 6 120 -96 10 120 -100
4 16 -6 120 -96 -10 120 -100 -10 120 20 -6 120 16
4 16 -6 120 16 -10 120 20 10 120 20 6 120 16
4 16 10 120 -100 6 120 -96 6 120 16 10 120 20
4 16 -6 120 -64 -6 120 -61 6 120 -61 6 120 -64

4 16 -6 120 -96 -6 116 -96 6 116 -96 6 120 -96
4 16 -6 69 -64 -6 116 -96 -6 120 -96 -6 120 -64
4 16 -6 69 -64 -6 120 -64 6 120 -64 6 69 -64
4 16 6 69 -64 6 120 -64 6 120 -96 6 116 -96

4 16 -6 65 -61 6 65 -61 6 120 -61 -6 120 -61
4 16 -6 120 -61 -6 120 -20 -6 4 -20 -6 65 -61
4 16 -6 120 16 -6 4 16 -6 4 -20 -6 120 -20
4 16 -6 120 16 6 120 16 6 4 16 -6 4 16
4 16 6 120 16 6 120 -20 6 4 -20 6 4 16
4 16 6 120 -61 6 65 -61 6 4 -20 6 120 -20
4 16 -6 69 -64 6 69 -64 6 116 -96 -6 116 -96
4 16 -6 65 -61 -6 4 -20 6 4 -20 6 65 -61
4 16 -6 4 4 6 4 4 6 4 -20 -6 4 -20
4 16 -6 4 4 -6 4 16 -4 4 14 -4 4 6
4 16 6 4 16 4 4 14 -4 4 14 -6 4 16
4 16 6 4 16 6 4 4 4 4 6 4 4 14
4 16 -6 4 4 -4 4 6 4 4 6 6 4 4
0 BFC CERTIFY INVERTNEXT
1 16 0 4 10 4 0 0 0 1 0 0 0 4 4-4ndis.dat
0 BFC CERTIFY INVERTNEXT
1 16 0 0 10 4 0 0 0 4 0 0 0 4 4-4cyli.dat

4 16 -10 116 -100 -10 120 -100 10 120 -100 10 116 -100
4 16 -10 116 20 -10 120 20 -10 120 -100 -10 116 -100
4 16 -10 0 20 -10 116 20 -10 116 -100 -10 0 -20
4 16 -10 0 20 10 0 20 10 120 20 -10 120 20
4 16 10 116 20 10 116 -100 10 120 -100 10 120 20
4 16 10 0 20 10 0 -20 10 116 -100 10 116 20
4 16 -10 116 -100 10 116 -100 10 0 -20 -10 0 -20

4 16 -10 0 0 -10 0 -20 10 0 -20 10 0 0
4 16 -10 0 0 -4 0 6 -4 0 14 -10 0 20
4 16 10 0 20 -10 0 20 -4 0 14 4 0 14
4 16 10 0 20 4 0 14 4 0 6 10 0 0
4 16 -10 0 0 10 0 0 4 0 6 -4 0 6
1 16 0 0 10 4 0 0 0 1 0 0 0 4 4-4ndis.dat

1 16 0 0 10 1 0 0 0 1 0 0 0 1 stud2a.dat
1 16 0 0 -10 1 0 0 0 1 0 0 0 1 stud2.dat
0
