0 Bar  1 x  8 with Brick 1  x  2 Curved Top End
0 Name: 30359.dat
0 Author: John VanZwieten
0 Author: Steve Bliss
0 Official LCad update 99-05

0 CATEGORY Space
0 KEYWORDS Star Wars, laser cannon, cylinder, rounded, piston rod, bar, rod
0 KEYWORDS brick, support, connector, ion cannon, blaster, energy, binder
0 KEYWORDS Podracer

2 24 -10 24 -20 10 24 -20
2 24 10 24 -20 10 24 20
2 24 10 24 20 -10 24 20
2 24 -10 24 20 -10 24 -20
2 24 -6 24 -16 6 24 -16
2 24 6 24 -16 6 24 16
2 24 6 24 16 -6 24 16
2 24 -6 24 16 -6 24 -16
2 24 -6 24 -16 -6 10 -16
2 24 6 24 -16 6 10 -16
2 24 6 24 16 6 10 16
2 24 -6 24 16 -6 10 16
2 24 -10 24 -20 -10 10 -20
2 24 10 24 -20 10 10 -20
2 24 10 24 20 10 10 20
2 24 -10 24 20 -10 10 20
1 16 0 10 -16 6 0 0 0 0 -6 0 1 0 2-4edge.dat
1 16 0 10 16 6 0 0 0 0 -6 0 1 0 2-4edge.dat
1 16 0 10 -20 10 0 0 0 0 -10 0 1 0 2-4edge.dat
1 16 0 10 20 10 0 0 0 0 -10 0 1 0 2-4edge.dat
1 16 0 4 0 -1 0 0 0 -5 0 0 0 1 stud3.dat
1 16 0 10 20 6 0 0 0 0 6 0 1 0 4-4edge.dat
1 16 0 10 16 6 0 0 0 0 6 0 1 0 4-4edge.dat
1 16 0 10 -40 4 0 0 0 0 4 0 1 0 4-4edge.dat
1 16 0 10 -120 4 0 0 0 0 4 0 1 0 4-4edge.dat
1 16 0 10 -120 10 0 0 0 0 10 0 1 0 4-4edge.dat
1 16 0 24 -130 8 0 0 0 1 0 0 0 8 4-4edge.dat
1 16 0 24 -130 6 0 0 0 1 0 0 0 6 4-4edge.dat
1 16 0 20 -130 6 0 0 0 1 0 0 0 6 4-4edge.dat
1 16 0 10 -124 6 0 0 0 0 6 0 1 0 4-4edge.dat
1 16 0 10 -140 6 0 0 0 0 6 0 1 0 4-4edge.dat
1 16 0 10 -140 10 0 0 0 0 10 0 1 0 4-4edge.dat
4 16 -10 24 -20 10 24 -20 -6 24 -16 6 24 -16
4 16 10 24 -20 10 24 20 6 24 -16 6 24 16
4 16 10 24 20 -10 24 20 6 24 16 -6 24 16
4 16 -10 24 20 -10 24 -20 -6 24 16 -6 24 -16
4 16 -6 24 -16 -6 10 -16 6 10 -16 6 24 -16
4 16 6 24 -16 6 10 -16 6 24 16 6 10 16
4 16 6 24 16 6 16 16 -6 24 16 -6 16 16
4 16 -6 24 16 -6 10 16 -6 24 -16 -6 10 -16
4 16 -10 24 -20 -10 10 -20 10 24 -20 10 10 -20
4 16 10 24 -20 10 10 -20 10 24 20 10 10 20
4 16 10 24 20 10 20 20 -10 24 20 -10 20 20
4 16 -10 24 20 -10 10 20 -10 24 -20 -10 10 -20
1 16 0 10 -16 6 0 0 0 0 -6 0 1 0 2-4disc.dat
1 16 0 10 16 6 0 0 0 0 6 0 1 0 2-4ndis.dat
1 16 0 10 -20 10 0 0 0 0 -10 0 1 0 2-4disc.dat
1 16 0 10 20 2 0 0 0 0 2 0 1 0 ring3.dat
1 16 0 10 20 2 0 0 0 0 2 0 1 0 ring4.dat
1 16 0 10 20 10 0 0 0 0 10 0 1 0 2-4ndis.dat
1 16 0 10 16 6 0 0 0 0 6 0 4 0 4-4cyli.dat
1 16 0 10 -16 6 0 0 0 0 -6 0 32 0 2-4cyli.dat
1 16 0 10 -20 10 0 0 0 0 -10 0 40 0 2-4cyli.dat
1 16 0 10 -120 4 0 0 0 0 4 0 80 0 4-4cyli.dat
1 16 0 10 -120 10 0 0 0 0 10 0 1 0 4-4disc.dat
1 16 0 24 -130 2 0 0 0 1 0 0 0 2 ring3.dat
1 16 0 20 -130 6 0 0 0 4 0 0 0 6 4-4cyli.dat
1 16 0 20 -130 6 0 0 0 1 0 0 0 6 4-4disc.dat
1 16 0 10 -124 6 0 0 0 0 6 0 1 0 4-4disc.dat
1 16 0 10 -140 6 0 0 0 0 6 0 16 0 4-4cyli.dat
1 16 0 10 -140 10 0 0 0 0 10 0 20 0 4-4cyli.dat
1 16 0 10 -140 2 0 0 0 0 2 0 1 0 ring3.dat
1 16 0 10 -140 2 0 0 0 0 2 0 1 0 ring4.dat
1 16 0 10 -40 3.58 0 -3.58 3.58 0 3.58 0 1 0 4-4edge.dat
1 16 0 10 -40 3.58 0 -3.58 3.58 0 3.58 0 1 0 4-4disc.dat
1 16 0 10 -20 -6.364 0 -6.364 6.364 0 -6.364 0 1 0 3-4edge.dat
2 24 6.364 16.364 -20 5.388 17.016 -20
2 24 -6.364 16.364 -20 -5.388 17.016 -20
1 16 0 10 -31.429 1.193 0 1.193 -1.193 0 1.193 0 -8.571 0 1-4con3.DAT
1 16 0 10 -20 1.591 0 1.591 -1.591 0 1.591 0 -11.429 0 1-4con3.DAT
1 16 0 10 -31.429 -1.193 0 1.193 -1.193 0 -1.193 0 -8.571 0 1-4con3.DAT
1 16 0 10 -20 -1.591 0 1.591 -1.591 0 -1.591 0 -11.429 0 1-4con3.DAT
1 16 0 10 -31.429 -1.193 0 -1.193 1.193 0 -1.193 0 -8.571 0 1-4con3.DAT
1 16 0 10 -20 -1.591 0 -1.591 1.591 0 -1.591 0 -11.429 0 1-4con3.DAT
4 16 1.937 14.676 -40 3.579 13.579 -40 4.136 14.136 -36 2.238 15.402 -36
4 16 1.937 14.676 -40 0 15.061 -40 0 15.849 -36 2.238 15.402 -36
4 16 0 15.061 -40 -1.937 14.676 -40 -2.238 15.402 -36 0 15.849 -36
4 16 -1.937 14.676 -40 -3.579 13.579 -40 -4.136 14.136 -36 -2.238 15.402 -36
2 24 -2.238 15.402 -36 -5.388 17.016 -20
2 24 -2.238 15.402 -36 0 15.849 -36
2 24 2.238 15.402 -36 0 15.849 -36
2 24 2.238 15.402 -36 5.388 17.016 -20
3 16 -2.238 15.402 -36 0 15.849 -36 2.238 15.402 -36
4 16 -2.238 15.402 -36 2.238 15.402 -36 2.238 10 -36 -2.238 10 -36
4 16 4.136 14.136 -36 2.238 15.402 -36 6.364 16.364 -20 5.388 17.016 -20
4 16 -4.136 14.136 -36 -2.238 15.402 -36 -6.364 16.364 -20 -5.388 17.016 -20
4 16 2.238 15.402 -36 5.388 17.016 -20 5.388 10 -20 2.238 10 -36
4 16 -2.238 15.402 -36 -5.388 17.016 -20 -5.388 10 -20 -2.238 10 -36
2 24 5.388 17.016 -20 5.388 10 -20
2 24 2.238 15.402 -36 2.238 10 -36
2 24 -5.388 17.016 -20 -5.388 10 -20
2 24 -2.238 15.402 -36 -2.238 10 -36
1 16 0 10 -36 2.238 0 0 0 0 -2.238 0 1 0 2-4edge.dat
1 16 0 10 -20 5.388 0 0 0 0 -5.388 0 1 0 2-4edge.dat
1 16 0 10 -36 2.238 0 0 0 0 -2.238 0 1 0 2-4disc.dat
4 16 2.238 10 -36 2.068 9.144 -36 4.978 7.938 -20 5.388 10 -20
4 16 2.068 9.144 -36 1.582 8.418 -36 3.81 6.19 -20 4.978 7.938 -20
4 16 1.582 8.418 -36 0.856 7.932 -36 2.062 5.022 -20 3.81 6.19 -20
4 16 0.856 7.932 -36 0 7.762 -36 0 4.612 -20 2.062 5.022 -20
4 16 -2.238 10 -36 -2.068 9.144 -36 -4.978 7.938 -20 -5.388 10 -20
4 16 -2.068 9.144 -36 -1.582 8.418 -36 -3.81 6.19 -20 -4.978 7.938 -20
4 16 -1.582 8.418 -36 -0.856 7.932 -36 -2.062 5.022 -20 -3.81 6.19 -20
4 16 -0.856 7.932 -36 0 7.762 -36 0 4.612 -20 -2.062 5.022 -20
2 24 3.062 19.391 -137.391 0 20 -138
2 24 3.827 19.239 -136.88 3.062 19.391 -137.391
2 24 5.657 18.016 -135.657 3.827 19.239 -136.88
2 24 7.071 17.071 -133.541 5.657 18.016 -135.657
2 24 7.391 16.592 -133.062 7.071 17.071 -133.541
2 24 8 15.681 -130 7.391 16.592 -133.062
2 24 8 15.681 -130 7.391 16.592 -126.938
2 24 7.391 16.592 -126.938 7.071 17.071 -126.459
2 24 7.071 17.071 -126.459 5.657 18.016 -124.343
2 24 5.657 18.016 -124.343 3.827 19.239 -123.12
2 24 3.827 19.239 -123.12 3.062 19.391 -122.609
2 24 3.062 19.391 -122.609 0 20 -122
2 24 -3.062 19.391 -122.609 0 20 -122
2 24 -3.827 19.239 -123.12 -3.062 19.391 -122.609
2 24 -5.657 18.016 -124.343 -3.827 19.239 -123.12
2 24 -7.071 17.071 -126.459 -5.657 18.016 -124.343
2 24 -7.391 16.592 -126.938 -7.071 17.071 -126.459
2 24 -8 15.681 -130 -7.391 16.592 -126.938
2 24 -8 15.681 -130 -7.391 16.592 -133.062
2 24 -7.391 16.592 -133.062 -7.071 17.071 -133.541
2 24 -7.071 17.071 -133.541 -5.657 18.016 -135.657
2 24 -5.657 18.016 -135.657 -3.827 19.239 -136.88
2 24 -3.827 19.239 -136.88 -3.062 19.391 -137.391
2 24 -3.062 19.391 -137.391 0 20 -138
5 24 -8 15.681 -130 -8 24 -130 -7.391 24 -126.938 -7.391 24 -133.062
5 24 -7.391 16.592 -126.938 -7.391 24 -126.938 -5.657 24 -124.343 -8 24 -130
5 24 -5.657 18.016 -124.343 -5.657 24 -124.343 -3.062 24 -122.609 -7.391 24 -126.938
5 24 -3.062 19.391 -122.609 -3.062 24 -122.609 0 24 -122 -5.657 24 -124.343
5 24 0 20 -122 0 24 -122 3.062 24 -122.609 -3.062 24 -122.609
5 24 8 15.681 -130 8 24 -130 7.391 24 -126.938 7.391 24 -133.062
5 24 7.391 16.592 -126.938 7.391 24 -126.938 5.657 24 -124.343 8 24 -130
5 24 5.657 18.016 -124.343 5.657 24 -124.343 3.062 24 -122.609 7.391 24 -126.938
5 24 3.062 19.391 -122.609 3.062 24 -122.609 0 24 -122 5.657 24 -124.343
5 24 0 20 -122 0 24 -122 3.062 24 -122.609 -8 24 -122
5 24 8 15.681 -130 8 24 -130 7.391 24 -133.062 7.391 24 -126.938
5 24 7.391 16.592 -133.062 7.391 24 -133.062 5.657 24 -135.657 8 24 -130
5 24 5.657 18.016 -135.657 5.657 24 -135.657 3.062 24 -137.391 7.391 24 -133.062
5 24 3.062 19.391 -137.391 3.062 24 -137.391 0 24 -138 5.657 24 -135.657
5 24 0 20 -138 0 24 -138 -3.062 24 -137.391 3.062 24 -137.391
5 24 -8 15.681 -130 -8 24 -130 -7.391 24 -133.062 -7.391 24 -126.938
5 24 -7.391 16.592 -133.062 -7.391 24 -133.062 -5.657 24 -135.657 -8 24 -130
5 24 -5.657 18.016 -135.657 -5.657 24 -135.657 -3.062 24 -137.391 -7.391 24 -133.062
5 24 -3.062 19.391 -137.391 -3.062 24 -137.391 0 24 -138 -5.657 24 -135.657
5 24 0 20 -138 0 24 -138 -3.062 24 -137.391 8 24 -138
4 16 8 15.681 -130 7.391 16.592 -126.938 7.391 24 -126.938 8 24 -130
4 16 7.391 16.592 -126.938 5.657 18.016 -124.343 5.657 24 -124.343 7.391 24 -126.938
4 16 5.657 18.016 -124.343 3.062 19.391 -122.609 3.062 24 -122.609 5.657 24 -124.343
4 16 3.062 19.391 -122.609 0 20 -122 0 24 -122 3.062 24 -122.609
4 16 -8 15.681 -130 -7.391 16.592 -126.938 -7.391 24 -126.938 -8 24 -130
4 16 -7.391 16.592 -126.938 -5.657 18.016 -124.343 -5.657 24 -124.343 -7.391 24 -126.938
4 16 -5.657 18.016 -124.343 -3.062 19.391 -122.609 -3.062 24 -122.609 -5.657 24 -124.343
4 16 -3.062 19.391 -122.609 0 20 -122 0 24 -122 -3.062 24 -122.609
4 16 -8 15.681 -130 -7.391 16.592 -133.062 -7.391 24 -133.062 -8 24 -130
4 16 -7.391 16.592 -133.062 -5.657 18.016 -135.657 -5.657 24 -135.657 -7.391 24 -133.062
4 16 -5.657 18.016 -135.657 -3.062 19.391 -137.391 -3.062 24 -137.391 -5.657 24 -135.657
4 16 -3.062 19.391 -137.391 0 20 -138 0 24 -138 -3.062 24 -137.391
4 16 8 15.681 -130 7.391 16.592 -133.062 7.391 24 -133.062 8 24 -130
4 16 7.391 16.592 -133.062 5.657 18.016 -135.657 5.657 24 -135.657 7.391 24 -133.062
4 16 5.657 18.016 -135.657 3.062 19.391 -137.391 3.062 24 -137.391 5.657 24 -135.657
4 16 3.062 19.391 -137.391 0 20 -138 0 24 -138 3.062 24 -137.391
1 16 0 0 -130 4 0 0 0 1 0 0 0 4 4-4edge.dat
1 16 0 0 -130 1 0 0 0 1 0 0 0 1 stud2a.dat
1 16 0 0 -130 4 0 0 0 1 0 0 0 4 4-4disc.dat
5 24 6 0 -130 6 2.213 -130 5.543 0 -127.704 5.543 0 -132.296
5 24 5.543 0 -127.704 5.543 1.908 -127.704 4.243 0 -125.757 6 0 -130
5 24 4.243 0 -125.757 4.243 1.039 -125.757 2.296 0 -124.457 5.543 0 -127.704
5 24 2.296 0 -124.457 2.296 0.457 -124.457 0 0 -124 4.243 0 -125.757
5 24 -2.296 0 -124.457 -2.296 0.457 -124.457 -4.243 0 -125.757 0 0 -124
5 24 -4.243 0 -125.757 -4.243 1.039 -125.757 -5.543 0 -127.704 -2.296 0 -124.457
5 24 -5.543 0 -127.704 -5.543 1.908 -127.704 -6 0 -130 -4.243 0 -125.757
5 24 -6 0 -130 -6 2.213 -130 -5.543 0 -132.296 -5.543 0 -127.704
5 24 -5.543 0 -132.296 -5.543 1.908 -132.296 -4.243 0 -134.243 -6 0 -130
5 24 -4.243 0 -134.243 -4.243 1.039 -134.243 -2.296 0 -135.543 -5.543 0 -132.296
5 24 -2.296 0 -135.543 -2.296 0.457 -135.543 0 0 -136 -4.243 0 -134.243
5 24 2.296 0 -135.543 2.296 0.457 -135.543 4.243 0 -134.243 0 0 -136
5 24 4.243 0 -134.243 4.243 1.039 -134.243 5.543 0 -132.296 2.296 0 -135.543
5 24 5.543 0 -132.296 5.543 1.908 -132.296 6 0 -130 4.243 0 -134.243
4 16 6 0 -130 5.543 0 -127.704 5.543 2.213 -127.704 6 2.213 -130
4 16 5.543 0 -127.704 4.243 0 -125.757 4.243 2.213 -125.757 5.543 2.213 -127.704
4 16 4.243 0 -125.757 2.296 0 -124.457 2.296 2.213 -124.457 4.243 2.213 -125.757
4 16 2.296 0 -124.457 0 0 -124 0 2.213 -124 2.296 2.213 -124.457
4 16 0 0 -124 -2.296 0 -124.457 -2.296 2.213 -124.457 0 2.213 -124
4 16 -2.296 0 -124.457 -4.243 0 -125.757 -4.243 2.213 -125.757 -2.296 2.213 -124.457
4 16 -4.243 0 -125.757 -5.543 0 -127.704 -5.543 2.213 -127.704 -4.243 2.213 -125.757
4 16 -5.543 0 -127.704 -6 0 -130 -6 2.213 -130 -5.543 2.213 -127.704
4 16 -6 0 -130 -5.543 0 -132.296 -5.543 2.213 -132.296 -6 2.213 -130
4 16 -5.543 0 -132.296 -4.243 0 -134.243 -4.243 2.213 -134.243 -5.543 2.213 -132.296
4 16 -4.243 0 -134.243 -2.296 0 -135.543 -2.296 2.213 -135.543 -4.243 2.213 -134.243
4 16 -2.296 0 -135.543 0 0 -136 0 2.213 -136 -2.296 2.213 -135.543
4 16 0 0 -136 2.296 0 -135.543 2.296 2.213 -135.543 0 2.213 -136
4 16 2.296 0 -135.543 4.243 0 -134.243 4.243 2.213 -134.243 2.296 2.213 -135.543
4 16 4.243 0 -134.243 5.543 0 -132.296 5.543 2.213 -132.296 4.243 2.213 -134.243
4 16 5.543 0 -132.296 6 0 -130 6 2.213 -130 5.543 2.213 -132.296
2 24 6 2.213 -130 5.543 1.908 -127.704
2 24 5.543 1.908 -127.704 4.243 1.039 -125.757
2 24 4.243 1.039 -125.757 3.827 0.915 -125.479
2 24 3.827 0.915 -125.479 2.296 0.457 -124.457
2 24 2.296 0.457 -124.457 0 0 -124
2 24 0 0 -124 -2.296 0.457 -124.457
2 24 -2.296 0.457 -124.457 -3.827 0.915 -125.479
2 24 -3.827 0.915 -125.479 -4.243 1.039 -125.757
2 24 -4.243 1.039 -125.757 -5.543 1.908 -127.704
2 24 -5.543 1.908 -127.704 -6 2.213 -130
2 24 -6 2.213 -130 -5.543 1.908 -132.296
2 24 -5.543 1.908 -132.296 -4.243 1.039 -134.243
2 24 -4.243 1.039 -134.243 -3.827 0.915 -134.521
2 24 -3.827 0.915 -134.521 -2.296 0.457 -135.543
2 24 -2.296 0.457 -135.543 0 0 -136
2 24 0 0 -136 2.296 0.457 -135.543
2 24 2.296 0.457 -135.543 3.827 0.915 -134.521
2 24 3.827 0.915 -134.521 4.243 1.039 -134.243
2 24 4.243 1.039 -134.243 5.543 1.908 -132.296
2 24 5.543 1.908 -132.296 6 2.213 -130
1 16 0 0 -10 4 0 0 0 1 0 0 0 4 4-4edge.dat
1 16 0 0 -10 1 0 0 0 1 0 0 0 1 stud2a.dat
1 16 0 0 -10 4 0 0 0 1 0 0 0 4 4-4disc.dat
5 24 6 0 -10 6 2.213 -10 5.543 0 -7.704 5.543 0 -12.296
5 24 5.543 0 -7.704 5.543 1.908 -7.704 4.243 0 -5.757 6 0 -10
5 24 4.243 0 -5.757 4.243 1.039 -5.757 2.296 0 -4.457 5.543 0 -7.704
5 24 2.296 0 -4.457 2.296 0.457 -4.457 0 0 -4 4.243 0 -5.757
5 24 -2.296 0 -4.457 -2.296 0.457 -4.457 -4.243 0 -5.757 0 0 -4
5 24 -4.243 0 -5.757 -4.243 1.039 -5.757 -5.543 0 -7.704 -2.296 0 -4.457
5 24 -5.543 0 -7.704 -5.543 1.908 -7.704 -6 0 -10 -4.243 0 -5.757
5 24 -6 0 -10 -6 2.213 -10 -5.543 0 -12.296 -5.543 0 -7.704
5 24 -5.543 0 -12.296 -5.543 1.908 -12.296 -4.243 0 -14.243 -6 0 -10
5 24 -4.243 0 -14.243 -4.243 1.039 -14.243 -2.296 0 -15.543 -5.543 0 -12.296
5 24 -2.296 0 -15.543 -2.296 0.457 -15.543 0 0 -16 -4.243 0 -14.243
5 24 2.296 0 -15.543 2.296 0.457 -15.543 4.243 0 -14.243 0 0 -16
5 24 4.243 0 -14.243 4.243 1.039 -14.243 5.543 0 -12.296 2.296 0 -15.543
5 24 5.543 0 -12.296 5.543 1.908 -12.296 6 0 -10 4.243 0 -14.243
4 16 6 0 -10 5.543 0 -7.704 5.543 2.213 -7.704 6 2.213 -10
4 16 5.543 0 -7.704 4.243 0 -5.757 4.243 2.213 -5.757 5.543 2.213 -7.704
4 16 4.243 0 -5.757 2.296 0 -4.457 2.296 2.213 -4.457 4.243 2.213 -5.757
4 16 2.296 0 -4.457 0 0 -4 0 2.213 -4 2.296 2.213 -4.457
4 16 0 0 -4 -2.296 0 -4.457 -2.296 2.213 -4.457 0 2.213 -4
4 16 -2.296 0 -4.457 -4.243 0 -5.757 -4.243 2.213 -5.757 -2.296 2.213 -4.457
4 16 -4.243 0 -5.757 -5.543 0 -7.704 -5.543 2.213 -7.704 -4.243 2.213 -5.757
4 16 -5.543 0 -7.704 -6 0 -10 -6 2.213 -10 -5.543 2.213 -7.704
4 16 -6 0 -10 -5.543 0 -12.296 -5.543 2.213 -12.296 -6 2.213 -10
4 16 -5.543 0 -12.296 -4.243 0 -14.243 -4.243 2.213 -14.243 -5.543 2.213 -12.296
4 16 -4.243 0 -14.243 -2.296 0 -15.543 -2.296 2.213 -15.543 -4.243 2.213 -14.243
4 16 -2.296 0 -15.543 0 0 -16 0 2.213 -16 -2.296 2.213 -15.543
4 16 0 0 -16 2.296 0 -15.543 2.296 2.213 -15.543 0 2.213 -16
4 16 2.296 0 -15.543 4.243 0 -14.243 4.243 2.213 -14.243 2.296 2.213 -15.543
4 16 4.243 0 -14.243 5.543 0 -12.296 5.543 2.213 -12.296 4.243 2.213 -14.243
4 16 5.543 0 -12.296 6 0 -10 6 2.213 -10 5.543 2.213 -12.296
2 24 6 2.213 -10 5.543 1.908 -7.704
2 24 5.543 1.908 -7.704 4.243 1.039 -5.757
2 24 4.243 1.039 -5.757 3.827 0.915 -5.479
2 24 3.827 0.915 -5.479 2.296 0.457 -4.457
2 24 2.296 0.457 -4.457 0 0 -4
2 24 0 0 -4 -2.296 0.457 -4.457
2 24 -2.296 0.457 -4.457 -3.827 0.915 -5.479
2 24 -3.827 0.915 -5.479 -4.243 1.039 -5.757
2 24 -4.243 1.039 -5.757 -5.543 1.908 -7.704
2 24 -5.543 1.908 -7.704 -6 2.213 -10
2 24 -6 2.213 -10 -5.543 1.908 -12.296
2 24 -5.543 1.908 -12.296 -4.243 1.039 -14.243
2 24 -4.243 1.039 -14.243 -3.827 0.915 -14.521
2 24 -3.827 0.915 -14.521 -2.296 0.457 -15.543
2 24 -2.296 0.457 -15.543 0 0 -16
2 24 0 0 -16 2.296 0.457 -15.543
2 24 2.296 0.457 -15.543 3.827 0.915 -14.521
2 24 3.827 0.915 -14.521 4.243 1.039 -14.243
2 24 4.243 1.039 -14.243 5.543 1.908 -12.296
2 24 5.543 1.908 -12.296 6 2.213 -10
1 16 0 0 10 4 0 0 0 1 0 0 0 4 4-4edge.dat
1 16 0 0 10 1 0 0 0 1 0 0 0 1 stud2a.dat
1 16 0 0 10 4 0 0 0 1 0 0 0 4 4-4disc.dat
5 24 6 0 10 6 2.213 10 5.543 0 12.296 5.543 0 7.704
5 24 5.543 0 12.296 5.543 1.908 12.296 4.243 0 14.243 6 0 10
5 24 4.243 0 14.243 4.243 1.039 14.243 2.296 0 15.543 5.543 0 12.296
5 24 2.296 0 15.543 2.296 0.457 15.543 0 0 16 4.243 0 14.243
5 24 -2.296 0 15.543 -2.296 0.457 15.543 -4.243 0 14.243 0 0 16
5 24 -4.243 0 14.243 -4.243 1.039 14.243 -5.543 0 12.296 -2.296 0 15.543
5 24 -5.543 0 12.296 -5.543 1.908 12.296 -6 0 10 -4.243 0 14.243
5 24 -6 0 10 -6 2.213 10 -5.543 0 7.704 -5.543 0 12.296
5 24 -5.543 0 7.704 -5.543 1.908 7.704 -4.243 0 5.757 -6 0 10
5 24 -4.243 0 5.757 -4.243 1.039 5.757 -2.296 0 4.457 -5.543 0 7.704
5 24 -2.296 0 4.457 -2.296 0.457 4.457 0 0 4 -4.243 0 5.757
5 24 2.296 0 4.457 2.296 0.457 4.457 4.243 0 5.757 0 0 4
5 24 4.243 0 5.757 4.243 1.039 5.757 5.543 0 7.704 2.296 0 4.457
5 24 5.543 0 7.704 5.543 1.908 7.704 6 0 10 4.243 0 5.757
4 16 6 0 10 5.543 0 12.296 5.543 2.213 12.296 6 2.213 10
4 16 5.543 0 12.296 4.243 0 14.243 4.243 2.213 14.243 5.543 2.213 12.296
4 16 4.243 0 14.243 2.296 0 15.543 2.296 2.213 15.543 4.243 2.213 14.243
4 16 2.296 0 15.543 0 0 16 0 2.213 16 2.296 2.213 15.543
4 16 0 0 16 -2.296 0 15.543 -2.296 2.213 15.543 0 2.213 16
4 16 -2.296 0 15.543 -4.243 0 14.243 -4.243 2.213 14.243 -2.296 2.213 15.543
4 16 -4.243 0 14.243 -5.543 0 12.296 -5.543 2.213 12.296 -4.243 2.213 14.243
4 16 -5.543 0 12.296 -6 0 10 -6 2.213 10 -5.543 2.213 12.296
4 16 -6 0 10 -5.543 0 7.704 -5.543 2.213 7.704 -6 2.213 10
4 16 -5.543 0 7.704 -4.243 0 5.757 -4.243 2.213 5.757 -5.543 2.213 7.704
4 16 -4.243 0 5.757 -2.296 0 4.457 -2.296 2.213 4.457 -4.243 2.213 5.757
4 16 -2.296 0 4.457 0 0 4 0 2.213 4 -2.296 2.213 4.457
4 16 0 0 4 2.296 0 4.457 2.296 2.213 4.457 0 2.213 4
4 16 2.296 0 4.457 4.243 0 5.757 4.243 2.213 5.757 2.296 2.213 4.457
4 16 4.243 0 5.757 5.543 0 7.704 5.543 2.213 7.704 4.243 2.213 5.757
4 16 5.543 0 7.704 6 0 10 6 2.213 10 5.543 2.213 7.704
2 24 6 2.213 10 5.543 1.908 12.296
2 24 5.543 1.908 12.296 4.243 1.039 14.243
2 24 4.243 1.039 14.243 3.827 0.915 14.521
2 24 3.827 0.915 14.521 2.296 0.457 15.543
2 24 2.296 0.457 15.543 0 0 16
2 24 0 0 16 -2.296 0.457 15.543
2 24 -2.296 0.457 15.543 -3.827 0.915 14.521
2 24 -3.827 0.915 14.521 -4.243 1.039 14.243
2 24 -4.243 1.039 14.243 -5.543 1.908 12.296
2 24 -5.543 1.908 12.296 -6 2.213 10
2 24 -6 2.213 10 -5.543 1.908 7.704
2 24 -5.543 1.908 7.704 -4.243 1.039 5.757
2 24 -4.243 1.039 5.757 -3.827 0.915 5.479
2 24 -3.827 0.915 5.479 -2.296 0.457 4.457
2 24 -2.296 0.457 4.457 0 0 4
2 24 0 0 4 2.296 0.457 4.457
2 24 2.296 0.457 4.457 3.827 0.915 5.479
2 24 3.827 0.915 5.479 4.243 1.039 5.757
2 24 4.243 1.039 5.757 5.543 1.908 7.704
2 24 5.543 1.908 7.704 6 2.213 10
0