0 Slope Brick 18  4 x  2
0 Name: 30363.dat
0 Author: John VanZwieten
0 Official LCad update 99-06

 1 16 0 20 -10 1 0 0 0 -1 0 0 0 1 stud4a.dat
 1 16 0 4 -10 6 0 0 0 0 0 0 0 6 2-4edge.dat
 1 16 0 4 -10 6 0 0 0 0 2 0 0 -6 2-4edge.dat
 1 16 0 4 -10 8 0 0 0 0 0 0 0 8 2-4edge.dat
 1 16 0 4 -10 8 0 0 0 0 2.667 0 0 -8 2-4edge.dat
 1 16 0 6 -10 0 0 6 0 -2 0 -6 0 0 1-4cyls.dat
 1 16 0 6 -10 0 0 -6 0 -2 0 -6 0 0 1-4cyls.dat
 1 16 0 4 -10 6 0 0 0 16 0 0 0 6 2-4cyli.dat
 1 16 0 6 -10 6 0 0 0 14 0 0 0 -6 2-4cyli.dat
 1 16 0 7 -10 0 0 8 0 -2.667 0 -8 0 0 1-4cyls.dat
 1 16 0 7 -10 0 0 -8 0 -2.667 0 -8 0 0 1-4cyls.dat
 1 16 0 4 -10 8 0 0 0 16 0 0 0 8 2-4cyli.dat
 1 16 0 7 -10 8 0 0 0 13 0 0 0 -8 2-4cyli.dat

 1 16 0 20 -30 1 0 0 0 -1 0 0 0 1 stud4a.dat
 1 16 0 10.667 -30 6 0 0 0 0 2 0 0 -6 4-4edge.dat
 1 16 0 10.667 -30 8 0 0 0 0 2.667 0 0 -8 4-4edge.dat
 1 16 0 10.667 -30 6 0 0 0 13 -2 0 0 6 2-4cyli.dat
 1 16 0 10.667 -30 8 0 0 0 13 -2.667 0 0 8 2-4cyli.dat
 1 16 0 10.667 -30 6 0 0 0 10 2 0 0 -6 2-4cyli.dat
 1 16 0 10.667 -30 8 0 0 0 10 2.667 0 0 -8 2-4cyli.dat

 1 16 0 20 -50 1 0 0 0 -1 0 0 0 1 stud4a.dat
 1 16 0 17.333 -50 6 0 0 0 0 2 0 0 -6 4-4edge.dat
 1 16 0 17.333 -50 8 0 0 0 0 2.667 0 0 -8 4-4edge.dat
 1 16 0 17.333 -50 6 0 0 0 6 -2 0 0 6 2-4cyli.dat
 1 16 0 17.333 -50 8 0 0 0 6 -2.667 0 0 8 2-4cyli.dat
 1 16 0 17.333 -50 6 0 0 0 3 2 0 0 -6 2-4cyli.dat
 1 16 0 17.333 -50 8 0 0 0 3 2.667 0 0 -8 2-4cyli.dat

 2 24 16 24 6 -16 24 6
 2 24 -16 24 6 -16 24 -66
 2 24 -16 24 -66 16 24 -66
 2 24 16 24 -66 16 24 6

 2 24 20 24 10 -20 24 10
 2 24 -20 24 10 -20 24 -70
 2 24 -20 24 -70 20 24 -70
 2 24 20 24 -70 20 24 10

 2 24 16 24 6 16 4 6
 2 24 -16 24 6 -16 4 6
 2 24 16 24 -66 16 20 -66
 2 24 -16 24 -66 -16 20 -66
 2 24 16 4 6 -16 4 6
 2 24 16 4 -10 -16 4 -10
 2 24 16 20 -58 -16 20 -58
 2 24 16 20 -66 -16 20 -66
 2 24 16 4 6 16 4 -10
 2 24 -16 4 6 -16 4 -10
 2 24 16 20 -58 16 4 -10
 2 24 -16 20 -58 -16 4 -10
 2 24 16 20 -66 16 20 -58
 2 24 -16 20 -66 -16 20 -58

 2 24 20 24 10 20 0 10
 2 24 -20 24 10 -20 0 10
 2 24 20 24 -70 20 20 -70
 2 24 -20 24 -70 -20 20 -70
 2 24 20 0 10 -20 0 10
 2 24 20 0 -10 -20 0 -10
 2 24 20 20 -70 -20 20 -70
 2 24 20 0 10 20 0 -10
 2 24 -20 0 10 -20 0 -10
 2 24 20 20 -70 20 0 -10
 2 24 -20 20 -70 -20 0 -10

 4 16 20 24 10 16 24 6 -16 24 6 -20 24 10
 4 16 -20 24 10 -16 24 6 -16 24 -66 -20 24 -70
 4 16 -20 24 -70 -16 24 -66 16 24 -66 20 24 -70
 4 16 20 24 -70 16 24 -66 16 24 6 20 24 10
 4 16 16 20 -58 16 20 -66 -16 20 -66 -16 20 -58
 4 16 16 4 6 16 4 -10 -16 4 -10 -16 4 6
 4 16 20 0 10 20 0 -10 -20 0 -10 -20 0 10

 4 16 20 24 10 20 0 10 -20 0 10 -20 24 10
 4 16 16 24 6 16 4 6 -16 4 6 -16 24 6
 4 16 16 24 -66 16 20 -66 -16 20 -66 -16 24 -66
 4 16 20 24 -70 20 20 -70 -20 20 -70 -20 24 -70

 4 16 20 24 10 20 0 10 20 20 -70 20 24 -70
 3 16 20 0 10 20 0 -10 20 20 -70
 4 16 16 24 6 16 4 6 16 20 -66 16 24 -66
 3 16 16 4 6 16 4 -10 16 20 -66
 4 16 -16 24 6 -16 4 6 -16 20 -66 -16 24 -66
 3 16 -16 4 6 -16 4 -10 -16 20 -66
 4 16 -20 24 10 -20 0 10 -20 20 -70 -20 24 -70
 3 16 -20 0 10 -20 0 -10 -20 20 -70

 4 16 16 20 -58 16 4 -10 -16 4 -10 -16 20 -58
 4 16 20 20 -70 20 0 -10 -20 0 -10 -20 20 -70

 1 16 -10 0 0 1 0 0 0 1 0 0 0 1 stud.dat
 1 16 10 0 0 1 0 0 0 1 0 0 0 1 stud.dat
0