0 Hinge Brick  1 x  4 Locking Double
0 Name: 30387.dat
0 Author: John VanZwieten
0 LDRAW_ORG Part UPDATE 2002-03

0 2002-04-12 FWC fixed "gaps" (was actually overlapping triangles)...

 1 16 0 4 0 1 0 0 0 -5 0 0 0 1 stud3.dat
 1 16 20 4 0 1 0 0 0 -5 0 0 0 1 stud3.dat
 1 16 -20 4 0 1 0 0 0 -5 0 0 0 1 stud3.dat
0
 2 24 36 4 6 -36 4 6
 2 24 -36 4 6 -36 4 -6
 2 24 -36 4 -6 36 4 -6
 2 24 36 4 -6 36 4 6
 2 24 35 24 6 -35 24 6
 2 24 -36 23 6 -36 23 -6
 2 24 -35 24 -6 35 24 -6
 2 24 36 23 -6 36 23 6
 2 24 35 24 -6 36 23 -6
 2 24 35 24 6 36 23 6
 2 24 -35 24 -6 -36 23 -6
 2 24 -35 24 6 -36 23 6
 2 24 36 23 6 36 4 6
 2 24 -36 23 6 -36 4 6
 2 24 36 23 -6 36 4 -6
 2 24 -36 23 -6 -36 4 -6
 2 24 35 24 6 35 24 10
 2 24 35 24 -6 35 24 -10
 2 24 -35 24 6 -35 24 10
 2 24 -35 24 -6 -35 24 -10
0
 4 16 36 4 6 36 4 -6 -36 4 -6 -36 4 6
 4 16 35 24 6 36 4 6 -36 4 6 -35 24 6
 3 16 36 4 6 35 24 6 36 23 6
 3 16 -36 4 6 -36 23 6 -35 24 6
 4 16 -36 23 6 -36 4 6 -36 4 -6 -36 23 -6
 4 16 -35 24 -6 -36 4 -6 36 4 -6 35 24 -6
 3 16 36 4 -6 36 23 -6 35 24 -6
 3 16 -36 4 -6 -35 24 -6 -36 23 -6
 4 16 36 23 -6 36 4 -6 36 4 6 36 23 6
 4 16 35 24 10 35 24 6 -35 24 6 -35 24 10
 4 16 -35 24 -10 -35 24 -6 35 24 -6 35 24 -10
 4 16 40 19 -10 36 23 -6 36 23 6 40 19 10
 4 16 -36 23 -6 -40 19 -10 -40 19 10 -36 23 6
 4 16 36 23 -6 40 19 -10 35 24 -10 35 24 -6
 4 16 40 19 10 36 23 6 35 24 6 35 24 10
 4 16 -40 19 -10 -36 23 -6 -35 24 -6 -35 24 -10
 4 16 -36 23 6 -40 19 10 -35 24 10 -35 24 6
0
 2 24 40 0 10 -40 0 10
 2 24 -40 0 10 -40 0 -10
 2 24 -40 0 -10 40 0 -10
 2 24 40 0 -10 40 0 10
 2 24 35 24 10 -35 24 10
 2 24 -40 19 10 -40 19 -10
 2 24 -35 24 -10 35 24 -10
 2 24 40 19 -10 40 19 10
 2 24 40 19 -10 35 24 -10
 2 24 40 19 10 35 24 10
 2 24 -40 19 -10 -35 24 -10
 2 24 -40 19 10 -35 24 10
 2 24 40 19 10 40 0 10
 2 24 -40 19 10 -40 0 10
 2 24 40 19 -10 40 0 -10
 2 24 -40 19 -10 -40 0 -10
0
 4 16 40 0 -10 40 0 10 -40 0 10 -40 0 -10
 4 16 40 0 10 35 24 10 -35 24 10 -40 0 10
 3 16 40 0 10 40 19 10 35 24 10
 3 16 -40 0 10 -35 24 10 -40 19 10
 4 16 -40 0 10 -40 19 10 -40 19 -10 -40 0 -10
 4 16 -40 0 -10 -35 24 -10 35 24 -10 40 0 -10
 3 16 40 0 -10 35 24 -10 40 19 -10
 3 16 -40 0 -10 -40 19 -10 -35 24 -10
 4 16 40 0 -10 40 19 -10 40 19 10 40 0 10
0
 1 16 10 0 0 1 0 0 0 1 0 0 0 1 stud.dat
 1 16 -10 0 0 1 0 0 0 1 0 0 0 1 stud.dat
 1 16 30 0 0 1 0 0 0 1 0 0 0 1 stud.dat
 1 16 -30 0 0 1 0 0 0 1 0 0 0 1 stud.dat
0
 1 16 50 9 0 0 0 -1 0 1 0 1 0 0 s\swh2.dat
 1 16 -50 9 0 0 0 -1 0 1 0 1 0 0 s\swh1.dat
 1 16 -50 9 0 0 0 -1 0 1 0 -1 0 0 s\swh1.dat
0
 2 24 -40 15 -8 -40 3 -8
 2 24 -40 3 -8 -40 3 -4
 2 24 -40 3 -4 -40 15 -4
 2 24 -40 15 -4 -40 15 -8
 2 24 -46 15 -8 -40 15 -8
 2 24 -46 3 -8 -40 3 -8
 2 24 -46 15 -4 -40 15 -4
 2 24 -46 3 -4 -40 3 -4
0
 4 16 -46 15 -8 -40 15 -8 -40 3 -8 -46 3 -8
 4 16 -46 3 -8 -40 3 -8 -40 3 -4 -46 3 -4
 4 16 -46 3 -4 -40 3 -4 -40 15 -4 -46 15 -4
 4 16 -46 15 -4 -40 15 -4 -40 15 -8 -46 15 -8
0
 2 24 -40 15 4 -40 3 4
 2 24 -40 3 4 -40 3 8
 2 24 -40 3 8 -40 15 8
 2 24 -40 15 8 -40 15 4
 2 24 -46 15 4 -40 15 4
 2 24 -46 3 4 -40 3 4
 2 24 -46 15 8 -40 15 8
 2 24 -46 3 8 -40 3 8
0
 4 16 -46 15 4 -40 15 4 -40 3 4 -46 3 4
 4 16 -46 3 4 -40 3 4 -40 3 8 -46 3 8
 4 16 -46 3 8 -40 3 8 -40 15 8 -46 15 8
 4 16 -46 15 8 -40 15 8 -40 15 4 -46 15 4
0
