0 Hinge Brick  1 x  2 Locking Double
0 Name: 30386.dat
0 Author: John VanZwieten
0 LDRAW_ORG Part UPDATE 2002-05

0 BFC CERTIFY CCW

 1 16 0 4 0 1 0 0 0 -5 0 0 0 1 stud3.dat
 2 24 16 4 6 -16 4 6
 2 24 -16 4 6 -16 4 -6
 2 24 -16 4 -6 16 4 -6
 2 24 16 4 -6 16 4 6
 2 24 15 24 6 -15 24 6
 2 24 -16 23 6 -16 23 -6
 2 24 -15 24 -6 15 24 -6
 2 24 16 23 -6 16 23 6
 2 24 15 24 -6 16 23 -6
 2 24 15 24 6 16 23 6
 2 24 -15 24 -6 -16 23 -6
 2 24 -15 24 6 -16 23 6
 2 24 16 23 6 16 4 6
 2 24 -16 23 6 -16 4 6
 2 24 16 23 -6 16 4 -6
 2 24 -16 23 -6 -16 4 -6
 2 24 15 24 6 15 24 10
 2 24 15 24 -6 15 24 -10
 2 24 -15 24 6 -15 24 10
 2 24 -15 24 -6 -15 24 -10
 4 16 16 4 6 16 4 -6 -16 4 -6 -16 4 6
 4 16 15 24 6 16 4 6 -16 4 6 -15 24 6
 3 16 16 4 6 15 24 6 16 23 6
 3 16 -16 4 6 -16 23 6 -15 24 6
 4 16 -16 23 6 -16 4 6 -16 4 -6 -16 23 -6
 4 16 -15 24 -6 -16 4 -6 16 4 -6 15 24 -6
 3 16 16 4 -6 16 23 -6 15 24 -6
 3 16 -16 4 -6 -15 24 -6 -16 23 -6
 4 16 16 23 -6 16 4 -6 16 4 6 16 23 6
 4 16 15 24 10 15 24 6 -15 24 6 -15 24 10
 4 16 -15 24 -10 -15 24 -6 15 24 -6 15 24 -10
 4 16 20 19 -10 16 23 -6 16 23 6 20 19 10
 4 16 -16 23 -6 -20 19 -10 -20 19 10 -16 23 6
 4 16 16 23 -6 20 19 -10 15 24 -10 15 24 -6
 4 16 20 19 10 16 23 6 15 24 6 15 24 10
 4 16 -20 19 -10 -16 23 -6 -15 24 -6 -15 24 -10
 4 16 -16 23 6 -20 19 10 -15 24 10 -15 24 6
 2 24 20 0 10 -20 0 10
 2 24 -20 0 10 -20 0 -10
 2 24 -20 0 -10 20 0 -10
 2 24 20 0 -10 20 0 10
 2 24 15 24 10 -15 24 10
 2 24 -20 19 10 -20 19 -10
 2 24 -15 24 -10 15 24 -10
 2 24 20 19 -10 20 19 10
 2 24 20 19 -10 15 24 -10
 2 24 20 19 10 15 24 10
 2 24 -20 19 -10 -15 24 -10
 2 24 -20 19 10 -15 24 10
 2 24 20 19 10 20 0 10
 2 24 -20 19 10 -20 0 10
 2 24 20 19 -10 20 0 -10
 2 24 -20 19 -10 -20 0 -10
 4 16 20 0 -10 20 0 10 -20 0 10 -20 0 -10
 4 16 20 0 10 15 24 10 -15 24 10 -20 0 10
 3 16 20 0 10 20 19 10 15 24 10
 3 16 -20 0 10 -15 24 10 -20 19 10
 4 16 -20 0 10 -20 19 10 -20 19 -10 -20 0 -10
 4 16 -20 0 -10 -15 24 -10 15 24 -10 20 0 -10
 3 16 20 0 -10 15 24 -10 20 19 -10
 3 16 -20 0 -10 -20 19 -10 -15 24 -10
 4 16 20 0 -10 20 19 -10 20 19 10 20 0 10
 1 16 10 0 0 1 0 0 0 1 0 0 0 1 stud.dat
 1 16 -10 0 0 1 0 0 0 1 0 0 0 1 stud.dat
0
 1 16 30 9 0 0 0 -1 0 1 0 1 0 0 s\swh2.dat
 1 16 -30 9 0 0 0 -1 0 1 0 1 0 0 s\swh1.dat
 1 16 -30 9 0 0 0 -1 0 1 0 -1 0 0 s\swh1.dat
0
 2 24 -20 15 -8 -20 3 -8
 2 24 -20 3 -8 -20 3 -4
 2 24 -20 3 -4 -20 15 -4
 2 24 -20 15 -4 -20 15 -8
 2 24 -26 15 -8 -20 15 -8
 2 24 -26 3 -8 -20 3 -8
 2 24 -26 15 -4 -20 15 -4
 2 24 -26 3 -4 -20 3 -4
 4 16 -26 15 -8 -20 15 -8 -20 3 -8 -26 3 -8
 4 16 -26 3 -8 -20 3 -8 -20 3 -4 -26 3 -4
 4 16 -26 3 -4 -20 3 -4 -20 15 -4 -26 15 -4
 4 16 -26 15 -4 -20 15 -4 -20 15 -8 -26 15 -8
 2 24 -20 15 4 -20 3 4
 2 24 -20 3 4 -20 3 8
 2 24 -20 3 8 -20 15 8
 2 24 -20 15 8 -20 15 4
 2 24 -26 15 4 -20 15 4
 2 24 -26 3 4 -20 3 4
 2 24 -26 15 8 -20 15 8
 2 24 -26 3 8 -20 3 8
 4 16 -26 15 4 -20 15 4 -20 3 4 -26 3 4
 4 16 -26 3 4 -20 3 4 -20 3 8 -26 3 8
 4 16 -26 3 8 -20 3 8 -20 15 8 -26 15 8
 4 16 -26 15 8 -20 15 8 -20 15 4 -26 15 4
0
