0 Hinge Brick  2 x  2 Locking with 1 Finger On Side
0 Name: 30389.dat
0 Author: John VanZwieten
0 LDRAW_ORG Part UPDATE 2002-05

0 BFC CERTIFY CCW

1 16 0 4 0 1 0 0 0 -5 0 0 0 1 stud4.dat
2 24 16 4 16 -16 4 16
2 24 -16 4 16 -16 4 -16
2 24 -16 4 -16 16 4 -16
2 24 16 4 -16 16 4 16
2 24 15 24 16 -16 24 16
2 24 -16 24 16 -16 24 -16
2 24 -16 24 -16 15 24 -16
2 24 16 23 -16 16 23 16
2 24 15 24 -16 16 23 -16
2 24 15 24 16 16 23 16
2 24 16 23 16 16 4 16
2 24 -16 24 16 -16 4 16
2 24 16 23 -16 16 4 -16
2 24 -16 24 -16 -16 4 -16
2 24 15 24 16 15 24 20
2 24 15 24 -16 15 24 -20
4 16 16 4 16 16 4 -16 -16 4 -16 -16 4 16
4 16 15 24 16 16 4 16 -16 4 16 -16 24 16
3 16 16 4 16 15 24 16 16 23 16
4 16 -16 24 16 -16 4 16 -16 4 -16 -16 24 -16
4 16 -16 24 -16 -16 4 -16 16 4 -16 15 24 -16
3 16 16 4 -16 16 23 -16 15 24 -16
4 16 16 23 -16 16 4 -16 16 4 16 16 23 16
4 16 15 24 20 15 24 16 -16 24 16 -20 24 20
4 16 -20 24 20 -16 24 16 -16 24 -16 -20 24 -20
4 16 -20 24 -20 -16 24 -16 15 24 -16 15 24 -20
4 16 20 19 -20 16 23 -16 16 23 16 20 19 20
4 16 16 23 -16 20 19 -20 15 24 -20 15 24 -16
4 16 20 19 20 16 23 16 15 24 16 15 24 20
2 24 20 0 20 -20 0 20
2 24 -20 0 20 -20 0 -20
2 24 -20 0 -20 20 0 -20
2 24 20 0 -20 20 0 20
2 24 15 24 20 -20 24 20
2 24 -20 24 20 -20 24 -20
2 24 -20 24 -20 15 24 -20
2 24 20 19 -20 20 19 20
2 24 20 19 -20 15 24 -20
2 24 20 19 20 15 24 20
2 24 20 19 20 20 0 20
2 24 -20 24 20 -20 0 20
2 24 20 19 -20 20 0 -20
2 24 -20 24 -20 -20 0 -20
4 16 20 0 -20 20 0 20 -20 0 20 -20 0 -20
4 16 20 0 20 15 24 20 -20 24 20 -20 0 20
3 16 20 0 20 20 19 20 15 24 20
4 16 -20 0 20 -20 24 20 -20 24 -20 -20 0 -20
4 16 -20 0 -20 -20 24 -20 15 24 -20 20 0 -20
3 16 20 0 -20 15 24 -20 20 19 -20
4 16 20 0 -20 20 19 -20 20 19 20 20 0 20
1 16 10 0 10 1 0 0 0 1 0 0 0 1 stud.dat
1 16 -10 0 10 1 0 0 0 1 0 0 0 1 stud.dat
1 16 10 0 -10 1 0 0 0 1 0 0 0 1 stud.dat
1 16 -10 0 -10 1 0 0 0 1 0 0 0 1 stud.dat
0
1 16 30 9 0 0 0 -1 0 1 0 1 0 0 s\swh2.dat
0
