0 Windscreen  4 x  7 x  2 Round
0 Name: 30384.dat
0 Author: Karim Nassar
0 Official LCad update 99-05

1 16 0 -4 -30 -1 0 0 0 -1 0 0 0 1 stud4.dat

1 16 0 0 -40 -4.243 0 4.243 0 1 0 -4.243 0 -4.243 1-4edge.dat
1 16 0 0 -40 -2.121 0 2.121 0 1 0 -2.121 0 -2.121 1-4edge.dat

2 24 -20 0 -30 -14.48 0 -35
2 24 -17.6 0 -28 -12.18 0 -33
2 24 -14.48 0 -35 -12.18 0 -33
2 24 -4.243 0 -44.243 -1.943 0 -42.243

2 24 20 0 -30 14.48 0 -35
2 24 17.6 0 -28 12.18 0 -33
2 24 14.48 0 -35 12.18 0 -33
2 24 4.243 0 -44.243 1.943 0 -42.243

2 24 -14.48 0 -35 -14.48 -4 -35
2 24 -12.18 0 -33 -12.18 -4 -33
2 24 -14.48 -4 -35 -12.18 -4 -33
2 24 -14.48 -4 -35 -4.243 -4 -44.243
2 24 -4.243 0 -44.243 -4.243 -4 -44.243
2 24 -1.943 0 -42.243 -1.943 -4 -42.243
2 24 -4.243 -4 -44.243 -1.943 -4 -42.243

2 24 14.48 0 -35 14.48 -4 -35
2 24 12.18 0 -33 12.18 -4 -33
2 24 14.48 -4 -35 12.18 -4 -33
2 24 14.48 -4 -35 4.243 -4 -44.243
2 24 4.243 0 -44.243 4.243 -4 -44.243
2 24 1.943 0 -42.243 1.943 -4 -42.243
2 24 4.243 -4 -44.243 1.943 -4 -42.243

0 Front Box
2 24 -23.3 -8 -10 23.3 -8 -10
2 24 -23.3 0 -10 -23.3 -8 -10
2 24 23.3 0 -10 23.3 -8 -10

2 24 -22 -4 -14 -19.6 -4 -22
2 24 -19.6 -4 -22 -16.3 -4 -20.9
2 24 -16.3 -4 -20.9 -15.3 -4 -23.9
2 24 -15.3 -4 -23.9 -18.6 -4 -25
2 24 -18.6 -4 -25 -17.6 -4 -28

2 24 22 -4 -14 19.6 -4 -22
2 24 19.6 -4 -22 16.3 -4 -20.9
2 24 16.3 -4 -20.9 15.3 -4 -23.9
2 24 15.3 -4 -23.9 18.6 -4 -25
2 24 18.6 -4 -25 17.6 -4 -28

2 24 -17.6 -4 -28 -12.18 -4 -33
2 24 17.6 -4 -28 12.18 -4 -33
1 16 0 -4 -40 -2.121 0 2.121 0 1 0 -2.121 0 -2.121 1-4edge.dat
2 24 -22 -4 -14 22 -4 -14

2 24 -18.6 0 -25 -18.6 -4 -25
2 24 -15.3 0 -23.9 -15.3 -4 -23.9
2 24 -16.3 0 -20.9 -16.3 -4 -20.9
2 24 -19.6 0 -22 -19.6 -4 -22
2 24 -22 0 -14 -22 -4 -14

2 24 18.6 0 -25 18.6 -4 -25
2 24 15.3 0 -23.9 15.3 -4 -23.9
2 24 16.3 0 -20.9 16.3 -4 -20.9
2 24 19.6 0 -22 19.6 -4 -22
2 24 22 0 -14 22 -4 -14
2 24 -22 0 -14 22  0 -14

2 24 -22 0 -14 -19.6 0 -22
2 24 -19.6 0 -22 -16.3 0 -20.9
2 24 -16.3 0 -20.9 -15.3 0 -23.9
2 24 -15.3 0 -23.9 -18.6 0 -25
2 24 -18.6 0 -25 -17.6 0 -28

2 24 22 0 -14 19.6 0 -22
2 24 19.6 0 -22 16.3 0 -20.9
2 24 16.3 0 -20.9 15.3 0 -23.9
2 24 15.3 0 -23.9 18.6 0 -25
2 24 18.6 0 -25 17.6 0 -28

2 24 -36 0 28 -35 0 25
2 24 -31 0 13 -29 0 7
2 24 -25 0 -5 -23.3 0 -10

2 24 -35 0 25 -38 0 24
2 24 -31 0 13 -34 0 12
2 24 -29 0 7 -32 0 6
2 24 -25 0 -5 -28 0 -6

2 24 -40 0 30 -38 0 24
2 24 -34 0 12 -32 0 6
2 24 -28 0 -6 -20 0 -30

2 24 -35 -4 25 -38 -4 24
2 24 -31 -4 13 -34 -4 12
2 24 -29 -4 7 -32 -4 6
2 24 -25 -4 -5 -28 -4 -6

2 24 -35 -4 25 -31 -4 13
2 24 -29 -4 7 -25 -4 -5
2 24 -38 -4 24 -34 -4 12
2 24 -32 -4 6 -28 -4 -6

2 24 -35 -4 25 -35 0 25
2 24 -38 -4 24 -38 0 24
2 24 -31 -4 13 -31 0 13
2 24 -34 -4 12 -34 0 12
2 24 -29 -4 7 -29 0 7
2 24 -32 -4 6 -32 0 6
2 24 -25 -4 -5 -25 0 -5
2 24 -28 -4 -6 -28 0 -6

2 24 -23.3 0 -10 23.3 0 -10

2 24 36 0 28 35 0 25
2 24 31 0 13 29 0 7
2 24 25 0 -5 23.3 0 -10

2 24 35 0 25 38 0 24
2 24 31 0 13 34 0 12
2 24 29 0 7 32 0 6
2 24 25 0 -5 28 0 -6

2 24 40 0 30 38 0 24
2 24 34 0 12 32 0 6
2 24 28 0 -6 20 0 -30

2 24 35 -4 25 38 -4 24
2 24 31 -4 13 34 -4 12
2 24 29 -4 7 32 -4 6
2 24 25 -4 -5 28 -4 -6

2 24 35 -4 25 31 -4 13
2 24 29 -4 7 25 -4 -5
2 24 38 -4 24 34 -4 12
2 24 32 -4 6 28 -4 -6

2 24 35 -4 25 35 0 25
2 24 38 -4 24 38 0 24
2 24 31 -4 13 31 0 13
2 24 34 -4 12 34 0 12
2 24 29 -4 7 29 0 7
2 24 32 -4 6 32 0 6
2 24 25 -4 -5 25 0 -5
2 24 28 -4 -6 28 0 -6

2 24 -40 0 30 -40 0 90
2 24 -40 0 90 -36 0 90
2 24 -36 0 90 -36 0 28

2 24 40 0 30 40 0 90
2 24 40 0 90 36 0 90
2 24 36 0 90 36 0 28

0 8-High Ring
2 24 -20 -8 -30 -4.243 -8 -44.243
2 24 20 -8 -30 4.243 -8 -44.243
1 16 0 -8 -40 -4.243 0 4.243 0 1 0 -4.243 0 -4.243 1-4edge.dat
1 16 0 -8 -40 -2.121 0 2.121 0 1 0 -2.121 0 -2.121 1-4edge.dat
2 24 -1.943 -8 -42.243 -17.6 -8 -28
2 24 -17.6 -8 -28 -36 -8 28
2 24 -36 -8 28 -36 -8 90
2 24 -36 -8 90 -40 -8 90
2 24 -40 -8 90 -40 -8 30
2 24 -40 -8 30 -20 -8 -30
2 24 1.943 -8 -42.243 17.6 -8 -28
2 24 17.6 -8 -28 36 -8 28
2 24 36 -8 28 36 -8 90
2 24 36 -8 90 40 -8 90
2 24 40 -8 90 40 -8 30
2 24 40 -8 30 20 -8 -30

0 Vertical Edges
2 24 -40 0 90 -40 -8 90
2 24 -36 0 90 -36 -8 90
2 24 40 0 90 40 -8 90
2 24 36 0 90 36 -8 90
1 16 0 -8.0 90.0 40 0 0 0 0 -40 0 1 0 2-4edge.dat
1 16 0 -8.0 90.0 36 0 0 0 0 -36 0 1 0 2-4edge.dat
2 24 -40 0 30 -40 -8 30
2 24 -36 0 28 -36 -8 28
2 24 40 0 30 40 -8 30
2 24 36 0 28 36 -8 28
1 16 0 -8.0 30.0 40 0 0 0 0 -40 0 1 0 2-4edge.dat
1 16 0 -8.0 28.0 36 0 0 0 0 -36 0 1 0 2-4edge.dat
2 24 -23.3 0 -10 -23.3 -8 -10
2 24 23.3 0 -10 23.3 -8 -10
2 24 -23.3 -8 -10 23.3 -8 -10
1 16 0 -8.0 -28 17.6 0 0 0 0 -17.6 0 1 0 2-4edge.dat
1 16 0 -8.0 -30 20 0 0 0 0 -20 0 1 0 2-4edge.dat

0 Surfaces
4 16 -40 0 30 -40 0 90 -36 0 90 -36 0 28
4 16 -40 0 30 -36 0 28 -35 0 25 -38 0 24

4 16 -35 0 25 -38 0 24 -38 -4 24 -35 -4 25 
4 16 -35 -4 25 -38 -4 24 -34 -4 12 -31 -4 13
4 16 -34 -4 12 -31 -4 13 -31 0 13 -34 0 12
4 16 -31 0 13 -34 0 12 -32 0 6 -29 0 7
4 16 -32 0 6 -29 0 7 -29 -4 7 -32 -4 6
4 16 -29 -4 7 -32 -4 6 -28 -4 -6 -25 -4 -5
4 16 -28 -4 -6 -25 -4 -5 -25 0 -5 -28 0 -6

4 16 -25 0 -5 -28 0 -6 -20 0 -30 -17.6 0 -28
4 16 -20 0 -30 -17.6 0 -28 -12.18 0 -33 -14.48 0 -35
4 16 -18.6 0 -25 -19.6 0 -22 -16.3 0 -20.9 -15.3 0 -23.9

4 16 -2.121 0 -42.121 -1.148 0 -42.771 -1.531 0 -43.695 -2.828 0 -42.828
4 16 -1.148 0 -42.771 0 0 -42.999 0 0 -43.999 -1.531 0 -43.695
4 16 0 0 -42.999 1.148 0 -42.771 1.531 0 -43.695 0 0 -43.999
4 16 1.148 0 -42.771 2.121 0 -42.121 2.828 0 -42.828 1.531 0 -43.695

4 16 -2.757 0 -42.757 -1.492 0 -43.602 -1.99 0 -44.804 -3.676 0 -43.676
4 16 -1.492 0 -43.602 0 0 -43.898 0 0 -45.198 -1.99 0 -44.804
4 16 0 0 -43.898 1.492 0 -43.602 1.99 0 -44.804 0 0 -45.198
4 16 1.492 0 -43.602 2.757 0 -42.757 3.676 0 -43.676 1.99 0 -44.804

4 16 -3.183 0 -43.183 -1.723 0 -44.159 -2.297 0 -45.546 -4.244 0 -44.244
4 16 -1.723 0 -44.159 0 0 -44.501 0 0 -46.001 -2.297 0 -45.546
4 16 0 0 -44.501 1.723 0 -44.159 2.297 0 -45.546 0 0 -46.001
4 16 1.723 0 -44.159 3.183 0 -43.183 4.244 0 -44.244 2.297 0 -45.546

4 16 -22 0 -14 -23.3 0 -10 23.3 0 -10 22 0 -14

4 16 25 0 -5 28 0 -6 20 0 -30 17.6 0 -28
4 16 20 0 -30 17.6 0 -28 12.18 0 -33 14.48 0 -35
4 16 18.6 0 -25 19.6 0 -22 16.3 0 -20.9 15.3 0 -23.9

4 16 35 0 25 38 0 24 38 -4 24 35 -4 25
4 16 35 -4 25 38 -4 24 34 -4 12 31 -4 13
4 16 34 -4 12 31 -4 13 31 0 13 34 0 12
4 16 31 0 13 34 0 12 32 0 6 29 0 7
4 16 32 0 6 29 0 7 29 -4 7 32 -4 6
4 16 29 -4 7 32 -4 6 28 -4 -6 25 -4 -5
4 16 28 -4 -6 25 -4 -5 25 0 -5 28 0 -6

4 16 40 0 30 40 0 90 36 0 90 36 0 28
4 16 40 0 30 36 0 28 35 0 25 38 0 24

4 16 -22 0 -14 -22 -4 -14 22 -4 -14 22 0 -14
4 16 -19.6 0 -22 -22 0 -14 -22 -4 -14 -19.6 -4 -22
4 16 -19.6 -0 -22 -19.6 -4 -22 -16.3 -4 -20.9 -16.3 0 -20.9
4 16 -15.3 0 -23.9 -15.3 -4 -23.9 -16.3 -4 -20.9 -16.3 0 -20.9
4 16 -18.6 0 -25 -18.6 -4 -25 -15.3 -4 -23.9 -15.3 0 -23.9
4 16 -17.6 0 -28 -17.6 -4 -28 -18.6 -4 -25 -18.6 0 -25
4 16 -12.18 0 -33 -12.18 -4 -33 -17.6 -4 -28 -17.6 0 -28
4 16 -14.48 0 -35 -14.48 -4 -35 -12.18 -4 -33 -12.18 0 -33
4 16 -4.243 0 -44.243 -4.243 -4 -44.243 -1.943 -4 -42.243 -1.943 0 -42.243

1 16 0 -4 -40 -2.121 0 2.121 0 4 0 -2.121 0 -2.121 1-4cyli.dat

4 16 4.243 0 -44.243 4.243 -4 -44.243 1.943 -4 -42.243 1.943 0 -42.243
4 16 14.48 0 -35 14.48 -4 -35 12.18 -4 -33 12.18 0 -33
4 16 12.18 0 -33 12.18 -4 -33 17.6 -4 -28 17.6 0 -28
4 16 17.6 0 -28 17.6 -4 -28 18.6 -4 -25 18.6 0 -25
4 16 18.6 0 -25 18.6 -4 -25 15.3 -4 -23.9 15.3 0 -23.9
4 16 15.3 0 -23.9 15.3 -4 -23.9 16.3 -4 -20.9 16.3 0 -20.9
4 16 19.6 -0 -22 19.6 -4 -22 16.3 -4 -20.9 16.3 0 -20.9
4 16 19.6 0 -22 22 0 -14 22 -4 -14 19.6 -4 -22

1 16 0 -4 -30 6 0 0 0 1 0 0 0 6 4-4disc.dat
1 16 0 -4 -30 8.0 0 0 0 1 0 0 0 8.0 4-4ndis.dat


3 16 -16.3 -4 -20.9 -19.6 -4 -22 -22 -4 -14
3 16 16.3 -4 -20.9 19.6 -4 -22 22 -4 -14
3 16 -16.3 -4 -20.9 -22 -4 -14 -8 -4 -22
4 16 -8 -4 -22 -22 -4 -14 22 -4 -14 8 -4 -22
3 16 16.3 -4 -20.9 22 -4 -14 8 -4 -22

3 16 -15.3 -4 -23.9 -16.3 -4 -20.9 -8 -4 -22
4 16 -8 -4 -22 -15.3 -4 -23.9 -18.6 -4 -25 -17.6 -4 -28
4 16 -8 -4 -22 -17.6 -4 -28 -12.18 -4 -33 -8 -4 -30
4 16 -8 -4 -30 -12.18 -4 -33 -14.48 -4 -35 -8 -4 -38
4 16 -8 -4 -38 -1.943 -4 -42.243 -4.243 -4 -44.243 -14.48 -4 -35
4 16 0 -4 -40 -1.943 -4 -42.243 -8 -4 -38 0 -4 -38

1 16 0 -4 -40 -2.121 0 2.121 0 1 0 -2.121 0 -2.121 1-4disc.dat

3 16 15.3 -4 -23.9 16.3 -4 -20.9 8 -4 -22
4 16 8 -4 -22 15.3 -4 -23.9 18.6 -4 -25 17.6 -4 -28
4 16 8 -4 -22 17.6 -4 -28 12.18 -4 -33 8 -4 -30
4 16 8 -4 -30 12.18 -4 -33 14.48 -4 -35 8 -4 -38
4 16 8 -4 -38 1.943 -4 -42.243 4.243 -4 -44.243 14.48 -4 -35
4 16 0 -4 -40 1.943 -4 -42.243 8 -4 -38 0 -4 -38

4 16 23.3 0 -10 23.3 -4 -10 25 -4 -5 25 0 -5
4 16 29 0 7 29 -4 7 31 -4 13 31 0 13
4 16 35 0 25 35 -4 25 36 -4 28 36 0 28
4 16 23.3 -4 -10 23.3 -8 -10 36 -8 28 36 -4 28

4 16 36 0 28 36 -8 28 36 -8 90 36 0 90
4 16 36 0 90 36 -8 90 40 -8 90 40 0 90
4 16 40 0 30 40 -8 30 40 -8 90 40 0 90

4 16 38 0 24 38 -4 24 40 -4 30 40 0 30
4 16 32 0 6 32 -4 6 34 -4 12 34 0 12
4 16 20 0 -30 20 -4 -30 28 -4 -6 28 0 -6
4 16 20 -4 -30 20 -8 -30 40 -8 30 40 -4 30

4 16 14.48 0 -35 14.48 -8 -35 20 -8 -30 20 0 -30
4 16 4.243 -4 -44.243 4.243 -8 -44.243 14.48 -8 -35 14.48 -4 -35

1 16 0 -8 -40 -4.243 0 4.243 0 8 0 -4.243 0 -4.243 1-4cyli.dat

4 16 -14.48 0 -35 -14.48 -8 -35 -20 -8 -30 -20 0 -30
4 16 -4.243 -4 -44.243 -4.243 -8 -44.243 -14.48 -8 -35 -14.48 -4 -35

4 16 -38 0 24 -38 -4 24 -40 -4 30 -40 0 30
4 16 -32 0 6 -32 -4 6 -34 -4 12 -34 0 12
4 16 -20 0 -30 -20 -4 -30 -28 -4 -6 -28 0 -6
4 16 -20 -4 -30 -20 -8 -30 -40 -8 30 -40 -4 30

4 16 -36 0 28 -36 -8 28 -36 -8 90 -36 0 90
4 16 -36 0 90 -36 -8 90 -40 -8 90 -40 0 90
4 16 -40 0 30 -40 -8 30 -40 -8 90 -40 0 90

4 16 -23.3 0 -10 -23.3 -4 -10 -25 -4 -5 -25 0 -5
4 16 -29 0 7 -29 -4 7 -31 -4 13 -31 0 13
4 16 -35 0 25 -35 -4 25 -36 -4 28 -36 0 28
4 16 -23.3 -4 -10 -23.3 -8 -10 -36 -8 28 -36 -4 28

4 16 -23.3 0 -10 -23.3 -8 -10 23.3 -8 -10 23.3 0 -10

4 16 -23.3 -8 -10 23.3 -8 -10 17.6 -8 -28 -17.6 -8 -28
1 16 0 -8 -40 -2.121 0 2.121 0 1 0 -2.121 0 -2.121 1-4disc.dat
4 16 0 -8 -40 -1.943 -8 -42.243 -17.6 -8 -28 0 -8 -28
4 16 0 -8 -40 1.943 -8 -42.243 17.6 -8 -28 0 -8 -28

4 16 36.4 -8 90 33.63 -21.93 90 36.993 -23.324 90 40.04 -8 90
4 16 33.63 -21.93 90 25.738 -33.738 90 28.312 -36.312 90 36.993 -23.324 90
4 16 25.738 -33.738 90 13.93 -41.63 90 15.324 -44.993 90 28.312 -36.312 90
4 16 13.93 -41.63 90 0 -44.4 90 0 -48.04 90 15.324 -44.993 90

4 16 36 -8 90 33.26 -21.777 90 36.587 -23.156 90 39.6 -8 90
4 16 33.26 -21.777 90 25.456 -33.456 90 28.001 -36.001 90 36.587 -23.156 90
4 16 25.456 -33.456 90 13.777 -41.26 90 15.156 -44.587 90 28.001 -36.001 90
4 16 13.777 -41.26 90 0 -44 90 0 -47.6 90 15.156 -44.587 90

4 16 0 -44.4 90 -13.93 -41.63 90 -15.324 -44.993 90 0 -48.04 90
4 16 -13.93 -41.63 90 -25.738 -33.738 90 -28.312 -36.312 90 -15.324 -44.993 90
4 16 -25.738 -33.738 90 -33.63 -21.93 90 -36.993 -23.324 90 -28.312 -36.312 90
4 16 -33.63 -21.93 90 -36.4 -8 90 -40.04 -8 90 -36.993 -23.324 90

4 16 0 -44 90 -13.777 -41.26 90 -15.156 -44.587 90 0 -47.6 90
4 16 -13.777 -41.26 90 -25.456 -33.456 90 -28.001 -36.001 90 -15.156 -44.587 90
4 16 -25.456 -33.456 90 -33.26 -21.777 90 -36.587 -23.156 90 -28.001 -36.001 90
4 16 -33.26 -21.777 90 -36 -8 90 -39.6 -8 90 -36.587 -23.156 90

0 Round Surfaces
1 16 0 -8 28 36 0 0 0 0 -36 0 62 0 2-4cyli.dat
1 16 0 -8 28 -7.2 0 0 0 0 -7.2 0 -21.543 0 1-4con4.dat
1 16 0 -8 7.429 -5.825 0 0 0 0 -5.825 0 -17.429 0 1-4con4.dat
1 16 0 -8 -14.3 -4.4 0 0 0 0 -4.4 0 -13.6 0 1-4con4.dat
1 16 0 -8 -10 -4.66 0 0 0 0 -4.66 0 -15.145 0 1-4con4.dat

1 16 0 -8.0 28 0 0 7.2 -7.2 0 0 0 -21.543 0 1-4con4.dat
1 16 0 -8.0 7.429 0 0 5.825 -5.825 0 0 0 -17.429 0 1-4con4.dat
1 16 0 -8.0 -14.3 0 0 4.4 -4.4 0 0 0 -13.6 0 1-4con4.dat
1 16 0 -8.0 -10 0 0 4.66 -4.66 0 0 0 -15.145 0 1-4con4.dat

1 16 0 -8 30 40 0 0 0 0 -40 0 60 0 2-4cyli.dat

5 16 20 -8 -30 40 -8 30 36.96 7.3 30 36.96 -23.3 30
5 16 18.48 -15.66 -30 36.96 -23.3 30 40 -8 30 28.28 -36.28 30
5 16 14.14 -22.14 -30 28.28 -36.28 30 36.96 -23.3 30 15.3 -44.96 30
5 16 7.66 -26.48 -30 15.3 -44.96 30 28.28 -36.28 30 0 -48 30

4 16 20 -8 -30 18.48 -15.66 -30 36.96 -23.3 30 40 -8 30
4 16 18.48 -15.66 -30 14.14 -22.14 -30 28.28 -36.28 30 36.96 -23.3 30
4 16 14.14 -22.14 -30 7.66 -26.48 -30 15.3 -44.96 30 28.28 -36.28 30
4 16 7.66 -26.48 -30 0 -28 -30 0 -48 30 15.3 -44.96 30

5 16 0 -28 -30 0 -48 30 15.3 -44.96 30 -15.3 -44.96 30
5 16 -7.66 -26.48 -30 -15.3 -44.96 30 0 -48 30 -28.28 -36.28 30
5 16 -14.14 -22.14 -30 -28.28 -36.28 30 -15.3 -44.96 30 -36.96 -23.3 30
5 16 -18.48 -15.66 -30 -36.96 -23.3 30 -28.28 -36.28 30 -40 -8 30

4 16 0 -28 -30 -7.66 -26.48 -30 -15.3 -44.96 30 0 -48 30
4 16 -7.66 -26.48 -30 -14.14 -22.14 -30 -28.28 -36.28 30 -15.3 -44.96 30
4 16 -14.14 -22.14 -30 -18.48 -15.66 -30 -36.96 -23.3 30 -28.28 -36.28 30
4 16 -18.48 -15.66 -30 -20 -8 -30 -40 -8 30 -36.96 -23.3 30

0 Nose
4 16 -2.121 -8 -42.121 -1.951 -9.232 -41.951 -0.976 -9.232 -42.588 -1.145 -8 -42.757
4 16 -1.951 -9.232 -41.951 -1.506 -10.303 -41.506 -0.573 -10.108 -42.185 -0.976 -9.232 -42.588
3 16 -1.506 -10.303 -41.506 0 -10.724 -41.612 -0.573 -10.108 -42.185

4 16 -1.145 -8 -42.757 -0.976 -9.232 -42.588 0 -9.232 -42.757 0 -8 -43.012
3 16 -0.976 -9.232 -42.588 0 -9.232 -42.757 -0.573 -10.108 -42.185
3 16 -0.573 -10.108 -42.185 0 -9.232 -42.757 0.573 -10.108 -42.185
3 16 -0.573 -10.108 -42.185 0.573 -10.108 -42.185 0 -10.724 -41.612
3 16 0 -10.724 -41.612 0.573 -10.108 -42.185 1.506 -10.303 -41.506

4 16 0 -8 -43.012 0 -9.232 -42.757 0.976 -9.232 -42.588 1.145 -8 -42.757
3 16 0 -9.232 -42.757 0.976 -9.232 -42.588 0.573 -10.108 -42.185
4 16 1.506 -10.303 -41.506 0.573 -10.108 -42.185 0.976 -9.232 -42.588 1.951 -9.232 -41.951

4 16 1.145 -8 -42.757 0.976 -9.232 -42.588 1.951 -9.232 -41.951 2.121 -8 -42.121

5 24 -2.121 -8 -42.121 -1.951 -9.232 -41.951 -0.976 -9.232 -42.588 -4.072 -9.232 -39.83
5 24 -1.951 -9.232 -41.951 -1.506 -10.303 -41.506 -0.573 -10.108 -42.185 -3.627 -10.303 -39.385
5 24 -1.506 -10.303 -41.506 -0.806 -10.984 -40.806 0 -10.724 -41.612 -2.927 -10.984 -38.685
5 24 -0.806 -10.984 -40.806 0 -11.243 -40 0.806 -10.984 -40.806 -2.121 -11.243 -37.879

5 24 -1.145 -8 -42.757 -0.976 -9.232 -42.588 0 -9.232 -42.757 -1.951 -9.232 -41.951
5 24 -0.976 -9.232 -42.588 -0.573 -10.108 -42.185 0 -9.232 -42.757 -1.506 -10.303 -41.506
5 24 -0.573 -10.108 -42.185 0 -10.724 -41.612 0.573 -10.108 -42.185 -0.806 -10.984 -40.806
5 24 0 -10.724 -41.612 0.806 -10.984 -40.806 1.506 -10.303 -41.506 0 -11.243 -40

5 24 0 -8 -43.012 0 -9.232 -42.757 0.976 -9.232 -42.588 -0.976 -9.232 -42.588
5 24 0 -9.232 -42.757 0.573 -10.108 -42.185 0.976 -9.232 -42.588 -0.573 -10.108 -42.185
5 24 0.573 -10.108 -42.185 1.506 -10.303 -41.506 1.951 -9.232 -41.951 0.806 -10.984 -40.806

5 24 2.121 -8 -42.121 1.951 -9.232 -41.951 0.976 -9.232 -42.588 4.072 -9.232 -39.83
5 24 1.951 -9.232 -41.951 1.506 -10.303 -41.506 0.573 -10.108 -42.185 3.627 -10.303 -39.385
5 24 1.506 -10.303 -41.506 0.806 -10.984 -40.806 0 -10.724 -41.612 2.927 -10.984 -38.685
5 24 0.806 -10.984 -40.806 0 -11.243 -40 -0.806 -10.984 -40.806 2.121 -11.243 -37.879

5 24 1.145 -8 -42.757 0.976 -9.232 -42.588 0 -9.232 -42.757 1.951 -9.232 -41.951
5 24 0.976 -9.232 -42.588 0.573 -10.108 -42.185 0 -9.232 -42.757 1.506 -10.303 -41.506
5 24 0.573 -10.108 -42.185 0 -10.724 -41.612 -0.573 -10.108 -42.185 0.806 -10.984 -40.806
5 24 0 -10.724 -41.612 -0.806 -10.984 -40.806 -1.506 -10.303 -41.506 0 -11.243 -40

5 24 0 -8 -43.012 0 -9.232 -42.757 -0.976 -9.232 -42.588 0.976 -9.232 -42.588
5 24 0 -9.232 -42.757 -0.573 -10.108 -42.185 -0.976 -9.232 -42.588 0.573 -10.108 -42.185
5 24 -0.573 -10.108 -42.185 -1.506 -10.303 -41.506 -1.951 -9.232 -41.951 -0.806 -10.984 -40.806

5 24 2.121 -8 -42.121 1.145 -8 -42.757 0.976 -9.232 -42.588 1.145 -4.757 -42.757
5 24 1.145 -8 -42.757 0 -8 -43.012 0 -9.232 -42.757 0 -4.757 -43.012
5 24 0 -8 -43.012 -1.145 -8 -42.757 -0.976 -9.232 -42.588 -1.145 -4.757 -42.757
5 24 -1.145 -8 -42.757 -2.121 -8 -42.121 -1.951 -9.232 -41.951 -2.121 -4.757 -42.121

5 24 1.951 -9.232 -41.951 0.976 -9.232 -42.588 0.573 -10.108 -42.185 1.145 -8 -42.757
5 24 0.976 -9.232 -42.588 0 -9.232 -42.757 0.573 -10.108 -42.185 0 -8 -43.012
5 24 0 -9.232 -42.757 -0.976 -9.232 -42.588 -0.573 -10.108 -42.185 -1.145 -8 -42.757
5 24 -0.976 -9.232 -42.588 -1.951 -9.232 -41.951 -1.506 -10.303 -41.506 -2.121 -8 -42.121

5 24 1.506 -10.303 -41.506 0.573 -10.108 -42.185 0 -10.724 -41.612 0.976 -9.232 -42.588
5 24 0.573 -10.108 -42.185 -0.573 -10.108 -42.185 0 -10.724 -41.612 0 -9.232 -42.757
5 24 -0.573 -10.108 -42.185 -1.506 -10.303 -41.506 -0.806 -10.984 -40.806 -1.951 -9.232 -41.951

5 16 0 -9.943 -42.243 0 -11.886 -40.476 1.486 -11.591 -40.476 -1.486 -11.591 -40.476
5 16 -0.744 -9.795 -42.243 -1.486 -11.591 -40.476 0 -11.886 -40.476 -2.747 -10.747 -40.476
5 16 -1.374 -9.374 -42.243 -2.747 -10.747 -40.476 -1.486 -11.591 -40.476 -3.591 -9.486 -40.476
5 16 -1.795 -8.744 -42.243 -3.591 -9.486 -40.476 -2.747 -10.747 -40.476 -3.886 -8 -40.476

4 16 0 -9.943 -42.243 -0.744 -9.795 -42.243 -1.486 -11.591 -40.476 0 -11.886 -40.476
4 16 -0.744 -9.795 -42.243 -1.374 -9.374 -42.243 -2.747 -10.747 -40.476 -1.486 -11.591 -40.476
4 16 -1.374 -9.374 -42.243 -1.795 -8.744 -42.243 -3.591 -9.486 -40.476 -2.747 -10.747 -40.476
4 16 -1.795 -8.744 -42.243 -1.943 -8 -42.243 -3.886 -8 -40.476 -3.591 -9.486 -40.476

5 16 0 -11.886 -40.476 0 -15.772 -36.941 2.973 -15.181 -36.941 -2.973 -15.181 -36.941
5 16 -1.488 -11.591 -40.476 -2.973 -15.181 -36.941 0 -15.772 -36.941 -5.495 -13.495 -36.941
5 16 -2.747 -10.747 -40.476 -5.495 -13.495 -36.941 -2.973 -15.181 -36.941 -7.181 -10.973 -36.941
5 16 -3.591 -9.488 -40.476 -7.181 -10.973 -36.941 -5.495 -13.495 -36.941 -7.772 -8 -36.941

4 16 0 -11.886 -40.476 -1.488 -11.591 -40.476 -2.973 -15.181 -36.941 0 -15.772 -36.941
4 16 -1.488 -11.591 -40.476 -2.747 -10.747 -40.476 -5.495 -13.495 -36.941 -2.973 -15.181 -36.941
4 16 -2.747 -10.747 -40.476 -3.591 -9.488 -40.476 -7.181 -10.973 -36.941 -5.495 -13.495 -36.941
4 16 -3.591 -9.488 -40.476 -3.886 -8 -40.476 -7.772 -8 -36.941 -7.181 -10.973 -36.941

5 16 0 -15.772 -36.941 0 -23.544 -29.87 5.946 -22.363 -29.87 -5.946 -22.363 -29.87
5 16 -2.977 -15.181 -36.941 -5.946 -22.363 -29.87 0 -23.544 -29.87 -10.99 -18.99 -29.87
5 16 -5.495 -13.495 -36.941 -10.99 -18.99 -29.87 -5.946 -22.363 -29.87 -14.363 -13.946 -29.87
5 16 -7.181 -10.977 -36.941 -14.363 -13.946 -29.87 -10.99 -18.99 -29.87 -15.544 -8 -29.87

4 16 0 -15.772 -36.941 -2.977 -15.181 -36.941 -5.946 -22.363 -29.87 0 -23.544 -29.87
4 16 -2.977 -15.181 -36.941 -5.495 -13.495 -36.941 -10.99 -18.99 -29.87 -5.946 -22.363 -29.87
4 16 -5.495 -13.495 -36.941 -7.181 -10.977 -36.941 -14.363 -13.946 -29.87 -10.99 -18.99 -29.87
4 16 -7.181 -10.977 -36.941 -7.772 -8 -36.941 -15.544 -8 -29.87 -14.363 -13.946 -29.87
1 16 0 -8 -28 -3.52 0 0 0 0 -3.52 0 -3.202 0 1-4con4.dat

5 16 1.943 -8 -42.243 3.886 -8 -40.476 3.591 -6.514 -40.476 3.591 -9.486 -40.476
5 16 1.795 -8.744 -42.243 3.591 -9.486 -40.476 3.886 -8 -40.476 2.747 -10.747 -40.476
5 16 1.374 -9.374 -42.243 2.747 -10.747 -40.476 3.591 -9.486 -40.476 1.486 -11.591 -40.476
5 16 0.744 -9.795 -42.243 1.486 -11.591 -40.476 2.747 -10.747 -40.476 0 -11.886 -40.476

4 16 1.943 -8 -42.243 1.795 -8.744 -42.243 3.591 -9.486 -40.476 3.886 -8 -40.476
4 16 1.795 -8.744 -42.243 1.374 -9.374 -42.243 2.747 -10.747 -40.476 3.591 -9.486 -40.476
4 16 1.374 -9.374 -42.243 0.744 -9.795 -42.243 1.486 -11.591 -40.476 2.747 -10.747 -40.476
4 16 0.744 -9.795 -42.243 0 -9.943 -42.243 0 -11.886 -40.476 1.486 -11.591 -40.476

5 16 3.886 -8 -40.476 7.772 -8 -36.941 7.181 -5.027 -36.941 7.181 -10.973 -36.941
5 16 3.591 -9.488 -40.476 7.181 -10.973 -36.941 7.772 -8 -36.941 5.495 -13.495 -36.941
5 16 2.747 -10.747 -40.476 5.495 -13.495 -36.941 7.181 -10.973 -36.941 2.973 -15.181 -36.941
5 16 1.488 -11.591 -40.476 2.973 -15.181 -36.941 5.495 -13.495 -36.941 0 -15.772 -36.941

4 16 3.886 -8 -40.476 3.591 -9.488 -40.476 7.181 -10.973 -36.941 7.772 -8 -36.941
4 16 3.591 -9.488 -40.476 2.747 -10.747 -40.476 5.495 -13.495 -36.941 7.181 -10.973 -36.941
4 16 2.747 -10.747 -40.476 1.488 -11.591 -40.476 2.973 -15.181 -36.941 5.495 -13.495 -36.941
4 16 1.488 -11.591 -40.476 0 -11.886 -40.476 0 -15.772 -36.941 2.973 -15.181 -36.941

5 16 7.772 -8 -36.941 15.544 -8 -29.87 14.363 -2.054 -29.87 14.363 -13.946 -29.87
5 16 7.181 -10.977 -36.941 14.363 -13.946 -29.87 15.544 -8 -29.87 10.99 -18.99 -29.87
5 16 5.495 -13.495 -36.941 10.99 -18.99 -29.87 14.363 -13.946 -29.87 5.946 -22.363 -29.87
5 16 2.977 -15.181 -36.941 5.946 -22.363 -29.87 10.99 -18.99 -29.87 0 -23.544 -29.87

4 16 7.772 -8 -36.941 7.181 -10.977 -36.941 14.363 -13.946 -29.87 15.544 -8 -29.87
4 16 7.181 -10.977 -36.941 5.495 -13.495 -36.941 10.99 -18.99 -29.87 14.363 -13.946 -29.87
4 16 5.495 -13.495 -36.941 2.977 -15.181 -36.941 5.946 -22.363 -29.87 10.99 -18.99 -29.87
4 16 2.977 -15.181 -36.941 0 -15.772 -36.941 0 -23.544 -29.87 5.946 -22.363 -29.87
1 16 0 -8 -28 0 0 3.52 -3.52 0 0 0 -3.202 0 1-4con4.dat

4 16 -4.243 -8 -44.243 -3.904 -10.432 -43.904 -1.952 -10.432 -45.176 -2.291 -8 -45.516
4 16 -3.904 -10.432 -43.904 -3.013 -12.544 -43.013 -1.146 -12.16 -44.37 -1.952 -10.432 -45.176

4 16 -2.291 -8 -45.516 -1.952 -10.432 -45.176 0 -10.432 -45.516 0 -8 -46.025
3 16 -1.952 -10.432 -45.176 0 -10.432 -45.516 -1.146 -12.16 -44.37
3 16 -1.146 -12.16 -44.37 0 -10.432 -45.516 1.146 -12.16 -44.37
3 16 -1.146 -12.16 -44.37 1.146 -12.16 -44.37 0 -13.376 -43.225
3 16 0 -13.376 -43.225 1.146 -12.16 -44.37 3.013 -12.544 -43.013

4 16 0 -8 -46.025 0 -10.432 -45.516 1.952 -10.432 -45.176 2.291 -8 -45.516
3 16 0 -10.432 -45.516 1.952 -10.432 -45.176 1.146 -12.16 -44.37
4 16 3.013 -12.544 -43.013 1.146 -12.16 -44.37 1.952 -10.432 -45.176 3.904 -10.432 -43.904

4 16 2.291 -8 -45.516 1.952 -10.432 -45.176 3.904 -10.432 -43.904 4.243 -8 -44.243

5 24 -4.243 -8 -44.243 -3.904 -10.432 -43.904 -1.952 -10.432 -45.176 -8.147 -10.432 -39.661
5 24 -3.904 -10.432 -43.904 -3.013 -12.544 -43.013 -1.146 -12.16 -44.37 -7.256 -12.544 -38.77
5 24 -3.013 -12.544 -43.013 -1.612 -13.888 -41.612 0 -13.376 -43.225 -5.855 -13.888 -37.369
5 24 -1.612 -13.888 -41.612 0 -14.4 -40 1.612 -13.888 -41.612 -4.243 -14.4 -35.757

5 24 -2.291 -8 -45.516 -1.952 -10.432 -45.176 0 -10.432 -45.516 -3.904 -10.432 -43.904
5 24 -1.952 -10.432 -45.176 -1.146 -12.16 -44.37 0 -10.432 -45.516 -3.013 -12.544 -43.013
5 24 -1.146 -12.16 -44.37 0 -13.376 -43.225 1.146 -12.16 -44.37 -1.612 -13.888 -41.612
5 24 0 -13.376 -43.225 1.612 -13.888 -41.612 3.013 -12.544 -43.013 0 -14.4 -40

5 24 0 -8 -46.025 0 -10.432 -45.516 1.952 -10.432 -45.176 -1.952 -10.432 -45.176
5 24 0 -10.432 -45.516 1.146 -12.16 -44.37 1.952 -10.432 -45.176 -1.146 -12.16 -44.37
5 24 1.146 -12.16 -44.37 3.013 -12.544 -43.013 3.904 -10.432 -43.904 1.612 -13.888 -41.612

5 24 4.243 -8 -44.243 3.904 -10.432 -43.904 1.952 -10.432 -45.176 8.147 -10.432 -39.661
5 24 3.904 -10.432 -43.904 3.013 -12.544 -43.013 1.146 -12.16 -44.37 7.256 -12.544 -38.77
5 24 3.013 -12.544 -43.013 1.612 -13.888 -41.612 0 -13.376 -43.225 5.855 -13.888 -37.369
5 24 1.612 -13.888 -41.612 0 -14.4 -40 -1.612 -13.888 -41.612 4.243 -14.4 -35.757

5 24 2.291 -8 -45.516 1.952 -10.432 -45.176 0 -10.432 -45.516 3.904 -10.432 -43.904
5 24 1.952 -10.432 -45.176 1.146 -12.16 -44.37 0 -10.432 -45.516 3.013 -12.544 -43.013
5 24 1.146 -12.16 -44.37 0 -13.376 -43.225 -1.146 -12.16 -44.37 1.612 -13.888 -41.612
5 24 0 -13.376 -43.225 -1.612 -13.888 -41.612 -3.013 -12.544 -43.013 0 -14.4 -40

5 24 0 -8 -46.025 0 -10.432 -45.516 -1.952 -10.432 -45.176 1.952 -10.432 -45.176
5 24 0 -10.432 -45.516 -1.146 -12.16 -44.37 -1.952 -10.432 -45.176 1.146 -12.16 -44.37
5 24 -1.146 -12.16 -44.37 -3.013 -12.544 -43.013 -3.904 -10.432 -43.904 -1.612 -13.888 -41.612

5 24 4.243 -8 -44.243 2.291 -8 -45.516 1.952 -10.432 -45.176 2.291 -1.6 -45.516
5 24 2.291 -8 -45.516 0 -8 -46.025 0 -10.432 -45.516 0 -1.6 -46.025
5 24 0 -8 -46.025 -2.291 -8 -45.516 -1.952 -10.432 -45.176 -2.291 -1.6 -45.516
5 24 -2.291 -8 -45.516 -4.243 -8 -44.243 -3.904 -10.432 -43.904 -4.243 -1.6 -44.243

5 24 3.904 -10.432 -43.904 1.952 -10.432 -45.176 1.146 -12.16 -44.37 2.291 -8 -45.516
5 24 1.952 -10.432 -45.176 0 -10.432 -45.516 1.146 -12.16 -44.37 0 -8 -46.025
5 24 0 -10.432 -45.516 -1.952 -10.432 -45.176 -1.146 -12.16 -44.37 -2.291 -8 -45.516
5 24 -1.952 -10.432 -45.176 -3.904 -10.432 -43.904 -3.013 -12.544 -43.013 -4.243 -8 -44.243

5 24 3.013 -12.544 -43.013 1.146 -12.16 -44.37 0 -13.376 -43.225 1.952 -10.432 -45.176
5 24 1.146 -12.16 -44.37 -1.146 -12.16 -44.37 0 -13.376 -43.225 0 -10.432 -45.516
5 24 -1.146 -12.16 -44.37 -3.013 -12.544 -43.013 -1.612 -13.888 -41.612 -3.904 -10.432 -43.904

5 16 0 -12.243 -44.243 0 -16.486 -40.408 3.246 -15.841 -40.408 -3.246 -15.841 -40.408
5 16 -1.625 -11.921 -44.243 -3.246 -15.841 -40.408 0 -16.486 -40.408 -6.0 -14.0 -40.408
5 16 -3.0 -11.0 -44.243 -6.0 -14.0 -40.408 -3.246 -15.841 -40.408 -7.841 -11.246 -40.408
5 16 -3.921 -9.625 -44.243 -7.841 -11.246 -40.408 -6.0 -14.0 -40.408 -8.486 -8 -40.408

4 16 0 -12.243 -44.243 -1.625 -11.921 -44.243 -3.246 -15.841 -40.408 0 -16.486 -40.408
4 16 -1.625 -11.921 -44.243 -3.0 -11.0 -44.243 -6.0 -14.0 -40.408 -3.246 -15.841 -40.408
4 16 -3.0 -11.0 -44.243 -3.921 -9.625 -44.243 -7.841 -11.246 -40.408 -6.0 -14.0 -40.408
4 16 -3.921 -9.625 -44.243 -4.243 -8 -44.243 -8.486 -8 -40.408 -7.841 -11.246 -40.408

5 16 0 -16.486 -40.408 0 -24.972 -32.732 6.492 -23.682 -32.732 -6.492 -23.682 -32.732
5 16 -3.25 -15.841 -40.408 -6.492 -23.682 -32.732 0 -24.972 -32.732 -11.999 -19.999 -32.732
5 16 -6.0 -14.0 -40.408 -11.999 -19.999 -32.732 -6.492 -23.682 -32.732 -15.682 -14.492 -32.732
5 16 -7.841 -11.25 -40.408 -15.682 -14.492 -32.732 -11.999 -19.999 -32.732 -16.972 -8 -32.732

4 16 0 -16.486 -40.408 -3.25 -15.841 -40.408 -6.492 -23.682 -32.732 0 -24.972 -32.732
4 16 -3.25 -15.841 -40.408 -6.0 -14.0 -40.408 -11.999 -19.999 -32.732 -6.492 -23.682 -32.732
4 16 -6.0 -14.0 -40.408 -7.841 -11.25 -40.408 -15.682 -14.492 -32.732 -11.999 -19.999 -32.732
4 16 -7.841 -11.25 -40.408 -8.486 -8 -40.408 -16.972 -8 -32.732 -15.682 -14.492 -32.732
1 16 0 -8 -30 -4 0 0 0 0 -4 0 -3.616 0 1-4con4.dat

5 16 4.243 -8 -44.243 8.486 -8 -40.408 7.841 -4.754 -40.408 7.841 -11.246 -40.408
5 16 3.921 -9.625 -44.243 7.841 -11.246 -40.408 8.486 -8 -40.408 6.0 -14.0 -40.408
5 16 3.0 -11.0 -44.243 6.0 -14.0 -40.408 7.841 -11.246 -40.408 3.246 -15.841 -40.408
5 16 1.625 -11.921 -44.243 3.246 -15.841 -40.408 6.0 -14.0 -40.408 0 -16.486 -40.408

4 16 4.243 -8 -44.243 3.921 -9.625 -44.243 7.841 -11.246 -40.408 8.486 -8 -40.408
4 16 3.921 -9.625 -44.243 3.0 -11.0 -44.243 6.0 -14.0 -40.408 7.841 -11.246 -40.408
4 16 3.0 -11.0 -44.243 1.625 -11.921 -44.243 3.246 -15.841 -40.408 6.0 -14.0 -40.408
4 16 1.625 -11.921 -44.243 0 -12.243 -44.243 0 -16.486 -40.408 3.246 -15.841 -40.408

5 16 8.486 -8 -40.408 16.972 -8 -32.732 15.682 -1.508 -32.732 15.682 -14.492 -32.732
5 16 7.841 -11.25 -40.408 15.682 -14.492 -32.732 16.972 -8 -32.732 11.999 -19.999 -32.732
5 16 6.0 -14.0 -40.408 11.999 -19.999 -32.732 15.682 -14.492 -32.732 6.492 -23.682 -32.732
5 16 3.25 -15.841 -40.408 6.492 -23.682 -32.732 11.999 -19.999 -32.732 0 -24.972 -32.732

4 16 8.486 -8 -40.408 7.841 -11.25 -40.408 15.682 -14.492 -32.732 16.972 -8 -32.732
4 16 7.841 -11.25 -40.408 6.0 -14.0 -40.408 11.999 -19.999 -32.732 15.682 -14.492 -32.732
4 16 6.0 -14.0 -40.408 3.25 -15.841 -40.408 6.492 -23.682 -32.732 11.999 -19.999 -32.732
4 16 3.25 -15.841 -40.408 0 -16.486 -40.408 0 -24.972 -32.732 6.492 -23.682 -32.732
1 16 0 -8 -30 0 0 4 -4 0 0 0 -3.616 0 1-4con4.dat
0