0 Hinge Brick  1 x  6 Locking Double
0 Name: 30388.dat
0 Author: John VanZwieten
0 LDRAW_ORG Part UPDATE 2002-05

0 2002-04-21 FWC fixed gaps/overlapping triangles...



 4 16 -60  0 -10 60  0 -10 60 19 -10 -60 19 -10
 4 16 -60 19 -10 60 19 -10 55 24 -10 -55 24 -10
 4 16 -60 0 10 60 0 10 60 19 10 -60 19 10
 4 16 -60 19 10 60 19 10 55 24 10 -55 24 10
0
 1 16 0 4 0 1 0 0 0 -5 0 0 0 1 stud3.dat
 1 16 20 4 0 1 0 0 0 -5 0 0 0 1 stud3.dat
 1 16 -20 4 0 1 0 0 0 -5 0 0 0 1 stud3.dat
 1 16 40 4 0 1 0 0 0 -5 0 0 0 1 stud3.dat
 1 16 -40 4 0 1 0 0 0 -5 0 0 0 1 stud3.dat
0
 2 24 56 4 6 -56 4 6
 2 24 -56 4 6 -56 4 -6
 2 24 -56 4 -6 56 4 -6
 2 24 56 4 -6 56 4 6
 2 24 55 24 6 -55 24 6
 2 24 -56 23 6 -56 23 -6
 2 24 -55 24 -6 55 24 -6
 2 24 56 23 -6 56 23 6
 2 24 55 24 -6 56 23 -6
 2 24 55 24 6 56 23 6
 2 24 -55 24 -6 -56 23 -6
 2 24 -55 24 6 -56 23 6
 2 24 56 23 6 56 4 6
 2 24 -56 23 6 -56 4 6
 2 24 56 23 -6 56 4 -6
 2 24 -56 23 -6 -56 4 -6
 2 24 55 24 6 55 24 10
 2 24 55 24 -6 55 24 -10
 2 24 -55 24 6 -55 24 10
 2 24 -55 24 -6 -55 24 -10
0
 4 16 -56  4 -6  56  4 -6  56 23 -6 -56 23 -6
 4 16 -56 23 -6  56 23 -6  55 24 -6 -55 24 -6
 4 16 -56  4 6  56  4 6  56 23 6 -56 23 6
 4 16 -56 23 6  56 23 6  55 24 6 -55 24 6
0
 4 16 56 4 6 56 4 -6 -56 4 -6 -56 4 6
 4 16 -56 23 6 -56 4 6 -56 4 -6 -56 23 -6
 4 16 56 23 -6 56 4 -6 56 4 6 56 23 6
 4 16 55 24 10 55 24 6 -55 24 6 -55 24 10
 4 16 -55 24 -10 -55 24 -6 55 24 -6 55 24 -10
 4 16 60 19 -10 56 23 -6 56 23 6 60 19 10
 4 16 -56 23 -6 -60 19 -10 -60 19 10 -56 23 6
 4 16 56 23 -6 60 19 -10 55 24 -10 55 24 -6
 4 16 60 19 10 56 23 6 55 24 6 55 24 10
 4 16 -60 19 -10 -56 23 -6 -55 24 -6 -55 24 -10
 4 16 -56 23 6 -60 19 10 -55 24 10 -55 24 6
0
 2 24 60 0 10 -60 0 10
 2 24 -60 0 10 -60 0 -10
 2 24 -60 0 -10 60 0 -10
 2 24 60 0 -10 60 0 10
 2 24 55 24 10 -55 24 10
 2 24 -60 19 10 -60 19 -10
 2 24 -55 24 -10 55 24 -10
 2 24 60 19 -10 60 19 10
 2 24 60 19 -10 55 24 -10
 2 24 60 19 10 55 24 10
 2 24 -60 19 -10 -55 24 -10
 2 24 -60 19 10 -55 24 10
 2 24 60 19 10 60 0 10
 2 24 -60 19 10 -60 0 10
 2 24 60 19 -10 60 0 -10
 2 24 -60 19 -10 -60 0 -10
0
 4 16 60 0 -10 60 0 10 -60 0 10 -60 0 -10
 4 16 -60 0 10 -60 19 10 -60 19 -10 -60 0 -10
 4 16 60 0 -10 60 19 -10 60 19 10 60 0 10
0
 1 16 10 0 0 1 0 0 0 1 0 0 0 1 stud.dat
 1 16 -10 0 0 1 0 0 0 1 0 0 0 1 stud.dat
 1 16 30 0 0 1 0 0 0 1 0 0 0 1 stud.dat
 1 16 -30 0 0 1 0 0 0 1 0 0 0 1 stud.dat
 1 16 50 0 0 1 0 0 0 1 0 0 0 1 stud.dat
 1 16 -50 0 0 1 0 0 0 1 0 0 0 1 stud.dat
0
 1 16 70 9 0 0 0 -1 0 1 0 1 0 0 s\swh2.dat
 1 16 -70 9 0 0 0 -1 0 1 0 1 0 0 s\swh1.dat
 1 16 -70 9 0 0 0 -1 0 1 0 -1 0 0 s\swh1.dat
0
 2 24 -60 15 -8 -60 3 -8
 2 24 -60 3 -8 -60 3 -4
 2 24 -60 3 -4 -60 15 -4
 2 24 -60 15 -4 -60 15 -8
 2 24 -66 15 -8 -60 15 -8
 2 24 -66 3 -8 -60 3 -8
 2 24 -66 15 -4 -60 15 -4
 2 24 -66 3 -4 -60 3 -4
0
 4 16 -66 15 -8 -60 15 -8 -60 3 -8 -66 3 -8
 4 16 -66 3 -8 -60 3 -8 -60 3 -4 -66 3 -4
 4 16 -66 3 -4 -60 3 -4 -60 15 -4 -66 15 -4
 4 16 -66 15 -4 -60 15 -4 -60 15 -8 -66 15 -8
0
 2 24 -60 15 4 -60 3 4
 2 24 -60 3 4 -60 3 8
 2 24 -60 3 8 -60 15 8
 2 24 -60 15 8 -60 15 4
 2 24 -66 15 4 -60 15 4
 2 24 -66 3 4 -60 3 4
 2 24 -66 15 8 -60 15 8
 2 24 -66 3 8 -60 3 8
0
 4 16 -66 15 4 -60 15 4 -60 3 4 -66 3 4
 4 16 -66 3 4 -60 3 4 -60 3 8 -66 3 8
 4 16 -66 3 8 -60 3 8 -60 15 8 -66 15 8
 4 16 -66 15 8 -60 15 8 -60 15 4 -66 15 4
0
