0 Hinge Brick  1 x  4 Locking Double with Red Stripes Pattern
0 Name: 30387p02.dat
0 Author: Franklin W. Cain (fwcain@yahoo.com)
0 LDRAW_ORG Part UPDATE 2002-03

0 CMDLINE -C15
0 KEYWORDS 1 and 2 fingers on ends

 4 16 -40 0 -10 -38 2 -10 38 2 -10 40 0 -10
 4 16 -40 0 10 -38 2 10 38 2 10 40 0 10
 4 16 -40 0 -10 -38 2 -10 -38 21 -10 -40 19 -10
 4 16 40 0 -10 38 2 -10 38 21 -10 40 19 -10
 4 16 -40 0 10 -38 2 10 -38 21 10 -40 19 10
 4 16 40 0 10 38 2 10 38 21 10 40 19 10
 4 16 -35 24 -10 -37 22 -10 37 22 -10 35 24 -10
 4 16 -35 24 10 -37 22 10 37 22 10 35 24 10
0
 4 4 -38 21 -10 -38 17 -10 -33 22 -10 -37 22 -10
 4 4 -38 21 10 -38 17 10 -33 22 10 -37 22 10
 4 4 -38 5 -10 -29 2 -10 -9 22 -10 -21 22 -10
 4 4 -38 5 10 -29 2 10 -9 22 10 -21 22 10
 3 4 -38 2 -10 -38 5 -10 -29 2 -10
 3 4 -38 2 10 -38 5 10 -29 2 10
 4 4 -17 2 -10 -5 2 -10 15 22 -10 3 22 -10
 4 4 -17 2 10 -5 2 10 15 22 10 3 22 10
 4 4 7 2 -10 19 2 -10 38 21 -10 27 22 -10
 4 4 7 2 10 19 2 10 38 21 10 27 22 10
 3 4 27 22 -10 37 22 -10 38 21 -10
 3 4 27 22 10 37 22 10 38 21 10
 3 4 31 2 -10 38 2 -10 38 9 -10
 3 4 31 2 10 38 2 10 38 9 10
0
 4 16 -38 17 -10 -38 5 -10 -21 22 -10 -33 22 -10
 4 16 -38 17 10 -38 5 10 -21 22 10 -33 22 10
 4 16 -29 2 -10 -17 2 -10 3 22 -10 -9 22 -10
 4 16 -29 2 10 -17 2 10 3 22 10 -9 22 10
 4 16 -5 2 -10 7 2 -10 27 22 -10 15 22 -10
 4 16 -5 2 10 7 2 10 27 22 10 15 22 10
 4 16 19 2 -10 31 2 -10 38 9 -10 38 21 -10
 4 16 19 2 10 31 2 10 38 9 10 38 21 10
0
 4 16 40 0 -10 40 0 10 -40 0 10 -40 0 -10
0
 4 16 -40 0 -10 -40 19 -10 -40 19 10 -40 0 10
 4 16 40 0 -10 40 19 -10 40 19 10 40 0 10
0
 4 16 -36 4 -6 -36 4 6 36 4 6 36 4 -6
0
 4 16 -35 24 -6 -35 24 -10 35 24 -10 35 24 -6
 4 16 -35 24 6 -35 24 10 35 24 10 35 24 6
0
 4 16 -35 24 -6 -36 4 -6 36 4 -6 35 24 -6
 4 16 -35 24 6 -36 4 6 36 4 6 35 24 6
0
 4 16 -36 4 -6 -36 23 -6 -36 23 6 -36 4 6
 4 16 36 4 -6 36 23 -6 36 23 6 36 4 6
0
 4 16 -36 23 -6 -40 19 -10 -40 19 10 -36 23 6
 4 16 36 23 -6 40 19 -10 40 19 10 36 23 6
0
 4 16 -35 24 -6 -35 24 -10 -40 19 -10 -36 23 -6
 4 16 -35 24 6 -35 24 10 -40 19 10 -36 23 6
 4 16 35 24 -6 35 24 -10 40 19 -10 36 23 -6
 4 16 35 24 6 35 24 10 40 19 10 36 23 6
0
 3 16 -35 24 -6 -36 4 -6 -36 23 -6
 3 16 -35 24 6 -36 4 6 -36 23 6
 3 16 35 24 -6 36 4 -6 36 23 -6
 3 16 35 24 6 36 4 6 36 23 6
0
 2 24 -35 24 -6 35 24 -6
 2 24 35 24 6 -35 24 6
0
 2 24 -35 24 -6 -35 24 -10
 2 24 -35 24 6 -35 24 10
 2 24 35 24 -6 35 24 -10
 2 24 35 24 6 35 24 10
0
 2 24 -35 24 -10 35 24 -10
 2 24 -35 24 10 35 24 10
0
 2 24 -35 24 -6 -36 23 -6
 2 24 35 24 -6 36 23 -6
 2 24 -35 24 6 -36 23 6
 2 24 35 24 6 36 23 6
0
 2 24 -36 4 -6 36 4 -6
 2 24 -36 4 6 36 4 6
0
 2 24 -36 4 -6 -36 4 6
 2 24 36 4 -6 36 4 6
0
 2 24 -36 23 -6 -36 23 6
 2 24 36 23 -6 36 23 6
0
 2 24 -36 4 -6 -36 23 -6
 2 24 36 4 -6 36 23 -6
 2 24 -36 4 6 -36 23 6
 2 24 36 4 6 36 23 6
0
 2 24 -35 24 -10 -40 19 -10
 2 24 35 24 -10 40 19 -10
 2 24 -35 24 10 -40 19 10
 2 24 35 24 10 40 19 10
0
 2 24 -40 0 -10 40 0 -10
 2 24 -40 0 10 40 0 10
 2 24 -40 0 -10 -40 0 10
 2 24 40 0 -10 40 0 10
0
 2 24 -40 0 -10 -40 19 -10
 2 24 40 0 -10 40 19 -10
 2 24 -40 0 10 -40 19 10
 2 24 40 0 10 40 19 10
0
 2 24 -40 19 -10 -40 19 10
 2 24 40 19 -10 40 19 10
0
 1 16 0 4 0 1 0 0 0 -5 0 0 0 1 stud3.dat
 1 16 -20 4 0 1 0 0 0 -5 0 0 0 1 stud3.dat
 1 16 20 4 0 1 0 0 0 -5 0 0 0 1 stud3.dat
0
 1 16 -10 0 0 1 0 0 0 1 0 0 0 1 stud.dat
 1 16 10 0 0 1 0 0 0 1 0 0 0 1 stud.dat
 1 16 -30 0 0 1 0 0 0 1 0 0 0 1 stud.dat
 1 16 30 0 0 1 0 0 0 1 0 0 0 1 stud.dat
0
 4 16 -40 3 -4 -40 3 -8 -46 3 -8 -46 3 -4
 4 16 -40 3 4 -40 3 8 -46 3 8 -46 3 4
0
 4 16 -40 3 -4 -40 15 -4 -46 15 -4 -46 3 -4
 4 16 -40 3 4 -40 15 4 -46 15 4 -46 3 4
0
 4 16 -40 3 -8 -40 15 -8 -46 15 -8 -46 3 -8
 4 16 -40 3 8 -40 15 8 -46 15 8 -46 3 8
0
 4 16 -40 15 -4 -40 15 -8 -46 15 -8 -46 15 -4
 4 16 -40 15 4 -40 15 8 -46 15 8 -46 15 4
0
 2 24 -40 3 -4 -40 3 -8
 2 24 -40 3 4 -40 3 8
0
 2 24 -40 3 -4 -40 15 -4
 2 24 -40 3 4 -40 15 4
0
 2 24 -40 3 -8 -40 15 -8
 2 24 -40 3 8 -40 15 8
0
 2 24 -40 15 -4 -40 15 -8
 2 24 -40 15 4 -40 15 8
0
 2 24 -40 3 -4 -46 3 -4
 2 24 -40 3 4 -46 3 4
0
 2 24 -40 3 -8 -46 3 -8
 2 24 -40 3 8 -46 3 8
0
 2 24 -40 15 -4 -46 15 -4
 2 24 -40 15 4 -46 15 4
0
 2 24 -40 15 -8 -46 15 -8
 2 24 -40 15 8 -46 15 8
0
 1 16 -50 9 0 0 0 -1 0 1 0 -1 0 0 s\swh1.dat
 1 16 -50 9 0 0 0 -1 0 1 0 1 0 0 s\swh1.dat
 1 16 50 9 0 0 0 -1 0 1 0 1 0 0 s\swh2.dat
0
