0 Slope Brick 45  2 x  2 with 12 Buttons, 3 Red Lamps/Yellow Panel
0 Name: 3039p33.dat
0 Author: Tore Eriksson
0 Author: 1999-05-02 KevinB  Changed Panel Color
0 Official LCad update 99-06

4 16 -18 2.8572 -12.8572 -14 2.8572 -12.8572 -14 5.7144 -15.7144 -18 5.7144 -15.7144
4 16 -10 2.8572 -12.8572 -6 2.8572 -12.8572 -6 5.7144 -15.7144 -10 5.7144 -15.7144
4 16 -2 2.8572 -12.8572 2 2.8572 -12.8572 2 5.7144 -15.7144 -2 5.7144 -15.7144
4 16 6 2.8572 -12.8572 10 2.8572 -12.8572 10 5.7144 -15.7144 6 5.7144 -15.7144
4 16 -18 8.5716 -18.5716 -14 8.5716 -18.5716 -14 11.4288 -21.4288 -18 11.4288 -21.4288
4 16 -10 8.5716 -18.5716 -6 8.5716 -18.5716 -6 11.4288 -21.4288 -10 11.4288 -21.4288
4 16 -2 8.5716 -18.5716 2 8.5716 -18.5716 2 11.4288 -21.4288 -2 11.4288 -21.4288
4 16 6 8.5716 -18.5716 10 8.5716 -18.5716 10 11.4288 -21.4288 6 11.4288 -21.4288
4 16 -18 14.286 -24.286 -14 14.286 -24.286 -14 17.1432 -27.1432 -18 17.1432 -27.1432
4 16 -10 14.286 -24.286 -6 14.286 -24.286 -6 17.1432 -27.1432 -10 17.1432 -27.1432
4 16 -2 14.286 -24.286 2 14.286 -24.286 2 17.1432 -27.1432 -2 17.1432 -27.1432
4 16 6 14.286 -24.286 10 14.286 -24.286 10 17.1432 -27.1432 6 17.1432 -27.1432
4 14 -20 0 -10 -18 2.8572 -12.8572 10 2.8572 -12.8572 12 0 -10
4 14 12 0 -10 10 2.8572 -12.8572 10 17.1432 -27.1432 12 20.0004 -30.0004
4 14 12 20.0004 -30.0004 10 17.1432 -27.1432 -18 17.1432 -27.1432 -20 20.0004 -30.0004
4 14 -20 20.0004 -30.0004 -18 17.1432 -27.1432 -18 2.8572 -12.8572 -20 0 -10
4 14 -18 5.7144 -15.7144 10 5.7144 -15.7144 10 8.5716 -18.5716 -18 8.5716 -18.5716
4 14 -18 11.4288 -21.4288 10 11.4288 -21.4288 10 14.286 -24.286 -18 14.286 -24.286
4 14 -14 2.8572 -12.8572 -10 2.8572 -12.8572 -10 17.1432 -27.1432 -14 17.1432 -27.1432
4 14 -6 2.8572 -12.8572 -2 2.8572 -12.8572 -2 17.1432 -27.1432 -6 17.1432 -27.1432
4 14 2 2.8572 -12.8572 6 2.8572 -12.8572 6 17.1432 -27.1432 2 17.1432 -27.1432

1 4  16 4.2858 -14.2858  2 0 0  0 0 1.4286  0 0 -1.4286 4-4disc.dat
1 14 16 4.2858 -14.2858  2 0 0  0 0 1.4286  0 0 -1.4286 4-4ndis.dat
1 4  16 10.0002 -20.0002  2 0 0  0 0 1.4286  0 0 -1.4286 4-4disc.dat
1 14 16 10.0002 -20.0002  2 0 0  0 0 1.4286  0 0 -1.4286 4-4ndis.dat
1 4  16 15.7146 -25.7146  2 0 0  0 0 1.4286  0 0 -1.4286 4-4disc.dat
1 14 16 15.7146 -25.7146  2 0 0  0 0 1.4286  0 0 -1.4286 4-4ndis.dat
4 14 12 0 -10 14 2.8572 -12.8572 14 17.1432 -27.1432 12 20.0004 -30.0004
4 14 12 0 -10 14 2.8572 -12.8572 18 2.8572 -12.8572 20 0 -10
4 14 20 0 -10 18 2.8572 -12.8572 18 17.1432 -27.1432 20 20.0004 -30.0004
4 14 20 20.0004 -30.0004 18 17.1432 -27.1432 14 17.1432 -27.1432 12 20.0004 -30.0004
4 14 14 11.4288 -21.4288 18 11.4288 -21.4288 18 14.286 -24.286 14 14.286 -24.286
4 14 14 5.7144 -15.7144 18 5.7144 -15.7144 18 8.5716 -18.5716 14 8.5716 -18.5716

0 3039-4t Slope Brick 45  2 x  2 without sloped front
1 16 0 20 -10 1 0 0 0 -1 0 0 0 1 stud4a.dat
1 16 0 4 -10 6 0 0 0 0 0 0 0 6 2-4edge.dat
1 16 0 4 -10 6 0 0 0 0 6 0 0 -6 2-4edge.dat
1 16 0 4 -10 8 0 0 0 0 0 0 0 8 2-4edge.dat
1 16 0 4 -10 8 0 0 0 0 8 0 0 -8 2-4edge.dat
1 16 0 10 -10 0 0 6 0 -6 0 -6 0 0 1-4cyls.dat
1 16 0 10 -10 0 0 -6 0 -6 0 -6 0 0 1-4cyls.dat
1 16 0 4 -10 6 0 0 0 16 0 0 0 6 2-4cyli.dat
1 16 0 10 -10 6 0 0 0 10 0 0 0 -6 2-4cyli.dat
1 16 0 12 -10 0 0 8 0 -8 0 -8 0 0 1-4cyls.dat
1 16 0 20 -10 0 0 -8 0 -8 0 -8 0 0 1-4cyls.dat
1 16 0 4 -10 8 0 0 0 16 0 0 0 8 2-4cyli.dat
1 16 0 12 -10 8 0 0 0 8 0 0 0 -8 2-4cyli.dat
2 24 16 24 6 -16 24 6
2 24 -16 24 6 -16 24 -26
2 24 -16 24 -26 16 24 -26
2 24 16 24 -26 16 24 6
2 24 20 24 10 -20 24 10
2 24 -20 24 10 -20 24 -30
2 24 -20 24 -30 20 24 -30
2 24 20 24 -30 20 24 10
2 24 16 24 6 16 4 6
2 24 -16 24 6 -16 4 6
2 24 16 24 -26 16 20 -26
2 24 -16 24 -26 -16 20 -26
2 24 16 4 6 -16 4 6
2 24 16 4 -10 -16 4 -10
2 24 16 20 -26 -16 20 -26
2 24 16 4 6 16 4 -10
2 24 -16 4 6 -16 4 -10
2 24 16 20 -26 16 4 -10
2 24 -16 20 -26 -16 4 -10
2 24 20 24 10 20 0 10
2 24 -20 24 10 -20 0 10
2 24 20 24 -30 20 20 -30
2 24 -20 24 -30 -20 20 -30
2 24 20 0 10 -20 0 10
2 24 20 0 -10 -20 0 -10
2 24 20 20 -30 -20 20 -30
2 24 20 0 10 20 0 -10
2 24 -20 0 10 -20 0 -10
2 24 20 20 -30 20 0 -10
2 24 -20 20 -30 -20 0 -10
4 16 20 24 10 16 24 6 -16 24 6 -20 24 10
4 16 -20 24 10 -16 24 6 -16 24 -26 -20 24 -30
4 16 -20 24 -30 -16 24 -26 16 24 -26 20 24 -30
4 16 20 24 -30 16 24 -26 16 24 6 20 24 10
4 16 16 4 6 16 4 -10 -16 4 -10 -16 4 6
4 16 20 0 10 20 0 -10 -20 0 -10 -20 0 10
4 16 20 24 10 20 0 10 -20 0 10 -20 24 10
4 16 16 24 6 16 4 6 -16 4 6 -16 24 6
4 16 16 24 -26 16 20 -26 -16 20 -26 -16 24 -26
4 16 20 24 -30 20 20 -30 -20 20 -30 -20 24 -30
4 16 20 24 10 20 0 10 20 20 -30 20 24 -30
3 16 20 0 10 20 0 -10 20 20 -30
4 16 16 24 6 16 4 6 16 20 -26 16 24 -26
3 16 16 4 6 16 4 -10 16 20 -26
4 16 -16 24 6 -16 4 6 -16 20 -26 -16 24 -26
3 16 -16 4 6 -16 4 -10 -16 20 -26
4 16 -20 24 10 -20 0 10 -20 20 -30 -20 24 -30
3 16 -20 0 10 -20 0 -10 -20 20 -30
4 16 16 20 -26 16 4 -10 -16 4 -10 -16 20 -26
1 16 -10 0 0 1 0 0 0 1 0 0 0 1 stud.dat
1 16 10 0 0 1 0 0 0 1 0 0 0 1 stud.dat
0