0 Slope Brick 45  2 x  2 with computer screen front
0 name 3039p23.dat
0 Author: Thomas Burger
0 Official LCad update 97-01

4 16 -20 20.00 -30.00 -19.30 19.29 -29.29 -19.20 0.64 -10.64 -20 0 -10 
4 16 -20 0 -10 -19.20 0.64 -10.64 19.30 0.71 -10.71 20 0 -10 
4 16 20 0 -10 19.30 0.71 -10.71 19.30 19.29 -29.29 20 20.00 -30.00 
4 16 -20 20.00 -30.00 -19.30 19.29 -29.29 19.30 19.29 -29.29 20 20.00 -30.00 
4 2 4 1.57 -11.57 4.70 2.07 -12.07 4.80 18.43 -28.43 4.10 18.86 -28.86 
4 2 -17.10 1.64 -11.64 4 1.57 -11.57 4.10 18.86 -28.86 -17.70 18.93 -28.93 
4 2 -17.70 18.93 -28.93 -18.40 18.50 -28.50 -18.30 2.21 -12.21 -17.10 1.64 -11.64 
4 4 12 14.36 -24.36 16 14.36 -24.36 16 17.21 -27.21 12 17.21 -27.21 
4 2 12 8.64 -18.64 16 8.64 -18.64 16 11.50 -21.50 12 11.50 -21.50 
4 14 12 2.93 -12.93 16 2.93 -12.93 16 5.79 -15.79 12 5.79 -15.79 
3 15 -16 2.93 -12.93 0 2.93 -12.93 -16 2.93 -12.93 
3 15 -16 4.29 -14.29 0 4.29 -14.29 -16 4.29 -14.29 
3 15 -16 5.79 -15.79 0 5.79 -15.79 -16 5.79 -15.79 
3 15 -16 7.14 -17.14 0 7.14 -17.14 -16 7.14 -17.14 
3 15 -16 8.64 -18.64 0 8.64 -18.64 -16 8.64 -18.64 
3 15 -16 10.00 -20.00 0 10.00 -20.00 -16 10.00 -20.00 
3 15 -16 11.50 -21.50 0 11.50 -21.50 -16 11.50 -21.50 
3 15 -16 12.86 -22.86 0 12.86 -22.86 -16 12.86 -22.86 
3 15 -16 14.36 -24.36 0 14.36 -24.36 -16 14.36 -24.36 
3 15 -16 15.71 -25.71 0 15.71 -25.71 -16 15.71 -25.71 
3 15 -16 17.21 -27.21 0 17.21 -27.21 -16 17.21 -27.21 
4 15 -19.20 0.64 -10.64 -18.30 2.21 -12.21 -18.40 18.50 -28.50 -19.30 19.29 -29.29 
3 15 -19.20 0.64 -10.64 -17.10 1.64 -11.64 -18.30 2.21 -12.21 
4 15 -19.20 0.64 -10.64 19.30 0.71 -10.71 4 1.57 -11.57 -17.10 1.64 -11.64 
3 15 -19.30 19.29 -29.29 -18.40 18.50 -28.50 -17.70 18.93 -28.93 
4 15 -19.30 19.29 -29.29 -17.70 18.93 -28.93 4.10 18.86 -28.86 19.30 19.29 -29.29 
3 15 19.30 0.71 -10.71 4 1.57 -11.57 4.70 2.07 -12.07 
3 15 19.30 19.29 -29.29 4.10 18.86 -28.86 4.80 18.43 -28.43 
4 15 4.70 2.07 -12.07 12 2.93 -12.93 12 17.21 -27.21 4.80 18.43 -28.43 
4 15 19.30 19.29 -29.29 16 17.21 -27.21 16 2.93 -12.93 19.30 0.71 -10.71 
4 15 4.70 2.07 -12.07 12 2.93 -12.93 16 2.93 -12.93 19.30 0.71 -10.71 
4 15 4.80 18.43 -28.43 12 17.21 -27.21 16 17.21 -27.21 19.30 19.29 -29.29 
2 24 12 2.93 -12.93 16 2.93 -12.93 
2 24 16 2.93 -12.93 16 5.79 -15.79 
2 24 16 5.79 -15.79 12 5.79 -15.79 
2 24 12 5.79 -15.79 12 2.93 -12.93 
4 15 12 5.79 -15.79 16 5.79 -15.79 16 8.64 -18.64 12 8.64 -18.64 
2 24 12 8.64 -18.64 16 8.64 -18.64 
2 24 16 8.64 -18.64 16 11.50 -21.50 
2 24 16 11.50 -21.50 12 11.50 -21.50 
2 24 12 11.50 -21.50 12 8.64 -18.64 
4 15 12 11.50 -21.50 16 11.50 -21.50 16 14.36 -24.36 12 14.36 -24.36 
4 15 12 11.50 -21.50 16 11.50 -21.50 16 14.36 -24.36 12 14.36 -24.36 
2 24 12 14.36 -24.36 16 14.36 -24.36 
2 24 16 14.36 -24.36 16 17.21 -27.21 
2 24 16 17.21 -27.21 12 17.21 -27.21 
2 24 12 17.21 -27.21 12 14.36 -24.36 
2 24 4.70 2.07 -12.07 4.80 18.43 -28.43 
2 24 4.70 2.07 -12.07 4 1.57 -11.57 
2 24 4 1.57 -11.57 -17.10 1.64 -11.64 
2 24 -17.10 1.64 -11.64 -18.30 2.21 -12.21 
2 24 -18.30 2.21 -12.21 -18.40 18.50 -28.50 
2 24 -18.40 18.50 -28.50 -17.70 18.93 -28.93 
2 24 -17.70 18.93 -28.93 4.10 18.86 -28.86 
2 24 4.10 18.86 -28.86 4.80 18.43 -28.43 
0 3039-4t Slope Brick 45  2 x  2 without sloped front
1 16 0 20 -10 1 0 0 0 -1 0 0 0 1 stud4a.dat
1 16 0 4 -10 6 0 0 0 0 0 0 0 6 2-4edge.dat
1 16 0 4 -10 6 0 0 0 0 6 0 0 -6 2-4edge.dat
1 16 0 4 -10 8 0 0 0 0 0 0 0 8 2-4edge.dat
1 16 0 4 -10 8 0 0 0 0 8 0 0 -8 2-4edge.dat
1 16 0 10 -10 0 0 6 0 -6 0 -6 0 0 1-4cyls.dat
1 16 0 10 -10 0 0 -6 0 -6 0 -6 0 0 1-4cyls.dat
1 16 0 4 -10 6 0 0 0 16 0 0 0 6 2-4cyli.dat
1 16 0 10 -10 6 0 0 0 10 0 0 0 -6 2-4cyli.dat
1 16 0 12 -10 0 0 8 0 -8 0 -8 0 0 1-4cyls.dat
1 16 0 20 -10 0 0 -8 0 -8 0 -8 0 0 1-4cyls.dat
1 16 0 4 -10 8 0 0 0 16 0 0 0 8 2-4cyli.dat
1 16 0 12 -10 8 0 0 0 8 0 0 0 -8 2-4cyli.dat
2 24 16 24 6 -16 24 6 
2 24 -16 24 6 -16 24 -26 
2 24 -16 24 -26 16 24 -26 
2 24 16 24 -26 16 24 6 
2 24 20 24 10 -20 24 10 
2 24 -20 24 10 -20 24 -30 
2 24 -20 24 -30 20 24 -30 
2 24 20 24 -30 20 24 10 
2 24 16 24 6 16 4 6 
2 24 -16 24 6 -16 4 6 
2 24 16 24 -26 16 20 -26 
2 24 -16 24 -26 -16 20 -26 
2 24 16 4 6 -16 4 6 
2 24 16 4 -10 -16 4 -10 
2 24 16 20 -26 -16 20 -26 
2 24 16 4 6 16 4 -10 
2 24 -16 4 6 -16 4 -10 
2 24 16 20 -26 16 4 -10 
2 24 -16 20 -26 -16 4 -10 
2 24 20 24 10 20 0 10 
2 24 -20 24 10 -20 0 10 
2 24 20 24 -30 20 20 -30 
2 24 -20 24 -30 -20 20 -30 
2 24 20 0 10 -20 0 10 
2 24 20 0 -10 -20 0 -10 
2 24 20 20 -30 -20 20 -30 
2 24 20 0 10 20 0 -10 
2 24 -20 0 10 -20 0 -10 
2 24 20 20 -30 20 0 -10 
2 24 -20 20 -30 -20 0 -10 
4 16 20 24 10 16 24 6 -16 24 6 -20 24 10 
4 16 -20 24 10 -16 24 6 -16 24 -26 -20 24 -30 
4 16 -20 24 -30 -16 24 -26 16 24 -26 20 24 -30 
4 16 20 24 -30 16 24 -26 16 24 6 20 24 10 
4 16 16 4 6 16 4 -10 -16 4 -10 -16 4 6 
4 16 20 0 10 20 0 -10 -20 0 -10 -20 0 10 
4 16 20 24 10 20 0 10 -20 0 10 -20 24 10 
4 16 16 24 6 16 4 6 -16 4 6 -16 24 6 
4 16 16 24 -26 16 20 -26 -16 20 -26 -16 24 -26 
4 16 20 24 -30 20 20 -30 -20 20 -30 -20 24 -30 
4 16 20 24 10 20 0 10 20 20 -30 20 24 -30 
3 16 20 0 10 20 0 -10 20 20 -30 
4 16 16 24 6 16 4 6 16 20 -26 16 24 -26 
3 16 16 4 6 16 4 -10 16 20 -26 
4 16 -16 24 6 -16 4 6 -16 20 -26 -16 24 -26 
3 16 -16 4 6 -16 4 -10 -16 20 -26 
4 16 -20 24 10 -20 0 10 -20 20 -30 -20 24 -30 
3 16 -20 0 10 -20 0 -10 -20 20 -30 
4 16 16 20 -26 16 4 -10 -16 4 -10 -16 20 -26 
1 16 -10 0 0 1 0 0 0 1 0 0 0 1 stud.dat
1 16 10 0 0 1 0 0 0 1 0 0 0 1 stud.dat
0 /3039-4t Slope Brick 45  2 x  2 without sloped front

