0 Slope Brick 45  2 x  2
0 Name: 3039.dat
0 Author: James Jessiman
0 Original LDraw Part - LDraw beta 0.27 Archive

 1 16 0 20 -10 1 0 0 0 -1 0 0 0 1 stud4a.dat
 1 16 0 4 -10 6 0 0 0 0 0 0 0 6 2-4edge.dat
 1 16 0 4 -10 6 0 0 0 0 6 0 0 -6 2-4edge.dat
 1 16 0 4 -10 8 0 0 0 0 0 0 0 8 2-4edge.dat
 1 16 0 4 -10 8 0 0 0 0 8 0 0 -8 2-4edge.dat
 1 16 0 10 -10 0 0 6 0 -6 0 -6 0 0 1-4cyls.dat
 1 16 0 10 -10 0 0 -6 0 -6 0 -6 0 0 1-4cyls.dat
 1 16 0 4 -10 6 0 0 0 16 0 0 0 6 2-4cyli.dat
 1 16 0 10 -10 6 0 0 0 10 0 0 0 -6 2-4cyli.dat
 1 16 0 12 -10 0 0 8 0 -8 0 -8 0 0 1-4cyls.dat
 1 16 0 12 -10 0 0 -8 0 -8 0 -8 0 0 1-4cyls.dat
 1 16 0 4 -10 8 0 0 0 16 0 0 0 8 2-4cyli.dat
 1 16 0 12 -10 8 0 0 0 8 0 0 0 -8 2-4cyli.dat

 2 24 16 24 6 -16 24 6
 2 24 -16 24 6 -16 24 -26
 2 24 -16 24 -26 16 24 -26
 2 24 16 24 -26 16 24 6

 2 24 20 24 10 -20 24 10
 2 24 -20 24 10 -20 24 -30
 2 24 -20 24 -30 20 24 -30
 2 24 20 24 -30 20 24 10

 2 24 16 24 6 16 4 6
 2 24 -16 24 6 -16 4 6
 2 24 16 24 -26 16 20 -26
 2 24 -16 24 -26 -16 20 -26
 2 24 16 4 6 -16 4 6
 2 24 16 4 -10 -16 4 -10
 2 24 16 20 -26 -16 20 -26
 2 24 16 4 6 16 4 -10
 2 24 -16 4 6 -16 4 -10
 2 24 16 20 -26 16 4 -10
 2 24 -16 20 -26 -16 4 -10

 2 24 20 24 10 20 0 10
 2 24 -20 24 10 -20 0 10
 2 24 20 24 -30 20 20 -30
 2 24 -20 24 -30 -20 20 -30
 2 24 20 0 10 -20 0 10
 2 24 20 0 -10 -20 0 -10
 2 24 20 20 -30 -20 20 -30
 2 24 20 0 10 20 0 -10
 2 24 -20 0 10 -20 0 -10
 2 24 20 20 -30 20 0 -10
 2 24 -20 20 -30 -20 0 -10

 4 16 20 24 10 16 24 6 -16 24 6 -20 24 10
 4 16 -20 24 10 -16 24 6 -16 24 -26 -20 24 -30
 4 16 -20 24 -30 -16 24 -26 16 24 -26 20 24 -30
 4 16 20 24 -30 16 24 -26 16 24 6 20 24 10
 4 16 16 4 6 16 4 -10 -16 4 -10 -16 4 6
 4 16 20 0 10 20 0 -10 -20 0 -10 -20 0 10

 4 16 20 24 10 20 0 10 -20 0 10 -20 24 10
 4 16 16 24 6 16 4 6 -16 4 6 -16 24 6
 4 16 16 24 -26 16 20 -26 -16 20 -26 -16 24 -26
 4 16 20 24 -30 20 20 -30 -20 20 -30 -20 24 -30

 4 16 20 24 10 20 0 10 20 20 -30 20 24 -30
 3 16 20 0 10 20 0 -10 20 20 -30
 4 16 16 24 6 16 4 6 16 20 -26 16 24 -26
 3 16 16 4 6 16 4 -10 16 20 -26
 4 16 -16 24 6 -16 4 6 -16 20 -26 -16 24 -26
 3 16 -16 4 6 -16 4 -10 -16 20 -26
 4 16 -20 24 10 -20 0 10 -20 20 -30 -20 24 -30
 3 16 -20 0 10 -20 0 -10 -20 20 -30

 4 16 16 20 -26 16 4 -10 -16 4 -10 -16 20 -26
 4 16 20 20 -30 20 0 -10 -20 0 -10 -20 20 -30

 1 16 -10 0 0 1 0 0 0 1 0 0 0 1 stud.dat
 1 16 10 0 0 1 0 0 0 1 0 0 0 1 stud.dat
0
