0 Slope Brick 45  2 x  1 with 12 White Buttons Pattern
0 name 3040p33.dat
0 Created by Tore Eriksson
0 Official LCad update 97-01

4 15 -8 2.8572 -12.8572 -4 2.8572 -12.8572 -4 5.7144 -15.7144 -8 5.7144 -15.7144
4 15 -2 2.8572 -12.8572 2 2.8572 -12.8572 2 5.7144 -15.7144 -2 5.7144 -15.7144
4 15 4 2.8572 -12.8572 8 2.8572 -12.8572 8 5.7144 -15.7144 4 5.7144 -15.7144
4 15 -8 7.143 -17.143 -4 7.143 -17.143 -4 10.0002 -20.0002 -8 10.0002 -20.0002
4 15 -2 7.143 -17.143 2 7.143 -17.143 2 10.0002 -20.0002 -2 10.0002 -20.0002
4 15 4 7.143 -17.143 8 7.143 -17.143 8 10.0002 -20.0002 4 10.0002 -20.0002
4 15 -8 11.4288 -21.4288 -4 11.4288 -21.4288 -4 14.286 -24.286 -8 14.286 -24.286
4 15 -2 11.4288 -21.4288 2 11.4288 -21.4288 2 14.286 -24.286 -2 14.286 -24.286
4 15 4 11.4288 -21.4288 8 11.4288 -21.4288 8 14.286 -24.286 4 14.286 -24.286
4 15 -8 16.4289 -26.4289 -4 16.4289 -26.4289 -4 17.8575 -27.8575 -8 17.8575 -27.8575
4 15 -2 16.4289 -26.4289 2 16.4289 -26.4289 2 17.8575 -27.8575 -2 17.8575 -27.8575
4 15 4 16.4289 -26.4289 8 16.4289 -26.4289 8 17.8575 -27.8575 4 17.8575 -27.8575
4 16 -10 0 -10 -8 2.8572 -12.8572 8 2.8572 -12.8572 10 0 -10
4 16 10 0 -10 8 2.8572 -12.8572 8 17.8575 -27.8575 10 20.0004 -30.0004
4 16 10 20.0004 -30.0004 8 17.8575 -27.8575 -8 17.8575 -27.8575 -10 20.0004 -30.0004
4 16 -10 20.0004 -30.0004 -8 17.8575 -27.8575 -8 2.8572 -12.8572 -10 0 -10
4 16 -8 5.7144 -15.7144 8 5.7144 -15.7144 8 7.143 -17.143 -8 7.143 -17.143
4 16 -8 10.0002 -20.0002 8 10.0002 -20.0002 8 11.4288 -21.4288 -8 11.4288 -21.4288
4 16 -8 14.286 -24.286 8 14.286 -24.286 8 16.4289 -26.4289 -8 16.4289 -26.4289
4 16 -4 2.8572 -12.8572 -2 2.8572 -12.8572 -2 17.8575 -27.8575 -4 17.8575 -27.8575
4 16 2 2.8572 -12.8572 4 2.8572 -12.8572 4 17.8575 -27.8575 2 17.8575 -27.8575

0 Slope Brick 45  2 x  1

 1 16 0 20 -10 1 0 0 0 -1 0 0 0 1 stud3a.dat
 1 16 0 4 -10 4 0 0 0 0 0 0 0 4 2-4edge.dat
 1 16 0 4 -10 4 0 0 0 0 4 0 0 -4 2-4edge.dat
 1 16 0 8 -10 0 0 4 0 -4 0 -4 0 0 1-4cyls.dat
 1 16 0 8 -10 0 0 -4 0 -4 0 -4 0 0 1-4cyls.dat
 1 16 0 4 -10 4 0 0 0 16 0 0 0 4 2-4cyli.dat
 1 16 0 8 -10 4 0 0 0 12 0 0 0 -4 2-4cyli.dat

 2 24 6 24 6 -6 24 6
 2 24 -6 24 6 -6 24 -26
 2 24 -6 24 -26 6 24 -26
 2 24 6 24 -26 6 24 6

 2 24 10 24 10 -10 24 10
 2 24 -10 24 10 -10 24 -30
 2 24 -10 24 -30 10 24 -30
 2 24 10 24 -30 10 24 10

 2 24 6 24 6 6 4 6
 2 24 -6 24 6 -6 4 6
 2 24 6 24 -26 6 20 -26
 2 24 -6 24 -26 -6 20 -26
 2 24 6 4 6 -6 4 6
 2 24 6 4 -10 -6 4 -10
 2 24 6 20 -26 -6 20 -26
 2 24 6 4 6 6 4 -10
 2 24 -6 4 6 -6 4 -10
 2 24 6 20 -26 6 4 -10
 2 24 -6 20 -26 -6 4 -10

 2 24 10 24 10 10 0 10
 2 24 -10 24 10 -10 0 10
 2 24 10 24 -30 10 20 -30
 2 24 -10 24 -30 -10 20 -30
 2 24 10 0 10 -10 0 10
 2 24 10 0 -10 -10 0 -10
 2 24 10 20 -30 -10 20 -30
 2 24 10 0 10 10 0 -10
 2 24 -10 0 10 -10 0 -10
 2 24 10 20 -30 10 0 -10
 2 24 -10 20 -30 -10 0 -10

 4 16 10 24 10 6 24 6 -6 24 6 -10 24 10
 4 16 -10 24 10 -6 24 6 -6 24 -26 -10 24 -30
 4 16 -10 24 -30 -6 24 -26 6 24 -26 10 24 -30
 4 16 10 24 -30 6 24 -26 6 24 6 10 24 10
 4 16 6 4 6 6 4 -10 -6 4 -10 -6 4 6
 4 16 10 0 10 10 0 -10 -10 0 -10 -10 0 10

 4 16 10 24 10 10 0 10 -10 0 10 -10 24 10
 4 16 6 24 6 6 4 6 -6 4 6 -6 24 6
 4 16 6 24 -26 6 20 -26 -6 20 -26 -6 24 -26
 4 16 10 24 -30 10 20 -30 -10 20 -30 -10 24 -30

 4 16 10 24 10 10 0 10 10 20 -30 10 24 -30
 3 16 10 0 10 10 0 -10 10 20 -30
 4 16 6 24 6 6 4 6 6 20 -26 6 24 -26
 3 16 6 4 6 6 4 -10 6 20 -26
 4 16 -6 24 6 -6 4 6 -6 20 -26 -6 24 -26
 3 16 -6 4 6 -6 4 -10 -6 20 -26
 4 16 -10 24 10 -10 0 10 -10 20 -30 -10 24 -30
 3 16 -10 0 10 -10 0 -10 -10 20 -30

 4 16 6 20 -26 6 4 -10 -6 4 -10 -6 20 -26

 1 16 0 0 0 1 0 0 0 1 0 0 0 1 stud.dat


