0 Slope Brick 45  2 x  1 with 9 + 3 Black Buttons Pattern
0 Name: 3040p32.dat
0 Author: Tore Eriksson
0 Color update: Bram Lambrecht
0 Official LCad update 99-01

 4 0 -8 2.86 -12.86 -4 2.86 -12.86 -4 5.71 -15.71 -8 5.71 -15.71 
 4 0 -2 2.86 -12.86 2 2.86 -12.86 2 5.71 -15.71 -2 5.71 -15.71 
 4 0 4 2.86 -12.86 8 2.86 -12.86 8 5.71 -15.71 4 5.71 -15.71 
 4 0 -8 7.14 -17.14 -4 7.14 -17.14 -4 10.00 -20.00 -8 10.00 -20.00 
 4 0 -2 7.14 -17.14 2 7.14 -17.14 2 10.00 -20.00 -2 10.00 -20.00 
 4 0 4 7.14 -17.14 8 7.14 -17.14 8 10.00 -20.00 4 10.00 -20.00 
 4 0 -8 11.43 -21.43 -4 11.43 -21.43 -4 14.29 -24.29 -8 14.29 -24.29 
 4 0 -2 11.43 -21.43 2 11.43 -21.43 2 14.29 -24.29 -2 14.29 -24.29 
 4 0 4 11.43 -21.43 8 11.43 -21.43 8 14.29 -24.29 4 14.29 -24.29 
 4 0 -8 16.43 -26.43 -4 16.43 -26.43 -4 17.86 -27.86 -8 17.86 -27.86 
 4 0 -2 16.43 -26.43 2 16.43 -26.43 2 17.86 -27.86 -2 17.86 -27.86 
 4 0 4 16.43 -26.43 8 16.43 -26.43 8 17.86 -27.86 4 17.86 -27.86 
 4 16 -10 0 -10 -8 2.86 -12.86 8 2.86 -12.86 10 0 -10 
 4 16 10 0 -10 8 2.86 -12.86 8 17.86 -27.86 10 20.00 -30.00 
 4 16 10 20.00 -30.00 8 17.86 -27.86 -8 17.86 -27.86 -10 20.00 -30.00 
 4 16 -10 20.00 -30.00 -8 17.86 -27.86 -8 2.86 -12.86 -10 0 -10 
 4 16 -8 5.71 -15.71 8 5.71 -15.71 8 7.14 -17.14 -8 7.14 -17.14 
 4 16 -8 10.00 -20.00 8 10.00 -20.00 8 11.43 -21.43 -8 11.43 -21.43 
 4 16 -8 14.29 -24.29 8 14.29 -24.29 8 16.43 -26.43 -8 16.43 -26.43 
 4 16 -4 2.86 -12.86 -2 2.86 -12.86 -2 17.86 -27.86 -4 17.86 -27.86 
 4 16 2 2.86 -12.86 4 2.86 -12.86 4 17.86 -27.86 2 17.86 -27.86 
0 Slope Brick 45  2 x  1
 1 16 0 20 -10 1 0 0 0 -1 0 0 0 1 stud3a.dat
 1 16 0 4 -10 4 0 0 0 0 0 0 0 4 2-4edge.dat
 1 16 0 4 -10 4 0 0 0 0 4 0 0 -4 2-4edge.dat
 1 16 0 8 -10 0 0 4 0 -4 0 -4 0 0 1-4cyls.dat
 1 16 0 8 -10 0 0 -4 0 -4 0 -4 0 0 1-4cyls.dat
 1 16 0 4 -10 4 0 0 0 16 0 0 0 4 2-4cyli.dat
 1 16 0 8 -10 4 0 0 0 12 0 0 0 -4 2-4cyli.dat
 2 24 6 24 6 -6 24 6 
 2 24 -6 24 6 -6 24 -26 
 2 24 -6 24 -26 6 24 -26 
 2 24 6 24 -26 6 24 6 
 2 24 10 24 10 -10 24 10 
 2 24 -10 24 10 -10 24 -30 
 2 24 -10 24 -30 10 24 -30 
 2 24 10 24 -30 10 24 10 
 2 24 6 24 6 6 4 6 
 2 24 -6 24 6 -6 4 6 
 2 24 6 24 -26 6 20 -26 
 2 24 -6 24 -26 -6 20 -26 
 2 24 6 4 6 -6 4 6 
 2 24 6 4 -10 -6 4 -10 
 2 24 6 20 -26 -6 20 -26 
 2 24 6 4 6 6 4 -10 
 2 24 -6 4 6 -6 4 -10 
 2 24 6 20 -26 6 4 -10 
 2 24 -6 20 -26 -6 4 -10 
 2 24 10 24 10 10 0 10 
 2 24 -10 24 10 -10 0 10 
 2 24 10 24 -30 10 20 -30 
 2 24 -10 24 -30 -10 20 -30 
 2 24 10 0 10 -10 0 10 
 2 24 10 0 -10 -10 0 -10 
 2 24 10 20 -30 -10 20 -30 
 2 24 10 0 10 10 0 -10 
 2 24 -10 0 10 -10 0 -10 
 2 24 10 20 -30 10 0 -10 
 2 24 -10 20 -30 -10 0 -10 
 4 16 10 24 10 6 24 6 -6 24 6 -10 24 10 
 4 16 -10 24 10 -6 24 6 -6 24 -26 -10 24 -30 
 4 16 -10 24 -30 -6 24 -26 6 24 -26 10 24 -30 
 4 16 10 24 -30 6 24 -26 6 24 6 10 24 10 
 4 16 6 4 6 6 4 -10 -6 4 -10 -6 4 6 
 4 16 10 0 10 10 0 -10 -10 0 -10 -10 0 10 
 4 16 10 24 10 10 0 10 -10 0 10 -10 24 10 
 4 16 6 24 6 6 4 6 -6 4 6 -6 24 6 
 4 16 6 24 -26 6 20 -26 -6 20 -26 -6 24 -26 
 4 16 10 24 -30 10 20 -30 -10 20 -30 -10 24 -30 
 4 16 10 24 10 10 0 10 10 20 -30 10 24 -30 
 3 16 10 0 10 10 0 -10 10 20 -30 
 4 16 6 24 6 6 4 6 6 20 -26 6 24 -26 
 3 16 6 4 6 6 4 -10 6 20 -26 
 4 16 -6 24 6 -6 4 6 -6 20 -26 -6 24 -26 
 3 16 -6 4 6 -6 4 -10 -6 20 -26 
 4 16 -10 24 10 -10 0 10 -10 20 -30 -10 24 -30 
 3 16 -10 0 10 -10 0 -10 -10 20 -30 
 4 16 6 20 -26 6 4 -10 -6 4 -10 -6 20 -26 
 1 16 0 0 0 1 0 0 0 1 0 0 0 1 stud.dat
0