0 Panel  1 x  4 x  1
0 Name: 30413.dat
0 Author: R. M. (Bob) Rodinsky (dublar2@hotmail.com)
0 LDRAW_ORG Part UPDATE 2002-02

2 24 -40 0 10 -40 24 10
2 24 40 24 10 -40 24 10
2 24 40 0 10 40 24 10
4 16 40 24 10 -40 24 10 -40 0 10 40 0 10
4 16 -40 24 10 -40 16 6 -40 0 6 -40 0 10
4 16 40 24 10 36 24 6 -36 24 6 -40 24 10
4 16 40 16 6 40 24 10 40 0 10 40 0 6
1 16 0 24 0 36 0 0 0 -4 0 0 0 6 box5.dat
2 24 -40 24 10 -40 24 -10
2 24 -40 16 -10 -40 24 -10
4 16 -40 24 10 -40 24 -10 -40 16 -10 -40 16 6
4 16 -40 24 10 -36 24 6 -36 24 -6 -40 24 -10
4 16 -40 24 -10 -36 24 -6 36 24 -6 40 24 -10
4 16 40 24 -10 36 24 -6 36 24 6 40 24 10
2 24 -40 24 -10 40 24 -10
2 24 40 24 -10 40 24 10
2 24 40 16 -10 40 24 -10
4 16 -40 24 -10 40 24 -10 40 16 -10 -40 16 -10
4 16 40 24 -10 40 24 10 40 16 6 40 16 -10
1 16 -20 20 0 1 0 0 0 -1 0 0 0 1 stud3.dat
1 16 0 20 0 1 0 0 0 -1 0 0 0 1 stud3.dat
1 16 20 20 0 1 0 0 0 -1 0 0 0 1 stud3.dat
2 24 -40 0 6 -40 16 6
2 24 40 16 6 -40 16 6
2 24 40 0 6 40 16 6
4 16 -40 16 6 40 16 6 40 0 6 -40 0 6
2 24 -40 16 6 -40 16 -10
2 24 -40 16 -10 40 16 -10
2 24 40 16 -10 40 16 6
4 16 40 16 6 40 16 -10 -40 16 -10 -40 16 6
2 24 40 0 10 -40 0 10
2 24 -40 0 10 -40 0 6
2 24 -40 0 6 40 0 6
2 24 40 0 6 40 0 10
4 16 40 0 10 40 0 6 -40 0 6 -40 0 10
