0 Slope Brick 45  2 x  1 Double with Double 3 Button Black Pattern
0 name 3044p37.dat
0 Created by Tore Eriksson
0 Official LCad update 97-01

4 16 -10 0 0  10 0 0  7 2.1429 -2.1429  -7 2.1429 -2.1429
4 16 10 0 0  7 2.1429 -2.1429  7 17.8575 -17.8575 10 20 -20
4 16 10 20 -20  7 17.8575 -17.8575  -7 17.8575 -17.8575  -10 20 -20
4 16 -10 20 -20  -7 17.8575 -17.8575  -7 2.1429 -2.1429  -10 0 0
4 16 5 4.2858 -4.2858  1 4.2858 -4.2858  1 7.143 -7.143  5 7.143 -7.143
4 16 5 8.5716 -8.5716  1 8.5716 -8.5716  1 11.4288 -11.4288 5 11.4288 -11.4288
4 16 5 12.8574 -12.8574  1 12.8574 -12.8574  1 15.7146 -15.7146  5 15.7146 -15.7146
4 0 7 2.1429 -2.1429  5 4.2858 -4.2858  1 4.2858 -4.2858  -7 2.1429 -2.1429
4 0 -7 2.1429 -2.1429  1 4.2858 -4.2858  1 15.7146 -15.7146  -7 17.8575 -17.8575
4 0 -7 17.8575 -17.8575  1 15.7146 -15.7146  5 15.7146 -15.7146  7 17.8575 -17.8575
4 0 7 17.8575 -17.8575  5 15.7146 -15.7146  5 4.2858 -4.2858  7 2.1429 -2.1429
4 0 1 7.143 -7.143  5 7.143 -7.143  5 8.5716 -8.5716 1 8.5716 -8.5716
4 0 5 11.4288 -11.4288  1 11.4288 -11.4288  1 12.8574 -12.8574  5 12.8574 -12.8574

4 16 -10 0 0  10 0 0  7 2.1429 2.1429  -7 2.1429 2.1429
4 16 10 0 0  7 2.1429 2.1429  7 17.8575 17.8575 10 20 20
4 16 10 20 20  7 17.8575 17.8575  -7 17.8575 17.8575  -10 20 20
4 16 -10 20 20  -7 17.8575 17.8575  -7 2.1429 2.1429  -10 0 0
4 16 5 4.2858 4.2858  1 4.2858 4.2858  1 7.143 7.143  5 7.143 7.143
4 16 5 8.5716 8.5716  1 8.5716 8.5716  1 11.4288 11.4288 5 11.4288 11.4288
4 16 5 12.8574 12.8574  1 12.8574 12.8574  1 15.7146 15.7146  5 15.7146 15.7146
4 0 7 2.1429 2.1429  5 4.2858 4.2858  1 4.2858 4.2858  -7 2.1429 2.1429
4 0 -7 2.1429 2.1429  1 4.2858 4.2858  1 15.7146 15.7146  -7 17.8575 17.8575
4 0 -7 17.8575 17.8575  1 15.7146 15.7146  5 15.7146 15.7146  7 17.8575 17.8575
4 0 7 17.8575 17.8575  5 15.7146 15.7146  5 4.2858 4.2858  7 2.1429 2.1429
4 0 1 7.143 7.143  5 7.143 7.143  5 8.5716 8.5716 1 8.5716 8.5716
4 0 5 11.4288 11.4288  1 11.4288 11.4288  1 12.8574 12.8574  5 12.8574 12.8574

0 Slope Brick 45  2 x  1 Double without Slopes
 1 16 0 20 0 1 0 0 0 -1 0 0 0 1 stud3a.dat
 1 16 0 4 0 4 0 0 0 0 4 0 0 4 2-4edge.dat
 1 16 0 4 0 4 0 0 0 0 4 0 0 -4 2-4edge.dat
 1 16 0 8 0 0 0 4 0 -4 0 -4 0 0 1-4cyls.dat
 1 16 0 8 0 0 0 -4 0 -4 0 -4 0 0 1-4cyls.dat
 1 16 0 8 0 0 0 4 0 -4 0 4 0 0 1-4cyls.dat
 1 16 0 8 0 0 0 -4 0 -4 0 4 0 0 1-4cyls.dat
 1 16 0 8 0 4 0 0 0 12 0 0 0 4 4-4cyli.dat

 2 24 6 24 16 -6 24 16
 2 24 -6 24 16 -6 24 -16
 2 24 -6 24 -16 6 24 -16
 2 24 6 24 -16 6 24 16

 2 24 10 24 20 -10 24 20
 2 24 -10 24 20 -10 24 -20
 2 24 -10 24 -20 10 24 -20
 2 24 10 24 -20 10 24 20

 2 24 6 24 16 6 20 16
 2 24 -6 24 16 -6 20 16
 2 24 6 24 -16 6 20 -16
 2 24 -6 24 -16 -6 20 -16
 2 24 6 20 16 -6 20 16
 2 24 6 4 0 -6 4 0
 2 24 6 20 -16 -6 20 -16
 2 24 6 20 16 6 4 0
 2 24 -6 20 16 -6 4 0
 2 24 6 20 -16 6 4 0
 2 24 -6 20 -16 -6 4 0

 2 24 10 24 20 10 20 20
 2 24 -10 24 20 -10 20 20
 2 24 10 24 -20 10 20 -20
 2 24 -10 24 -20 -10 20 -20
 2 24 10 20 20 -10 20 20
 2 24 10 0 0 -10 0 0
 2 24 10 20 -20 -10 20 -20
 2 24 10 20 20 10 0 0
 2 24 -10 20 20 -10 0 0
 2 24 10 20 -20 10 0 0
 2 24 -10 20 -20 -10 0 0

 4 16 10 24 20 6 24 16 -6 24 16 -10 24 20
 4 16 -10 24 20 -6 24 16 -6 24 -16 -10 24 -20
 4 16 -10 24 -20 -6 24 -16 6 24 -16 10 24 -20
 4 16 10 24 -20 6 24 -16 6 24 16 10 24 20

 4 16 10 24 20 10 20 20 -10 20 20 -10 24 20
 4 16 6 24 16 6 20 16 -6 20 16 -6 24 16
 4 16 6 24 -16 6 20 -16 -6 20 -16 -6 24 -16
 4 16 10 24 -20 10 20 -20 -10 20 -20 -10 24 -20

 4 16 10 24 20 10 20 20 10 20 -20 10 24 -20
 3 16 10 20 20 10 0 0 10 20 -20
 4 16 6 24 16 6 20 16 6 20 -16 6 24 -16
 3 16 6 20 16 6 4 0 6 20 -16
 4 16 -6 24 16 -6 20 16 -6 20 -16 -6 24 -16
 3 16 -6 20 16 -6 4 0 -6 20 -16
 4 16 -10 24 20 -10 20 20 -10 20 -20 -10 24 -20
 3 16 -10 20 20 -10 0 0 -10 20 -20

 4 16 6 20 16 6 4 0 -6 4 0 -6 20 16
 4 16 6 20 -16 6 4 0 -6 4 0 -6 20 -16
