0 Windscreen  6 x 12 x  2
0 Name: 30497.dat
0 Author:  Tim Romine
0 LDRAW_ORG Part UPDATE 2002-05

1 16 20 4 0 1 0 0 0 -1 0 0 0 1 stud3.dat
1 16 0 4 0 1 0 0 0 -1 0 0 0 1 stud3.dat
1 16 -20 4 0 1 0 0 0 -1 0 0 0 1 stud3.dat
1 16 0 8 0 36 0 0 0 -4 0 0 0 6 box5.dat
2 24 -40 0 10 -40 0 -10
2 24 -40 8 10 -40 8 -10
2 24 -40 0 10 40 0 10
2 24 -40 8 10 40 8 10
2 24 -40 0 -10 40 0 -10
2 24 -40 8 -10 40 8 -10
2 24 40 0 10 40 0 -10
2 24 40 8 10 40 8 -10
2 24 -40 0 -10 -40 8 -10
2 24 -40 0 10 -40 8 10
2 24 40 0 -10 40 8 -10
2 24 40 0 10 40 8 10
4 16 40 8 10 36 8 6 -36 8 6 -40 8 10
4 16 -40 8 10 -36 8 6 -36 8 -6 -40 8 -10
4 16 -40 8 -10 -36 8 -6 36 8 -6 40 8 -10
4 16 40 8 -10 36 8 -6 36 8 6 40 8 10
4 16 40 0 -10 40 0 10 40 8 -10 40 8 10
4 16 -40 0 -10 -40 0 10 -40 8 -10 -40 8 10
4 16 -40 0 10 40 0 10 40 8 10 -40 8 10
4 16 -40 0 10 40 0 10 40 0 -10 -40 0 -10
2 24 -40 0 -10 -40 -16 -30
2 24 40 0 -10 40 -16 -30
2 24 -40 -16 -30 40 -16 -30
4 16 -40 0 -10 40 0 -10 40 -16 -30 -40 -16 -30
2 24 -40 -16 -30 -40 -16 -70
2 24 40 -16 -30 40 -16 -70
2 24 -40 -16 -70 40 -16 -70
4 16 -40 -16 -30 -40 -16 -70 40 -16 -70 40 -16 -30
2 24 -40 -16 -70 -60 24 -230
2 24 40 -16 -70 60 24 -230
2 24 -60 24 -230 60 24 -230
4 16 -40 -16 -70 40 -16 -70 -60 24 -230 60 24 -230
2 24 -60 24 -50 -60 24 -230
2 24 -60 24 -50 -40 -16 -30
4 16 -60 24 -230 -60 24 -50 -40 -16 -30 -40 -16 -70
2 24 60 24 -50 60 24 -230
2 24 60 24 -50 40 -16 -30
4 16 60 24 -230 60 24 -50 40 -16 -30 40 -16 -70
2 24 -60 24 -50 -40 0 -10
3 16 -60 24 -50 -40 0 -10 -40 -16 -30
2 24 60 24 -50 40 0 -10
3 16 60 24 -50 40 0 -10 40 -16 -30
2 24 -60 24 -50 -60 32 -50
2 24 -60 28 -50 -40 8 -10
4 16 -60 28 -50 -60 24 -50 -40 0 -10 -40 8 -10
2 24 60 24 -50 60 32 -50
2 24 60 28 -50 40 8 -10
4 16 60 28 -50 60 24 -50 40 0 -10 40 8 -10
2 24 -60 32 -50 -60 32 -230
2 24 -60 32 -230 -60 24 -230
4 16 -60 32 -50 -60 32 -230 -60 24 -230 -60 24 -50
2 24 60 32 -50 60 32 -230
2 24 60 32 -230 60 24 -230
4 16 60 32 -50 60 32 -230 60 24 -230 60 24 -50
2 24 -60 32 -230 60 32 -230
4 16 -60 32 -230 -60 24 -230 60 24 -230 60 32 -230
2 24 -60 32 -50 -56 32 -50
2 24 -56 32 -50 -56 32 -226
2 24 -56 32 -226 56 32 -226
2 24 56 32 -226 56 32 -50
2 24 56 32 -50 60 32 -50
4 16 -60 32 -50 -60 32 -230 -56 32 -226 -56 32 -50
4 16 -60 32 -230 60 32 -230 56 32 -226 -56 32 -226
4 16 60 32 -50 60 32 -230 56 32 -226 56 32 -50
2 24 -56 32 -50 -56 25 -50
2 24 -56 28 -50 -60 28 -50
4 16 -60 32 -50 -56 32 -50 -56 28 -50 -60 28 -50
2 24 56 32 -50 56 25 -50
2 24 56 28 -50 60 28 -50
4 16 60 32 -50 56 32 -50 56 28 -50 60 28 -50
2 24 -56 28 -50 -36 8 -10
4 16 -60 28 -50 -40 8 -10 -36 8 -10 -56 28 -50
2 24 56 28 -50 36 8 -10
4 16 60 28 -50 40 8 -10 36 8 -10 56 28 -50
2 24 -36 8 -10 -36 5 -10
2 24 -36 5 -10 36 5 -10
2 24 36 5 -10 36 8 -10
4 16 -36 8 -10 36 8 -10 36 5 -10 -36 5 -10
2 24 -36 5 -10 -56 25 -50
4 16 -36 8 -10 -36 5 -10 -56 25 -50 -56 28 -50
2 24 36 5 -10 56 25 -50
4 16 36 8 -10 36 5 -10 56 25 -50 56 28 -50
2 24 -56 25 -50 -56 25 -218
2 24 -56 25 -218 -56 27 -226
2 24 -56 27 -226 -56 32 -226
4 16 -56 32 -50 -56 25 -50 -56 25 -218 -56 32 -218
4 16 -56 32 -218 -56 25 -218 -56 27 -226 -56 32 -226
2 24 56 25 -50 56 25 -218
2 24 56 25 -218 56 27 -226
2 24 56 27 -226 56 32 -226
4 16 56 32 -50 56 25 -50 56 25 -218 56 32 -218
4 16 56 32 -218 56 25 -218 56 27 -226 56 32 -226
2 24 -56 27 -226 56 27 -226
4 16 -56 32 -226 56 32 -226 56 27 -226 -56 27 -226
2 24 -56 25 -218 -35 -12 -69
2 24 -35 -12 -69 -35 -12 -32
2 24 -35 -12 -32 -56 25 -50
4 16 -56 25 -218 -56 25 -50 -35 -12 -32 -35 -12 -69
2 24 56 25 -218 35 -12 -69
2 24 35 -12 -69 35 -12 -32
2 24 35 -12 -32 56 25 -50
4 16 56 25 -218 56 25 -50 35 -12 -32 35 -12 -69
2 24 -35 -12 -69 35 -12 -69
2 24 -35 -12 -32 35 -12 -32
4 16 -35 -12 -69 35 -12 -69 35 -12 -32 -35 -12 -32
4 16 -35 -12 -69 35 -12 -69 56 25 -218 -56 25 -218
4 16 -56 27 -226 56 27 -226 56 25 -218 -56 25 -218
2 24 -35 -12 -32 -36 5 -10
3 16 -56 25 -50 -35 -12 -32 -36 5 -10
2 24 35 -12 -32 36 5 -10
3 16 56 25 -50 35 -12 -32 36 5 -10
4 16 -36 5 -10 36 5 -10 35 -12 -32 -35 -12 -32
1 16 30 0 0 1 0 0 0 1 0 0 0 1 stud.dat
1 16 10 0 0 1 0 0 0 1 0 0 0 1 stud.dat
1 16 -10 0 0 1 0 0 0 1 0 0 0 1 stud.dat
1 16 -30 0 0 1 0 0 0 1 0 0 0 1 stud.dat
0
