0 Slope Brick Curved Top  2 x  2 x  1
0 Name: 30602.dat
0 Author: Chris Dee (chris_w_dee@hotmail.com)
0 LDRAW_ORG Part UPDATE 2002-02

2 24 16 0 16 16 -15.736 16
2 24 16 -15.736 16 16 -15.381 10.604
2 24 16 -15.381 10.604 16 -13.545 1.366
2 24 16 -13.545 1.366 16 -10.521 -7.554
2 24 16 -10.521 -7.554 16 -6.352 -16
2 24 16 -6.352 -16 16 0 -16
4 16 16 0 10.604 16 -15.381 10.604 16 -15.736 16 16 0 16
4 16 16 0 1.366 16 -13.545 1.366 16 -15.381 10.604 16 0 10.604
4 16 16 0 -7.554 16 -10.521 -7.554 16 -13.545 1.366 16 0 1.366
4 16 16 0 -16 16 -6.352 -16 16 -10.521 -7.554 16 0 -7.554
2 24 16 -15.736 16 14 -17.736 16
2 24 14 -17.736 16 14 -17.381 10.604
2 24 14 -17.381 10.604 14 -15.545 1.366
2 24 14 -15.545 1.366 14 -12.521 -7.554
2 24 14 -12.521 -7.554 14 -8.352 -16
2 24 14 -8.352 -16 16 -6.352 -16
4 16 16 -15.736 16 16 -15.381 10.604 14 -17.381 10.604 14 -17.736 16
4 16 16 -15.381 10.604 16 -13.545 1.366 14 -15.545 1.366 14 -17.381 10.604
4 16 16 -13.545 1.366 16 -10.521 -7.554 14 -12.521 -7.554 14 -15.545 1.366
4 16 16 -10.521 -7.554 16 -6.352 -16 14 -8.352 -16 14 -12.521 -7.554
0
2 24 -16 0 16 -16 -15.736 16
2 24 -16 -15.736 16 -16 -15.381 10.604
2 24 -16 -15.381 10.604 -16 -13.545 1.366
2 24 -16 -13.545 1.366 -16 -10.521 -7.554
2 24 -16 -10.521 -7.554 -16 -6.352 -16
2 24 -16 -6.352 -16 -16 0 -16
4 16 -16 -15.736 16 -16 -15.381 10.604 -16 0 10.604 -16 0 16
4 16 -16 -15.381 10.604 -16 -13.545 1.366 -16 0 1.366 -16 0 10.604
4 16 -16 -13.545 1.366 -16 -10.521 -7.554 -16 0 -7.554 -16 0 1.366
4 16 -16 -10.521 -7.554 -16 -6.352 -16 -16 0 -16 -16 0 -7.554
2 24 -16 -15.736 16 -14 -17.736 16
2 24 -14 -17.736 16 -14 -17.381 10.604
2 24 -14 -17.381 10.604 -14 -15.545 1.366
2 24 -14 -15.545 1.366 -14 -12.521 -7.554
2 24 -14 -12.521 -7.554 -14 -8.352 -16
2 24 -14 -8.352 -16 -16 -6.352 -16
4 16 -14 -17.381 10.604 -16 -15.381 10.604 -16 -15.736 16 -14 -17.736 16
4 16 -14 -15.545 1.366 -16 -13.545 1.366 -16 -15.381 10.604 -14 -17.381 10.604
4 16 -14 -12.521 -7.554 -16 -10.521 -7.554 -16 -13.545 1.366 -14 -15.545 1.366
4 16 -14 -8.352 -16 -16 -6.352 -16 -16 -10.521 -7.554 -14 -12.521 -7.554
0
4 16 16 0 16 16 -15.736 16 -16 -15.736 16 -16 0 16 
4 16 16 -6.352 -16 16 0 -16 -16 0 -16 -16 -6.352 -16
4 16 16 -15.736 16 14 -17.736 16 -14 -17.736 16 -16 -15.736 16
4 16 14 -8.352 -16 16 -6.352 -16 -16 -6.352 -16 -14 -8.352 -16
2 24 14 -8.352 -16 -14 -8.352 -16
2 24 14 -17.736 16 -14 -17.736 16
4 16 14 -17.736 16 14 -17.381 10.604 -14 -17.381 10.604 -14 -17.736 16
4 16 14 -17.381 10.604 14 -15.545 1.366 -14 -15.545 1.366 -14 -17.381 10.604
4 16 14 -15.545 1.366 14 -12.521 -7.554 -14 -12.521 -7.554 -14 -15.545 1.366
4 16 14 -12.521 -7.554 14 -8.352 -16 -14 -8.352 -16 -14 -12.521 -7.554
1 16 0 -12.301 0 1 0 0 0 -3.075 0 0 0 1 stud4a.dat
2 24 0 -13.048 -6 2.296 -13.203 -5.543
2 24 2.296 -13.203 -5.543 4.243 -13.643 -4.243
2 24 4.243 -13.643 -4.243 5.543 -14.304 -2.296
2 24 5.543 -14.304 -2.296 6 -15.082 0
2 24 6 -15.082 0 5.543 -15.73 2.296
2 24 5.543 -15.73 2.296 4.243 -16.117 4.243
2 24 4.243 -16.117 4.243 2.296 -16.375 5.543
2 24 2.296 -16.375 5.543 0 -16.466 6
4 16 2.296 -13.203 -5.543 2.296 -12.301 -5.543 0 -12.301 -6 0 -13.048 -6
4 16 4.243 -13.643 -4.243 4.243 -12.301 -4.243 2.296 -12.301 -5.543 2.296 -13.203 -5.543
4 16 5.543 -14.304 -2.296 5.543 -12.301 -2.296 4.243 -12.301 -4.243 4.243 -13.643 -4.243
4 16 6 -15.082 0 6 -12.301 0 5.543 -12.301 -2.296 5.543 -14.304 -2.296
4 16 5.543 -15.73 2.296 5.543 -12.301 2.296 6 -12.301 0 6 -15.082 0
4 16 4.243 -16.117 4.243 4.243 -12.301 4.243 5.543 -12.301 2.296 5.543 -15.73 2.296
4 16 2.296 -16.375 5.543 2.296 -12.301 5.543 4.243 -12.301 4.243 4.243 -16.117 4.243
4 16 0 -16.466 6 0 -12.301 6 2.296 -12.301 5.543 2.296 -16.375 5.543
2 24 0 -12.301 -8 3.062 -12.601 -7.391
2 24 3.062 -12.601 -7.391 5.657 -13.164 -5.657
2 24 5.657 -13.164 -5.657 7.391 -14.044 -3.062
2 24 7.391 -14.044 -3.062 8 -15.082 0
2 24 8 -15.082 0 7.391 -15.882 3.062
2 24 7.391 -15.882 3.062 5.657 -16.398 5.657
2 24 5.657 -16.398 5.657 3.062 -16.742 7.391
2 24 3.062 -16.742 7.391 0 -16.863 8
3 16 0 -12.301 -8 3.062 -12.301 -7.391 3.062 -12.601 -7.391
4 16 3.062 -12.301 -7.391 5.657 -12.301 -5.657 5.657 -13.164 -5.657 3.062 -12.601 -7.391
4 16 5.657 -12.301 -5.657 7.391 -12.301 -3.062 7.391 -14.044 -3.062 5.657 -13.164 -5.657
4 16 7.391 -12.301 -3.062 8 -12.301 0 8 -15.082 0 7.391 -14.044 -3.062
4 16 8 -12.301 0 7.391 -12.301 3.062 7.391 -15.882 3.062 8 -15.082 0
4 16 7.391 -12.301 3.062 5.657 -12.301 5.657 5.657 -16.398 5.657 7.391 -15.882 3.062
4 16 5.657 -12.301 5.657 3.062 -12.301 7.391 3.062 -16.742 7.391 5.657 -16.398 5.657
4 16 3.062 -12.301 7.391 0 -12.301 8 0 -16.863 8 3.062 -16.742 7.391
0
2 24 0 -13.048 -6 -2.296 -13.203 -5.543
2 24 -2.296 -13.203 -5.543 -4.243 -13.643 -4.243
2 24 -4.243 -13.643 -4.243 -5.543 -14.304 -2.296
2 24 -5.543 -14.304 -2.296 -6 -15.082 0
2 24 -6 -15.082 0 -5.543 -15.73 2.296
2 24 -5.543 -15.73 2.296 -4.243 -16.117 4.243
2 24 -4.243 -16.117 4.243 -2.296 -16.375 5.543
2 24 -2.296 -16.375 5.543 0 -16.466 6
4 16 0 -12.301 -6 -2.296 -12.301 -5.543 -2.296 -13.203 -5.543 0 -13.048 -6
4 16 -2.296 -12.301 -5.543 -4.243 -12.301 -4.243 -4.243 -13.643 -4.243 -2.296 -13.203 -5.543
4 16 -4.243 -12.301 -4.243 -5.543 -12.301 -2.296 -5.543 -14.304 -2.296 -4.243 -13.643 -4.243
4 16 -5.543 -12.301 -2.296 -6 -12.301 0 -6 -15.082 0 -5.543 -14.304 -2.296
4 16 -6 -12.301 0 -5.543 -12.301 2.296 -5.543 -15.73 2.296 -6 -15.082 0
4 16 -5.543 -12.301 2.296 -4.243 -12.301 4.243 -4.243 -16.117 4.243 -5.543 -15.73 2.296
4 16 -4.243 -12.301 4.243 -2.296 -12.301 5.543 -2.296 -16.375 5.543 -4.243 -16.117 4.243
4 16 -2.296 -12.301 5.543 0 -12.301 6 0 -16.466 6 -2.296 -16.375 5.543
2 24 0 -12.301 -8 -3.062 -12.601 -7.391
2 24 -3.062 -12.601 -7.391 -5.657 -13.164 -5.657
2 24 -5.657 -13.164 -5.657 -7.391 -14.044 -3.062
2 24 -7.391 -14.044 -3.062 -8 -15.082 0
2 24 -8 -15.082 0 -7.391 -15.882 3.062
2 24 -7.391 -15.882 3.062 -5.657 -16.398 5.657
2 24 -5.657 -16.398 5.657 -3.062 -16.742 7.391
2 24 -3.062 -16.742 7.391 0 -16.863 8
3 16 -3.062 -12.601 -7.391 -3.062 -12.301 -7.391 0 -12.301 -8
4 16 -5.657 -13.164 -5.657 -5.657 -12.301 -5.657 -3.062 -12.301 -7.391 -3.062 -12.601 -7.391
4 16 -7.391 -14.044 -3.062 -7.391 -12.301 -3.062 -5.657 -12.301 -5.657 -5.657 -13.164 -5.657
4 16 -8 -15.082 0 -8 -12.301 0 -7.391 -12.301 -3.062 -7.391 -14.044 -3.062
4 16 -7.391 -15.882 3.062 -7.391 -12.301 3.062 -8 -12.301 0 -8 -15.082 0
4 16 -5.657 -16.398 5.657 -5.657 -12.301 5.657 -7.391 -12.301 3.062 -7.391 -15.882 3.062
4 16 -3.062 -16.742 7.391 -3.062 -12.301 7.391 -5.657 -12.301 5.657 -5.657 -16.398 5.657
4 16 0 -16.863 8 0 -12.301 8 -3.062 -12.301 7.391 -3.062 -16.742 7.391
0
4 16 16 0 16 20 0 20 20 0 -20 16 0 -16
4 16 16 0 -16 20 0 -20 -20 0 -20 -16 0 -16
4 16 -16 0 -16 -20 0 -20 -20 0 20 -16 0 16
4 16 -16 0 16 -20 0 20 -12 0 20 -12 0 16
4 16 -12 0 16 -12 0 19 12 0 19 12 0 16
4 16 12 0 16 12 0 20 20 0 20 16 0 16
2 24 16 0 16 16 0 -16
2 24 16 0 -16 -16 0 -16
2 24 -16 0 -16 -16 0 16
2 24 -16 0 16 16 0 16 
2 24 20 0 20 20 0 -20
2 24 20 0 -20 -20 0 -20
2 24 -20 0 -20 -20 0 20
2 24 -20 0 20 -12 0 20
2 24 -12 0 20 -12 0 19
2 24 -12 0 19 12 0 19
2 24 12 0 19 12 0 20
2 24 12 0 20 20 0 20 
2 24 20 0 20 20 -16 20 
2 24 20 0 -20 20 -2 -22
2 24 -20 0 20 -20 -16 20 
2 24 -20 0 -20 -20 -2 -22
0
2 24 20 -16 20 20 -15.381 10.604
2 24 20 -15.381 10.604 20 -13.545 1.366
2 24 20 -13.545 1.366 20 -10.521 -7.554
2 24 20 -10.521 -7.554 20 -6.352 -16
2 24 20 -6.352 -16 20 -2 -22
4 16 20 -16 20 20 -15.381 10.604 20 0 10.604 20 0 20
4 16 20 -15.381 10.604 20 -13.545 1.366 20 0 1.366 20 0 10.604
4 16 20 -13.545 1.366 20 -10.521 -7.554 20 0 -7.554 20 0 1.366
4 16 20 -10.521 -7.554 20 -6.352 -16 20 0 -16 20 0 -7.554
4 16 20 -6.352 -16 20 -2 -22 20 0 -20 20 0 -16
2 24 12 -24 20 12 -23.312 9.56
2 24 12 -23.312 9.56 12 -21.272 -0.704
2 24 12 -21.272 -0.704 12 -17.912 -10.616
2 24 12 -17.912 -10.616 12 -13.28 -20
2 24 12 -13.28 -20 12 -7.965 -27.965
4 16 12 -23.312 9.56 20 -15.381 10.604 20 -16 20 12 -24 20
4 16 12 -21.272 -0.704 20 -13.545 1.366 20 -15.381 10.604 12 -23.312 9.56
4 16 12 -17.912 -10.616 20 -10.521 -7.554 20 -13.545 1.366 12 -21.272 -0.704
4 16 12 -13.28 -20 20 -6.352 -16 20 -10.521 -7.554 12 -17.912 -10.616
3 16 12 -7.965 -27.965 20 -6.352 -16 12 -13.28 -20
3 16 12 -7.965 -27.965 20 -2 -22 20 -6.352 -16
5 24 12 -23.312 9.56 20 -15.381 10.604 12 -24 20 12 -21.272 -0.704
5 24 12 -21.272 -0.704 20 -13.545 1.366 12 -23.312 9.56 12 -17.912 -10.616
5 24 12 -17.912 -10.616 20 -10.521 -7.554 12 -21.272 -0.704 12 -13.28 -20
5 24 12 -13.28 -20 20 -6.352 -16 12 -17.912 -10.616 12 -7.965 -27.965
2 24 10 -22 20 10.435 -21.747 9.56
2 24 10.435 -21.747 9.56 10.863 -20.135 -0.704
2 24 10.863 -20.135 -0.704 11.277 -17.189 -10.616
2 24 11.277 -17.189 -10.616 11.668 -12.948 -20
2 24 11.668 -12.948 -20 12 -7.965 -27.965
4 16 10.435 -21.747 9.56 12 -23.312 9.56 12 -24 20 10 -22 20
4 16 10.863 -20.135 -0.704 12 -21.272 -0.704 12 -23.312 9.56 10.435 -21.747 9.56
4 16 11.277 -17.189 -10.616 12 -17.912 -10.616 12 -21.272 -0.704 10.863 -20.135 -0.704
4 16 11.668 -12.948 -20 12 -13.28 -20 12 -17.912 -10.616 11.277 -17.189 -10.616
3 16 11.668 -12.948 -20 12 -7.965 -27.965 12 -13.28 -20
0
2 24 -20 -16 20 -20 -15.381 10.604
2 24 -20 -15.381 10.604 -20 -13.545 1.366
2 24 -20 -13.545 1.366 -20 -10.521 -7.554
2 24 -20 -10.521 -7.554 -20 -6.352 -16
2 24 -20 -6.352 -16 -20 -2 -22
4 16 -20 0 10.604 -20 -15.381 10.604 -20 -16 20 -20 0 20
4 16 -20 0 1.366 -20 -13.545 1.366 -20 -15.381 10.604 -20 0 10.604
4 16 -20 0 -7.554 -20 -10.521 -7.554 -20 -13.545 1.366 -20 0 1.366
4 16 -20 0 -16 -20 -6.352 -16 -20 -10.521 -7.554 -20 0 -7.554
4 16 -20 0 -20 -20 -2 -22 -20 -6.352 -16 -20 0 -16
2 24 -12 -24 20 -12 -23.312 9.56
2 24 -12 -23.312 9.56 -12 -21.272 -0.704
2 24 -12 -21.272 -0.704 -12 -17.912 -10.616
2 24 -12 -17.912 -10.616 -12 -13.28 -20
2 24 -12 -13.28 -20 -12 -7.965 -27.965
4 16 -20 -16 20 -20 -15.381 10.604 -12 -23.312 9.56 -12 -24 20
4 16 -20 -15.381 10.604 -20 -13.545 1.366 -12 -21.272 -0.704 -12 -23.312 9.56
4 16 -20 -13.545 1.366 -20 -10.521 -7.554 -12 -17.912 -10.616 -12 -21.272 -0.704
4 16 -20 -10.521 -7.554 -20 -6.352 -16 -12 -13.28 -20 -12 -17.912 -10.616
3 16 -12 -13.28 -20 -20 -6.352 -16 -12 -7.965 -27.965
3 16 -20 -6.352 -16 -20 -2 -22 -12 -7.965 -27.965
5 24 -12 -23.312 9.56 -20 -15.381 10.604 -12 -24 20 -12 -21.272 -0.704
5 24 -12 -21.272 -0.704 -20 -13.545 1.366 -12 -23.312 9.56 -12 -17.912 -10.616
5 24 -12 -17.912 -10.616 -20 -10.521 -7.554 -12 -21.272 -0.704 -12 -13.28 -20
5 24 -12 -13.28 -20 -20 -6.352 -16 -12 -17.912 -10.616 -12 -7.965 -27.965
2 24 -10 -22 20 -10.435 -21.747 9.56
2 24 -10.435 -21.747 9.56 -10.863 -20.135 -0.704
2 24 -10.863 -20.135 -0.704 -11.277 -17.189 -10.616
2 24 -11.277 -17.189 -10.616 -11.668 -12.948 -20
2 24 -11.668 -12.948 -20 -12 -7.965 -27.965
4 16 -12 -24 20 -12 -23.312 9.56 -10.435 -21.747 9.56 -10 -22 20
4 16 -12 -23.312 9.56 -12 -21.272 -0.704 -10.863 -20.135 -0.704 -10.435 -21.747 9.56
4 16 -12 -21.272 -0.704 -12 -17.912 -10.616 -11.277 -17.189 -10.616 -10.863 -20.135 -0.704
4 16 -12 -17.912 -10.616 -12 -13.28 -20 -11.668 -12.948 -20 -11.277 -17.189 -10.616
3 16 -12 -13.28 -20 -12 -7.965 -27.965 -11.668 -12.948 -20
0
4 16 -10 -22 20 -10.435 -21.747 9.56 10.435 -21.747 9.56 10 -22 20
4 16 -10.435 -21.747 9.56 -10.863 -20.135 -0.704 10.863 -20.135 -0.704 10.435 -21.747 9.56
4 16 -10.863 -20.135 -0.704 -11.277 -17.189 -10.616 11.277 -17.189 -10.616 10.863 -20.135 -0.704
4 16 -11.277 -17.189 -10.616 -11.668 -12.948 -20 11.668 -12.948 -20 11.277 -17.189 -10.616
4 16 -11.668 -12.948 -20 -12 -7.965 -27.965 12 -7.965 -27.965 11.668 -12.948 -20
5 24 -10.435 -21.747 9.56 10.435 -21.747 9.56 0 -20.135 -0.704 0 -22 20
5 24 -10.863 -20.135 -0.704 10.863 -20.135 -0.704 0 -17.189 -10.616 0 -21.747 9.56
5 24 -11.277 -17.189 -10.616 11.277 -17.189 -10.616 0 -12.948 -20 0 -20.135 -0.704
5 24 -11.668 -12.948 -20 11.668 -12.948 -20 0 -7.965 -27.965 0 -17.189 -10.616
0
4 16 12 -24 20 20 -16 20 20 0 20 12 0 20
4 16 10 -22 20 12 -24 20 12 0 20 10 -16 20
4 16 -10 -22 20 10 -22 20 10 -16 20 -10 -16 20
4 16 -20 0 20 -20 -16 20 -12 -24 20 -12 0 20
4 16 -12 0 20 -12 -24 20 -10 -22 20 -10 -16 20
2 24 20 -16 20 12 -24 20
2 24 12 -24 20 10 -22 20
2 24 10 -22 20 -10 -22 20
2 24 -10 -22 20 -12 -24 20
2 24 -12 -24 20 -20 -16 20
2 24 12 0 20 10 -16 20
2 24 10 -16 20 -10 -16 20
2 24 -10 -16 20 -12 0 20
4 16 10 -16 19 10 -16 20 12 0 20 12 0 19
4 16 -10 -16 19 -10 -16 20 10 -16 20 10 -16 19
4 16 -12 0 19 -12 0 20 -10 -16 20 -10 -16 19
4 16 -10 -16 19 10 -16 19 12 0 19 -12 0 19
2 24 12 0 19 10 -16 19
2 24 10 -16 19 -10 -16 19
2 24 -10 -16 19 -12 0 19
0
4 16 20 0 -20 20 -2 -22 12 -7.965 -27.965 12 0 -20
2 24 20 -2 -22 12 -7.965 -27.965
4 16 12 0 -20 12 -7.965 -27.965 11 -7.965 -27.965 11 0 -20
2 24 11 -4 -24 11 0 -20
3 16 11 -4 -24 11 -4 -20 11 0 -20
1 16 9 -4 -20 2 0 0 0 0 -2 0 1 0 1-4disc.dat
1 16 9 -4 -20 0 0 2 -2 0 0 0 -1 0 1-4edge.dat
1 16 9 -4 -20 0 0 2 -2 0 0 0 -4 0 1-4cyli.dat
1 16 9 -4 -24 0 0 2 2 0 0 0 -2 0 1-4cyls2.dat
1 16 9 -4 -24 0 0 2 -2 0.707 0 -2 -0.707 0 1-4edge.dat
1 16 9 -4 -24 0 0 2 -2 0.707 0 -2 -0.707 0 1-4ndis.dat
4 16 -12 -7.965 -27.965 -20 -2 -22 -20 0 -20 -12 0 -20
2 24 -20 -2 -22 -12 -7.965 -27.965
4 16 -11 -7.965 -27.965 -12 -7.965 -27.965 -12 0 -20 -11 0 -20
2 24 -11 -4 -24 -11 0 -20
3 16 -11 0 -20 -11 -4 -20 -11 -4 -24
1 16 -9 -4 -20 -2 0 0 0 0 -2 0 1 0 1-4edge.dat
1 16 -9 -4 -20 0 0 -2 -2 0 0 0 -1 0 1-4disc.dat
1 16 -9 -4 -20 0 0 -2 -2 0 0 0 -1 0 1-4edge.dat
1 16 -9 -4 -20 0 0 -2 -2 0 0 0 -4 0 1-4cyli.dat
1 16 -9 -4 -24 0 0 -2 2 0 0 0 -2 0 1-4cyls2.dat
1 16 -9 -4 -24 0 0 -2 -2 0.707 0 -2 -0.707 0 1-4edge.dat
1 16 -9 -4 -24 0 0 -2 -2 0.707 0 -2 -0.707 0 1-4ndis.dat
4 16 11 0 -20 11 -4 -20 -11 -4 -20 -11 0 -20
4 16 9 -4 -20 9 -6 -20 -9 -6 -20 -9 -4 -20
2 24 11 0 -20 11 -4 -20
2 24 -11 0 -20 -11 -4 -20
2 24 -9 -6 -20 9 -6 -20
2 24 12 -7.965 -27.965 -12 -7.965 -27.965
4 16 -11 -6 -26 11 -6 -26 11 -7.965 -27.965 -11 -7.965 -27.965
2 24 -9 -6 -26 9 -6 -26
4 16 9 -6 -26 -9 -6 -26 -9 -6 -20 9 -6 -20
0
