0 Tile  2 x  2 with Sledgehammer Pattern
0 Name: 3068bp22.dat
0 Author: Tore Eriksson
0 LDRAW_ORG Part UPDATE 2002-04

0 2002-Feb-15 DG groove

1 16 0 0 0 1 0 0 0 1 0 0 0 1 s\3068bs01.dat

4 16 -4.5 0 -20 4.5 0 -20 4.5 0 -4.5 -4.5 0 -4.5
4 16 -17.5 0 -4.5 18.5 0 -4.5 7.5 0 6.5 -17.5 0 6.5
4 9 -20 0 20 -17.5 0 6.5 7.5 0 6.5 20 0 20
4 9 20 0 20 20 0 0 18.5 0 -4.5 7.5 0 6.5
3 9 20 0 0 18.5 0 -4.5 20 0 -20
4 9 20 0 -20 4.5 0 -20 4.5 0 -4.5 18.5 0 -4.5
4 9 -20 0 -20 -4.5 0 -20 -4.5 0 -4.5 -17.5 0 -4.5
4 9 -20 0 -20 -17.5 0 -4.5 -17.5 0 6.5 -20 0 20
0
