0 Tile  2 x  2 with MTRON Logo Pattern
0 Name: 3068p68.dat
0 Author: John VanZwieten
0 Official LCad update 98-08

0 Disc
 4 0 14.85 0 -7.271 7.975 0 7.271 17.02 0 7.03 18.5 0 0
 3 0 7.975 0 7.271 12.95 0 12.95 17.02 0 7.03
 3 0 7.975 0 7.271 7.03 0 17.02 12.95 0 12.95
 4 0 0.688 0 7.271 0 0 18.5 7.03 0 17.02 7.975 0 7.271
 4 0 0 0 6.281 -0.688 0 7.271 0 0 18.5 1.25 0 7.271
 4 0 -0.688 0 7.271 -7.975 0 7.271 -7.03 0 17.02 0 0 18.5
 3 0 -7.975 0 7.271 -12.95 0 12.95 -7.03 0 17.02
 3 0 -7.975 0 7.271 -17.02 0 7.03 -12.95 0 12.95
 4 0 -18.5 0 0 -17.02 0 7.03 -7.975 0 7.271 -14.85 0 -7.271
 3 0 -14.85 0 -7.271 -17.02 0 -7.03 -18.5 0 0
 3 0 -14.85 0 -7.271 -12.95 0 -12.95 -17.02 0 -7.03
 4 0 -14.85 0 -7.271 0 0 -7.271 -7.03 0 -17.02 -12.95 0 -12.95
 3 0 0 0 -7.271 0 0 -18.5 -7.03 0 -17.02
 3 0 0 0 -7.271 7.03 0 -17.02 0 0 -18.5
 4 0 0 0 -7.271 14.85 0 -7.271 12.95 0 -12.95 7.03 0 -17.02
 3 0 14.85 0 -7.271 17.02 0 -7.03 12.95 0 -12.95
 3 0 14.85 0 -7.271 18.5 0 0 17.02 0 -7.03
 3 0 -5.06 0 -7.271 -4.378 0 -6.281 -3.685 0 -7.271
 3 0 4.378 0 -6.281 5.06 0 -7.271 3.685 0 -7.271
0 Mtron Logo
 4 15 -7.975 0 7.271 -6.6 0 7.271 -13.475 0 -7.271 -14.85 0 -7.271
 4 15 6.6 0 7.271 7.975 0 7.271 14.85 0 -7.271 13.475 0 -7.271
 4 15 -13.475 0 -7.271 -12.859 0 -6.039 -5.225 0 -6.039 -5.06 0 -7.271
 4 15 12.859 0 -6.039 13.475 0 -7.271 5.225 0 -7.271 5.06 0 -6.039
 4 15 -5.225 0 -6.039 -4.378 0 -4.807 -4.378 0 -6.281 -5.06 0 -7.271
 4 15 4.378 0 -4.807 5.225 0 -6.039 5.06 0 -7.271 4.378 0 -6.281
 4 15 -4.378 0 -6.281 -4.378 0 -4.807 -3.531 0 -6.039 -3.685 0 -7.271
 4 15 4.378 0 -4.807 4.378 0 -6.281 3.685 0 -7.271 3.531 0 -6.039
 4 15 -3.685 0 -7.271 -3.531 0 -6.039 3.531 0 -6.039 3.685 0 -7.271
 4 15 -7.216 0 6.039 -6.6 0 7.271 -0.688 0 7.271 -0.853 0 6.039
 4 15 6.6 0 7.271 7.216 0 6.039 0.853 0 6.039 0.688 0 7.271
 4 15 -0.853 0 6.039 -0.688 0 7.271 0 0 6.281 0 0 4.807
 4 15 0.688 0 7.271 0.853 0 6.039 0 0 4.807 0 0 6.281

 4 0 -12.859 0 -6.039 -7.216 0 6.039 -6.457 0 4.807 -10.868 0 -4.807
 4 0 7.216 0 6.039 12.859 0 -6.039 10.868 0 -4.807 6.457 0 4.807
 4 0 -12.859 0 -6.039 -10.868 0 -4.807 -4.378 0 -4.807 -5.225 0 -6.039
 4 0 10.868 0 -4.807 12.859 0 -6.039 5.225 0 -6.039 4.378 0 -4.807
 4 0 -3.531 0 -6.039 -4.378 0 -4.807 4.378 0 -4.807 3.531 0 -6.039
 4 0 -6.457 0 4.807 -7.216 0 6.039 -0.853 0 6.039 0 0 4.807
 4 0 7.216 0 6.039 6.457 0 4.807 0 0 4.807 0.853 0 6.039
 3 0 -1.375 0 4.807 1.375 0 4.807 0 0 1.76
 3 0 -5.753 0 -4.807 -4.378 0 -1.76 -3.003 0 -4.807
 3 0 3.003 0 -4.807 4.378 0 -1.76 5.753 0 -4.807

 4 0 -7.865 0 1.76 -7.92 0 1.65 7.92 0 1.65 7.865 0 1.76
 4 0 -9.515 0 -1.65 -9.57 0 -1.76 9.57 0 -1.76 9.515 0 -1.65
 2 0 -10.28 0 -3.48 10.28 0 -3.48

 4 4 -7.81 0 1.815 -6.457 0 4.807 -1.375 0 4.807 -0.055 0 1.815
 4 4 6.457 0 4.807 7.81 0 1.815 0.055 0 1.815 1.375 0 4.807
 4 4 -9.46 0 -1.65 -8.008 0 1.65 8.008 0 1.65 9.46 0 -1.65
 4 4 -9.548 0 -1.87 -4.4 0 -1.87 -5.137 0 -3.38 -10.252 0 -3.38
 4 4 4.4 0 -1.87 9.548 0 -1.87 10.252 0 -3.38 5.137 0 -3.38
 4 4 -4.356 0 -1.87 4.356 0 -1.87 3.619 0 -3.38 -3.619 0 -3.38
 4 4 -10.395 0 -3.55 -5.247 0 -3.55 -5.753 0 -4.785 -10.868 0 -4.785
 4 4 5.247 0 -3.55 10.395 0 -3.55 10.868 0 -4.785 5.753 0 -4.785
 4 4 -3.509 0 -3.55 3.509 0 -3.55 3.003 0 -4.785 -3.003 0 -4.785

 4 0 -10.34 0 -3.5 -10.23 0 -3.45 10.23 0 -3.45 10.34 0 -3.5

 1 16 0 0 0 18.5 0 0 0 0 0 0 0 -18.5 4-4ndis.dat
 4 16 -20 0 20 -18.5 0 18.5 18.5 0 18.5 20 0 20
 4 16 20 0 20 18.5 0 18.5 18.5 0 -18.5 20 0 -20
 4 16 20 0 -20 18.5 0 -18.5 -18.5 0 -18.5 -20 0 -20
 4 16 -20 0 -20 -18.5 0 -18.5 -18.5 0 18.5 -20 0 20

 1 16 0 4 0 1 0 0 0 -1 0 0 0 1 stud4.dat
 1 16 0 8 0 16 0 0 0 -4 0 0 0 16 box5.dat
 4 16 20 8 20 16 8 16 -16 8 16 -20 8 20 
 4 16 20 8 -20 16 8 -16 -16 8 -16 -20 8 -20 
 4 16 20 8 20 16 8 16 16 8 -16 20 8 -20 
 4 16 -20 8 20 -16 8 16 -16 8 -16 -20 8 -20 
 1 16 0 8 0 20 0 0 0 -8 0 0 0 20 box4.dat
