0 Tile  2 x  2 with Black Arrow Pattern
0 Name: 3068p18.dat
0 Author: James Jessiman
0 Original LDraw Part - LDraw beta 0.27 Archive

 1 16 0 4 0 1 0 0 0 -1 0 0 0 1 stud4.dat
 1 16 0 8 0 16 0 0 0 -4 0 0 0 16 box5.dat
 4 16 20 8 20 16 8 16 -16 8 16 -20 8 20
 4 16 20 8 -20 16 8 -16 -16 8 -16 -20 8 -20
 4 16 20 8 20 16 8 16 16 8 -16 20 8 -20
 4 16 -20 8 20 -16 8 16 -16 8 -16 -20 8 -20
 1 16 0 8 0 20 0 0 0 -8 0 0 0 20 box4.dat

 4 16 20 0 -20 6 0 -14 -6 0 -14 -20 0 -20
 4 16 -20 0 -20 -6 0 -14 -6 0 0 -14 0 0
 3 16 -20 0 -20 -14 0 0 -20 0 20
 3 16 -20 0 20 -14 0 0 0 0 14
 3 16 -20 0 20 0 0 14 20 0 20
 4 16 20 0 -20 6 0 -14 6 0 0 14 0 0
 3 16 20 0 -20 14 0 0 20 0 20
 3 16 20 0 20 14 0 0 0 0 14

 2 8 14 0 0 0 0 14
 2 8 0 0 14 -14 0 0
 2 8 -14 0 0 -6 0 0
 2 8 -6 0 0 -6 0 -14
 2 8 -6 0 -14 6 0 -14
 2 8 6 0 -14 6 0 0
 2 8 6 0 0 14 0 0
 3 0 14 0 0 0 0 14 -14 0 0
 4 0 6 0 0 6 0 -14 -6 0 -14 -6 0 0
0
