0 Tile  2 x  2 with Explorien Logo Pattern
0 Name: 3068p10.dat
0 Author: Steve Bliss
0 Official LCad update 98-05

1 16 0 4 0 1 0 0 0 -1 0 0 0 1 stud4.dat
1 16 0 8 0 16 0 0 0 -4 0 0 0 16 box5.dat
4 16 20 8 20 16 8 16 -16 8 16 -20 8 20
4 16 20 8 -20 16 8 -16 -16 8 -16 -20 8 -20
4 16 20 8 20 16 8 16 16 8 -16 20 8 -20
4 16 -20 8 20 -16 8 16 -16 8 -16 -20 8 -20
2 24 20 0 20 -20 0 20
2 24 -20 0 20 -20 0 -20
2 24 -20 0 -20 20 0 -20
2 24 20 0 -20 20 0 20
2 24 20 8 20 -20 8 20
2 24 -20 8 20 -20 8 -20
2 24 -20 8 -20 20 8 -20
2 24 20 8 -20 20 8 20
2 24 20 8 20 20 0 20
2 24 -20 8 20 -20 0 20
2 24 20 8 -20 20 0 -20
2 24 -20 8 -20 -20 0 -20
4 16 20 0 20 20 8 20 -20 8 20 -20 0 20
4 16 -20 0 20 -20 8 20 -20 8 -20 -20 0 -20
4 16 -20 0 -20 -20 8 -20 20 8 -20 20 0 -20
4 16 20 0 -20 20 8 -20 20 8 20 20 0 20

4 16 19.5 0 -19.5 4.5 0 -19.5 4.5 0 -18.5 19.5 0 -18.5
4 7 4.5 0 -19.5 3.5 0 -19.5 3.5 0 -18.5 4.5 0 -18.5
4 8 3.5 0 -19.5 1.5 0 -19.5 1.5 0 -18.5 3.5 0 -18.5
4 0 1.5 0 -19.5 -1.5 0 -19.5 -1.5 0 -18.5 1.5 0 -18.5
4 8 -1.5 0 -19.5 -3.5 0 -19.5 -3.5 0 -18.5 -1.5 0 -18.5
4 7 -3.5 0 -19.5 -4.5 0 -19.5 -4.5 0 -18.5 -3.5 0 -18.5
4 16 -4.5 0 -19.5 -19.5 0 -19.5 -19.5 0 -18.5 -4.5 0 -18.5
4 16 19.5 0 -18.5 8.5 0 -18.5 8.5 0 -17.5 19.5 0 -17.5
4 7 8.5 0 -18.5 6.5 0 -18.5 6.5 0 -17.5 8.5 0 -17.5
4 8 6.5 0 -18.5 5.5 0 -18.5 5.5 0 -17.5 6.5 0 -17.5
4 0 5.5 0 -18.5 -6.5 0 -18.5 -6.5 0 -17.5 5.5 0 -17.5
4 7 -6.5 0 -18.5 -8.5 0 -18.5 -8.5 0 -17.5 -6.5 0 -17.5
4 16 -8.5 0 -18.5 -19.5 0 -18.5 -19.5 0 -17.5 -8.5 0 -17.5
4 16 19.5 0 -17.5 10.5 0 -17.5 10.5 0 -16.5 19.5 0 -16.5
4 7 10.5 0 -17.5 9.5 0 -17.5 9.5 0 -16.5 10.5 0 -16.5
4 8 9.5 0 -17.5 8.5 0 -17.5 8.5 0 -16.5 9.5 0 -16.5
4 0 8.5 0 -17.5 5.5 0 -17.5 5.5 0 -16.5 8.5 0 -16.5
4 8 5.5 0 -17.5 4.5 0 -17.5 4.5 0 -16.5 5.5 0 -16.5
4 9 4.5 0 -17.5 0.5 0 -17.5 0.5 0 -16.5 4.5 0 -16.5
4 0 0.5 0 -17.5 -0.5 0 -17.5 -0.5 0 -16.5 0.5 0 -16.5
4 9 -0.5 0 -17.5 -5.5 0 -17.5 -5.5 0 -16.5 -0.5 0 -16.5
4 1 -5.5 0 -17.5 -6.5 0 -17.5 -6.5 0 -16.5 -5.5 0 -16.5
4 0 -6.5 0 -17.5 -8.5 0 -17.5 -8.5 0 -16.5 -6.5 0 -16.5
4 8 -8.5 0 -17.5 -9.5 0 -17.5 -9.5 0 -16.5 -8.5 0 -16.5
4 7 -9.5 0 -17.5 -10.5 0 -17.5 -10.5 0 -16.5 -9.5 0 -16.5
4 16 -10.5 0 -17.5 -19.5 0 -17.5 -19.5 0 -16.5 -10.5 0 -16.5
4 16 19.5 0 -16.5 11.5 0 -16.5 11.5 0 -15.5 19.5 0 -15.5
4 7 11.5 0 -16.5 10.5 0 -16.5 10.5 0 -15.5 11.5 0 -15.5
4 0 10.5 0 -16.5 7.5 0 -16.5 7.5 0 -15.5 10.5 0 -15.5
4 8 7.5 0 -16.5 6.5 0 -16.5 6.5 0 -15.5 7.5 0 -15.5
4 7 6.5 0 -16.5 3.5 0 -16.5 3.5 0 -15.5 6.5 0 -15.5
4 9 3.5 0 -16.5 1.5 0 -16.5 1.5 0 -15.5 3.5 0 -15.5
4 0 1.5 0 -16.5 -1.5 0 -16.5 -1.5 0 -15.5 1.5 0 -15.5
4 9 -1.5 0 -16.5 -7.5 0 -16.5 -7.5 0 -15.5 -1.5 0 -15.5
4 1 -7.5 0 -16.5 -8.5 0 -16.5 -8.5 0 -15.5 -7.5 0 -15.5
4 0 -8.5 0 -16.5 -10.5 0 -16.5 -10.5 0 -15.5 -8.5 0 -15.5
4 7 -10.5 0 -16.5 -11.5 0 -16.5 -11.5 0 -15.5 -10.5 0 -15.5
4 16 -11.5 0 -16.5 -19.5 0 -16.5 -19.5 0 -15.5 -11.5 0 -15.5
4 16 19.5 0 -15.5 13.5 0 -15.5 13.5 0 -14.5 19.5 0 -14.5
4 7 13.5 0 -15.5 12.5 0 -15.5 12.5 0 -14.5 13.5 0 -14.5
4 8 12.5 0 -15.5 11.5 0 -15.5 11.5 0 -14.5 12.5 0 -14.5
4 0 11.5 0 -15.5 9.5 0 -15.5 9.5 0 -14.5 11.5 0 -14.5
4 8 9.5 0 -15.5 8.5 0 -15.5 8.5 0 -14.5 9.5 0 -14.5
4 7 8.5 0 -15.5 3.5 0 -15.5 3.5 0 -14.5 8.5 0 -14.5
4 8 3.5 0 -15.5 2.5 0 -15.5 2.5 0 -14.5 3.5 0 -14.5
4 1 2.5 0 -15.5 1.5 0 -15.5 1.5 0 -14.5 2.5 0 -14.5
4 6 1.5 0 -15.5 0.5 0 -15.5 0.5 0 -14.5 1.5 0 -14.5
4 14 0.5 0 -15.5 -0.5 0 -15.5 -0.5 0 -14.5 0.5 0 -14.5
4 6 -0.5 0 -15.5 -1.5 0 -15.5 -1.5 0 -14.5 -0.5 0 -14.5
4 0 -1.5 0 -15.5 -2.5 0 -15.5 -2.5 0 -14.5 -1.5 0 -14.5
4 9 -2.5 0 -15.5 -9.5 0 -15.5 -9.5 0 -14.5 -2.5 0 -14.5
4 1 -9.5 0 -15.5 -10.5 0 -15.5 -10.5 0 -14.5 -9.5 0 -14.5
4 0 -10.5 0 -15.5 -11.5 0 -15.5 -11.5 0 -14.5 -10.5 0 -14.5
4 8 -11.5 0 -15.5 -12.5 0 -15.5 -12.5 0 -14.5 -11.5 0 -14.5
4 7 -12.5 0 -15.5 -13.5 0 -15.5 -13.5 0 -14.5 -12.5 0 -14.5
4 16 -13.5 0 -15.5 -19.5 0 -15.5 -19.5 0 -14.5 -13.5 0 -14.5
4 16 19.5 0 -14.5 14.5 0 -14.5 14.5 0 -13.5 19.5 0 -13.5
4 7 14.5 0 -14.5 13.5 0 -14.5 13.5 0 -13.5 14.5 0 -13.5
4 8 13.5 0 -14.5 12.5 0 -14.5 12.5 0 -13.5 13.5 0 -13.5
4 0 12.5 0 -14.5 11.5 0 -14.5 11.5 0 -13.5 12.5 0 -13.5
4 9 11.5 0 -14.5 10.5 0 -14.5 10.5 0 -13.5 11.5 0 -13.5
4 8 10.5 0 -14.5 9.5 0 -14.5 9.5 0 -13.5 10.5 0 -13.5
4 7 9.5 0 -14.5 3.5 0 -14.5 3.5 0 -13.5 9.5 0 -13.5
4 8 3.5 0 -14.5 2.5 0 -14.5 2.5 0 -13.5 3.5 0 -13.5
4 0 2.5 0 -14.5 1.5 0 -14.5 1.5 0 -13.5 2.5 0 -13.5
4 6 1.5 0 -14.5 0.5 0 -14.5 0.5 0 -13.5 1.5 0 -13.5
4 14 0.5 0 -14.5 -0.5 0 -14.5 -0.5 0 -13.5 0.5 0 -13.5
4 6 -0.5 0 -14.5 -1.5 0 -14.5 -1.5 0 -13.5 -0.5 0 -13.5
4 0 -1.5 0 -14.5 -2.5 0 -14.5 -2.5 0 -13.5 -1.5 0 -13.5
4 9 -2.5 0 -14.5 -11.5 0 -14.5 -11.5 0 -13.5 -2.5 0 -13.5
4 0 -11.5 0 -14.5 -12.5 0 -14.5 -12.5 0 -13.5 -11.5 0 -13.5
4 8 -12.5 0 -14.5 -13.5 0 -14.5 -13.5 0 -13.5 -12.5 0 -13.5
4 7 -13.5 0 -14.5 -14.5 0 -14.5 -14.5 0 -13.5 -13.5 0 -13.5
4 16 -14.5 0 -14.5 -19.5 0 -14.5 -19.5 0 -13.5 -14.5 0 -13.5
4 16 19.5 0 -13.5 15.5 0 -13.5 15.5 0 -12.5 19.5 0 -12.5
4 7 15.5 0 -13.5 14.5 0 -13.5 14.5 0 -12.5 15.5 0 -12.5
4 8 14.5 0 -13.5 13.5 0 -13.5 13.5 0 -12.5 14.5 0 -12.5
4 0 13.5 0 -13.5 12.5 0 -13.5 12.5 0 -12.5 13.5 0 -12.5
4 9 12.5 0 -13.5 11.5 0 -13.5 11.5 0 -12.5 12.5 0 -12.5
4 7 11.5 0 -13.5 3.5 0 -13.5 3.5 0 -12.5 11.5 0 -12.5
4 8 3.5 0 -13.5 2.5 0 -13.5 2.5 0 -12.5 3.5 0 -12.5
4 6 2.5 0 -13.5 1.5 0 -13.5 1.5 0 -12.5 2.5 0 -12.5
4 14 1.5 0 -13.5 -1.5 0 -13.5 -1.5 0 -12.5 1.5 0 -12.5
4 6 -1.5 0 -13.5 -2.5 0 -13.5 -2.5 0 -12.5 -1.5 0 -12.5
4 9 -2.5 0 -13.5 -3.5 0 -13.5 -3.5 0 -12.5 -2.5 0 -12.5
4 8 -3.5 0 -13.5 -4.5 0 -13.5 -4.5 0 -12.5 -3.5 0 -12.5
4 9 -4.5 0 -13.5 -12.5 0 -13.5 -12.5 0 -12.5 -4.5 0 -12.5
4 0 -12.5 0 -13.5 -13.5 0 -13.5 -13.5 0 -12.5 -12.5 0 -12.5
4 8 -13.5 0 -13.5 -14.5 0 -13.5 -14.5 0 -12.5 -13.5 0 -12.5
4 7 -14.5 0 -13.5 -15.5 0 -13.5 -15.5 0 -12.5 -14.5 0 -12.5
4 16 -15.5 0 -13.5 -19.5 0 -13.5 -19.5 0 -12.5 -15.5 0 -12.5
4 16 19.5 0 -12.5 15.5 0 -12.5 15.5 0 -11.5 19.5 0 -11.5
4 8 15.5 0 -12.5 14.5 0 -12.5 14.5 0 -11.5 15.5 0 -11.5
4 0 14.5 0 -12.5 13.5 0 -12.5 13.5 0 -11.5 14.5 0 -11.5
4 9 13.5 0 -12.5 12.5 0 -12.5 12.5 0 -11.5 13.5 0 -11.5
4 8 12.5 0 -12.5 11.5 0 -12.5 11.5 0 -11.5 12.5 0 -11.5
4 7 11.5 0 -12.5 4.5 0 -12.5 4.5 0 -11.5 11.5 0 -11.5
4 8 4.5 0 -12.5 3.5 0 -12.5 3.5 0 -11.5 4.5 0 -11.5
4 0 3.5 0 -12.5 2.5 0 -12.5 2.5 0 -11.5 3.5 0 -11.5
4 6 2.5 0 -12.5 1.5 0 -12.5 1.5 0 -11.5 2.5 0 -11.5
4 14 1.5 0 -12.5 -1.5 0 -12.5 -1.5 0 -11.5 1.5 0 -11.5
4 6 -1.5 0 -12.5 -2.5 0 -12.5 -2.5 0 -11.5 -1.5 0 -11.5
4 0 -2.5 0 -12.5 -3.5 0 -12.5 -3.5 0 -11.5 -2.5 0 -11.5
4 8 -3.5 0 -12.5 -4.5 0 -12.5 -4.5 0 -11.5 -3.5 0 -11.5
4 7 -4.5 0 -12.5 -5.5 0 -12.5 -5.5 0 -11.5 -4.5 0 -11.5
4 8 -5.5 0 -12.5 -6.5 0 -12.5 -6.5 0 -11.5 -5.5 0 -11.5
4 9 -6.5 0 -12.5 -13.5 0 -12.5 -13.5 0 -11.5 -6.5 0 -11.5
4 0 -13.5 0 -12.5 -14.5 0 -12.5 -14.5 0 -11.5 -13.5 0 -11.5
4 8 -14.5 0 -12.5 -15.5 0 -12.5 -15.5 0 -11.5 -14.5 0 -11.5
4 16 -15.5 0 -12.5 -19.5 0 -12.5 -19.5 0 -11.5 -15.5 0 -11.5
4 16 19.5 0 -11.5 16.5 0 -11.5 16.5 0 -10.5 19.5 0 -10.5
4 8 16.5 0 -11.5 15.5 0 -11.5 15.5 0 -10.5 16.5 0 -10.5
4 0 15.5 0 -11.5 14.5 0 -11.5 14.5 0 -10.5 15.5 0 -10.5
4 9 14.5 0 -11.5 12.5 0 -11.5 12.5 0 -10.5 14.5 0 -10.5
4 7 12.5 0 -11.5 8.5 0 -11.5 8.5 0 -10.5 12.5 0 -10.5
4 8 8.5 0 -11.5 6.5 0 -11.5 6.5 0 -10.5 8.5 0 -10.5
4 9 6.5 0 -11.5 4.5 0 -11.5 4.5 0 -10.5 6.5 0 -10.5
4 1 4.5 0 -11.5 3.5 0 -11.5 3.5 0 -10.5 4.5 0 -10.5
4 6 3.5 0 -11.5 2.5 0 -11.5 2.5 0 -10.5 3.5 0 -10.5
4 14 2.5 0 -11.5 -2.5 0 -11.5 -2.5 0 -10.5 2.5 0 -10.5
4 6 -2.5 0 -11.5 -3.5 0 -11.5 -3.5 0 -10.5 -2.5 0 -10.5
4 8 -3.5 0 -11.5 -4.5 0 -11.5 -4.5 0 -10.5 -3.5 0 -10.5
4 7 -4.5 0 -11.5 -6.5 0 -11.5 -6.5 0 -10.5 -4.5 0 -10.5
4 8 -6.5 0 -11.5 -7.5 0 -11.5 -7.5 0 -10.5 -6.5 0 -10.5
4 9 -7.5 0 -11.5 -14.5 0 -11.5 -14.5 0 -10.5 -7.5 0 -10.5
4 0 -14.5 0 -11.5 -15.5 0 -11.5 -15.5 0 -10.5 -14.5 0 -10.5
4 7 -15.5 0 -11.5 -16.5 0 -11.5 -16.5 0 -10.5 -15.5 0 -10.5
4 16 -16.5 0 -11.5 -19.5 0 -11.5 -19.5 0 -10.5 -16.5 0 -10.5
4 16 19.5 0 -10.5 17.5 0 -10.5 17.5 0 -9.5 19.5 0 -9.5
4 7 17.5 0 -10.5 16.5 0 -10.5 16.5 0 -9.5 17.5 0 -9.5
4 0 16.5 0 -10.5 15.5 0 -10.5 15.5 0 -9.5 16.5 0 -9.5
4 1 15.5 0 -10.5 14.5 0 -10.5 14.5 0 -9.5 15.5 0 -9.5
4 9 14.5 0 -10.5 4.5 0 -10.5 4.5 0 -9.5 14.5 0 -9.5
4 0 4.5 0 -10.5 3.5 0 -10.5 3.5 0 -9.5 4.5 0 -9.5
4 14 3.5 0 -10.5 -2.5 0 -10.5 -2.5 0 -9.5 3.5 0 -9.5
4 6 -2.5 0 -10.5 -3.5 0 -10.5 -3.5 0 -9.5 -2.5 0 -9.5
4 0 -3.5 0 -10.5 -4.5 0 -10.5 -4.5 0 -9.5 -3.5 0 -9.5
4 8 -4.5 0 -10.5 -5.5 0 -10.5 -5.5 0 -9.5 -4.5 0 -9.5
4 7 -5.5 0 -10.5 -7.5 0 -10.5 -7.5 0 -9.5 -5.5 0 -9.5
4 8 -7.5 0 -10.5 -8.5 0 -10.5 -8.5 0 -9.5 -7.5 0 -9.5
4 9 -8.5 0 -10.5 -14.5 0 -10.5 -14.5 0 -9.5 -8.5 0 -9.5
4 1 -14.5 0 -10.5 -15.5 0 -10.5 -15.5 0 -9.5 -14.5 0 -9.5
4 0 -15.5 0 -10.5 -16.5 0 -10.5 -16.5 0 -9.5 -15.5 0 -9.5
4 7 -16.5 0 -10.5 -17.5 0 -10.5 -17.5 0 -9.5 -16.5 0 -9.5
4 16 -17.5 0 -10.5 -19.5 0 -10.5 -19.5 0 -9.5 -17.5 0 -9.5
4 16 19.5 0 -9.5 17.5 0 -9.5 17.5 0 -8.5 19.5 0 -8.5
4 8 17.5 0 -9.5 16.5 0 -9.5 16.5 0 -8.5 17.5 0 -8.5
4 0 16.5 0 -9.5 15.5 0 -9.5 15.5 0 -8.5 16.5 0 -8.5
4 9 15.5 0 -9.5 11.5 0 -9.5 11.5 0 -8.5 15.5 0 -8.5
4 8 11.5 0 -9.5 7.5 0 -9.5 7.5 0 -8.5 11.5 0 -8.5
4 7 7.5 0 -9.5 5.5 0 -9.5 5.5 0 -8.5 7.5 0 -8.5
4 0 5.5 0 -9.5 4.5 0 -9.5 4.5 0 -8.5 5.5 0 -8.5
4 6 4.5 0 -9.5 3.5 0 -9.5 3.5 0 -8.5 4.5 0 -8.5
4 14 3.5 0 -9.5 -3.5 0 -9.5 -3.5 0 -8.5 3.5 0 -8.5
4 6 -3.5 0 -9.5 -4.5 0 -9.5 -4.5 0 -8.5 -3.5 0 -8.5
4 0 -4.5 0 -9.5 -5.5 0 -9.5 -5.5 0 -8.5 -4.5 0 -8.5
4 7 -5.5 0 -9.5 -8.5 0 -9.5 -8.5 0 -8.5 -5.5 0 -8.5
4 8 -8.5 0 -9.5 -9.5 0 -9.5 -9.5 0 -8.5 -8.5 0 -8.5
4 9 -9.5 0 -9.5 -15.5 0 -9.5 -15.5 0 -8.5 -9.5 0 -8.5
4 0 -15.5 0 -9.5 -16.5 0 -9.5 -16.5 0 -8.5 -15.5 0 -8.5
4 8 -16.5 0 -9.5 -17.5 0 -9.5 -17.5 0 -8.5 -16.5 0 -8.5
4 16 -17.5 0 -9.5 -19.5 0 -9.5 -19.5 0 -8.5 -17.5 0 -8.5
4 16 19.5 0 -8.5 18.5 0 -8.5 18.5 0 -7.5 19.5 0 -7.5
4 7 18.5 0 -8.5 17.5 0 -8.5 17.5 0 -7.5 18.5 0 -7.5
4 0 17.5 0 -8.5 16.5 0 -8.5 16.5 0 -7.5 17.5 0 -7.5
4 9 16.5 0 -8.5 14.5 0 -8.5 14.5 0 -7.5 16.5 0 -7.5
4 8 14.5 0 -8.5 13.5 0 -8.5 13.5 0 -7.5 14.5 0 -7.5
4 7 13.5 0 -8.5 6.5 0 -8.5 6.5 0 -7.5 13.5 0 -7.5
4 8 6.5 0 -8.5 5.5 0 -8.5 5.5 0 -7.5 6.5 0 -7.5
4 0 5.5 0 -8.5 4.5 0 -8.5 4.5 0 -7.5 5.5 0 -7.5
4 14 4.5 0 -8.5 -4.5 0 -8.5 -4.5 0 -7.5 4.5 0 -7.5
4 0 -4.5 0 -8.5 -5.5 0 -8.5 -5.5 0 -7.5 -4.5 0 -7.5
4 8 -5.5 0 -8.5 -6.5 0 -8.5 -6.5 0 -7.5 -5.5 0 -7.5
4 7 -6.5 0 -8.5 -9.5 0 -8.5 -9.5 0 -7.5 -6.5 0 -7.5
4 8 -9.5 0 -8.5 -10.5 0 -8.5 -10.5 0 -7.5 -9.5 0 -7.5
4 9 -10.5 0 -8.5 -16.5 0 -8.5 -16.5 0 -7.5 -10.5 0 -7.5
4 0 -16.5 0 -8.5 -17.5 0 -8.5 -17.5 0 -7.5 -16.5 0 -7.5
4 7 -17.5 0 -8.5 -18.5 0 -8.5 -18.5 0 -7.5 -17.5 0 -7.5
4 16 -18.5 0 -8.5 -19.5 0 -8.5 -19.5 0 -7.5 -18.5 0 -7.5
4 16 19.5 0 -7.5 18.5 0 -7.5 18.5 0 -6.5 19.5 0 -6.5
4 8 18.5 0 -7.5 17.5 0 -7.5 17.5 0 -6.5 18.5 0 -6.5
4 0 17.5 0 -7.5 16.5 0 -7.5 16.5 0 -6.5 17.5 0 -6.5
4 8 16.5 0 -7.5 15.5 0 -7.5 15.5 0 -6.5 16.5 0 -6.5
4 7 15.5 0 -7.5 6.5 0 -7.5 6.5 0 -6.5 15.5 0 -6.5
4 0 6.5 0 -7.5 5.5 0 -7.5 5.5 0 -6.5 6.5 0 -6.5
4 6 5.5 0 -7.5 4.5 0 -7.5 4.5 0 -6.5 5.5 0 -6.5
4 14 4.5 0 -7.5 -4.5 0 -7.5 -4.5 0 -6.5 4.5 0 -6.5
4 6 -4.5 0 -7.5 -5.5 0 -7.5 -5.5 0 -6.5 -4.5 0 -6.5
4 0 -5.5 0 -7.5 -6.5 0 -7.5 -6.5 0 -6.5 -5.5 0 -6.5
4 7 -6.5 0 -7.5 -10.5 0 -7.5 -10.5 0 -6.5 -6.5 0 -6.5
4 9 -10.5 0 -7.5 -16.5 0 -7.5 -16.5 0 -6.5 -10.5 0 -6.5
4 0 -16.5 0 -7.5 -17.5 0 -7.5 -17.5 0 -6.5 -16.5 0 -6.5
4 8 -17.5 0 -7.5 -18.5 0 -7.5 -18.5 0 -6.5 -17.5 0 -6.5
4 16 -18.5 0 -7.5 -19.5 0 -7.5 -19.5 0 -6.5 -18.5 0 -6.5
4 16 19.5 0 -6.5 18.5 0 -6.5 18.5 0 -5.5 19.5 0 -5.5
4 0 18.5 0 -6.5 17.5 0 -6.5 17.5 0 -5.5 18.5 0 -5.5
4 8 17.5 0 -6.5 16.5 0 -6.5 16.5 0 -5.5 17.5 0 -5.5
4 7 16.5 0 -6.5 7.5 0 -6.5 7.5 0 -5.5 16.5 0 -5.5
4 8 7.5 0 -6.5 6.5 0 -6.5 6.5 0 -5.5 7.5 0 -5.5
4 0 6.5 0 -6.5 5.5 0 -6.5 5.5 0 -5.5 6.5 0 -5.5
4 14 5.5 0 -6.5 -5.5 0 -6.5 -5.5 0 -5.5 5.5 0 -5.5
4 0 -5.5 0 -6.5 -6.5 0 -6.5 -6.5 0 -5.5 -5.5 0 -5.5
4 8 -6.5 0 -6.5 -7.5 0 -6.5 -7.5 0 -5.5 -6.5 0 -5.5
4 7 -7.5 0 -6.5 -10.5 0 -6.5 -10.5 0 -5.5 -7.5 0 -5.5
4 8 -10.5 0 -6.5 -11.5 0 -6.5 -11.5 0 -5.5 -10.5 0 -5.5
4 9 -11.5 0 -6.5 -16.5 0 -6.5 -16.5 0 -5.5 -11.5 0 -5.5
4 1 -16.5 0 -6.5 -17.5 0 -6.5 -17.5 0 -5.5 -16.5 0 -5.5
4 0 -17.5 0 -6.5 -18.5 0 -6.5 -18.5 0 -5.5 -17.5 0 -5.5
4 16 -18.5 0 -6.5 -19.5 0 -6.5 -19.5 0 -5.5 -18.5 0 -5.5
4 7 19.5 0 -5.5 18.5 0 -5.5 18.5 0 -4.5 19.5 0 -4.5
4 0 18.5 0 -5.5 17.5 0 -5.5 17.5 0 -4.5 18.5 0 -4.5
4 7 17.5 0 -5.5 13.5 0 -5.5 13.5 0 -4.5 17.5 0 -4.5
4 8 13.5 0 -5.5 12.5 0 -5.5 12.5 0 -4.5 13.5 0 -4.5
4 7 12.5 0 -5.5 8.5 0 -5.5 8.5 0 -4.5 12.5 0 -4.5
4 8 8.5 0 -5.5 7.5 0 -5.5 7.5 0 -4.5 8.5 0 -4.5
4 0 7.5 0 -5.5 5.5 0 -5.5 5.5 0 -4.5 7.5 0 -4.5
4 14 5.5 0 -5.5 -5.5 0 -5.5 -5.5 0 -4.5 5.5 0 -4.5
4 0 -5.5 0 -5.5 -7.5 0 -5.5 -7.5 0 -4.5 -5.5 0 -4.5
4 7 -7.5 0 -5.5 -11.5 0 -5.5 -11.5 0 -4.5 -7.5 0 -4.5
4 8 -11.5 0 -5.5 -12.5 0 -5.5 -12.5 0 -4.5 -11.5 0 -4.5
4 9 -12.5 0 -5.5 -17.5 0 -5.5 -17.5 0 -4.5 -12.5 0 -4.5
4 0 -17.5 0 -5.5 -18.5 0 -5.5 -18.5 0 -4.5 -17.5 0 -4.5
4 16 -18.5 0 -5.5 -19.5 0 -5.5 -19.5 0 -4.5 -18.5 0 -4.5
4 8 19.5 0 -4.5 18.5 0 -4.5 18.5 0 -3.5 19.5 0 -3.5
4 0 18.5 0 -4.5 17.5 0 -4.5 17.5 0 -3.5 18.5 0 -3.5
4 7 17.5 0 -4.5 16.5 0 -4.5 16.5 0 -3.5 17.5 0 -3.5
4 8 16.5 0 -4.5 13.5 0 -4.5 13.5 0 -3.5 16.5 0 -3.5
4 7 13.5 0 -4.5 8.5 0 -4.5 8.5 0 -3.5 13.5 0 -3.5
4 0 8.5 0 -4.5 5.5 0 -4.5 5.5 0 -3.5 8.5 0 -3.5
4 14 5.5 0 -4.5 -5.5 0 -4.5 -5.5 0 -3.5 5.5 0 -3.5
4 0 -5.5 0 -4.5 -7.5 0 -4.5 -7.5 0 -3.5 -5.5 0 -3.5
4 8 -7.5 0 -4.5 -8.5 0 -4.5 -8.5 0 -3.5 -7.5 0 -3.5
4 7 -8.5 0 -4.5 -13.5 0 -4.5 -13.5 0 -3.5 -8.5 0 -3.5
4 8 -13.5 0 -4.5 -14.5 0 -4.5 -14.5 0 -3.5 -13.5 0 -3.5
4 9 -14.5 0 -4.5 -17.5 0 -4.5 -17.5 0 -3.5 -14.5 0 -3.5
4 0 -17.5 0 -4.5 -18.5 0 -4.5 -18.5 0 -3.5 -17.5 0 -3.5
4 7 -18.5 0 -4.5 -19.5 0 -4.5 -19.5 0 -3.5 -18.5 0 -3.5
4 0 19.5 0 -3.5 18.5 0 -3.5 18.5 0 -2.5 19.5 0 -2.5
4 8 18.5 0 -3.5 17.5 0 -3.5 17.5 0 -2.5 18.5 0 -2.5
4 7 17.5 0 -3.5 16.5 0 -3.5 16.5 0 -2.5 17.5 0 -2.5
4 8 16.5 0 -3.5 15.5 0 -3.5 15.5 0 -2.5 16.5 0 -2.5
4 1 15.5 0 -3.5 14.5 0 -3.5 14.5 0 -2.5 15.5 0 -2.5
4 8 14.5 0 -3.5 12.5 0 -3.5 12.5 0 -2.5 14.5 0 -2.5
4 7 12.5 0 -3.5 9.5 0 -3.5 9.5 0 -2.5 12.5 0 -2.5
4 8 9.5 0 -3.5 8.5 0 -3.5 8.5 0 -2.5 9.5 0 -2.5
4 0 8.5 0 -3.5 5.5 0 -3.5 5.5 0 -2.5 8.5 0 -2.5
4 6 5.5 0 -3.5 4.5 0 -3.5 4.5 0 -2.5 5.5 0 -2.5
4 14 4.5 0 -3.5 -4.5 0 -3.5 -4.5 0 -2.5 4.5 0 -2.5
4 6 -4.5 0 -3.5 -5.5 0 -3.5 -5.5 0 -2.5 -4.5 0 -2.5
4 0 -5.5 0 -3.5 -8.5 0 -3.5 -8.5 0 -2.5 -5.5 0 -2.5
4 8 -8.5 0 -3.5 -9.5 0 -3.5 -9.5 0 -2.5 -8.5 0 -2.5
4 7 -9.5 0 -3.5 -14.5 0 -3.5 -14.5 0 -2.5 -9.5 0 -2.5
4 8 -14.5 0 -3.5 -15.5 0 -3.5 -15.5 0 -2.5 -14.5 0 -2.5
4 9 -15.5 0 -3.5 -17.5 0 -3.5 -17.5 0 -2.5 -15.5 0 -2.5
4 0 -17.5 0 -3.5 -18.5 0 -3.5 -18.5 0 -2.5 -17.5 0 -2.5
4 8 -18.5 0 -3.5 -19.5 0 -3.5 -19.5 0 -2.5 -18.5 0 -2.5
4 0 19.5 0 -2.5 18.5 0 -2.5 18.5 0 -1.5 19.5 0 -1.5
4 8 18.5 0 -2.5 17.5 0 -2.5 17.5 0 -1.5 18.5 0 -1.5
4 7 17.5 0 -2.5 16.5 0 -2.5 16.5 0 -1.5 17.5 0 -1.5
4 8 16.5 0 -2.5 12.5 0 -2.5 12.5 0 -1.5 16.5 0 -1.5
4 7 12.5 0 -2.5 10.5 0 -2.5 10.5 0 -1.5 12.5 0 -1.5
4 8 10.5 0 -2.5 9.5 0 -2.5 9.5 0 -1.5 10.5 0 -1.5
4 0 9.5 0 -2.5 5.5 0 -2.5 5.5 0 -1.5 9.5 0 -1.5
4 6 5.5 0 -2.5 4.5 0 -2.5 4.5 0 -1.5 5.5 0 -1.5
4 14 4.5 0 -2.5 -4.5 0 -2.5 -4.5 0 -1.5 4.5 0 -1.5
4 6 -4.5 0 -2.5 -5.5 0 -2.5 -5.5 0 -1.5 -4.5 0 -1.5
4 0 -5.5 0 -2.5 -9.5 0 -2.5 -9.5 0 -1.5 -5.5 0 -1.5
4 8 -9.5 0 -2.5 -10.5 0 -2.5 -10.5 0 -1.5 -9.5 0 -1.5
4 7 -10.5 0 -2.5 -15.5 0 -2.5 -15.5 0 -1.5 -10.5 0 -1.5
4 9 -15.5 0 -2.5 -17.5 0 -2.5 -17.5 0 -1.5 -15.5 0 -1.5
4 1 -17.5 0 -2.5 -18.5 0 -2.5 -18.5 0 -1.5 -17.5 0 -1.5
4 0 -18.5 0 -2.5 -19.5 0 -2.5 -19.5 0 -1.5 -18.5 0 -1.5
4 0 19.5 0 -1.5 18.5 0 -1.5 18.5 0 -0.5 19.5 0 -0.5
4 9 18.5 0 -1.5 17.5 0 -1.5 17.5 0 -0.5 18.5 0 -0.5
4 7 17.5 0 -1.5 11.5 0 -1.5 11.5 0 -0.5 17.5 0 -0.5
4 8 11.5 0 -1.5 10.5 0 -1.5 10.5 0 -0.5 11.5 0 -0.5
4 0 10.5 0 -1.5 4.5 0 -1.5 4.5 0 -0.5 10.5 0 -0.5
4 6 4.5 0 -1.5 3.5 0 -1.5 3.5 0 -0.5 4.5 0 -0.5
4 14 3.5 0 -1.5 -3.5 0 -1.5 -3.5 0 -0.5 3.5 0 -0.5
4 6 -3.5 0 -1.5 -4.5 0 -1.5 -4.5 0 -0.5 -3.5 0 -0.5
4 0 -4.5 0 -1.5 -9.5 0 -1.5 -9.5 0 -0.5 -4.5 0 -0.5
4 8 -9.5 0 -1.5 -10.5 0 -1.5 -10.5 0 -0.5 -9.5 0 -0.5
4 7 -10.5 0 -1.5 -15.5 0 -1.5 -15.5 0 -0.5 -10.5 0 -0.5
4 8 -15.5 0 -1.5 -16.5 0 -1.5 -16.5 0 -0.5 -15.5 0 -0.5
4 9 -16.5 0 -1.5 -18.5 0 -1.5 -18.5 0 -0.5 -16.5 0 -0.5
4 0 -18.5 0 -1.5 -19.5 0 -1.5 -19.5 0 -0.5 -18.5 0 -0.5
4 0 19.5 0 -0.5 18.5 0 -0.5 18.5 0 0.5 19.5 0 0.5
4 9 18.5 0 -0.5 17.5 0 -0.5 17.5 0 0.5 18.5 0 0.5
4 8 17.5 0 -0.5 13.5 0 -0.5 13.5 0 0.5 17.5 0 0.5
4 7 13.5 0 -0.5 12.5 0 -0.5 12.5 0 0.5 13.5 0 0.5
4 8 12.5 0 -0.5 11.5 0 -0.5 11.5 0 0.5 12.5 0 0.5
4 0 11.5 0 -0.5 8.5 0 -0.5 8.5 0 0.5 11.5 0 0.5
4 1 8.5 0 -0.5 7.5 0 -0.5 7.5 0 0.5 8.5 0 0.5
4 8 7.5 0 -0.5 6.5 0 -0.5 6.5 0 0.5 7.5 0 0.5
4 7 6.5 0 -0.5 4.5 0 -0.5 4.5 0 0.5 6.5 0 0.5
4 0 4.5 0 -0.5 3.5 0 -0.5 3.5 0 0.5 4.5 0 0.5
4 14 3.5 0 -0.5 -3.5 0 -0.5 -3.5 0 0.5 3.5 0 0.5
4 0 -3.5 0 -0.5 -4.5 0 -0.5 -4.5 0 0.5 -3.5 0 0.5
4 9 -4.5 0 -0.5 -6.5 0 -0.5 -6.5 0 0.5 -4.5 0 0.5
4 0 -6.5 0 -0.5 -10.5 0 -0.5 -10.5 0 0.5 -6.5 0 0.5
4 8 -10.5 0 -0.5 -11.5 0 -0.5 -11.5 0 0.5 -10.5 0 0.5
4 7 -11.5 0 -0.5 -15.5 0 -0.5 -15.5 0 0.5 -11.5 0 0.5
4 8 -15.5 0 -0.5 -16.5 0 -0.5 -16.5 0 0.5 -15.5 0 0.5
4 9 -16.5 0 -0.5 -18.5 0 -0.5 -18.5 0 0.5 -16.5 0 0.5
4 0 -18.5 0 -0.5 -19.5 0 -0.5 -19.5 0 0.5 -18.5 0 0.5
4 0 19.5 0 0.5 18.5 0 0.5 18.5 0 1.5 19.5 0 1.5
4 9 18.5 0 0.5 13.5 0 0.5 13.5 0 1.5 18.5 0 1.5
4 8 13.5 0 0.5 12.5 0 0.5 12.5 0 1.5 13.5 0 1.5
4 1 12.5 0 0.5 11.5 0 0.5 11.5 0 1.5 12.5 0 1.5
4 0 11.5 0 0.5 9.5 0 0.5 9.5 0 1.5 11.5 0 1.5
4 1 9.5 0 0.5 8.5 0 0.5 8.5 0 1.5 9.5 0 1.5
4 8 8.5 0 0.5 7.5 0 0.5 7.5 0 1.5 8.5 0 1.5
4 7 7.5 0 0.5 4.5 0 0.5 4.5 0 1.5 7.5 0 1.5
4 0 4.5 0 0.5 3.5 0 0.5 3.5 0 1.5 4.5 0 1.5
4 6 3.5 0 0.5 2.5 0 0.5 2.5 0 1.5 3.5 0 1.5
4 14 2.5 0 0.5 -2.5 0 0.5 -2.5 0 1.5 2.5 0 1.5
4 6 -2.5 0 0.5 -3.5 0 0.5 -3.5 0 1.5 -2.5 0 1.5
4 0 -3.5 0 0.5 -4.5 0 0.5 -4.5 0 1.5 -3.5 0 1.5
4 9 -4.5 0 0.5 -7.5 0 0.5 -7.5 0 1.5 -4.5 0 1.5
4 0 -7.5 0 0.5 -11.5 0 0.5 -11.5 0 1.5 -7.5 0 1.5
4 8 -11.5 0 0.5 -12.5 0 0.5 -12.5 0 1.5 -11.5 0 1.5
4 7 -12.5 0 0.5 -15.5 0 0.5 -15.5 0 1.5 -12.5 0 1.5
4 9 -15.5 0 0.5 -18.5 0 0.5 -18.5 0 1.5 -15.5 0 1.5
4 0 -18.5 0 0.5 -19.5 0 0.5 -19.5 0 1.5 -18.5 0 1.5
4 0 19.5 0 1.5 18.5 0 1.5 18.5 0 2.5 19.5 0 2.5
4 9 18.5 0 1.5 12.5 0 1.5 12.5 0 2.5 18.5 0 2.5
4 0 12.5 0 1.5 10.5 0 1.5 10.5 0 2.5 12.5 0 2.5
4 9 10.5 0 1.5 8.5 0 1.5 8.5 0 2.5 10.5 0 2.5
4 8 8.5 0 1.5 7.5 0 1.5 7.5 0 2.5 8.5 0 2.5
4 7 7.5 0 1.5 5.5 0 1.5 5.5 0 2.5 7.5 0 2.5
4 8 5.5 0 1.5 3.5 0 1.5 3.5 0 2.5 5.5 0 2.5
4 0 3.5 0 1.5 2.5 0 1.5 2.5 0 2.5 3.5 0 2.5
4 6 2.5 0 1.5 0.5 0 1.5 0.5 0 2.5 2.5 0 2.5
4 14 0.5 0 1.5 -0.5 0 1.5 -0.5 0 2.5 0.5 0 2.5
4 6 -0.5 0 1.5 -2.5 0 1.5 -2.5 0 2.5 -0.5 0 2.5
4 0 -2.5 0 1.5 -3.5 0 1.5 -3.5 0 2.5 -2.5 0 2.5
4 9 -3.5 0 1.5 -9.5 0 1.5 -9.5 0 2.5 -3.5 0 2.5
4 0 -9.5 0 1.5 -11.5 0 1.5 -11.5 0 2.5 -9.5 0 2.5
4 9 -11.5 0 1.5 -12.5 0 1.5 -12.5 0 2.5 -11.5 0 2.5
4 8 -12.5 0 1.5 -13.5 0 1.5 -13.5 0 2.5 -12.5 0 2.5
4 7 -13.5 0 1.5 -15.5 0 1.5 -15.5 0 2.5 -13.5 0 2.5
4 9 -15.5 0 1.5 -18.5 0 1.5 -18.5 0 2.5 -15.5 0 2.5
4 0 -18.5 0 1.5 -19.5 0 1.5 -19.5 0 2.5 -18.5 0 2.5
4 0 19.5 0 2.5 18.5 0 2.5 18.5 0 3.5 19.5 0 3.5
4 9 18.5 0 2.5 13.5 0 2.5 13.5 0 3.5 18.5 0 3.5
4 0 13.5 0 2.5 11.5 0 2.5 11.5 0 3.5 13.5 0 3.5
4 9 11.5 0 2.5 7.5 0 2.5 7.5 0 3.5 11.5 0 3.5
4 8 7.5 0 2.5 6.5 0 2.5 6.5 0 3.5 7.5 0 3.5
4 9 6.5 0 2.5 3.5 0 2.5 3.5 0 3.5 6.5 0 3.5
4 7 3.5 0 2.5 2.5 0 2.5 2.5 0 3.5 3.5 0 3.5
4 0 2.5 0 2.5 -2.5 0 2.5 -2.5 0 3.5 2.5 0 3.5
4 9 -2.5 0 2.5 -10.5 0 2.5 -10.5 0 3.5 -2.5 0 3.5
4 0 -10.5 0 2.5 -12.5 0 2.5 -12.5 0 3.5 -10.5 0 3.5
4 8 -12.5 0 2.5 -13.5 0 2.5 -13.5 0 3.5 -12.5 0 3.5
4 7 -13.5 0 2.5 -15.5 0 2.5 -15.5 0 3.5 -13.5 0 3.5
4 9 -15.5 0 2.5 -17.5 0 2.5 -17.5 0 3.5 -15.5 0 3.5
4 0 -17.5 0 2.5 -19.5 0 2.5 -19.5 0 3.5 -17.5 0 3.5
4 0 19.5 0 3.5 18.5 0 3.5 18.5 0 4.5 19.5 0 4.5
4 1 18.5 0 3.5 17.5 0 3.5 17.5 0 4.5 18.5 0 4.5
4 9 17.5 0 3.5 14.5 0 3.5 14.5 0 4.5 17.5 0 4.5
4 0 14.5 0 3.5 12.5 0 3.5 12.5 0 4.5 14.5 0 4.5
4 8 12.5 0 3.5 11.5 0 3.5 11.5 0 4.5 12.5 0 4.5
4 9 11.5 0 3.5 8.5 0 3.5 8.5 0 4.5 11.5 0 4.5
4 8 8.5 0 3.5 7.5 0 3.5 7.5 0 4.5 8.5 0 4.5
4 7 7.5 0 3.5 6.5 0 3.5 6.5 0 4.5 7.5 0 4.5
4 8 6.5 0 3.5 5.5 0 3.5 5.5 0 4.5 6.5 0 4.5
4 9 5.5 0 3.5 3.5 0 3.5 3.5 0 4.5 5.5 0 4.5
4 8 3.5 0 3.5 2.5 0 3.5 2.5 0 4.5 3.5 0 4.5
4 7 2.5 0 3.5 1.5 0 3.5 1.5 0 4.5 2.5 0 4.5
4 8 1.5 0 3.5 -1.5 0 3.5 -1.5 0 4.5 1.5 0 4.5
4 9 -1.5 0 3.5 -11.5 0 3.5 -11.5 0 4.5 -1.5 0 4.5
4 0 -11.5 0 3.5 -13.5 0 3.5 -13.5 0 4.5 -11.5 0 4.5
4 8 -13.5 0 3.5 -14.5 0 3.5 -14.5 0 4.5 -13.5 0 4.5
4 7 -14.5 0 3.5 -15.5 0 3.5 -15.5 0 4.5 -14.5 0 4.5
4 8 -15.5 0 3.5 -16.5 0 3.5 -16.5 0 4.5 -15.5 0 4.5
4 9 -16.5 0 3.5 -17.5 0 3.5 -17.5 0 4.5 -16.5 0 4.5
4 0 -17.5 0 3.5 -18.5 0 3.5 -18.5 0 4.5 -17.5 0 4.5
4 8 -18.5 0 3.5 -19.5 0 3.5 -19.5 0 4.5 -18.5 0 4.5
4 8 19.5 0 4.5 18.5 0 4.5 18.5 0 5.5 19.5 0 5.5
4 0 18.5 0 4.5 17.5 0 4.5 17.5 0 5.5 18.5 0 5.5
4 9 17.5 0 4.5 15.5 0 4.5 15.5 0 5.5 17.5 0 5.5
4 0 15.5 0 4.5 13.5 0 4.5 13.5 0 5.5 15.5 0 5.5
4 8 13.5 0 4.5 12.5 0 4.5 12.5 0 5.5 13.5 0 5.5
4 7 12.5 0 4.5 11.5 0 4.5 11.5 0 5.5 12.5 0 5.5
4 9 11.5 0 4.5 8.5 0 4.5 8.5 0 5.5 11.5 0 5.5
4 8 8.5 0 4.5 7.5 0 4.5 7.5 0 5.5 8.5 0 5.5
4 7 7.5 0 4.5 5.5 0 4.5 5.5 0 5.5 7.5 0 5.5
4 8 5.5 0 4.5 4.5 0 4.5 4.5 0 5.5 5.5 0 5.5
4 9 4.5 0 4.5 2.5 0 4.5 2.5 0 5.5 4.5 0 5.5
4 8 2.5 0 4.5 1.5 0 4.5 1.5 0 5.5 2.5 0 5.5
4 7 1.5 0 4.5 -1.5 0 4.5 -1.5 0 5.5 1.5 0 5.5
4 8 -1.5 0 4.5 -2.5 0 4.5 -2.5 0 5.5 -1.5 0 5.5
4 9 -2.5 0 4.5 -12.5 0 4.5 -12.5 0 5.5 -2.5 0 5.5
4 0 -12.5 0 4.5 -14.5 0 4.5 -14.5 0 5.5 -12.5 0 5.5
4 7 -14.5 0 4.5 -15.5 0 4.5 -15.5 0 5.5 -14.5 0 5.5
4 8 -15.5 0 4.5 -16.5 0 4.5 -16.5 0 5.5 -15.5 0 5.5
4 9 -16.5 0 4.5 -17.5 0 4.5 -17.5 0 5.5 -16.5 0 5.5
4 0 -17.5 0 4.5 -18.5 0 4.5 -18.5 0 5.5 -17.5 0 5.5
4 7 -18.5 0 4.5 -19.5 0 4.5 -19.5 0 5.5 -18.5 0 5.5
4 7 19.5 0 5.5 18.5 0 5.5 18.5 0 6.5 19.5 0 6.5
4 0 18.5 0 5.5 17.5 0 5.5 17.5 0 6.5 18.5 0 6.5
4 9 17.5 0 5.5 16.5 0 5.5 16.5 0 6.5 17.5 0 6.5
4 0 16.5 0 5.5 14.5 0 5.5 14.5 0 6.5 16.5 0 6.5
4 9 14.5 0 5.5 13.5 0 5.5 13.5 0 6.5 14.5 0 6.5
4 8 13.5 0 5.5 11.5 0 5.5 11.5 0 6.5 13.5 0 6.5
4 9 11.5 0 5.5 8.5 0 5.5 8.5 0 6.5 11.5 0 6.5
4 7 8.5 0 5.5 3.5 0 5.5 3.5 0 6.5 8.5 0 6.5
4 8 3.5 0 5.5 2.5 0 5.5 2.5 0 6.5 3.5 0 6.5
4 9 2.5 0 5.5 1.5 0 5.5 1.5 0 6.5 2.5 0 6.5
4 8 1.5 0 5.5 -0.5 0 5.5 -0.5 0 6.5 1.5 0 6.5
4 7 -0.5 0 5.5 -2.5 0 5.5 -2.5 0 6.5 -0.5 0 6.5
4 9 -2.5 0 5.5 -12.5 0 5.5 -12.5 0 6.5 -2.5 0 6.5
4 7 -12.5 0 5.5 -13.5 0 5.5 -13.5 0 6.5 -12.5 0 6.5
4 0 -13.5 0 5.5 -14.5 0 5.5 -14.5 0 6.5 -13.5 0 6.5
4 8 -14.5 0 5.5 -15.5 0 5.5 -15.5 0 6.5 -14.5 0 6.5
4 7 -15.5 0 5.5 -16.5 0 5.5 -16.5 0 6.5 -15.5 0 6.5
4 9 -16.5 0 5.5 -17.5 0 5.5 -17.5 0 6.5 -16.5 0 6.5
4 0 -17.5 0 5.5 -18.5 0 5.5 -18.5 0 6.5 -17.5 0 6.5
4 16 -18.5 0 5.5 -19.5 0 5.5 -19.5 0 6.5 -18.5 0 6.5
4 16 19.5 0 6.5 18.5 0 6.5 18.5 0 7.5 19.5 0 7.5
4 0 18.5 0 6.5 15.5 0 6.5 15.5 0 7.5 18.5 0 7.5
4 9 15.5 0 6.5 13.5 0 6.5 13.5 0 7.5 15.5 0 7.5
4 8 13.5 0 6.5 12.5 0 6.5 12.5 0 7.5 13.5 0 7.5
4 7 12.5 0 6.5 11.5 0 6.5 11.5 0 7.5 12.5 0 7.5
4 8 11.5 0 6.5 10.5 0 6.5 10.5 0 7.5 11.5 0 7.5
4 9 10.5 0 6.5 8.5 0 6.5 8.5 0 7.5 10.5 0 7.5
4 7 8.5 0 6.5 2.5 0 6.5 2.5 0 7.5 8.5 0 7.5
4 8 2.5 0 6.5 1.5 0 6.5 1.5 0 7.5 2.5 0 7.5
4 9 1.5 0 6.5 -0.5 0 6.5 -0.5 0 7.5 1.5 0 7.5
4 8 -0.5 0 6.5 -1.5 0 6.5 -1.5 0 7.5 -0.5 0 7.5
4 7 -1.5 0 6.5 -2.5 0 6.5 -2.5 0 7.5 -1.5 0 7.5
4 9 -2.5 0 6.5 -3.5 0 6.5 -3.5 0 7.5 -2.5 0 7.5
4 8 -3.5 0 6.5 -4.5 0 6.5 -4.5 0 7.5 -3.5 0 7.5
4 7 -4.5 0 6.5 -6.5 0 6.5 -6.5 0 7.5 -4.5 0 7.5
4 8 -6.5 0 6.5 -7.5 0 6.5 -7.5 0 7.5 -6.5 0 7.5
4 9 -7.5 0 6.5 -11.5 0 6.5 -11.5 0 7.5 -7.5 0 7.5
4 8 -11.5 0 6.5 -12.5 0 6.5 -12.5 0 7.5 -11.5 0 7.5
4 7 -12.5 0 6.5 -13.5 0 6.5 -13.5 0 7.5 -12.5 0 7.5
4 8 -13.5 0 6.5 -14.5 0 6.5 -14.5 0 7.5 -13.5 0 7.5
4 0 -14.5 0 6.5 -15.5 0 6.5 -15.5 0 7.5 -14.5 0 7.5
4 9 -15.5 0 6.5 -16.5 0 6.5 -16.5 0 7.5 -15.5 0 7.5
4 0 -16.5 0 6.5 -17.5 0 6.5 -17.5 0 7.5 -16.5 0 7.5
4 8 -17.5 0 6.5 -18.5 0 6.5 -18.5 0 7.5 -17.5 0 7.5
4 16 -18.5 0 6.5 -19.5 0 6.5 -19.5 0 7.5 -18.5 0 7.5
4 16 19.5 0 7.5 18.5 0 7.5 18.5 0 8.5 19.5 0 8.5
4 7 18.5 0 7.5 17.5 0 7.5 17.5 0 8.5 18.5 0 8.5
4 0 17.5 0 7.5 16.5 0 7.5 16.5 0 8.5 17.5 0 8.5
4 9 16.5 0 7.5 13.5 0 7.5 13.5 0 8.5 16.5 0 8.5
4 8 13.5 0 7.5 12.5 0 7.5 12.5 0 8.5 13.5 0 8.5
4 7 12.5 0 7.5 10.5 0 7.5 10.5 0 8.5 12.5 0 8.5
4 9 10.5 0 7.5 8.5 0 7.5 8.5 0 8.5 10.5 0 8.5
4 8 8.5 0 7.5 7.5 0 7.5 7.5 0 8.5 8.5 0 8.5
4 7 7.5 0 7.5 1.5 0 7.5 1.5 0 8.5 7.5 0 8.5
4 8 1.5 0 7.5 0.5 0 7.5 0.5 0 8.5 1.5 0 8.5
4 9 0.5 0 7.5 -3.5 0 7.5 -3.5 0 8.5 0.5 0 8.5
4 7 -3.5 0 7.5 -14.5 0 7.5 -14.5 0 8.5 -3.5 0 8.5
4 0 -14.5 0 7.5 -17.5 0 7.5 -17.5 0 8.5 -14.5 0 8.5
4 7 -17.5 0 7.5 -18.5 0 7.5 -18.5 0 8.5 -17.5 0 8.5
4 16 -18.5 0 7.5 -19.5 0 7.5 -19.5 0 8.5 -18.5 0 8.5
4 16 19.5 0 8.5 18.5 0 8.5 18.5 0 9.5 19.5 0 9.5
4 7 18.5 0 8.5 17.5 0 8.5 17.5 0 9.5 18.5 0 9.5
4 0 17.5 0 8.5 16.5 0 8.5 16.5 0 9.5 17.5 0 9.5
4 9 16.5 0 8.5 12.5 0 8.5 12.5 0 9.5 16.5 0 9.5
4 8 12.5 0 8.5 11.5 0 8.5 11.5 0 9.5 12.5 0 9.5
4 7 11.5 0 8.5 9.5 0 8.5 9.5 0 9.5 11.5 0 9.5
4 8 9.5 0 8.5 8.5 0 8.5 8.5 0 9.5 9.5 0 9.5
4 7 8.5 0 8.5 0.5 0 8.5 0.5 0 9.5 8.5 0 9.5
4 9 0.5 0 8.5 -4.5 0 8.5 -4.5 0 9.5 0.5 0 9.5
4 8 -4.5 0 8.5 -6.5 0 8.5 -6.5 0 9.5 -4.5 0 9.5
4 7 -6.5 0 8.5 -14.5 0 8.5 -14.5 0 9.5 -6.5 0 9.5
4 8 -14.5 0 8.5 -15.5 0 8.5 -15.5 0 9.5 -14.5 0 9.5
4 0 -15.5 0 8.5 -17.5 0 8.5 -17.5 0 9.5 -15.5 0 9.5
4 16 -17.5 0 8.5 -19.5 0 8.5 -19.5 0 9.5 -17.5 0 9.5
4 16 19.5 0 9.5 17.5 0 9.5 17.5 0 10.5 19.5 0 10.5
4 8 17.5 0 9.5 16.5 0 9.5 16.5 0 10.5 17.5 0 10.5
4 0 16.5 0 9.5 15.5 0 9.5 15.5 0 10.5 16.5 0 10.5
4 9 15.5 0 9.5 11.5 0 9.5 11.5 0 10.5 15.5 0 10.5
4 7 11.5 0 9.5 1.5 0 9.5 1.5 0 10.5 11.5 0 10.5
4 8 1.5 0 9.5 0.5 0 9.5 0.5 0 10.5 1.5 0 10.5
4 9 0.5 0 9.5 -3.5 0 9.5 -3.5 0 10.5 0.5 0 10.5
4 8 -3.5 0 9.5 -4.5 0 9.5 -4.5 0 10.5 -3.5 0 10.5
4 7 -4.5 0 9.5 -5.5 0 9.5 -5.5 0 10.5 -4.5 0 10.5
4 8 -5.5 0 9.5 -12.5 0 9.5 -12.5 0 10.5 -5.5 0 10.5
4 7 -12.5 0 9.5 -14.5 0 9.5 -14.5 0 10.5 -12.5 0 10.5
4 9 -14.5 0 9.5 -15.5 0 9.5 -15.5 0 10.5 -14.5 0 10.5
4 0 -15.5 0 9.5 -16.5 0 9.5 -16.5 0 10.5 -15.5 0 10.5
4 7 -16.5 0 9.5 -17.5 0 9.5 -17.5 0 10.5 -16.5 0 10.5
4 16 -17.5 0 9.5 -19.5 0 9.5 -19.5 0 10.5 -17.5 0 10.5
4 16 19.5 0 10.5 17.5 0 10.5 17.5 0 11.5 19.5 0 11.5
4 7 17.5 0 10.5 16.5 0 10.5 16.5 0 11.5 17.5 0 11.5
4 0 16.5 0 10.5 14.5 0 10.5 14.5 0 11.5 16.5 0 11.5
4 9 14.5 0 10.5 10.5 0 10.5 10.5 0 11.5 14.5 0 11.5
4 8 10.5 0 10.5 9.5 0 10.5 9.5 0 11.5 10.5 0 11.5
4 7 9.5 0 10.5 0.5 0 10.5 0.5 0 11.5 9.5 0 11.5
4 8 0.5 0 10.5 -0.5 0 10.5 -0.5 0 11.5 0.5 0 11.5
4 9 -0.5 0 10.5 -1.5 0 10.5 -1.5 0 11.5 -0.5 0 11.5
4 8 -1.5 0 10.5 -2.5 0 10.5 -2.5 0 11.5 -1.5 0 11.5
4 9 -2.5 0 10.5 -4.5 0 10.5 -4.5 0 11.5 -2.5 0 11.5
4 7 -4.5 0 10.5 -6.5 0 10.5 -6.5 0 11.5 -4.5 0 11.5
4 8 -6.5 0 10.5 -7.5 0 10.5 -7.5 0 11.5 -6.5 0 11.5
4 9 -7.5 0 10.5 -14.5 0 10.5 -14.5 0 11.5 -7.5 0 11.5
4 1 -14.5 0 10.5 -15.5 0 10.5 -15.5 0 11.5 -14.5 0 11.5
4 8 -15.5 0 10.5 -16.5 0 10.5 -16.5 0 11.5 -15.5 0 11.5
4 16 -16.5 0 10.5 -19.5 0 10.5 -19.5 0 11.5 -16.5 0 11.5
4 16 19.5 0 11.5 16.5 0 11.5 16.5 0 12.5 19.5 0 12.5
4 7 16.5 0 11.5 15.5 0 11.5 15.5 0 12.5 16.5 0 12.5
4 0 15.5 0 11.5 14.5 0 11.5 14.5 0 12.5 15.5 0 12.5
4 1 14.5 0 11.5 13.5 0 11.5 13.5 0 12.5 14.5 0 12.5
4 9 13.5 0 11.5 9.5 0 11.5 9.5 0 12.5 13.5 0 12.5
4 8 9.5 0 11.5 6.5 0 11.5 6.5 0 12.5 9.5 0 12.5
4 7 6.5 0 11.5 3.5 0 11.5 3.5 0 12.5 6.5 0 12.5
4 8 3.5 0 11.5 2.5 0 11.5 2.5 0 12.5 3.5 0 12.5
4 7 2.5 0 11.5 -3.5 0 11.5 -3.5 0 12.5 2.5 0 12.5
4 8 -3.5 0 11.5 -5.5 0 11.5 -5.5 0 12.5 -3.5 0 12.5
4 7 -5.5 0 11.5 -8.5 0 11.5 -8.5 0 12.5 -5.5 0 12.5
4 9 -8.5 0 11.5 -13.5 0 11.5 -13.5 0 12.5 -8.5 0 12.5
4 1 -13.5 0 11.5 -14.5 0 11.5 -14.5 0 12.5 -13.5 0 12.5
4 0 -14.5 0 11.5 -15.5 0 11.5 -15.5 0 12.5 -14.5 0 12.5
4 7 -15.5 0 11.5 -16.5 0 11.5 -16.5 0 12.5 -15.5 0 12.5
4 16 -16.5 0 11.5 -19.5 0 11.5 -19.5 0 12.5 -16.5 0 12.5
4 16 19.5 0 12.5 15.5 0 12.5 15.5 0 13.5 19.5 0 13.5
4 8 15.5 0 12.5 14.5 0 12.5 14.5 0 13.5 15.5 0 13.5
4 0 14.5 0 12.5 13.5 0 12.5 13.5 0 13.5 14.5 0 13.5
4 9 13.5 0 12.5 6.5 0 12.5 6.5 0 13.5 13.5 0 13.5
4 8 6.5 0 12.5 5.5 0 12.5 5.5 0 13.5 6.5 0 13.5
4 7 5.5 0 12.5 -8.5 0 12.5 -8.5 0 13.5 5.5 0 13.5
4 8 -8.5 0 12.5 -9.5 0 12.5 -9.5 0 13.5 -8.5 0 13.5
4 9 -9.5 0 12.5 -13.5 0 12.5 -13.5 0 13.5 -9.5 0 13.5
4 0 -13.5 0 12.5 -14.5 0 12.5 -14.5 0 13.5 -13.5 0 13.5
4 7 -14.5 0 12.5 -15.5 0 12.5 -15.5 0 13.5 -14.5 0 13.5
4 16 -15.5 0 12.5 -19.5 0 12.5 -19.5 0 13.5 -15.5 0 13.5
4 16 19.5 0 13.5 14.5 0 13.5 14.5 0 14.5 19.5 0 14.5
4 8 14.5 0 13.5 13.5 0 13.5 13.5 0 14.5 14.5 0 14.5
4 0 13.5 0 13.5 12.5 0 13.5 12.5 0 14.5 13.5 0 14.5
4 9 12.5 0 13.5 5.5 0 13.5 5.5 0 14.5 12.5 0 14.5
4 8 5.5 0 13.5 4.5 0 13.5 4.5 0 14.5 5.5 0 14.5
4 7 4.5 0 13.5 -8.5 0 13.5 -8.5 0 14.5 4.5 0 14.5
4 9 -8.5 0 13.5 -12.5 0 13.5 -12.5 0 14.5 -8.5 0 14.5
4 0 -12.5 0 13.5 -13.5 0 13.5 -13.5 0 14.5 -12.5 0 14.5
4 8 -13.5 0 13.5 -14.5 0 13.5 -14.5 0 14.5 -13.5 0 14.5
4 16 -14.5 0 13.5 -19.5 0 13.5 -19.5 0 14.5 -14.5 0 14.5
4 16 19.5 0 14.5 13.5 0 14.5 13.5 0 15.5 19.5 0 15.5
4 8 13.5 0 14.5 12.5 0 14.5 12.5 0 15.5 13.5 0 15.5
4 0 12.5 0 14.5 10.5 0 14.5 10.5 0 15.5 12.5 0 15.5
4 9 10.5 0 14.5 4.5 0 14.5 4.5 0 15.5 10.5 0 15.5
4 7 4.5 0 14.5 0.5 0 14.5 0.5 0 15.5 4.5 0 15.5
4 8 0.5 0 14.5 -2.5 0 14.5 -2.5 0 15.5 0.5 0 15.5
4 7 -2.5 0 14.5 -7.5 0 14.5 -7.5 0 15.5 -2.5 0 15.5
4 8 -7.5 0 14.5 -8.5 0 14.5 -8.5 0 15.5 -7.5 0 15.5
4 9 -8.5 0 14.5 -10.5 0 14.5 -10.5 0 15.5 -8.5 0 15.5
4 1 -10.5 0 14.5 -11.5 0 14.5 -11.5 0 15.5 -10.5 0 15.5
4 0 -11.5 0 14.5 -12.5 0 14.5 -12.5 0 15.5 -11.5 0 15.5
4 7 -12.5 0 14.5 -13.5 0 14.5 -13.5 0 15.5 -12.5 0 15.5
4 16 -13.5 0 14.5 -19.5 0 14.5 -19.5 0 15.5 -13.5 0 15.5
4 16 19.5 0 15.5 12.5 0 15.5 12.5 0 16.5 19.5 0 16.5
4 7 12.5 0 15.5 11.5 0 15.5 11.5 0 16.5 12.5 0 16.5
4 0 11.5 0 15.5 9.5 0 15.5 9.5 0 16.5 11.5 0 16.5
4 9 9.5 0 15.5 4.5 0 15.5 4.5 0 16.5 9.5 0 16.5
4 8 4.5 0 15.5 3.5 0 15.5 3.5 0 16.5 4.5 0 16.5
4 7 3.5 0 15.5 0.5 0 15.5 0.5 0 16.5 3.5 0 16.5
4 8 0.5 0 15.5 -0.5 0 15.5 -0.5 0 16.5 0.5 0 16.5
4 9 -0.5 0 15.5 -2.5 0 15.5 -2.5 0 16.5 -0.5 0 16.5
4 8 -2.5 0 15.5 -3.5 0 15.5 -3.5 0 16.5 -2.5 0 16.5
4 7 -3.5 0 15.5 -4.5 0 15.5 -4.5 0 16.5 -3.5 0 16.5
4 8 -4.5 0 15.5 -7.5 0 15.5 -7.5 0 16.5 -4.5 0 16.5
4 9 -7.5 0 15.5 -9.5 0 15.5 -9.5 0 16.5 -7.5 0 16.5
4 0 -9.5 0 15.5 -11.5 0 15.5 -11.5 0 16.5 -9.5 0 16.5
4 7 -11.5 0 15.5 -12.5 0 15.5 -12.5 0 16.5 -11.5 0 16.5
4 16 -12.5 0 15.5 -19.5 0 15.5 -19.5 0 16.5 -12.5 0 16.5
4 16 19.5 0 16.5 11.5 0 16.5 11.5 0 17.5 19.5 0 17.5
4 7 11.5 0 16.5 10.5 0 16.5 10.5 0 17.5 11.5 0 17.5
4 8 10.5 0 16.5 9.5 0 16.5 9.5 0 17.5 10.5 0 17.5
4 0 9.5 0 16.5 7.5 0 16.5 7.5 0 17.5 9.5 0 17.5
4 9 7.5 0 16.5 3.5 0 16.5 3.5 0 17.5 7.5 0 17.5
4 8 3.5 0 16.5 2.5 0 16.5 2.5 0 17.5 3.5 0 17.5
4 7 2.5 0 16.5 -0.5 0 16.5 -0.5 0 17.5 2.5 0 17.5
4 9 -0.5 0 16.5 -7.5 0 16.5 -7.5 0 17.5 -0.5 0 17.5
4 0 -7.5 0 16.5 -9.5 0 16.5 -9.5 0 17.5 -7.5 0 17.5
4 8 -9.5 0 16.5 -10.5 0 16.5 -10.5 0 17.5 -9.5 0 17.5
4 7 -10.5 0 16.5 -11.5 0 16.5 -11.5 0 17.5 -10.5 0 17.5
4 16 -11.5 0 16.5 -19.5 0 16.5 -19.5 0 17.5 -11.5 0 17.5
4 16 19.5 0 17.5 9.5 0 17.5 9.5 0 18.5 19.5 0 18.5
4 7 9.5 0 17.5 8.5 0 17.5 8.5 0 18.5 9.5 0 18.5
4 8 8.5 0 17.5 7.5 0 17.5 7.5 0 18.5 8.5 0 18.5
4 0 7.5 0 17.5 4.5 0 17.5 4.5 0 18.5 7.5 0 18.5
4 9 4.5 0 17.5 2.5 0 17.5 2.5 0 18.5 4.5 0 18.5
4 7 2.5 0 17.5 0.5 0 17.5 0.5 0 18.5 2.5 0 18.5
4 9 0.5 0 17.5 -4.5 0 17.5 -4.5 0 18.5 0.5 0 18.5
4 0 -4.5 0 17.5 -7.5 0 17.5 -7.5 0 18.5 -4.5 0 18.5
4 8 -7.5 0 17.5 -8.5 0 17.5 -8.5 0 18.5 -7.5 0 18.5
4 7 -8.5 0 17.5 -9.5 0 17.5 -9.5 0 18.5 -8.5 0 18.5
4 16 -9.5 0 17.5 -19.5 0 17.5 -19.5 0 18.5 -9.5 0 18.5
4 16 19.5 0 18.5 6.5 0 18.5 6.5 0 19.5 19.5 0 19.5
4 7 6.5 0 18.5 5.5 0 18.5 5.5 0 19.5 6.5 0 19.5
4 0 5.5 0 18.5 -4.5 0 18.5 -4.5 0 19.5 5.5 0 19.5
4 8 -4.5 0 18.5 -5.5 0 18.5 -5.5 0 19.5 -4.5 0 19.5
4 7 -5.5 0 18.5 -6.5 0 18.5 -6.5 0 19.5 -5.5 0 19.5
4 16 -6.5 0 18.5 -19.5 0 18.5 -19.5 0 19.5 -6.5 0 19.5
