0 Tile  2 x  2 with Yellow Arrow with Black Border Pattern
0 Name: 3068p08.dat
0 Author: James Jessiman
0 Original LDraw Part - LDraw beta 0.27 Archive

1 16 0 4 0 1 0 0 0 -1 0 0 0 1 stud4.dat
1 16 0 8 0 16 0 0 0 -4 0 0 0 16 box5.dat
4 16 20 8 20 16 8 16 -16 8 16 -20 8 20
4 16 20 8 -20 16 8 -16 -16 8 -16 -20 8 -20
4 16 20 8 20 16 8 16 16 8 -16 20 8 -20
4 16 -20 8 20 -16 8 16 -16 8 -16 -20 8 -20
1 16 0 8 0 20 0 0 0 -8 0 0 0 20 box4.dat

2 0 0 0 16 6 0 4
2 0 6 0 4 2 0 4
2 0 2 0 4 2 0 -14
2 0 2 0 -14 -2 0 -14
2 0 -2 0 -14 -2 0 4
2 0 -2 0 4 -6 0 4
2 0 -6 0 4 0 0 16

3 14 6 0 4 0 0 16 -6 0 4
4 14 2 0 4 2 0 -14 -2 0 -14 -2 0 4

3 16 20 0 20 0 0 16 -20 0 20
3 16 -20 0 20 0 0 16 -6 0 4
3 16 -20 0 20 -6 0 4 -20 0 -20
4 16 -20 0 -20 -6 0 4 -2 0 4 -2 0 -14
4 16 -2 0 -14 -20 0 -20 20 0 -20 2 0 -14
4 16 2 0 -14 2 0 4 6 0 4 20 0 -20
3 16 20 0 -20 6 0 4 20 0 20
3 16 6 0 4 0 0 16 20 0 20
0
