0 Tile  2 x  2 with Red Warning Triangle Pattern
0 name 3068warn.dat
0 Created by Tore Eriksson
0 Official LCad update 97-01

4 4 0 0 18 0 0 10.5 -12 0 -14 -19 0 -18
4 4 0 0 18 0 0 10.5 12 0 -14 19 0 -18
4 4 -19 0 -18 -12 0 -14 12 0 -14 19 0 -18
3 16 -20 0 -20 -19 0 -18 -20 0 0
4 16 -20 0 20 0 0 18 -19 0 -18 -20 0 0
3 16 -20 0 20 0 0 18 20 0 20
4 16 20 0 20 0 0 18 19 0 -18 20 0 0
3 16 20 0 0 19 0 -18 20 0 -20
4 16 20 0 -20 19 0 -18 -19 0 -18 -20 0 -20
3 16 0 0 10.5 -12 0 -14 12 0 -14
0 Tile  2 x  2

 1 16 0 4 0 1 0 0 0 -1 0 0 0 1 stud4.dat
 1 16 0 8 0 16 0 0 0 -4 0 0 0 16 box5.dat
 4 16 20 8 20 16 8 16 -16 8 16 -20 8 20
 4 16 20 8 -20 16 8 -16 -16 8 -16 -20 8 -20
 4 16 20 8 20 16 8 16 16 8 -16 20 8 -20
 4 16 -20 8 20 -16 8 16 -16 8 -16 -20 8 -20
 1 16 0 8 0 20 0 0 0 -8 0 0 0 20 box4.dat

