0 Tile  2 x  2 with Black Arrow Pattern
0 Name: 3068bp18.dat
0 Author: James Jessiman
0 Original LDraw Part
0 LDRAW_ORG Part UPDATE 2002-02

0 2002-Feb-15 DG groove

1 16 0 0 0 1 0 0 0 1 0 0 0 1 s\3068bs01.dat

4 16 20 0 -20 6 0 -14 -6 0 -14 -20 0 -20
4 16 -20 0 -20 -6 0 -14 -6 0 0 -14 0 0
3 16 -20 0 -20 -14 0 0 -20 0 20
3 16 -20 0 20 -14 0 0 0 0 14
3 16 -20 0 20 0 0 14 20 0 20
4 16 20 0 -20 6 0 -14 6 0 0 14 0 0
3 16 20 0 -20 14 0 0 20 0 20
3 16 20 0 20 14 0 0 0 0 14

2 8 14 0 0 0 0 14
2 8 0 0 14 -14 0 0
2 8 -14 0 0 -6 0 0
2 8 -6 0 0 -6 0 -14
2 8 -6 0 -14 6 0 -14
2 8 6 0 -14 6 0 0
2 8 6 0 0 14 0 0
3 0 14 0 0 0 0 14 -14 0 0
4 0 6 0 0 6 0 -14 -6 0 -14 -6 0 0
0
