0 Tile  2 x  2 with Shell Logo Pattern
0 Name: 3068bp60.dat
0 Author: Steffen <muchelchupser@web.de>
0 LDRAW_ORG Part UPDATE 2005-01

0 BFC CERTIFY CCW



1 16 0 0 0 1 0 0 0 1 0 0 0 1 s\3068bs01.dat
1 16 0 0 -0.752 1.143 0 0 0 0 1.143 0 -1.143 0 s\3004s60.dat
4 16 -20 0 -20 -13.1445 0 -12.753 -13.1445 0 11.25 -20 0 20
4 16 20 0 20 13.1445 0 11.25 13.1445 0 -12.753 20 0 -20
4 16 -20 0 20 -13.1445 0 11.25 13.1445 0 11.25 20 0 20
4 16 20 0 -20 13.1445 0 -12.753 -13.1445 0 -12.753 -20 0 -20
0
