0 Tile  1 x  2 with Short Yellow Arrow Pattern
0 Name: 3069p21.dat
0 Author: James Jessiman
0 Original LDraw Part - LDraw beta 0.27 Archive

1 16 0 8 0 16 0 0 0 -4 0 0 0 6 box5.dat

4 16 20 8 10 16 8 6 -16 8 6 -20 8 10
4 16 -20 8 10 -16 8 6 -16 8 -6 -20 8 -10
4 16 -20 8 -10 -16 8 -6 16 8 -6 20 8 -10
4 16 20 8 -10 16 8 -6 16 8 6 20 8 10

1 16 0 8 0 20 0 0 0 -8 0 0 0 10 box4.dat

2 8 0 0 8 14 0 0
2 8 14 0 0 8 0 0
2 8 8 0 0 8 0 -6
2 8 8 0 -6 -8 0 -6
2 8 -8 0 -6 -8 0 0
2 8 -8 0 0 -14 0 0
2 8 -14 0 0 0 0 8

3 14 14 0 0 0 0 8 -14 0 0
4 14 8 0 0 8 0 -6 -8 0 -6 -8 0 0

3 16 20 0 10 0 0 8 -20 0 10
3 16 -20 0 10 0 0 8 -14 0 0
3 16 -20 0 10 -14 0 0 -20 0 -10
4 16 -20 0 -10 -14 0 0 -8 0 0 -8 0 -6
4 16 -8 0 -6 -20 0 -10 20 0 -10 8 0 -6
4 16 8 0 -6 8 0 0 14 0 0 20 0 -10
3 16 20 0 -10 14 0 0 20 0 10
3 16 14 0 0 0 0 8 20 0 10
0
