0 Tile  1 x  2 with Danger Stripes Pattern
0 Name: 3069bp09.dat
0 Author: James Jessiman
0 Original LDraw Part
0 LDRAW_ORG Part UPDATE 2002-01

1 16 0 0 0 1 0 0 0 1 0 0 0 1 s\3069bs01.dat

2 12 20 0 -8 18 0 -10
2 12 18 0 -10 13 0 -10
2 12 13 0 -10 20 0 -3
2 12 20 0 -3 20 0 -8
2 12 -20 0 -8 -18 0 -10
2 12 -18 0 -10 -13 0 -10
2 12 -13 0 -10 -20 0 -3
2 12 -20 0 -3 -20 0 -8

2 12 20 0 2 8 0 -10
2 12 8 0 -10 3 0 -10
2 12 3 0 -10 20 0 7
2 12 20 0 7 20 0 2
2 12 -20 0 2 -8 0 -10
2 12 -8 0 -10 -3 0 -10
2 12 -3 0 -10 -20 0 7
2 12 -20 0 7 -20 0 2

2 12 18 0 10 0 0 -8
2 12 0 0 -8 -18 0 10
2 12 -18 0 10 -13 0 10
2 12 -13 0 10 0 0 -3
2 12 0 0 -3 13 0 10
2 12 13 0 10 18 0 10

2 12 8 0 10 0 0 2
2 12 0 0 2 -8 0 10
2 12 -8 0 10 -3 0 10
2 12 -3 0 10 0 0 7
2 12 0 0 7 3 0 10
2 12 3 0 10 8 0 10

4 4 20 0 -8 18 0 -10 13 0 -10 20 0 -3
4 4 20 0 2 8 0 -10 3 0 -10 20 0 7
4 4 18 0 10 0 0 -8 0 0 -3 13 0 10
4 4 8 0 10 0 0 2 0 0 7 3 0 10
4 4 -20 0 -8 -18 0 -10 -13 0 -10 -20 0 -3
4 4 -20 0 2 -8 0 -10 -3 0 -10 -20 0 7
4 4 -18 0 10 0 0 -8 0 0 -3 -13 0 10
4 4 -8 0 10 0 0 2 0 0 7 -3 0 10

3 16 20 0 -10 18 0 -10 20 0 -8
4 16 20 0 -3 13 0 -10 8 0 -10 20 0 2
4 16 20 0 7 3 0 -10 0 0 -10 20 0 10
4 16 20 0 10 0 0 -10 0 0 -8 18 0 10
4 16 13 0 10 0 0 -3 0 0 2 8 0 10
3 16 3 0 10 0 0 7 0 0 10
3 16 -20 0 -10 -18 0 -10 -20 0 -8
4 16 -20 0 -3 -13 0 -10 -8 0 -10 -20 0 2
4 16 -20 0 7 -3 0 -10 0 0 -10 -20 0 10
4 16 -20 0 10 0 0 -10 0 0 -8 -18 0 10
4 16 -13 0 10 0 0 -3 0 0 2 -8 0 10
3 16 -3 0 10 0 0 7 0 0 10
0
