0 Tile  1 x  2 with Black Grille Pattern
0 Name: 3069bp05.dat
0 Author: James Jessiman
0 Author: Kevin B, groove
0 Original LDraw Part
0 LDRAW_ORG Part UPDATE 2003-03

0 BFC CERTIFY CCW

0 // 2003-06-06 JHR BFC compliancy


1 16 0 0 0 1 0 0 0 1 0 0 0 1 s\3069bs01.dat
4 16 -20 0 10 -16.5 0 8 16.5 0 8 20 0 10
4 16 20 0 10 16.5 0 8 16.5 0 -8 20 0 -10
4 16 20 0 -10 16.5 0 -8 -16.5 0 -8 -20 0 -10
4 16 -20 0 -10 -16.5 0 -8 -16.5 0 8 -20 0 10
4 16 -13.5 0 8 -13.5 0 -8 -11.5 0 -8 -11.5 0 8
4 16 -8.5 0 8 -8.5 0 -8 -6.5 0 -8 -6.5 0 8
4 16 -3.5 0 8 -3.5 0 -8 -1.5 0 -8 -1.5 0 8
4 16 1.5 0 8 1.5 0 -8 3.5 0 -8 3.5 0 8
4 16 6.5 0 8 6.5 0 -8 8.5 0 -8 8.5 0 8
4 16 11.5 0 8 11.5 0 -8 13.5 0 -8 13.5 0 8
1 0 -15 0 0 1.5 0 0 0 1 0 0 0 8 rect.dat
1 0 -10 0 0 1.5 0 0 0 1 0 0 0 8 rect.dat
1 0 -5 0 0 1.5 0 0 0 1 0 0 0 8 rect.dat
1 0 0 0 0 1.5 0 0 0 1 0 0 0 8 rect.dat
1 0 5 0 0 1.5 0 0 0 1 0 0 0 8 rect.dat
1 0 10 0 0 1.5 0 0 0 1 0 0 0 8 rect.dat
1 0 15 0 0 1.5 0 0 0 1 0 0 0 8 rect.dat
0
