0 Tile  1 x  2 with Tape Reels Pattern
0 Name: 3069bp02.dat
0 Author: Franklin W. Cain (fwcain@yahoo.com)
0 LDRAW_ORG Part UPDATE 2004-02

0 KEYWORDS reel to reel, video, cassette, town, space, VHS
0 BFC CERTIFY CCW

0 // 2001-12-27  SEB      changed Reel inlays to white, converted to grooved base
0 // 2003-06-06  JHR      BFC compliant
0 // 2003-09-22  OWP      made some ring substitutions
0 // 2003-11-05  Steffen  added ring6's to make reels perfectly round when rendered

1 16 0 0 0 1 0 0 0 1 0 0 0 1 s\3069bs01.dat
4 0 8 0 -0.5 12 0 -0.5 12 0 0.5 8 0 0.5
4 0 9.5 0 -2 10.5 0 -2 10.5 0 -0.5 9.5 0 -0.5
4 0 10.5 0 2 9.5 0 2 9.5 0 0.5 10.5 0 0.5
3 15 13.5 0 0 12 0 0.5 12 0 -0.5
3 15 13.5 0 0 12 0 -0.5 13.234 0 -1.339
3 15 13.5 0 0 13.234 0 1.339 12 0 0.5
4 15 13.234 0 -1.339 12 0 -0.5 10.5 0 -0.5 12.475 0 -2.475
4 15 13.234 0 1.339 12.475 0 2.475 10.5 0 0.5 12 0 0.5
4 15 12.475 0 -2.475 10.5 0 -0.5 10.5 0 -2 11.339 0 -3.234
4 15 12.475 0 2.475 11.339 0 3.234 10.5 0 2 10.5 0 0.5
3 15 11.339 0 -3.234 10.5 0 -2 10 0 -3.5
3 15 11.339 0 3.234 10 0 3.5 10.5 0 2
3 15 10 0 -3.5 10.5 0 -2 9.5 0 -2
3 15 10 0 3.5 9.5 0 2 10.5 0 2
3 15 8.661 0 -3.234 10 0 -3.5 9.5 0 -2
3 15 8.661 0 3.234 9.5 0 2 10 0 3.5
4 15 7.525 0 -2.475 8.661 0 -3.234 9.5 0 -2 9.5 0 -0.5
4 15 7.525 0 2.475 9.5 0 0.5 9.5 0 2 8.661 0 3.234
4 15 6.766 0 -1.339 7.525 0 -2.475 9.5 0 -0.5 8 0 -0.5
4 15 6.766 0 1.339 8 0 0.5 9.5 0 0.5 7.525 0 2.475
3 15 6.5 0 0 6.766 0 -1.339 8 0 -0.5
3 15 8 0 0.5 6.766 0 1.339 6.5 0 0
3 15 6.5 0 0 8 0 -0.5 8 0 0.5
4 0 -12 0 -0.5 -8 0 -0.5 -8 0 0.5 -12 0 0.5
4 0 -10.5 0 -2 -9.5 0 -2 -9.5 0 -0.5 -10.5 0 -0.5
4 0 -9.5 0 2 -10.5 0 2 -10.5 0 0.5 -9.5 0 0.5
3 15 -6.5 0 0 -8 0 0.5 -8 0 -0.5
3 15 -6.5 0 0 -8 0 -0.5 -6.766 0 -1.339
3 15 -6.5 0 0 -6.766 0 1.339 -8 0 0.5
4 15 -6.766 0 -1.339 -8 0 -0.5 -9.5 0 -0.5 -7.525 0 -2.475
4 15 -6.766 0 1.339 -7.525 0 2.475 -9.5 0 0.5 -8 0 0.5
4 15 -7.525 0 -2.475 -9.5 0 -0.5 -9.5 0 -2 -8.661 0 -3.234
4 15 -7.525 0 2.475 -8.661 0 3.234 -9.5 0 2 -9.5 0 0.5
3 15 -8.661 0 -3.234 -9.5 0 -2 -10 0 -3.5
3 15 -8.661 0 3.234 -10 0 3.5 -9.5 0 2
3 15 -10 0 -3.5 -9.5 0 -2 -10.5 0 -2
3 15 -10 0 3.5 -10.5 0 2 -9.5 0 2
3 15 -11.339 0 -3.234 -10 0 -3.5 -10.5 0 -2
3 15 -11.339 0 3.234 -10.5 0 2 -10 0 3.5
4 15 -12.475 0 -2.475 -11.339 0 -3.234 -10.5 0 -2 -10.5 0 -0.5
4 15 -12.475 0 2.475 -10.5 0 0.5 -10.5 0 2 -11.339 0 3.234
4 15 -13.234 0 -1.339 -12.475 0 -2.475 -10.5 0 -0.5 -12 0 -0.5
4 15 -13.234 0 1.339 -12 0 0.5 -10.5 0 0.5 -12.475 0 2.475
3 15 -13.5 0 0 -13.234 0 -1.339 -12 0 -0.5
3 15 -12 0 0.5 -13.234 0 1.339 -13.5 0 0
3 15 -13.5 0 0 -12 0 -0.5 -12 0 0.5
1 0 -10 0 0 0.5 0 0 0 1 0 0 0 0.5 ring7.dat
1 15 -10 0 0 0.5 0 0 0 1 0 0 0 0.5 1-4ring6.dat
1 15 -10 0 0 0 0 0.5 0 1 0 -0.5 0 0 1-4ring6.dat
1 15 -10 0 0 -0.5 0 0 0 1 0 0 0 -0.5 1-4ring6.dat
1 15 -10 0 0 0 0 -0.5 0 1 0 0.5 0 0 1-4ring6.dat
1 0 10 0 0 0.5 0 0 0 1 0 0 0 0.5 ring7.dat
1 15 10 0 0 0.5 0 0 0 1 0 0 0 0.5 1-4ring6.dat
1 15 10 0 0 0 0 -0.5 0 1 0 0.5 0 0 1-4ring6.dat
1 15 10 0 0 -0.5 0 0 0 1 0 0 0 -0.5 1-4ring6.dat
1 15 10 0 0 0 0 0.5 0 1 0 -0.5 0 0 1-4ring6.dat
1 15 -10 0 0 1 0 0 0 1 0 0 0 1 ring4.dat
1 15 10 0 0 1 0 0 0 1 0 0 0 1 ring4.dat
1 16 -10 0 0 8 0 0 0 1 0 0 0 8 3-4ndis.dat
1 16 10 0 0 -8 0 0 0 1 0 0 0 8 3-4ndis.dat
1 0 10 0 0 1 0 0 0 1 0 0 0 1 4-4ring5.dat
1 0 -10 0 0 1 0 0 0 1 0 0 0 1 4-4ring5.dat
1 0 10 0 0 2 0 0 0 1 0 0 0 2 ring3.dat
1 0 -10 0 0 2 0 0 0 1 0 0 0 2 ring3.dat
4 16 -20 0 -10 0 0 -10 0 0 -8 -18 0 -8
4 16 20 0 -10 18 0 -8 0 0 -8 0 0 -10
4 16 -20 0 10 -18 0 8 0 0 8 0 0 10
4 16 20 0 10 0 0 10 0 0 8 18 0 8
4 16 -20 0 -10 -18 0 -8 -18 0 8 -20 0 10
4 16 20 0 10 18 0 8 18 0 -8 20 0 -10
4 16 -2 0 -7 0 0 -7 0 0 8 -2 0 8
4 16 2 0 8 0 0 8 0 0 -7 2 0 -7
3 16 -2 0 -3.062 -2 0 0 -2.609 0 -3.062
3 16 2 0 0 2 0 -3.062 2.609 0 -3.062
4 16 -2.609 0 -3.062 -4.343 0 -5.657 -2 0 -5.657 -2 0 -3.062
4 16 2.609 0 -3.062 2 0 -3.062 2 0 -5.657 4.343 0 -5.657
4 16 -4.343 0 -5.657 -6.353 0 -7 -2 0 -7 -2 0 -5.657
4 16 4.343 0 -5.657 2 0 -5.657 2 0 -7 6.353 0 -7
4 0 -6.353 0 -7 -10 0 -8 0 0 -8 0 0 -7
4 0 6.353 0 -7 0 0 -7 0 0 -8 10 0 -8
0
