0 Tile  1 x  2 with Red & Yellow Controls Pattern
0 Name: 3069p68.dat
0 Author: John VanZwieten
0 Official LCad update 98-08

 1 16 0 8 0 16 0 0 0 -4 0 0 0 6 box5.dat
 4 16 20 8 10 16 8 6 -16 8 6 -20 8 10 
 4 16 -20 8 10 -16 8 6 -16 8 -6 -20 8 -10 
 4 16 -20 8 -10 -16 8 -6 16 8 -6 20 8 -10 
 4 16 20 8 -10 16 8 -6 16 8 6 20 8 10 
 2 24 -20 8 -10 -20 0 -10 
 2 24 20 8 -10 20 0 -10 
 2 24 20 8 10 20 0 10 
 2 24 -20 8 10 -20 0 10 
 4 16 -20 0 -10 -20 8 -10 -20 8 10 -20 0 10 
 4 16 20 0 -10 20 8 -10 20 8 10 20 0 10 
 4 16 -20 0 -10 -20 8 -10 20 8 -10 20 0 -10 
 4 16 -20 0 10 -20 8 10 20 8 10 20 0 10 
 2 24 -20 8 10 20 8 10 
 2 24 20 8 10 20 8 -10 
 2 24 -20 8 -10 20 8 -10 
 2 24 -20 8 10 -20 8 -10 
 2 24 -20 0 10 20 0 10 
 2 24 20 0 10 20 0 -10 
 2 24 -20 0 -10 20 0 -10 
 2 24 -20 0 10 -20 0 -10
 4 16 -20 0 10 -20 0 -10 -18.5 0 -8.5 -18.5 0 8.5
 4 16 -20 0 -10 20 0 -10 18.5 0 -8.5 -18.5 0 -8.5
 4 16 20 0 -10 20 0 10 18.5 0 8.5 18.5 0 -8.5
 4 16 20 0 10 -20 0 10 -18.5 0 8.5 18.5 0 8.5 

 2 15 -14.5 0 7.5 -14.5 0 -7.5
 2 15 -8.3 0 7.5 -8.3 0 -7.5
 2 15 8.3 0 7.5 8.3 0 -7.5
 2 15 14.5 0 7.5 14.5 0 -7.5
 2 15 -6.75 0 7.5 -6.75 0 -7.5
 2 15 6.75 0 7.5 6.75 0 -7.5
 2 15 -6.75 0 7.5 6.75 0 7.5
 2 15 -6.75 0 -7.5 6.75 0 -7.5
 2 15 -6.75 0 -3 6.75 0 -3
 2 15 -2.25 0 -3 -2.25 0 -7.5
 2 15 2.25 0 -3 2.25 0 -7.5
 4 15 -5.75 0 -4 -3.25 0 -4 -3.25 0 -6.5 -5.75 0 -6.5
 4 15 -1.25 0 -4 1.25 0 -4 1.25 0 -6.5 -1.25 0 -6.5
 4 14 -13.5 0 7.5 -9.5 0 7.5 -9.5 0 3.5 -13.5 0 3.5
 4 14 -4.38 0 5.13 4.38 0 5.13 4.38 0 -0.38 -4.38 0 -0.38
 4 15 -17.38 0 7.5 -15.63 0 7.5 -15.63 0 6.5 -17.38 0 6.5
 4 15 -17.38 0 4.5 -15.63 0 4.5 -15.63 0 3.5 -17.38 0 3.5
 4 15 -17.38 0 -3.5 -15.63 0 -3.5 -15.63 0 -7.5 -17.38 0 -7.5
 4 4 9.5 0 -4.5 13.5 0 -4.5 13.5 0 -7.5 9.5 0 -7.5
 4 14 9.5 0 1.38 13.5 0 1.38 13.5 0 -0.8 9.5 0 -0.8
 2 14 9.5 0 -0.8 9.5 0 -3
 2 14 13.5 0 -0.8 13.5 0 -3
 2 14 9.5 0 -3 13.5 0 -3
 2 14 9.5 0 -1.9 13.5 0 -1.9
 1 4 -11.5 0 0 2 0 0 0 2 0 0 0 2 4-4disc.dat
 1 4 -11.5 0 -5.5 2 0 0 0 2 0 0 0 2 4-4disc.dat
 1 4 11.5 0 5.5 2 0 0 0 2 0 0 0 2 4-4disc.dat
0 Background
 4 0 -18.5 0 8.5 18.5 0 8.5 18.5 0 7.5 -18.5 0 7.5
 4 0 -18.5 0 -8.5 18.5 0 -8.5 18.5 0 -7.5 -18.5 0 -7.5
 4 0 -18.5 0 7.5 -17.4 0 7.5 -17.4 0 -7.5 -18.5 0 -7.5
 4 0 -15.6 0 7.5 -14.6 0 7.5 -14.6 0 -7.5 -15.6 0 -7.5
 4 0 18.5 0 7.5 14.6 0 7.5 14.6 0 -7.5 18.5 0 -7.5
 4 0 -14.4 0 7.5 -13.5 0 7.5 -13.5 0 -7.5 -14.4 0 -7.5
 4 0 14.4 0 7.5 13.5 0 7.5 13.5 0 -7.5 14.4 0 -7.5
 4 15 -14.6 0 7.5 -14.4 0 7.5 -14.4 0 -7.5 -14.6 0 -7.5
 4 15 14.6 0 7.5 14.4 0 7.5 14.4 0 -7.5 14.6 0 -7.5
 4 0 -9.5 0 7.5 -8.4 0 7.5 -8.4 0 -7.5 -9.5 0 -7.5
 4 0 9.5 0 7.5 8.4 0 7.5 8.4 0 -7.5 9.5 0 -7.5
 4 0 -8.2 0 7.5 -6.9 0 7.5 -6.9 0 -7.5 -8.2 0 -7.5
 4 0 8.2 0 7.5 6.9 0 7.5 6.9 0 -7.5 8.2 0 -7.5
 4 15 -8.4 0 7.5 -8.2 0 7.5 -8.2 0 -7.5 -8.4 0 -7.5
 4 15 8.4 0 7.5 8.2 0 7.5 8.2 0 -7.5 8.4 0 -7.5
 4 0 -17.4 0 6.5 -15.6 0 6.5 -15.6 0 4.5 -17.4 0 4.5
 4 0 -17.4 0 3.5 -15.6 0 3.5 -15.6 0 -3.5 -17.4 0 -3.5
 1 0 -11.5 0 0 2 0 0 0 2 0 0 0 2 4-4ndis.dat
 1 0 -11.5 0 -5.5 2 0 0 0 2 0 0 0 2 4-4ndis.dat
 1 0 11.5 0 5.5 2 0 0 0 2 0 0 0 2 4-4ndis.dat
 4 0 -13.5 0 3.5 -9.5 0 3.5 -9.5 0 2 -13.5 0 2
 4 0 -13.5 0 -2 -9.5 0 -2 -9.5 0 -3.5 -13.5 0 -3.5
 4 0 13.5 0 3.5 9.5 0 3.5 9.5 0 1.4 13.5 0 1.4
 4 0 13.5 0 -3.2 9.5 0 -3.2 9.5 0 -4.5 13.5 0 -4.5
 4 0 9.7 0 -.8 13.3 0 -.8 13.3 0 -1.8 9.7 0 -1.8
 4 0 9.7 0 -2 13.3 0 -2 13.3 0 -3 9.7 0 -3
 4 14 9.5 0 -.8 9.7 0 -.8 9.7 0 -3.2 9.5 0 -3.2
 4 14 13.3 0 -.8 13.5 0 -.8 13.5 0 -3.2 13.3 0 -3.2
 4 14 9.7 0 -1.8 13.3 0 -1.8 13.3 0 -2 9.7 0 -2
 4 14 9.7 0 -3 13.3 0 -3 13.3 0 -3.2 9.7 0 -3.2
 4 0 -6.7 0 7.3 6.7 0 7.3 6.7 0 5.1 -6.7 0 5.1
 4 0 -6.7 0 -.4 6.7 0 -.4 6.7 0 -2.9 -6.7 0 -2.9
 4 0 -6.7 0 5.1 -4.4 0 5.1 -4.4 0 -.4 -6.7 0 -.4
 4 0 6.7 0 5.1 4.4 0 5.1 4.4 0 -.4 6.7 0 -.4
 4 0 -6.7 0 -3.1 -2.4 0 -3.1 -2.4 0 -4 -6.7 0 -4
 4 0 -6.7 0 -6.5 -2.4 0 -6.5 -2.4 0 -7.3 -6.7 0 -7.3
 4 0 -6.7 0 -4 -5.8 0 -4 -5.8 0 -7.3 -6.7 0 -7.3
 4 0 -3.3 0 -4 -2.4 0 -4 -2.4 0 -7.3 -3.3 0 -7.3
 4 0 -2.2 0 -3.1 2.2 0 -3.1 2.2 0 -4 -2.2 0 -4
 4 0 -2.2 0 -6.5 2.2 0 -6.5 2.2 0 -7.3 -2.2 0 -7.3
 4 0 -2.2 0 -4 -1.3 0 -4 -1.3 0 -7.3 -2.2 0 -7.3
 4 0 1.3 0 -4 2.2 0 -4 2.2 0 -7.3 1.3 0 -7.3
 4 0 2.4 0 -3.1 6.7 0 -3.1 6.7 0 -7.3 2.4 0 -7.3
 4 15 -6.9 0 7.5 -6.7 0 7.5 -6.7 0 -7.5 -6.9 0 -7.5
 4 15 6.9 0 7.5 6.7 0 7.5 6.7 0 -7.5 6.9 0 -7.5
 4 15 -6.7 0 7.5 6.7 0 7.5 6.7 0 7.3 -6.7 0 7.3
 4 15 -6.7 0 -7.5 6.7 0 -7.5 6.7 0 -7.3 -6.7 0 -7.3
 4 15 -6.7 0 -2.9 6.7 0 -2.9 6.7 0 -3.1 -6.7 0 -3.1
 4 15 -2.4 0 -3.1 -2.2 0 -3.1 -2.2 0 -7.3 -2.4 0 -7.3
 4 15 2.4 0 -3.1 2.2 0 -3.1 2.2 0 -7.3 2.4 0 -7.3
0