0 Tile  1 x  2 with Letter Pattern
0 Name: 3069p01.dat
0 Author: James Jessiman
0 Original LDraw Part - LDraw beta 0.27 Archive

1 16 0 8 0 16 0 0 0 -4 0 0 0 6 box5.dat

4 16 20 8 10 16 8 6 -16 8 6 -20 8 10
4 16 -20 8 10 -16 8 6 -16 8 -6 -20 8 -10
4 16 -20 8 -10 -16 8 -6 16 8 -6 20 8 -10
4 16 20 8 -10 16 8 -6 16 8 6 20 8 10

1 16 0 8 0 20 0 0 0 -8 0 0 0 10 box4.dat

1 4 15 0 4 3 0 0 0 0 0 0 0 4 rect.dat

2 1 -14 0 4 -4 0 4
2 1 -14 0 0 6 0 0
2 1 -14 0 -4 0 0 -4

4 16 20 0 10 18 0 8 12 0 8 -20 0 10
4 16 -20 0 10 12 0 8 12 0 0 -20 0 -10
4 16 -20 0 -10 12 0 0 18 0 0 20 0 -10
4 16 20 0 -10 18 0 0 18 0 8 20 0 10
0
