0 Tile  1 x  2 with Computer Pattern
0 Name: 3069p25.dat
0 Author: Jaco van der Molen
0 Official LCad update 98-04

 1 16 0 8 0 16 0 0 0 -4 0 0 0 6 box5.dat
 4 16 20 8 10 16 8 6 -16 8 6 -20 8 10 
 4 16 -20 8 10 -16 8 6 -16 8 -6 -20 8 -10 
 4 16 -20 8 -10 -16 8 -6 16 8 -6 20 8 -10 
 4 16 20 8 -10 16 8 -6 16 8 6 20 8 10 
 2 24 -20 8 -10 -20 0 -10 
 2 24 20 8 -10 20 0 -10 
 2 24 20 8 10 20 0 10 
 2 24 -20 8 10 -20 0 10 
 4 16 -20 0 -10 -20 8 -10 -20 8 10 -20 0 10 
 4 16 20 0 -10 20 8 -10 20 8 10 20 0 10 
 4 16 -20 0 -10 -20 8 -10 20 8 -10 20 0 -10 
 4 16 -20 0 10 -20 8 10 20 8 10 20 0 10 
 2 24 -20 8 10 20 8 10 
 2 24 20 8 10 20 8 -10 
 2 24 -20 8 -10 20 8 -10 
 2 24 -20 8 10 -20 8 -10 
 2 24 -20 0 10 20 0 10 
 2 24 20 0 10 20 0 -10 
 2 24 -20 0 -10 20 0 -10 
 2 24 -20 0 10 -20 0 -10 
0 STRIPES
 2 0 -16 0 8 16 0 8 
 1 0 -16 0 6 -2 0 0 0 0 0 0 0 2 1-4edge.dat
 2 0 -18 0 6 -18 0 -6 
 1 0 -16 0 -6 -2 0 0 0 0 0 0 0 -2 1-4edge.dat
 2 0 -16 0 -8 16 0 -8 
 1 0 16 0 -6 2 0 0 0 0 0 0 0 -2 1-4edge.dat
 2 0 18 0 -6 18 0 6 
 1 0 16 0 6 2 0 0 0 0 0 0 0 2 1-4edge.dat
0 Red & Black Buttons Pattern
 1 0 13.50 0 3.50 2.50 0 0 0 0 0 0 0 2.50 rect.dat
 1 4 6.50 0 3.50 2.50 0 0 0 0 0 0 0 2.50 rect.dat
 1 0 13.50 0 -3.50 2.50 0 0 0 0 0 0 0 2.50 rect.dat
 1 4 6.50 0 -3.50 2.50 0 0 0 0 0 0 0 2.50 rect.dat
 4 16 20 0 10 18 0 8 -18 0 8 -20 0 10 
 4 16 -20 0 10 -18 0 8 -18 0 -8 -20 0 -10 
 4 16 -20 0 -10 -18 0 -8 18 0 -8 20 0 -10 
 4 16 20 0 -10 18 0 -8 18 0 8 20 0 10 
 1 16 -16 0 6 -2 0 0 0 0 0 0 0 2 1-4ndis.dat
 1 16 -16 0 -6 -2 0 0 0 0 0 0 0 -2 1-4ndis.dat
 1 16 16 0 -6 2 0 0 0 0 0 0 0 -2 1-4ndis.dat
 1 16 16 0 6 2 0 0 0 0 0 0 0 2 1-4ndis.dat
 4 16 16 0 8 16 0 6 -16 0 6 -16 0 8 
 1 16 -16 0 6 -2 0 0 0 0 0 0 0 2 1-4disc.dat
 4 16 -1 0 6 4 0 6 4 0 -6 -1 0 -6 
 1 16 -16 0 -6 -2 0 0 0 0 0 0 0 -2 1-4disc.dat
 4 16 16 0 -6 16 0 -8 -16 0 -8 -16 0 -6 
 1 16 16 0 -6 2 0 0 0 0 0 0 0 -2 1-4disc.dat
 4 16 18 0 -6 16 0 -6 16 0 6 18 0 6 
 1 16 16 0 6 2 0 0 0 0 0 0 0 2 1-4disc.dat
 4 16 16 0 1 16 0 -1 4 0 -1 4 0 1 
 4 16 11 0 6 9 0 6 9 0 -6 11 0 -6 
 4 16 -18 0 6 -13 0 6 -13 0 -6 -18 0 -6 
0 COMPUTER DISPLAY
 2 0 -13 0 -6 -13 0 6 
 2 0 -13 0 -6 -1 0 -6 
 2 0 -1 0 6 -1 0 -6 
 2 0 -13 0 6 -1 0 6 
 4 16 -13 0.1 -6 -13 0.1 6 -1 0.1 6 -1 0.1 -6 
 2 4 -9 0 0 -13 0 0 
 2 4 -1 0 0 -5 0 0 
 2 4 -7 0 -6 -7 0 -2 
 2 4 -7 0 2 -7 0 6 
 2 4 -5.24 0 1.76 -1 0 6 
 2 4 -8.76 0 1.76 -13 0 6 
 2 4 -5.24 0 -1.76 -1 0 -6 
 2 4 -8.76 0 -1.76 -13 0 -6 
 2 4 -1.23 0 -2.15 -4 0 -1 
 2 4 -1.23 0 2.15 -4 0 1 
 2 4 -4.85 0 -5.77 -6 0 -3 
 2 4 -4.85 0 5.77 -6 0 3 
 2 4 -9.15 0 -5.77 -8 0 -3 
 2 4 -9.15 0 5.77 -8 0 3 
 2 4 -12.77 0 -2.15 -10 0 -1 
 2 4 -12.77 0 2.15 -10 0 1 
0