0 Tile  1 x  1 with Computer Display Pattern
0 Name 3070disp.dat
0 By Jaco van der Molen
0 with a little help from Tore Eriksson
0 Official LCad update 97-16

1 16 0 8 0 6 0 0 0 -4 0 0 0 6 box5.dat
4 16 10 8 10 6 8 6 -6 8 6 -10 8 10
4 16 -10 8 10 -6 8 6 -6 8 -6 -10 8 -10
4 16 -10 8 -10 -6 8 -6 6 8 -6 10 8 -10
4 16 10 8 -10 6 8 -6 6 8 6 10 8 10
1 16 0 8 0 10 0 0 0 -8 0 0 0 10 box4.dat
2 0 6 0 8 -6 0 8
2 0 -8 0 6 -7.848 0 6.765
2 0 -7.848 0 6.765 -7.414 0 7.414
2 0 -7.414 0 7.414 -6.765 0 7.848
2 0 -6.765 0 7.848 -6 0 8
2 0 -8 0 6 -8 0 -6
2 0 -8 0 -6 -7.848 0 -6.765
2 0 -7.848 0 -6.765 -7.414 0 -7.414
2 0 -7.414 0 -7.414 -6.765 0 -7.848
2 0 -6.765 0 -7.848 -6 0 -8
2 0 -6 0 -8 6 0 -8
2 0 8 0 -6 7.848 0 -6.765
2 0 7.848 0 -6.765 7.414 0 -7.414
2 0 7.414 0 -7.414 6.765 0 -7.848
2 0 6.765 0 -7.848 6 0 -8
2 0 8 0 -6 8 0 6
2 0 8 0 6 7.848 0 6.765
2 0 7.848 0 6.765 7.414 0 7.414
2 0 7.414 0 7.414 6.765 0 7.848
2 0 6.765 0 7.848 6 0 8
4 16 10 0 10 8 0 8 -8 0 8 -10 0 10
4 16 -10 0 10 -8 0 8 -8 0 -8 -10 0 -10
4 16 -10 0 -10 -8 0 -8 8 0 -8 10 0 -10
4 16 10 0 -10 8 0 -8 8 0 8 10 0 10
1 16 -6 0 6 -2 0 0 0 0 0 0 0 2 1-4ndis.dat
1 16 -6 0 -6 -2 0 0 0 0 0 0 0 -2 1-4ndis.dat
1 16 6 0 -6 2 0 0 0 0 0 0 0 -2 1-4ndis.dat
1 16 6 0 6 2 0 0 0 0 0 0 0 2 1-4ndis.dat
4 16 6 0 8 6 0 6 -6 0 6 -6 0 8
1 16 -6 0 6 -2 0 0 0 0 0 0 0 2 1-4disc.dat
4 16 -8 0 6 -6 0 6 -6 0 -6 -8 0 -6
1 16 -6 0 -6 -2 0 0 0 0 0 0 0 -2 1-4disc.dat
4 16 -6 0 -8 -6 0 -6 6 0 -6 6 0 -8
1 16 6 0 -6 2 0 0 0 0 0 0 0 -2 1-4disc.dat
4 16 8 0 -6 6 0 -6 6 0 6 8 0 6
1 16 6 0 6 2 0 0 0 0 0 0 0 2 1-4disc.dat
4 16 6 0 1 6 0 -1 -6 0 -1 -6 0 1
4 16 1 0 6 -1 0 6 -1 0 -6 1 0 -6
0 COMPUTER DISPLAY
2 0 -6 0 -6 -6 0 6
2 0 -6 0 -6 6 0 -6
2 0 6 0 6 6 0 -6
2 0 -6 0 6 6 0 6
4 16 -6 0.10 -6 -6 0.10 6 6 0.10 6 6 0.10 -6
2 4 -2 0 0 -6 0 0
2 4 6 0 0 2 0 0
2 4 0 0 -6 0 0 -2
2 4 0 0 2 0 0 6
2 4 1.76 0 1.76 6 0 6
2 4 -1.76 0 1.76 -6 0 6
2 4 1.76 0 -1.76 6 0 -6
2 4 -1.76 0 -1.76 -6 0 -6
2 4 5.77 0 -2.15 3 0 -1
2 4 5.77 0 2.15 3 0 1
2 4 3.15 0 -5.77 2 0 -3
2 4 2.15 0 5.77 1 0 3
2 4 -2.15 0 -5.77 -1 0 -3
2 4 -2.15 0 5.77 -1 0 3
2 4 -5.77 0 -2.15 -3 0 -1
2 4 -5.77 0 2.15 -3 0 1
0