0 Tile  1 x  1 with Red & Black Buttons Pattern
0 Name: 3070p06.dat
0 Author: James Jessiman
0 Original LDraw Part - LDraw beta 0.27 Archive

 1 16 0 8 0 6 0 0 0 -4 0 0 0 6 box5.dat

 4 16 10 8 10 6 8 6 -6 8 6 -10 8 10
 4 16 -10 8 10 -6 8 6 -6 8 -6 -10 8 -10
 4 16 -10 8 -10 -6 8 -6 6 8 -6 10 8 -10
 4 16 10 8 -10 6 8 -6 6 8 6 10 8 10

 1 16 0 8 0 10 0 0 0 -8 0 0 0 10 box4.dat

 2 0 6 0 8 -6 0 8
 1 0 -6 0 6 -2 0 0 0 0 0 0 0 2 1-4edge.dat
 2 0 -8 0 6 -8 0 -6
 1 0 -6 0 -6 -2 0 0 0 0 0 0 0 -2 1-4edge.dat
 2 0 -6 0 -8 6 0 -8
 1 0 6 0 -6 2 0 0 0 0 0 0 0 -2 1-4edge.dat
 2 0 8 0 -6 8 0 6
 1 0 6 0 6 2 0 0 0 0 0 0 0 2 1-4edge.dat

 1 0 3.5 0 3.5 2.5 0 0 0 0 0 0 0 2.5 rect.dat
 1 0 -3.5 0 3.5 2.5 0 0 0 0 0 0 0 2.5 rect.dat
 1 4 3.5 0 -3.5 2.5 0 0 0 0 0 0 0 2.5 rect.dat
 1 4 -3.5 0 -3.5 2.5 0 0 0 0 0 0 0 2.5 rect.dat

 4 16 10 0 10 8 0 8 -8 0 8 -10 0 10
 4 16 -10 0 10 -8 0 8 -8 0 -8 -10 0 -10
 4 16 -10 0 -10 -8 0 -8 8 0 -8 10 0 -10
 4 16 10 0 -10 8 0 -8 8 0 8 10 0 10

 1 16 -6 0 6 -2 0 0 0 0 0 0 0 2 1-4ndis.dat
 1 16 -6 0 -6 -2 0 0 0 0 0 0 0 -2 1-4ndis.dat
 1 16 6 0 -6 2 0 0 0 0 0 0 0 -2 1-4ndis.dat
 1 16 6 0 6 2 0 0 0 0 0 0 0 2 1-4ndis.dat
 4 16 6 0 8 6 0 6 -6 0 6 -6 0 8
 1 16 -6 0 6 -2 0 0 0 0 0 0 0 2 1-4disc.dat
 4 16 -8 0 6 -6 0 6 -6 0 -6 -8 0 -6
 1 16 -6 0 -6 -2 0 0 0 0 0 0 0 -2 1-4disc.dat
 4 16 -6 0 -8 -6 0 -6 6 0 -6 6 0 -8
 1 16 6 0 -6 2 0 0 0 0 0 0 0 -2 1-4disc.dat
 4 16 8 0 -6 6 0 -6 6 0 6 8 0 6
 1 16 6 0 6 2 0 0 0 0 0 0 0 2 1-4disc.dat

 4 16 6 0 1 6 0 -1 -6 0 -1 -6 0 1
 4 16 1 0 6 -1 0 6 -1 0 -6 1 0 -6
0
