0 Brick  1 x  2 with Cable Holding Cutout
0 Name: 3134.dat
0 Author: Lutz Uhlmann
0 Official LCad update 98-02

2 24 20 24 10 4 24 10
2 24 -20 24 10 -4 24 10
2 24 20 24 -10 4 24 -10
2 24 -20 24 -10 -4 24 -10
2 24 16 24 6 4 24 6
2 24 -16 24 6 -4 24 6
2 24 16 24 -6 4 24 -6
2 24 -16 24 -6 -4 24 -6

4 16 20 24 10 16 24 6 4 24 6 4 24 10
4 16 -20 24 10 -16 24 6 -4 24 6 -4 24 10
4 16 20 24 -10 16 24 -6 4 24 -6 4 24 -10
4 16 -20 24 -10 -16 24 -6 -4 24 -6 -4 24 -10
4 16 -20 24 10 -16 24 6 -16 24 -6 -20 24 -10
4 16 20 24 -10 16 24 -6 16 24 6 20 24 10

1 16 4 22 8 0 1 0 2 0 0 0 0 2 rect.dat
1 16 -4 22 8 0 1 0 2 0 0 0 0 2 rect.dat
1 16 4 22 -8 0 1 0 2 0 0 0 0 2 rect.dat
1 16 -4 22 -8 0 1 0 2 0 0 0 0 2 rect.dat
1 16 0 20 8 4 0 0 0 1 0 0 0 2 rect.dat
1 16 0 20 -8 4 0 0 0 1 0 0 0 2 rect.dat
1 16 20 12 0 0 1 0 12 0 0 0 0 10 rect.dat
1 16 -20 12 0 0 1 0 12 0 0 0 0 10 rect.dat
1 16 16 14 0 0 1 0 10 0 0 0 0 6 rect.dat
1 16 -16 14 0 0 1 0 10 0 0 0 0 6 rect.dat

4 16 20 24 10 4 24 10 4 20 10 20 20 10
4 16 16 24 6 4 24 6 4 20 6 16 20 6
4 16 -20 24 10 -4 24 10 -4 20 10 -20 20 10
4 16 -16 24 6 -4 24 6 -4 20 6 -16 20 6
4 16 20 24 -10 4 24 -10 4 20 -10 20 20 -10
4 16 16 24 -6 4 24 -6 4 20 -6 16 20 -6
4 16 -20 24 -10 -4 24 -10 -4 20 -10 -20 20 -10
4 16 -16 24 -6 -4 24 -6 -4 20 -6 -16 20 -6

4 16 16 20 6 -16 20 6 -16 4 6 16 4 6
4 16 16 20 -6 -16 20 -6 -16 4 -6 16 4 -6
4 16 20 20 10 -20 20 10 -20 0 10 20 0 10
4 16 20 20 -10 -20 20 -10 -20 0 -10 20 0 -10

1 16 0 4 0 16 0 0 0 1 0 0 0 6 rect.dat
1 16 0 0 0 20 0 0 0 1 0 0 0 10 rect.dat

1 16 10 0 0 1 0 0 0 1 0 0 0 1 stud.dat
1 16 -10 0 0 1 0 0 0 1 0 0 0 1 stud.dat

0