0 Brick  2 x  2 with Wheels Holder
0 Name: 3137.dat
0 Author: James Jessiman
0 Official L-Cad update 99-03

 1 16 0 4 0 1 0 0 0 -5 0 0 0 1 stud4.dat

 2 24 20 24 20 -20 24 20
 2 24 -20 24 20 -20 24 2
 2 24 -20 24 2 -16 24 2
 2 24 -16 24 2 -16 24 16
 2 24 -16 24 16 16 24 16
 2 24 16 24 16 16 24 2
 2 24 16 24 2 20 24 2
 2 24 20 24 2 20 24 20

 2 24 20 24 -20 -20 24 -20
 2 24 -20 24 -20 -20 24 -2
 2 24 -20 24 -2 -16 24 -2
 2 24 -16 24 -2 -16 24 -16
 2 24 -16 24 -16 16 24 -16
 2 24 16 24 -16 16 24 -2
 2 24 16 24 -2 20 24 -2
 2 24 20 24 -2 20 24 -20

 2 24 20 0 20 -20 0 20
 2 24 -20 0 20 -20 0 -20
 2 24 -20 0 -20 20 0 -20
 2 24 20 0 -20 20 0 20

 2 24 16 4 16 -16 4 16
 2 24 -16 4 16 -16 4 -16
 2 24 -16 4 -16 16 4 -16
 2 24 16 4 -16 16 4 16

 2 24 20 24 20 20 0 20
 2 24 -20 24 20 -20 0 20
 2 24 20 24 -20 20 0 -20
 2 24 -20 24 -20 -20 0 -20

 2 24 16 24 16 16 4 16
 2 24 -16 24 16 -16 4 16
 2 24 16 24 -16 16 4 -16
 2 24 -16 24 -16 -16 4 -16

 2 24 20 22 2 20 24 2
 2 24 -20 22 2 -20 24 2
 2 24 20 22 -2 20 24 -2
 2 24 -20 22 -2 -20 24 -2

 2 24 16 22 2 16 24 2
 2 24 -16 22 2 -16 24 2
 2 24 16 22 -2 16 24 -2
 2 24 -16 22 -2 -16 24 -2

 1 16 16 22 0 0 0 0 0 0 -2 2 0 0 2-4edge.dat
 1 16 -16 22 0 0 0 0 0 0 -2 2 0 0 2-4edge.dat
 1 16 20 22 0 0 0 0 0 0 2 2 0 0 4-4edge.dat
 1 16 -20 22 0 0 0 0 0 0 2 2 0 0 4-4edge.dat
 1 16 20 22 0 0 0 0 0 0 4 4 0 0 2-4edge.dat
 1 16 -20 22 0 0 0 0 0 0 4 4 0 0 2-4edge.dat
 1 16 22 22 0 0 0 0 0 0 2 2 0 0 2-4edge.dat
 1 16 -22 22 0 0 0 0 0 0 2 2 0 0 2-4edge.dat
 1 16 22 22 0 0 0 0 0 0 4 4 0 0 2-4edge.dat
 1 16 -22 22 0 0 0 0 0 0 4 4 0 0 2-4edge.dat

 2 24 20 22 2 20 20 2
 2 24 -20 22 2 -20 20 2
 2 24 20 22 -2 20 20 -2
 2 24 -20 22 -2 -20 20 -2
 2 24 20 22 4 20 20 4
 2 24 -20 22 4 -20 20 4
 2 24 20 22 -4 20 20 -4
 2 24 -20 22 -4 -20 20 -4
 2 24 22 22 2 22 20 2
 2 24 -22 22 2 -22 20 2
 2 24 22 22 -2 22 20 -2
 2 24 -22 22 -2 -22 20 -2
 2 24 22 22 4 22 20 4
 2 24 -22 22 4 -22 20 4
 2 24 22 22 -4 22 20 -4
 2 24 -22 22 -4 -22 20 -4

 1 16 20 20 3 0 0 0 0 0 -1 1 0 0 2-4edge.dat
 1 16 -20 20 3 0 0 0 0 0 -1 1 0 0 2-4edge.dat
 1 16 20 20 -3 0 0 0 0 0 -1 1 0 0 2-4edge.dat
 1 16 -20 20 -3 0 0 0 0 0 -1 1 0 0 2-4edge.dat
 1 16 22 20 3 0 0 0 0 0 -1 1 0 0 2-4edge.dat
 1 16 -22 20 3 0 0 0 0 0 -1 1 0 0 2-4edge.dat
 1 16 22 20 -3 0 0 0 0 0 -1 1 0 0 2-4edge.dat
 1 16 -22 20 -3 0 0 0 0 0 -1 1 0 0 2-4edge.dat

 1 16 20 20 3 0 2 0 0 0 -1 1 0 0 2-4cyli.dat
 1 16 -20 20 3 0 -2 0 0 0 -1 1 0 0 2-4cyli.dat
 1 16 20 20 -3 0 2 0 0 0 -1 1 0 0 2-4cyli.dat
 1 16 -20 20 -3 0 -2 0 0 0 -1 1 0 0 2-4cyli.dat

 1 16 20 22 0 0 2 0 0 0 2 2 0 0 2-4cyli.dat
 1 16 -20 22 0 0 -2 0 0 0 2 2 0 0 2-4cyli.dat
 1 16 20 22 0 0 2 0 0 0 4 4 0 0 2-4cyli.dat
 1 16 -20 22 0 0 -2 0 0 0 4 4 0 0 2-4cyli.dat

 4 16 20 22 2 20 20 2 22 20 2 22 22 2
 4 16 -20 22 2 -20 20 2 -22 20 2 -22 22 2
 4 16 20 22 -2 20 20 -2 22 20 -2 22 22 -2
 4 16 -20 22 -2 -20 20 -2 -22 20 -2 -22 22 -2
 4 16 20 22 4 20 20 4 22 20 4 22 22 4
 4 16 -20 22 4 -20 20 4 -22 20 4 -22 22 4
 4 16 20 22 -4 20 20 -4 22 20 -4 22 22 -4
 4 16 -20 22 -4 -20 20 -4 -22 20 -4 -22 22 -4

 1 16 22 20 3 0 0 0 0 0 -1 1 0 0 2-4disc.dat
 1 16 -22 20 3 0 0 0 0 0 -1 1 0 0 2-4disc.dat
 1 16 22 20 -3 0 0 0 0 0 -1 1 0 0 2-4disc.dat
 1 16 -22 20 -3 0 0 0 0 0 -1 1 0 0 2-4disc.dat

 4 16 22 22 2 22 20 2 22 20 4 22 22 4
 4 16 -22 22 2 -22 20 2 -22 20 4 -22 22 4
 4 16 22 22 -2 22 20 -2 22 20 -4 22 22 -4
 4 16 -22 22 -2 -22 20 -2 -22 20 -4 -22 22 -4

 1 16 16 22 0 0 0 0 0 0 -2 2 0 0 2-4ndis.dat
 1 16 -16 22 0 0 0 0 0 0 -2 2 0 0 2-4ndis.dat
 1 16 20 22 0 0 0 0 0 0 -2 2 0 0 2-4ndis.dat
 1 16 -20 22 0 0 0 0 0 0 -2 2 0 0 2-4ndis.dat

 4 16 20 24 20 16 24 16 -16 24 16 -20 24 20
 4 16 20 24 -20 16 24 -16 -16 24 -16 -20 24 -20
 4 16 20 24 20 16 24 16 16 24 2 20 24 2
 4 16 -20 24 20 -16 24 16 -16 24 2 -20 24 2
 4 16 20 24 -20 16 24 -16 16 24 -2 20 24 -2
 4 16 -20 24 -20 -16 24 -16 -16 24 -2 -20 24 -2
 4 16 20 24 2 20 22 2 16 22 2 16 24 2
 4 16 20 24 -2 20 22 -2 16 22 -2 16 24 -2
 4 16 -20 24 2 -20 22 2 -16 22 2 -16 24 2
 4 16 -20 24 -2 -20 22 -2 -16 22 -2 -16 24 -2

 1 16 20 22 0 0 -4 0 0 0 -2 2 0 0 2-4cyli.dat
 1 16 -20 22 0 0 4 0 0 0 -2 2 0 0 2-4cyli.dat

 4 16 16 24 16 16 4 16 16 20 2 16 24 2
 4 16 -16 24 16 -16 4 16 -16 20 2 -16 24 2
 4 16 16 24 -16 16 4 -16 16 20 -2 16 24 -2
 4 16 -16 24 -16 -16 4 -16 -16 20 -2 -16 24 -2
 4 16 16 4 16 16 20 2 16 20 -2 16 4 -16
 4 16 -16 4 16 -16 20 2 -16 20 -2 -16 4 -16
 4 16 16 24 16 16 4 16 -16 4 16 -16 24 16
 4 16 16 24 -16 16 4 -16 -16 4 -16 -16 24 -16
 4 16 16 4 16 16 4 -16 -16 4 -16 -16 4 16

 4 16 20 24 20 20 0 20 20 20 2 20 24 2
 4 16 -20 24 20 -20 0 20 -20 20 2 -20 24 2
 4 16 20 24 -20 20 0 -20 20 20 -2 20 24 -2
 4 16 -20 24 -20 -20 0 -20 -20 20 -2 -20 24 -2
 4 16 20 0 20 20 20 2 20 20 -2 20 0 -20
 4 16 -20 0 20 -20 20 2 -20 20 -2 -20 0 -20
 4 16 20 24 20 20 0 20 -20 0 20 -20 24 20
 4 16 20 24 -20 20 0 -20 -20 0 -20 -20 24 -20
 4 16 20 0 20 20 0 -20 -20 0 -20 -20 0 20

 4 16 20 24 0 20 23.85 -0.77 20 25.70 -1.53 20 26 0
 4 16 -20 24 0 -20 23.85 -0.77 -20 25.70 -1.53 -20 26 0
 4 16 22 24 0 22 23.85 -0.77 22 25.70 -1.53 22 26 0
 4 16 -22 24 0 -22 23.85 -0.77 -22 25.70 -1.53 -22 26 0
 4 16 20 23.85 -0.77 20 23.41 -1.41 20 24.83 -2.83 20 25.70 -1.53
 4 16 -20 23.85 -0.77 -20 23.41 -1.41 -20 24.83 -2.83 -20 25.70 -1.53
 4 16 22 23.85 -0.77 22 23.41 -1.41 22 24.83 -2.83 22 25.70 -1.53
 4 16 -22 23.85 -0.77 -22 23.41 -1.41 -22 24.83 -2.83 -22 25.70 -1.53
 4 16 20 23.41 -1.41 20 22.77 -1.85 20 23.53 -3.70 20 24.83 -2.83
 4 16 -20 23.41 -1.41 -20 22.77 -1.85 -20 23.53 -3.70 -20 24.83 -2.83
 4 16 22 23.41 -1.41 22 22.77 -1.85 22 23.53 -3.70 22 24.83 -2.83
 4 16 -22 23.41 -1.41 -22 22.77 -1.85 -22 23.53 -3.70 -22 24.83 -2.83
 4 16 20 22.77 -1.85 20 22 -2 20 22 -4 20 23.53 -3.70
 4 16 -20 22.77 -1.85 -20 22 -2 -20 22 -4 -20 23.53 -3.70
 4 16 22 22.77 -1.85 22 22 -2 22 22 -4 22 23.53 -3.70
 4 16 -22 22.77 -1.85 -22 22 -2 -22 22 -4 -22 23.53 -3.70
 4 16 20 22 2 20 22.77 1.85 20 23.53 3.70 20 22 4
 4 16 -20 22 2 -20 22.77 1.85 -20 23.53 3.70 -20 22 4
 4 16 22 22 2 22 22.77 1.85 22 23.53 3.70 22 22 4
 4 16 -22 22 2 -22 22.77 1.85 -22 23.53 3.70 -22 22 4
 4 16 20 22.77 1.85 20 23.41 1.41 20 24.83 2.83 20 23.53 3.70
 4 16 -20 22.77 1.85 -20 23.41 1.41 -20 24.83 2.83 -20 23.53 3.70
 4 16 22 22.77 1.85 22 23.41 1.41 22 24.83 2.83 22 23.53 3.70
 4 16 -22 22.77 1.85 -22 23.41 1.41 -22 24.83 2.83 -22 23.53 3.70
 4 16 20 23.41 1.41 20 23.85 0.77 20 25.70 1.53 20 24.83 2.83
 4 16 -20 23.41 1.41 -20 23.85 0.77 -20 25.70 1.53 -20 24.83 2.83
 4 16 22 23.41 1.41 22 23.85 0.77 22 25.70 1.53 22 24.83 2.83
 4 16 -22 23.41 1.41 -22 23.85 0.77 -22 25.70 1.53 -22 24.83 2.83
 4 16 20 23.85 0.77 20 24 0 20 26 0 20 25.70 1.53
 4 16 -20 23.85 0.77 -20 24 0 -20 26 0 -20 25.70 1.53
 4 16 22 23.85 0.77 22 24 0 22 26 0 22 25.70 1.53
 4 16 -22 23.85 0.77 -22 24 0 -22 26 0 -22 25.70 1.53

 1 16 10 0 10 1 0 0 0 1 0 0 0 1 stud.dat
 1 16 -10 0 10 1 0 0 0 1 0 0 0 1 stud.dat
 1 16 10 0 -10 1 0 0 0 1 0 0 0 1 stud.dat
 1 16 -10 0 -10 1 0 0 0 1 0 0 0 1 stud.dat
0