0 Door  1 x  3 x  2 Left

 1 16 0 48 0 6 0 0 0 0 0 0 0 6 4-4edge.dat
 2 24 6 48 10 6 48 50
 2 24 6 48 50 10 48 50
 2 24 10 48 50 10 48 0
 1 16 0 48 0 10 0 0 0 0 0 0 0 -10 3-4edge.dat
 2 24 0 48 10 6 48 10

 1 16 0 4 0 6 0 0 0 0 0 0 0 6 4-4edge.dat
 2 24 6 0 10 6 0 50
 2 24 6 0 50 10 0 50
 2 24 10 0 50 10 0 0
 1 16 0 0 0 10 0 0 0 0 0 0 0 -10 3-4edge.dat
 2 24 0 0 10 6 0 10

 2 24 6 0 10 6 48 10
 2 24 6 0 50 6 48 50
 2 24 10 0 50 10 48 50

 2 24 6 19 40 6 29 40
 2 24 6 21 38 6 27 38
 2 24 10 21 42 10 27 42
 2 24 10 21 38 10 27 38
 2 24 13 19 40 13 29 40
 2 24 13 21 38 13 27 38
 2 24 15 21 42 15 27 42
 2 24 15 21 38 15 27 38
 2 24 10 19 40 12 19 40
 2 24 10 29 40 12 29 40

 1 16 6 21 40 0 0 0 -2 0 0 0 0 -2 1-4edge.dat
 1 16 6 27 40 0 0 0 2 0 0 0 0 -2 1-4edge.dat
 1 16 10 21 40 0 0 0 0 0 -2 2 0 0 2-4edge.dat
 1 16 10 27 40 0 0 0 0 0 2 2 0 0 2-4edge.dat
 1 16 13 21 40 0 0 0 -2 0 0 0 0 -2 1-4edge.dat
 1 16 13 27 40 0 0 0 2 0 0 0 0 -2 1-4edge.dat
 1 16 15 21 40 0 0 0 0 0 -2 2 0 0 2-4edge.dat
 1 16 15 27 40 0 0 0 0 0 2 2 0 0 2-4edge.dat

 2 24 13 29 40 6 29 40
 2 24 13 19 40 6 19 40

 4 16 0 48 6 -2.30 48 5.54 -3.83 48 9.24 0 48 10
 4 16 -2.30 48 5.54 -4.24 48 4.24 -7.07 48 7.07 -3.83 48 9.24
 4 16 -4.24 48 4.24 -5.54 48 2.30 -9.24 48 3.83 -7.07 48 7.07
 4 16 -5.54 48 2.30 -6 48 0 -10 48 0 -9.24 48 3.83
 4 16 -6 48 0 -5.54 48 -2.30 -9.24 48 -3.83 -10 48 0
 4 16 -5.54 48 -2.30 -4.24 48 -4.24 -7.07 48 -7.07 -9.24 48 -3.83
 4 16 -4.24 48 -4.24 -2.30 48 -5.54 -3.83 48 -9.24 -7.07 48 -7.07
 4 16 -2.30 48 -5.54 0 48 -6 0 48 -10 -3.83 48 -9.24
 4 16 0 48 -6 2.30 48 -5.54 3.83 48 -9.24 0 48 -10
 4 16 2.30 48 -5.54 4.24 48 -4.24 7.07 48 -7.07 3.83 48 -9.24
 4 16 4.24 48 -4.24 5.54 48 -2.30 9.24 48 -3.83 7.07 48 -7.07
 4 16 5.54 48 -2.30 6 48 0 10 48 0 9.24 48 -3.83
 1 16 0 48 0 6 0 0 0 0 0 0 0 6 1-4ndis.dat
 4 16 0 48 6 0 48 10 6 48 10 6 48 6
 4 16 6 48 0 6 48 50 10 48 50 10 48 0

 1 16 0 4 0 6 0 0 0 44 0 0 0 6 4-4cyli.dat
 1 16 0 4 0 6 0 0 0 0 0 0 0 6 4-4disc.dat

 4 16 6 48 10 6 29 38 6 29 40 6 48 50
 4 16 6 48 50 6 29 40 6 19 40 6 0 50
 4 16 6 0 50 6 19 40 6 19 38 6 0 10
 4 16 6 0 10 6 19 38 6 29 38 6 48 10
 4 16 6 48 50 6 0 50 10 0 50 10 48 50
 4 16 10 48 0 10 29 38 10 29 42 10 48 50
 4 16 10 48 50 10 29 42 10 19 42 10 0 50
 4 16 10 0 50 10 19 42 10 19 38 10 0 0
 4 16 10 0 0 10 19 38 10 29 38 10 48 0
 1 16 0 0 0 10 0 0 0 48 0 0 0 -10 3-4cyli.dat
 4 16 0 48 10 0 0 10 6 0 10 6 48 10

 1 16 0 0 0 10 0 0 0 0 0 0 0 -10 3-4disc.dat
 4 16 0 0 0 0 0 10 10 0 10 10 0 0
 4 16 6 0 10 6 0 50 10 0 50 10 0 10

 4 16 10 21 42 15 21 42 15 27 42 10 27 42
 4 16 6 19 40 13 19 40 13 29 40 6 29 40
 4 16 13 21 38 15 21 38 15 27 38 13 27 38
 4 16 6 21 38 10 21 38 10 27 38 6 27 38
 4 16 13 21 40 13 21 38 13 27 38 13 27 40
 4 16 15 21 42 15 21 38 15 27 38 15 27 42

 1 16 6 21 40 0 0 0 -2 0 0 0 0 -2 1-4ndis.dat
 1 16 6 27 40 0 0 0 2 0 0 0 0 -2 1-4ndis.dat
 1 16 10 21 40 0 0 0 0 0 -2 2 0 0 2-4ndis.dat
 1 16 10 27 40 0 0 0 0 0 2 2 0 0 2-4ndis.dat
 1 16 13 21 40 0 0 0 -2 0 0 0 0 -2 1-4disc.dat
 1 16 13 27 40 0 0 0 2 0 0 0 0 -2 1-4disc.dat
 1 16 15 21 40 0 0 0 0 0 -2 2 0 0 2-4disc.dat
 1 16 15 27 40 0 0 0 0 0 2 2 0 0 2-4disc.dat

 1 16 10 21 40 0 5 0 -2 0 0 0 0 2 1-4cyli.dat
 1 16 10 27 40 0 5 0 2 0 0 0 0 2 1-4cyli.dat
 1 16 6 21 40 0 4 0 -2 0 0 0 0 -2 1-4cyli.dat
 1 16 6 27 40 0 4 0 2 0 0 0 0 -2 1-4cyli.dat
 1 16 13 21 40 0 2 0 -2 0 0 0 0 -2 1-4cyli.dat
 1 16 13 27 40 0 2 0 2 0 0 0 0 -2 1-4cyli.dat

 1 16 0 0 0 1 0 0 0 1 0 0 0 1 stud.dat
