0 Door  1 x  5 x  4 Left

 1 16 0 96 0 6 0 0 0 0 0 0 0 6 4-4edge.dat
 2 24 6 96 10 6 96 90
 2 24 6 96 90 10 96 90
 2 24 10 96 90 10 96 0
 1 16 0 96 0 10 0 0 0 0 0 0 0 -10 3-4edge.dat
 2 24 0 96 10 6 96 10

 1 16 0 4 0 6 0 0 0 0 0 0 0 6 4-4edge.dat
 2 24 6 0 10 6 0 90
 2 24 6 0 90 10 0 90
 2 24 10 0 90 10 0 0
 1 16 0 0 0 10 0 0 0 0 0 0 0 -10 3-4edge.dat
 2 24 0 0 10 6 0 10

 2 24 6 0 10 6 96 10
 2 24 6 0 90 6 96 90
 2 24 10 0 90 10 96 90

 2 24 6 43 80 6 53 80
 2 24 6 45 78 6 51 78
 2 24 10 45 82 10 51 82
 2 24 10 45 78 10 51 78
 2 24 13 43 80 13 53 80
 2 24 13 45 78 13 51 78
 2 24 15 45 82 15 51 82
 2 24 15 45 78 15 51 78
 2 24 10 43 80 12 43 80
 2 24 10 53 80 12 53 80

 1 16 6 45 80 0 0 0 -2 0 0 0 0 -2 1-4edge.dat
 1 16 6 51 80 0 0 0 2 0 0 0 0 -2 1-4edge.dat
 1 16 10 45 80 0 0 0 0 0 -2 2 0 0 2-4edge.dat
 1 16 10 51 80 0 0 0 0 0 2 2 0 0 2-4edge.dat
 1 16 13 45 80 0 0 0 -2 0 0 0 0 -2 1-4edge.dat
 1 16 13 51 80 0 0 0 2 0 0 0 0 -2 1-4edge.dat
 1 16 15 45 80 0 0 0 0 0 -2 2 0 0 2-4edge.dat
 1 16 15 51 80 0 0 0 0 0 2 2 0 0 2-4edge.dat

 2 24 13 53 80 6 53 80
 2 24 13 43 80 6 43 80

 4 16 0 96 6 -2.30 96 5.54 -3.83 96 9.24 0 96 10
 4 16 -2.30 96 5.54 -4.24 96 4.24 -7.07 96 7.07 -3.83 96 9.24
 4 16 -4.24 96 4.24 -5.54 96 2.30 -9.24 96 3.83 -7.07 96 7.07
 4 16 -5.54 96 2.30 -6 96 0 -10 96 0 -9.24 96 3.83
 4 16 -6 96 0 -5.54 96 -2.30 -9.24 96 -3.83 -10 96 0
 4 16 -5.54 96 -2.30 -4.24 96 -4.24 -7.07 96 -7.07 -9.24 96 -3.83
 4 16 -4.24 96 -4.24 -2.30 96 -5.54 -3.83 96 -9.24 -7.07 96 -7.07
 4 16 -2.30 96 -5.54 0 96 -6 0 96 -10 -3.83 96 -9.24
 4 16 0 96 -6 2.30 96 -5.54 3.83 96 -9.24 0 96 -10
 4 16 2.30 96 -5.54 4.24 96 -4.24 7.07 96 -7.07 3.83 96 -9.24
 4 16 4.24 96 -4.24 5.54 96 -2.30 9.24 96 -3.83 7.07 96 -7.07
 4 16 5.54 96 -2.30 6 96 0 10 96 0 9.24 96 -3.83
 1 16 0 96 0 6 0 0 0 0 0 0 0 6 1-4ndis.dat
 4 16 0 96 6 0 96 10 6 96 10 6 96 6
 4 16 6 96 0 6 96 90 10 96 90 10 96 0

 1 16 0 4 0 6 0 0 0 92 0 0 0 6 4-4cyli.dat
 1 16 0 4 0 6 0 0 0 0 0 0 0 6 4-4disc.dat

 4 16 6 96 10 6 53 78 6 53 80 6 96 90
 4 16 6 96 90 6 53 80 6 43 80 6 0 90
 4 16 6 0 90 6 43 80 6 43 78 6 0 10
 4 16 6 0 10 6 43 78 6 53 78 6 96 10
 4 16 6 96 90 6 0 90 10 0 90 10 96 90
 4 16 10 96 0 10 53 78 10 53 82 10 96 90
 4 16 10 96 90 10 53 82 10 43 82 10 0 90
 4 16 10 0 90 10 43 82 10 43 78 10 0 0
 4 16 10 0 0 10 43 78 10 53 78 10 96 0
 1 16 0 0 0 10 0 0 0 96 0 0 0 -10 3-4cyli.dat
 4 16 0 96 10 0 0 10 6 0 10 6 96 10

 1 16 0 0 0 10 0 0 0 0 0 0 0 -10 3-4disc.dat
 4 16 0 0 0 0 0 10 10 0 10 10 0 0
 4 16 6 0 10 6 0 90 10 0 90 10 0 10

 4 16 10 45 82 15 45 82 15 51 82 10 51 82
 4 16 6 43 80 13 43 80 13 53 80 6 53 80
 4 16 13 45 78 15 45 78 15 51 78 13 51 78
 4 16 6 45 78 10 45 78 10 51 78 6 51 78
 4 16 13 45 80 13 45 78 13 51 78 13 51 80
 4 16 15 45 82 15 45 78 15 51 78 15 51 82

 1 16 6 45 80 0 0 0 -2 0 0 0 0 -2 1-4ndis.dat
 1 16 6 51 80 0 0 0 2 0 0 0 0 -2 1-4ndis.dat
 1 16 10 45 80 0 0 0 0 0 -2 2 0 0 2-4ndis.dat
 1 16 10 51 80 0 0 0 0 0 2 2 0 0 2-4ndis.dat
 1 16 13 45 80 0 0 0 -2 0 0 0 0 -2 1-4disc.dat
 1 16 13 51 80 0 0 0 2 0 0 0 0 -2 1-4disc.dat
 1 16 15 45 80 0 0 0 0 0 -2 2 0 0 2-4disc.dat
 1 16 15 51 80 0 0 0 0 0 2 2 0 0 2-4disc.dat

 1 16 10 45 80 0 5 0 -2 0 0 0 0 2 1-4cyli.dat
 1 16 10 51 80 0 5 0 2 0 0 0 0 2 1-4cyli.dat
 1 16 6 45 80 0 4 0 -2 0 0 0 0 -2 1-4cyli.dat
 1 16 6 51 80 0 4 0 2 0 0 0 0 -2 1-4cyli.dat
 1 16 13 45 80 0 2 0 -2 0 0 0 0 -2 1-4cyli.dat
 1 16 13 51 80 0 2 0 2 0 0 0 0 -2 1-4cyli.dat

 1 16 0 0 0 1 0 0 0 1 0 0 0 1 stud.dat
