0 Plate  1 x  2 with Door Rail
0 Name: 32028.dat
0 Author: (c)Remco Braak (rbraak@nat.vu.nl)
0 Official LCad update 97-17

1 16 0 4 0 1 0 0 0 -1 0 0 0 1 stud3.dat

1 16 0 8 0 16 0 0 0 -4 0 0 0 6 box5.dat

4 16 20 8 10 16 8 6 -16 8 6 -20 8 10
4 16 -20 8 10 -16 8 6 -16 8 -6 -20 8 -10
4 16 -20 8 -10 -16 8 -6 16 8 -6 20 8 -10
4 16 20 8 -10 16 8 -6 16 8 6 20 8 10

 2 24 20 8 10 -20 8 10
 2 24 20 0 10 -20 0 10
 2 24 20 0 -12 -20 0 -12
 2 24 20 3 -12 -20 3 -12
 2 24 20 3 -16 -20 3 -16
 2 24 20 0 -16 -20 0 -16
 2 24 20 0 -18 -20 0 -18
 2 24 20 8 -18 -20 8 -18
 2 24 20 8 -16 -20 8 -16
 2 24 20 5 -16 -20 5 -16
 2 24 20 5 -12 -20 5 -12
 2 24 20 8 -12 -20 8 -12


 2 24 20 8 10 20 0 10
 2 24 20 0 10 20 0 -12
 2 24 20 0 -12 20 3 -12
 2 24 20 3 -12 20 3 -16
 2 24 20 3 -16 20 0 -16
 2 24 20 0 -16 20 0 -18
 2 24 20 0 -18 20 8 -18
 2 24 20 8 -18 20 8 -16
 2 24 20 8 -16 20 5 -16
 2 24 20 5 -16 20 5 -12
 2 24 20 5 -12 20 8 -12
 2 24 20 8 -12 20 8 10

 2 24 -20 8 10 -20 0 10
 2 24 -20 0 10 -20 0 -12
 2 24 -20 0 -12 -20 3 -12
 2 24 -20 3 -12 -20 3 -16
 2 24 -20 3 -16 -20 0 -16
 2 24 -20 0 -16 -20 0 -18
 2 24 -20 0 -18 -20 8 -18
 2 24 -20 8 -18 -20 8 -16
 2 24 -20 8 -16 -20 5 -16
 2 24 -20 5 -16 -20 5 -12
 2 24 -20 5 -12 -20 8 -12
 2 24 -20 8 -12 -20 8 10

 4 16 20 8 10 20 0 10 20 0 -12 20 8 -12
 4 16 20 5 -12 20 3 -12 20 3 -16 20 5 -16
 4 16 20 8 -16 20 0 -16 20 0 -18 20 8 -18

 4 16 -20 8 10 -20 0 10 -20 0 -12 -20 8 -12
 4 16 -20 5 -12 -20 3 -12 -20 3 -16 -20 5 -16
 4 16 -20 8 -16 -20 0 -16 -20 0 -18 -20 8 -18

 4 16 20 8  10 20 0  10 -20 0  10 -20 8  10
 4 16 20 0  10 20 0 -12 -20 0 -12 -20 0  10
 4 16 20 0 -12 20 3 -12 -20 3 -12 -20 0 -12
 4 16 20 3 -12 20 3 -16 -20 3 -16 -20 3 -12
 4 16 20 3 -16 20 0 -16 -20 0 -16 -20 3 -16
 4 16 20 0 -16 20 0 -18 -20 0 -18 -20 0 -16
 4 16 20 0 -18 20 8 -18 -20 8 -18 -20 0 -18
 4 16 20 8 -18 20 8 -16 -20 8 -16 -20 8 -18
 4 16 20 8 -16 20 5 -16 -20 5 -16 -20 8 -16
 4 16 20 5 -16 20 5 -12 -20 5 -12 -20 5 -16
 4 16 20 5 -12 20 8 -12 -20 8 -12 -20 5 -12
 4 16 20 8 -12 20 8 -10 -20 8 -10 -20 8 -12

 1 16 10 0 0 1 0 0 0 1 0 0 0 1 stud.dat
 1 16 -10 0 0 1 0 0 0 1 0 0 0 1 stud.dat
