0 Technic Pin Long with Stop Bush
0 Name: 32054.dat
0 Author: Fredrik Glöckner
0 Official LCad update 99-05

 1 16 -10 0 0 0 2 0 4 0 0 0 0 4 4-4cyli.dat
 1 16 -10 0 0 0 -1 0 2 0 0 0 0 2 ring2.dat
 4 16 -8 5.8 -1 -8 5.8 1 -8 3.8 1 -8 3.8 -1
 4 16 -8 -5.8 -1 -8 -5.8 1 -8 -3.8 1 -8 -3.8 -1
 4 16 -2 5.8 -1 -2 5.8 1 -2 3.8 1 -2 3.8 -1
 4 16 -2 -5.8 -1 -2 -5.8 1 -2 -3.8 1 -2 -3.8 -1
 4 16 2 5.8 -1 2 5.8 1 2 3.8 1 2 3.8 -1
 4 16 2 -5.8 -1 2 -5.8 1 2 -3.8 1 2 -3.8 -1
 4 16 20 5.8 -1 20 5.8 1 20 3.8 1 20 3.8 -1
 4 16 20 -5.8 -1 20 -5.8 1 20 -3.8 1 20 -3.8 -1
 2 24 -2 5.8 -1 -2 5.8 1
 2 24 -2 -5.8 -1 -2 -5.8 1
 2 24 -2 3.8 -1 -2 3.8 1
 2 24 -2 -3.8 -1 -2 -3.8 1
 2 24 -8 5.8 -1 -8 5.8 1
 2 24 -8 -5.8 -1 -8 -5.8 1
 2 24 -8 3.8 -1 -8 3.8 1
 2 24 -8 -3.8 -1 -8 -3.8 1
 4 16 -8 5.8 -1 -2 5.8 -1 -2 3.8 -1 -8 3.8 -1
 4 16 -8 -5.8 -1 -2 -5.8 -1 -2 -3.8 -1 -8 -3.8 -1
 2 24 -8 5.8 -1 -8 3.8 -1
 2 24 -8 -5.8 -1 -8 -3.8 -1
 2 24 -2 5.8 -1 -2 3.8 -1
 2 24 -2 -5.8 -1 -2 -3.8 -1
 4 16 -8 5.8 -1 -8 5.54 -2.3 -2 5.54 -2.3 -2 5.8 -1
 2 24 -8 5.8 -1 -2 5.8 -1
 4 16 -8 5.54 -2.3 -8 4.24 -4.24 -2 4.24 -4.24 -2 5.54 -2.3
 5 24 -8 5.54 -2.3 -2 5.54 -2.3 -8 4.24 -4.24 -8 6 0
 4 16 -8 4.24 -4.24 -8 2.3 -5.54 -2 2.3 -5.54 -2 4.24 -4.24
 5 24 -8 4.24 -4.24 -2 4.24 -4.24 -8 2.3 -5.54 -8 5.54 -2.3
 4 16 -8 2.3 -5.54 -8 0 -6 -2 0 -6 -2 2.3 -5.54
 5 24 -8 2.3 -5.54 -2 2.3 -5.54 -8 0 -6 -8 4.24 -4.24
 4 16 -8 0 -6 -8 -2.3 -5.54 -2 -2.3 -5.54 -2 0 -6
 5 24 -8 0 -6 -2 0 -6 -8 -2.3 -5.54 -8 2.3 -5.54
 4 16 -8 -2.3 -5.54 -8 -4.24 -4.24 -2 -4.24 -4.24 -2 -2.3 -5.54
 5 24 -8 -2.3 -5.54 -2 -2.3 -5.54 -8 -4.24 -4.24 -8 0 -6
 4 16 -8 -4.24 -4.24 -8 -5.54 -2.3 -2 -5.54 -2.3 -2 -4.24 -4.24
 5 24 -8 -4.24 -4.24 -2 -4.24 -4.24 -8 -5.54 -2.3 -8 -2.3 -5.54
 4 16 -2 -5.8 -1 -2 -5.54 -2.3 -8 -5.54 -2.3 -8 -5.8 -1
 2 24 -2 -5.8 -1 -8 -5.8 -1
 5 24 -8 -5.54 -2.3 -2 -5.54 -2.3 -8 -6 0 -8 -4.24 -4.24
 4 16 -8 3.8 -1 -8 3.7 -1.53 -2 3.7 -1.53 -2 3.8 -1
 2 24 -8 3.8 -1 -2 3.8 -1
 4 16 -8 3.7 -1.53 -8 2.83 -2.83 -2 2.83 -2.83 -2 3.7 -1.53
 5 24 -8 3.7 -1.53 -2 3.7 -1.53 -8 2.83 -2.83 -8 4 0
 4 16 -8 2.83 -2.83 -8 1.53 -3.7 -2 1.53 -3.7 -2 2.83 -2.83
 5 24 -8 2.83 -2.83 -2 2.83 -2.83 -8 1.53 -3.7 -8 3.7 -1.53
 4 16 -8 1.53 -3.7 -8 0 -4 -2 0 -4 -2 1.53 -3.7
 5 24 -8 1.53 -3.7 -2 1.53 -3.7 -8 0 -4 -8 2.83 -2.83
 4 16 -8 0 -4 -8 -1.53 -3.7 -2 -1.53 -3.7 -2 0 -4
 5 24 -8 0 -4 -2 0 -4 -8 -1.53 -3.7 -8 1.53 -3.7
 4 16 -8 -1.53 -3.7 -8 -2.83 -2.83 -2 -2.83 -2.83 -2 -1.53 -3.7
 5 24 -8 -1.53 -3.7 -2 -1.53 -3.7 -8 -2.83 -2.83 -8 0 -4
 4 16 -8 -2.83 -2.83 -8 -3.7 -1.53 -2 -3.7 -1.53 -2 -2.83 -2.83
 5 24 -8 -2.83 -2.83 -2 -2.83 -2.83 -8 -3.7 -1.53 -8 -1.53 -3.7
 4 16 -2 -3.8 -1 -2 -3.7 -1.53 -8 -3.7 -1.53 -8 -3.8 -1
 2 24 -2 -3.8 -1 -8 -3.8 -1
 5 24 -8 -3.7 -1.53 -2 -3.7 -1.53 -8 -4 0 -8 -2.83 -2.83
 4 16 -8 -5.8 1 -2 -5.8 1 -2 -3.8 1 -8 -3.8 1
 4 16 -8 5.8 1 -2 5.8 1 -2 3.8 1 -8 3.8 1
 2 24 -8 -5.8 1 -8 -3.8 1
 2 24 -8 5.8 1 -8 3.8 1
 2 24 -2 -5.8 1 -2 -3.8 1
 2 24 -2 5.8 1 -2 3.8 1
 4 16 -8 -5.8 1 -8 -5.54 2.3 -2 -5.54 2.3 -2 -5.8 1
 2 24 -8 -5.8 1 -2 -5.8 1
 4 16 -8 -5.54 2.3 -8 -4.24 4.24 -2 -4.24 4.24 -2 -5.54 2.3
 5 24 -8 -5.54 2.3 -2 -5.54 2.3 -8 -4.24 4.24 -8 -6 0
 4 16 -8 -4.24 4.24 -8 -2.3 5.54 -2 -2.3 5.54 -2 -4.24 4.24
 5 24 -8 -4.24 4.24 -2 -4.24 4.24 -8 -2.3 5.54 -8 -5.54 2.3
 4 16 -8 -2.3 5.54 -8 0 6 -2 0 6 -2 -2.3 5.54
 5 24 -8 -2.3 5.54 -2 -2.3 5.54 -8 0 6 -8 -4.24 4.24
 4 16 -8 0 6 -8 2.3 5.54 -2 2.3 5.54 -2 0 6
 5 24 -8 0 6 -2 0 6 -8 2.3 5.54 -8 -2.3 5.54
 4 16 -8 2.3 5.54 -8 4.24 4.24 -2 4.24 4.24 -2 2.3 5.54
 5 24 -8 2.3 5.54 -2 2.3 5.54 -8 4.24 4.24 -8 0 6
 4 16 -8 4.24 4.24 -8 5.54 2.3 -2 5.54 2.3 -2 4.24 4.24
 5 24 -8 4.24 4.24 -2 4.24 4.24 -8 5.54 2.3 -8 2.3 5.54
 4 16 -2 5.8 1 -2 5.54 2.3 -8 5.54 2.3 -8 5.8 1
 2 24 -2 5.8 1 -8 5.8 1
 5 24 -8 5.54 2.3 -2 5.54 2.3 -8 6 0 -8 4.24 4.24
 4 16 -8 -3.8 1 -8 -3.7 1.53 -2 -3.7 1.53 -2 -3.8 1
 2 24 -8 -3.8 1 -2 -3.8 1
 4 16 -8 -3.7 1.53 -8 -2.83 2.83 -2 -2.83 2.83 -2 -3.7 1.53
 5 24 -8 -3.7 1.53 -2 -3.7 1.53 -8 -2.83 2.83 -8 -4 0
 4 16 -8 -2.83 2.83 -8 -1.53 3.7 -2 -1.53 3.7 -2 -2.83 2.83
 5 24 -8 -2.83 2.83 -2 -2.83 2.83 -8 -1.53 3.7 -8 -3.7 1.53
 4 16 -8 -1.53 3.7 -8 0 4 -2 0 4 -2 -1.53 3.7
 5 24 -8 -1.53 3.7 -2 -1.53 3.7 -8 0 4 -8 -2.83 2.83
 4 16 -8 0 4 -8 1.53 3.7 -2 1.53 3.7 -2 0 4
 5 24 -8 0 4 -2 0 4 -8 1.53 3.7 -8 -1.53 3.7
 4 16 -8 1.53 3.7 -8 2.83 2.83 -2 2.83 2.83 -2 1.53 3.7
 5 24 -8 1.53 3.7 -2 1.53 3.7 -8 2.83 2.83 -8 0 4
 4 16 -8 2.83 2.83 -8 3.7 1.53 -2 3.7 1.53 -2 2.83 2.83
 5 24 -8 2.83 2.83 -2 2.83 2.83 -8 3.7 1.53 -8 1.53 3.7
 4 16 -2 3.8 1 -2 3.7 1.53 -8 3.7 1.53 -8 3.8 1
 2 24 -2 3.8 1 -8 3.8 1
 5 24 -8 3.7 1.53 -2 3.7 1.53 -8 4 0 -8 2.83 2.83
 1 16 -2 0 0 0 4 0 6 0 0 0 0 6 4-4cyli.dat
 1 16 -2 0 0 0 4 0 4 0 0 0 0 4 4-4cyli.dat
 2 24 2 5.8 -1 2 5.8 1
 2 24 2 -5.8 -1 2 -5.8 1
 2 24 2 3.8 -1 2 3.8 1
 2 24 2 -3.8 -1 2 -3.8 1
 2 24 20 5.8 -1 20 5.8 1
 2 24 20 -5.8 -1 20 -5.8 1
 2 24 20 3.8 -1 20 3.8 1
 2 24 20 -3.8 -1 20 -3.8 1
 4 16 20 5.8 -1 2 5.8 -1 2 3.8 -1 20 3.8 -1
 4 16 20 -5.8 -1 2 -5.8 -1 2 -3.8 -1 20 -3.8 -1
 2 24 2 5.8 -1 2 3.8 -1
 2 24 2 -5.8 -1 2 -3.8 -1
 2 24 20 5.8 -1 20 3.8 -1
 2 24 20 -5.8 -1 20 -3.8 -1
 4 16 2 5.8 -1 2 5.54 -2.3 20 5.54 -2.3 20 5.8 -1
 2 24 2 5.8 -1 20 5.8 -1
 4 16 2 5.54 -2.3 2 4.24 -4.24 20 4.24 -4.24 20 5.54 -2.3
 5 24 2 5.54 -2.3 20 5.54 -2.3 2 4.24 -4.24 2 6 0
 4 16 2 4.24 -4.24 2 2.3 -5.54 20 2.3 -5.54 20 4.24 -4.24
 5 24 2 4.24 -4.24 20 4.24 -4.24 2 2.3 -5.54 2 5.54 -2.3
 4 16 2 2.3 -5.54 2 0 -6 20 0 -6 20 2.3 -5.54
 5 24 2 2.3 -5.54 20 2.3 -5.54 2 0 -6 2 4.24 -4.24
 4 16 2 0 -6 2 -2.3 -5.54 20 -2.3 -5.54 20 0 -6
 5 24 2 0 -6 20 0 -6 2 -2.3 -5.54 2 2.3 -5.54
 4 16 2 -2.3 -5.54 2 -4.24 -4.24 20 -4.24 -4.24 20 -2.3 -5.54
 5 24 2 -2.3 -5.54 20 -2.3 -5.54 2 -4.24 -4.24 2 0 -6
 4 16 2 -4.24 -4.24 2 -5.54 -2.3 20 -5.54 -2.3 20 -4.24 -4.24
 5 24 2 -4.24 -4.24 20 -4.24 -4.24 2 -5.54 -2.3 2 -2.3 -5.54
 4 16 20 -5.8 -1 20 -5.54 -2.3 2 -5.54 -2.3 2 -5.8 -1
 2 24 20 -5.8 -1 2 -5.8 -1
 5 24 2 -5.54 -2.3 20 -5.54 -2.3 2 -6 0 2 -4.24 -4.24
 4 16 2 3.8 -1 2 3.7 -1.53 20 3.7 -1.53 20 3.8 -1
 2 24 2 3.8 -1 20 3.8 -1
 4 16 2 3.7 -1.53 2 2.83 -2.83 20 2.83 -2.83 20 3.7 -1.53
 5 24 2 3.7 -1.53 20 3.7 -1.53 2 2.83 -2.83 2 4 0
 4 16 2 2.83 -2.83 2 1.53 -3.7 20 1.53 -3.7 20 2.83 -2.83
 5 24 2 2.83 -2.83 20 2.83 -2.83 2 1.53 -3.7 2 3.7 -1.53
 4 16 2 1.53 -3.7 2 0 -4 20 0 -4 20 1.53 -3.7
 5 24 2 1.53 -3.7 20 1.53 -3.7 2 0 -4 2 2.83 -2.83
 4 16 2 0 -4 2 -1.53 -3.7 20 -1.53 -3.7 20 0 -4
 5 24 2 0 -4 20 0 -4 2 -1.53 -3.7 2 1.53 -3.7
 4 16 2 -1.53 -3.7 2 -2.83 -2.83 20 -2.83 -2.83 20 -1.53 -3.7
 5 24 2 -1.53 -3.7 20 -1.53 -3.7 2 -2.83 -2.83 2 0 -4
 4 16 2 -2.83 -2.83 2 -3.7 -1.53 20 -3.7 -1.53 20 -2.83 -2.83
 5 24 2 -2.83 -2.83 20 -2.83 -2.83 2 -3.7 -1.53 2 -1.53 -3.7
 4 16 20 -3.8 -1 20 -3.7 -1.53 2 -3.7 -1.53 2 -3.8 -1
 2 24 20 -3.8 -1 2 -3.8 -1
 5 24 2 -3.7 -1.53 20 -3.7 -1.53 2 -4 0 2 -2.83 -2.83
 4 16 20 -5.8 1 2 -5.8 1 2 -3.8 1 20 -3.8 1
 4 16 20 5.8 1 2 5.8 1 2 3.8 1 20 3.8 1
 2 24 2 -5.8 1 2 -3.8 1
 2 24 2 5.8 1 2 3.8 1
 2 24 20 -5.8 1 20 -3.8 1
 2 24 20 5.8 1 20 3.8 1
 4 16 2 -5.8 1 2 -5.54 2.3 20 -5.54 2.3 20 -5.8 1
 2 24 2 -5.8 1 20 -5.8 1
 4 16 2 -5.54 2.3 2 -4.24 4.24 20 -4.24 4.24 20 -5.54 2.3
 5 24 2 -5.54 2.3 20 -5.54 2.3 2 -4.24 4.24 2 -6 0
 4 16 2 -4.24 4.24 2 -2.3 5.54 20 -2.3 5.54 20 -4.24 4.24
 5 24 2 -4.24 4.24 20 -4.24 4.24 2 -2.3 5.54 2 -5.54 2.3
 4 16 2 -2.3 5.54 2 0 6 20 0 6 20 -2.3 5.54
 5 24 2 -2.3 5.54 20 -2.3 5.54 2 0 6 2 -4.24 4.24
 4 16 2 0 6 2 2.3 5.54 20 2.3 5.54 20 0 6
 5 24 2 0 6 20 0 6 2 2.3 5.54 2 -2.3 5.54
 4 16 2 2.3 5.54 2 4.24 4.24 20 4.24 4.24 20 2.3 5.54
 5 24 2 2.3 5.54 20 2.3 5.54 2 4.24 4.24 2 0 6
 4 16 2 4.24 4.24 2 5.54 2.3 20 5.54 2.3 20 4.24 4.24
 5 24 2 4.24 4.24 20 4.24 4.24 2 5.54 2.3 2 2.3 5.54
 4 16 20 5.8 1 20 5.54 2.3 2 5.54 2.3 2 5.8 1
 2 24 20 5.8 1 2 5.8 1
 5 24 2 5.54 2.3 20 5.54 2.3 2 6 0 2 4.24 4.24
 4 16 2 -3.8 1 2 -3.7 1.53 20 -3.7 1.53 20 -3.8 1
 2 24 2 -3.8 1 20 -3.8 1
 4 16 2 -3.7 1.53 2 -2.83 2.83 20 -2.83 2.83 20 -3.7 1.53
 5 24 2 -3.7 1.53 20 -3.7 1.53 2 -2.83 2.83 2 -4 0
 4 16 2 -2.83 2.83 2 -1.53 3.7 20 -1.53 3.7 20 -2.83 2.83
 5 24 2 -2.83 2.83 20 -2.83 2.83 2 -1.53 3.7 2 -3.7 1.53
 4 16 2 -1.53 3.7 2 0 4 20 0 4 20 -1.53 3.7
 5 24 2 -1.53 3.7 20 -1.53 3.7 2 0 4 2 -2.83 2.83
 4 16 2 0 4 2 1.53 3.7 20 1.53 3.7 20 0 4
 5 24 2 0 4 20 0 4 2 1.53 3.7 2 -1.53 3.7
 4 16 2 1.53 3.7 2 2.83 2.83 20 2.83 2.83 20 1.53 3.7
 5 24 2 1.53 3.7 20 1.53 3.7 2 2.83 2.83 2 0 4
 4 16 2 2.83 2.83 2 3.7 1.53 20 3.7 1.53 20 2.83 2.83
 5 24 2 2.83 2.83 20 2.83 2.83 2 3.7 1.53 2 1.53 3.7
 4 16 20 3.8 1 20 3.7 1.53 2 3.7 1.53 2 3.8 1
 2 24 20 3.8 1 2 3.8 1
 5 24 2 3.7 1.53 20 3.7 1.53 2 4 0 2 2.83 2.83
 1 16 20 0 0 0 2 0 6 0 0 0 0 6 4-4cyli.dat
 1 16 20 0 0 0 2 0 4 0 0 0 0 4 4-4cyli.dat
 2 24 30 6 0 30 5.52 2.28
 2 24 30 5.52 2.28 30 4.26 4.26
 2 24 30 4.26 4.26 30 2.28 5.52
 2 24 30 2.28 5.52 30 1 5.79
 2 24 30 1 5.79 22 1 5.79
 2 24 22 1 5.79 22 0 6
 2 24 30 6 0 30 5.52 -2.28
 2 24 30 5.52 -2.28 30 4.26 -4.26
 2 24 30 4.26 -4.26 30 2.28 -5.52
 2 24 30 2.28 -5.52 30 1 -5.79
 2 24 30 1 -5.79 22 1 -5.79
 2 24 22 1 -5.79 22 0 -6
 2 24 30 -6 0 30 -5.52 2.28
 2 24 30 -5.52 2.28 30 -4.26 4.26
 2 24 30 -4.26 4.26 30 -2.28 5.52
 2 24 30 -2.28 5.52 30 -1 5.79
 2 24 30 -1 5.79 22 -1 5.79
 2 24 22 -1 5.79 22 0 6
 2 24 30 -6 0 30 -5.52 -2.28
 2 24 30 -5.52 -2.28 30 -4.26 -4.26
 2 24 30 -4.26 -4.26 30 -2.28 -5.52
 2 24 30 -2.28 -5.52 30 -1 -5.79
 2 24 30 -1 -5.79 22 -1 -5.79
 2 24 22 -1 -5.79 22 0 -6
 2 24 30 4 0 30 3.68 1.52
 2 24 30 3.68 1.52 30 2.84 2.84
 2 24 30 2.84 2.84 30 1.52 3.68
 2 24 30 1.52 3.68 30 1 3.79
 2 24 30 1 3.79 22 1 3.79
 2 24 22 1 3.79 22 0 4
 2 24 30 4 0 30 3.68 -1.52
 2 24 30 3.68 -1.52 30 2.84 -2.84
 2 24 30 2.84 -2.84 30 1.52 -3.68
 2 24 30 1.52 -3.68 30 1 -3.79
 2 24 30 1 -3.79 22 1 -3.79
 2 24 22 1 -3.79 22 0 -4
 2 24 30 -4 0 30 -3.68 1.52
 2 24 30 -3.68 1.52 30 -2.84 2.84
 2 24 30 -2.84 2.84 30 -1.52 3.68
 2 24 30 -1.52 3.68 30 -1 3.79
 2 24 30 -1 3.79 22 -1 3.79
 2 24 22 -1 3.79 22 0 4
 2 24 30 -4 0 30 -3.68 -1.52
 2 24 30 -3.68 -1.52 30 -2.84 -2.84
 2 24 30 -2.84 -2.84 30 -1.52 -3.68
 2 24 30 -1.52 -3.68 30 -1 -3.79
 2 24 30 -1 -3.79 22 -1 -3.79
 2 24 22 -1 -3.79 22 0 -4
 2 24 30 1 3.79 30 1 5.79
 2 24 22 1 3.79 22 1 5.79
 2 24 30 1 -3.79 30 1 -5.79
 2 24 22 1 -3.79 22 1 -5.79
 2 24 30 -1 3.79 30 -1 5.79
 2 24 22 -1 3.79 22 -1 5.79
 2 24 30 -1 -3.79 30 -1 -5.79
 2 24 22 -1 -3.79 22 -1 -5.79
 4 16 30 6 0 30 4 0 30 3.68 1.52 30 5.52 2.28
 4 16 30 5.52 2.28 30 3.68 1.52 30 2.84 2.84 30 4.26 4.26
 4 16 30 4.26 4.26 30 2.84 2.84 30 1.52 3.68 30 2.28 5.52
 4 16 30 2.28 5.52 30 1.52 3.68 30 1 3.79 30 1 5.79
 4 16 30 1 5.79 30 1 3.79 22 1 3.79 22 1 5.79
 4 16 22 1 5.79 22 1 3.79 22 0 4 22 0 6
 4 16 30 6 0 30 4 0 30 3.68 -1.52 30 5.52 -2.28
 4 16 30 5.52 -2.28 30 3.68 -1.52 30 2.84 -2.84 30 4.26 -4.26
 4 16 30 4.26 -4.26 30 2.84 -2.84 30 1.52 -3.68 30 2.28 -5.52
 4 16 30 2.28 -5.52 30 1.52 -3.68 30 1 -3.79 30 1 -5.79
 4 16 30 1 -5.79 30 1 -3.79 22 1 -3.79 22 1 -5.79
 4 16 22 1 -5.79 22 1 -3.79 22 0 -4 22 0 -6
 4 16 30 -6 0 30 -4 0 30 -3.68 1.52 30 -5.52 2.28
 4 16 30 -5.52 2.28 30 -3.68 1.52 30 -2.84 2.84 30 -4.26 4.26
 4 16 30 -4.26 4.26 30 -2.84 2.84 30 -1.52 3.68 30 -2.28 5.52
 4 16 30 -2.28 5.52 30 -1.52 3.68 30 -1 3.79 30 -1 5.79
 4 16 30 -1 5.79 30 -1 3.79 22 -1 3.79 22 -1 5.79
 4 16 22 -1 5.79 22 -1 3.79 22 0 4 22 0 6
 4 16 30 -6 0 30 -4 0 30 -3.68 -1.52 30 -5.52 -2.28
 4 16 30 -5.52 -2.28 30 -3.68 -1.52 30 -2.84 -2.84 30 -4.26 -4.26
 4 16 30 -4.26 -4.26 30 -2.84 -2.84 30 -1.52 -3.68 30 -2.28 -5.52
 4 16 30 -2.28 -5.52 30 -1.52 -3.68 30 -1 -3.79 30 -1 -5.79
 4 16 30 -1 -5.79 30 -1 -3.79 22 -1 -3.79 22 -1 -5.79
 4 16 22 -1 -5.79 22 -1 -3.79 22 0 -4 22 0 -6
 4 16 22 6 0 30 6 0 30 5.52 2.28 22 5.52 2.28
 4 16 22 5.52 2.28 30 5.52 2.28 30 4.26 4.26 22 4.26 4.26
 4 16 22 4.26 4.26 30 4.26 4.26 30 2.28 5.52 22 2.28 5.52
 4 16 22 2.28 5.52 30 2.28 5.52 30 1 5.79 22 1 5.79
 4 16 22 6 0 30 6 0 30 5.52 -2.28 22 5.52 -2.28
 4 16 22 5.52 -2.28 30 5.52 -2.28 30 4.26 -4.26 22 4.26 -4.26
 4 16 22 4.26 -4.26 30 4.26 -4.26 30 2.28 -5.52 22 2.28 -5.52
 4 16 22 2.28 -5.52 30 2.28 -5.52 30 1 -5.79 22 1 -5.79
 4 16 22 -6 0 30 -6 0 30 -5.52 2.28 22 -5.52 2.28
 4 16 22 -5.52 2.28 30 -5.52 2.28 30 -4.26 4.26 22 -4.26 4.26
 4 16 22 -4.26 4.26 30 -4.26 4.26 30 -2.28 5.52 22 -2.28 5.52
 4 16 22 -2.28 5.52 30 -2.28 5.52 30 -1 5.79 22 -1 5.79
 4 16 22 -6 0 30 -6 0 30 -5.52 -2.28 22 -5.52 -2.28
 4 16 22 -5.52 -2.28 30 -5.52 -2.28 30 -4.26 -4.26 22 -4.26 -4.26
 4 16 22 -4.26 -4.26 30 -4.26 -4.26 30 -2.28 -5.52 22 -2.28 -5.52
 4 16 22 -2.28 -5.52 30 -2.28 -5.52 30 -1 -5.79 22 -1 -5.79
 4 16 22 4 0 30 4 0 30 3.68 1.52 22 3.68 1.52
 4 16 22 3.68 1.52 30 3.68 1.52 30 2.84 2.84 22 2.84 2.84
 4 16 22 2.84 2.84 30 2.84 2.84 30 1.52 3.68 22 1.52 3.68
 4 16 22 1.52 3.68 30 1.52 3.68 30 1 3.79 22 1 3.79
 4 16 22 4 0 30 4 0 30 3.68 -1.52 22 3.68 -1.52
 4 16 22 3.68 -1.52 30 3.68 -1.52 30 2.84 -2.84 22 2.84 -2.84
 4 16 22 2.84 -2.84 30 2.84 -2.84 30 1.52 -3.68 22 1.52 -3.68
 4 16 22 1.52 -3.68 30 1.52 -3.68 30 1 -3.79 22 1 -3.79
 4 16 22 -4 0 30 -4 0 30 -3.68 1.52 22 -3.68 1.52
 4 16 22 -3.68 1.52 30 -3.68 1.52 30 -2.84 2.84 22 -2.84 2.84
 4 16 22 -2.84 2.84 30 -2.84 2.84 30 -1.52 3.68 22 -1.52 3.68
 4 16 22 -1.52 3.68 30 -1.52 3.68 30 -1 3.79 22 -1 3.79
 4 16 22 -4 0 30 -4 0 30 -3.68 -1.52 22 -3.68 -1.52
 4 16 22 -3.68 -1.52 30 -3.68 -1.52 30 -2.84 -2.84 22 -2.84 -2.84
 4 16 22 -2.84 -2.84 30 -2.84 -2.84 30 -1.52 -3.68 22 -1.52 -3.68
 4 16 22 -1.52 -3.68 30 -1.52 -3.68 30 -1 -3.79 22 -1 -3.79
 5 24 30 3.7 -1.53 22 3.7 -1.53 30 2.83 -2.83 30 4 0
 5 24 30 5.54 -2.3 22 5.54 -2.3 30 4.24 -4.24 30 6 0
 5 24 30 2.83 -2.83 22 2.83 -2.83 30 1.53 -3.7 30 3.7 -1.53
 5 24 30 4.24 -4.24 22 4.24 -4.24 30 2.3 -5.54 30 5.54 -2.3
 5 24 30 1.53 -3.7 22 1.53 -3.7 30 0 -4 30 2.83 -2.83
 5 24 30 2.3 -5.54 22 2.3 -5.54 30 0 -6 30 4.24 -4.24
 5 24 30 -1.53 -3.7 22 -1.53 -3.7 30 -2.83 -2.83 30 0 -4
 5 24 30 -2.3 -5.54 22 -2.3 -5.54 30 -4.24 -4.24 30 0 -6
 5 24 30 -2.83 -2.83 22 -2.83 -2.83 30 -3.7 -1.53 30 -1.53 -3.7
 5 24 30 -4.24 -4.24 22 -4.24 -4.24 30 -5.54 -2.3 30 -2.3 -5.54
 5 24 30 -3.7 -1.53 22 -3.7 -1.53 30 -4 0 30 -2.83 -2.83
 5 24 30 -5.54 -2.3 22 -5.54 -2.3 30 -6 0 30 -4.24 -4.24
 5 24 30 -4 0 22 -4 0 30 -3.7 1.53 30 -3.7 -1.53
 5 24 30 -6 0 22 -6 0 30 -5.54 2.3 30 -5.54 -2.3
 5 24 30 -3.7 1.53 22 -3.7 1.53 30 -2.83 2.83 30 -4 0
 5 24 30 -5.54 2.3 22 -5.54 2.3 30 -4.24 4.24 30 -6 0
 5 24 30 -2.83 2.83 22 -2.83 2.83 30 -1.53 3.7 30 -3.7 1.53
 5 24 30 -4.24 4.24 22 -4.24 4.24 30 -2.3 5.54 30 -5.54 2.3
 5 24 30 -1.53 3.7 22 -1.53 3.7 30 0 4 30 -2.83 2.83
 5 24 30 -2.3 5.54 22 -2.3 5.54 30 0 6 30 -4.24 4.24
 5 24 30 0 4 22 0 4 30 1.53 3.7 30 -1.53 3.7
 5 24 30 0 6 22 0 6 30 2.3 5.54 30 -2.3 5.54
 5 24 30 1.53 3.7 22 1.53 3.7 30 2.83 2.83 30 0 4
 5 24 30 2.3 5.54 22 2.3 5.54 30 4.24 4.24 30 0 6
 5 24 30 2.83 2.83 22 2.83 2.83 30 3.7 1.53 30 1.53 3.7
 5 24 30 4.24 4.24 22 4.24 4.24 30 5.54 2.3 30 2.3 5.54
 5 24 30 3.7 1.53 22 3.7 1.53 30 4 0 30 2.83 2.83
 5 24 30 5.54 2.3 22 5.54 2.3 30 6 0 30 4.24 4.24
 1 16 -10 0 0 0 1 0 1 0 0 0 0 1 peghole.dat
 1 16 -30 0 0 0 20 0 0 0 1 1 0 0 axlehol5.dat
 2 24 -30 5.58 2 -30 6 0
 2 24 -30 5.58 -2 -30 6 0
 2 24 -30 -5.58 2 -30 -6 0
 2 24 -30 -5.58 -2 -30 -6 0
 2 24 -25 5.79 1 -25 6 0
 2 24 -15 5.79 1 -15 6 0
 2 24 -25 5.79 -1 -25 6 0
 2 24 -15 5.79 -1 -15 6 0
 2 24 -25 -5.79 1 -25 -6 0
 2 24 -15 -5.79 1 -15 -6 0
 2 24 -25 -5.79 -1 -25 -6 0
 2 24 -15 -5.79 -1 -15 -6 0
 2 24 -25 5.79 1 -15 5.79 1
 2 24 -25 5.79 -1 -15 5.79 -1
 2 24 -25 -5.79 1 -15 -5.79 1
 2 24 -25 -5.79 -1 -15 -5.79 -1
 2 24 -25 6.79 1 -25 7 0
 2 24 -15 6.79 1 -15 7 0
 2 24 -25 6.79 -1 -25 7 0
 2 24 -15 6.79 -1 -15 7 0
 2 24 -25 -6.79 1 -25 -7 0
 2 24 -15 -6.79 1 -15 -7 0
 2 24 -25 -6.79 -1 -25 -7 0
 2 24 -15 -6.79 -1 -15 -7 0
 2 24 -25 6.79 1 -15 6.79 1
 2 24 -25 6.79 -1 -15 6.79 -1
 2 24 -25 -6.79 1 -15 -6.79 1
 2 24 -25 -6.79 -1 -15 -6.79 -1
 2 24 -25 5.79 1 -25 6.79 1
 2 24 -15 5.79 1 -15 6.79 1
 2 24 -25 5.79 -1 -25 6.79 -1
 2 24 -15 5.79 -1 -15 6.79 -1
 2 24 -25 -5.79 1 -25 -6.79 1
 2 24 -15 -5.79 1 -15 -6.79 1
 2 24 -25 -5.79 -1 -25 -6.79 -1
 2 24 -15 -5.79 -1 -15 -6.79 -1
 4 16 -30 5.58 2 -30 6 0 -25 6 0 -25 5.79 1
 4 16 -14 6 0 -15 6 0 -15 5.79 1 -14 5.75 1.2
 2 24 -14 6 0 -14 5.75 1.2
 4 16 -30 5.58 -2 -30 6 0 -25 6 0 -25 5.79 -1
 4 16 -14 6 0 -15 6 0 -15 5.79 -1 -14 5.75 -1.2
 2 24 -14 6 0 -14 5.75 -1.2
 4 16 -30 -5.58 2 -30 -6 0 -25 -6 0 -25 -5.79 1
 4 16 -14 -6 0 -15 -6 0 -15 -5.79 1 -14 -5.75 1.2
 2 24 -14 -6 0 -14 -5.75 1.2
 4 16 -30 -5.58 -2 -30 -6 0 -25 -6 0 -25 -5.79 -1
 4 16 -14 -6 0 -15 -6 0 -15 -5.79 -1 -14 -5.75 -1.2
 2 24 -14 -6 0 -14 -5.75 -1.2
 3 16 -30 5.58 2 -25 5.79 1 -15 5.79 1
 4 16 -30 5.58 2 -15 5.79 1 -14 5.75 1.2 -14 5.58 2
 2 24 -14 5.75 1.2 -14 5.58 2
 3 16 -30 5.58 -2 -25 5.79 -1 -15 5.79 -1
 4 16 -30 5.58 -2 -15 5.79 -1 -14 5.75 -1.2 -14 5.58 -2
 2 24 -14 5.75 -1.2 -14 5.58 -2
 3 16 -30 -5.58 2 -25 -5.79 1 -15 -5.79 1
 4 16 -30 -5.58 2 -15 -5.79 1 -14 -5.75 1.2 -14 -5.58 2
 2 24 -14 -5.75 1.2 -14 -5.58 2
 3 16 -30 -5.58 -2 -25 -5.79 -1 -15 -5.79 -1
 4 16 -30 -5.58 -2 -15 -5.79 -1 -14 -5.75 -1.2 -14 -5.58 -2
 2 24 -14 -5.75 -1.2 -14 -5.58 -2
 4 16 -26 6.47 2.68 -26 7 0 -25 7 0 -25 6.79 1
 4 16 -14 6.47 2.68 -14 7 0 -15 7 0 -15 6.79 1
 4 16 -26 6.47 -2.68 -26 7 0 -25 7 0 -25 6.79 -1
 4 16 -14 6.47 -2.68 -14 7 0 -15 7 0 -15 6.79 -1
 4 16 -26 -6.47 2.68 -26 -7 0 -25 -7 0 -25 -6.79 1
 4 16 -14 -6.47 2.68 -14 -7 0 -15 -7 0 -15 -6.79 1
 4 16 -26 -6.47 -2.68 -26 -7 0 -25 -7 0 -25 -6.79 -1
 4 16 -14 -6.47 -2.68 -14 -7 0 -15 -7 0 -15 -6.79 -1
 4 16 -26 6.47 2.68 -25 6.79 1 -15 6.79 1 -14 6.47 2.68
 4 16 -26 6.47 -2.68 -25 6.79 -1 -15 6.79 -1 -14 6.47 -2.68
 4 16 -26 -6.47 2.68 -25 -6.79 1 -15 -6.79 1 -14 -6.47 2.68
 4 16 -26 -6.47 -2.68 -25 -6.79 -1 -15 -6.79 -1 -14 -6.47 -2.68
 4 16 -25 5.79 1 -25 6.79 1 -15 6.79 1 -15 5.79 1
 4 16 -25 5.79 -1 -25 6.79 -1 -15 6.79 -1 -15 5.79 -1
 4 16 -25 -5.79 1 -25 -6.79 1 -15 -6.79 1 -15 -5.79 1
 4 16 -25 -5.79 -1 -25 -6.79 -1 -15 -6.79 -1 -15 -5.79 -1
 4 16 -25 5.79 1 -25 6.79 1 -25 7 0 -25 6 0
 4 16 -15 5.79 1 -15 6.79 1 -15 7 0 -15 6 0
 4 16 -25 5.79 -1 -25 6.79 -1 -25 7 0 -25 6 0
 4 16 -15 5.79 -1 -15 6.79 -1 -15 7 0 -15 6 0
 4 16 -25 -5.79 1 -25 -6.79 1 -25 -7 0 -25 -6 0
 4 16 -15 -5.79 1 -15 -6.79 1 -15 -7 0 -15 -6 0
 4 16 -25 -5.79 -1 -25 -6.79 -1 -25 -7 0 -25 -6 0
 4 16 -15 -5.79 -1 -15 -6.79 -1 -15 -7 0 -15 -6 0
 1 16 -30 0 0 0 0 0 0 0 9 9 0 0 4-4edge.dat
 1 16 -27 0 0 0 0 0 0 0 9 9 0 0 4-4edge.dat
 1 16 -26 0 0 0 0 0 0 0 7 7 0 0 4-4edge.dat
 1 16 -14 0 0 0 0 0 0 0 7 7 0 0 4-4edge.dat
 4 16 -26 6.47 -2.68 -26 4.95 -4.95 -14 4.95 -4.95 -14 6.47 -2.68
 5 24 -26 6.47 -2.68 -14 6.47 -2.68 -26 4.95 -4.95 -26 7 0
 4 16 -26 4.95 -4.95 -26 2.68 -6.47 -14 2.68 -6.47 -14 4.95 -4.95
 5 24 -26 4.95 -4.95 -14 4.95 -4.95 -26 2.68 -6.47 -26 6.47 -2.68
 4 16 -26 2.68 -6.47 -26 0 -7 -14 0 -7 -14 2.68 -6.47
 5 24 -26 2.68 -6.47 -14 2.68 -6.47 -26 0 -7 -26 4.95 -4.95
 4 16 -26 0 -7 -26 -2.68 -6.47 -14 -2.68 -6.47 -14 0 -7
 5 24 -26 0 -7 -14 0 -7 -26 -2.68 -6.47 -26 2.68 -6.47
 4 16 -26 -2.68 -6.47 -26 -4.95 -4.95 -14 -4.95 -4.95 -14 -2.68 -6.47
 5 24 -26 -2.68 -6.47 -14 -2.68 -6.47 -26 -4.95 -4.95 -26 0 -7
 4 16 -26 -4.95 -4.95 -26 -6.47 -2.68 -14 -6.47 -2.68 -14 -4.95 -4.95
 5 24 -26 -4.95 -4.95 -14 -4.95 -4.95 -26 -6.47 -2.68 -26 -2.68 -6.47
 5 24 -26 -6.47 -2.68 -14 -6.47 -2.68 -26 -7 0 -26 -4.95 -4.95
 4 16 -26 -6.47 2.68 -26 -4.95 4.95 -14 -4.95 4.95 -14 -6.47 2.68
 5 24 -26 -6.47 2.68 -14 -6.47 2.68 -26 -4.95 4.95 -26 -7 0
 4 16 -26 -4.95 4.95 -26 -2.68 6.47 -14 -2.68 6.47 -14 -4.95 4.95
 5 24 -26 -4.95 4.95 -14 -4.95 4.95 -26 -2.68 6.47 -26 -6.47 2.68
 4 16 -26 -2.68 6.47 -26 0 7 -14 0 7 -14 -2.68 6.47
 5 24 -26 -2.68 6.47 -14 -2.68 6.47 -26 0 7 -26 -4.95 4.95
 4 16 -26 0 7 -26 2.68 6.47 -14 2.68 6.47 -14 0 7
 5 24 -26 0 7 -14 0 7 -26 2.68 6.47 -26 -2.68 6.47
 4 16 -26 2.68 6.47 -26 4.95 4.95 -14 4.95 4.95 -14 2.68 6.47
 5 24 -26 2.68 6.47 -14 2.68 6.47 -26 4.95 4.95 -26 0 7
 4 16 -26 4.95 4.95 -26 6.47 2.68 -14 6.47 2.68 -14 4.95 4.95
 5 24 -26 4.95 4.95 -14 4.95 4.95 -26 6.47 2.68 -26 2.68 6.47
 5 24 -26 6.47 2.68 -14 6.47 2.68 -26 7 0 -26 4.95 4.95
 1 16 -30 0 0 0 3 0 0 0 9 9 0 0 4-4cyli.dat
 4 16 -26 7 0 -26 6.47 -2.68 -27 8.31 -3.44 -27 9 0
 5 24 -26 7 0 -27 9 0 -26 6.47 -2.68 -26 6.47 2.68
 4 16 -30 6 0 -30 5.54 -2.3 -30 8.31 -3.44 -30 9 0
 4 16 -26 6.47 -2.68 -26 4.95 -4.95 -27 6.36 -6.36 -27 8.31 -3.44
 5 24 -26 6.47 -2.68 -27 8.31 -3.44 -26 4.95 -4.95 -26 7 0
 4 16 -30 5.54 -2.3 -30 4.24 -4.24 -30 6.36 -6.36 -30 8.31 -3.44
 4 16 -26 4.95 -4.95 -26 2.68 -6.47 -27 3.44 -8.31 -27 6.36 -6.36
 5 24 -26 4.95 -4.95 -27 6.36 -6.36 -26 2.68 -6.47 -26 6.47 -2.68
 4 16 -30 4.24 -4.24 -30 2.3 -5.54 -30 3.44 -8.31 -30 6.36 -6.36
 4 16 -26 2.68 -6.47 -26 0 -7 -27 0 -9 -27 3.44 -8.31
 5 24 -26 2.68 -6.47 -27 3.44 -8.31 -26 0 -7 -26 4.95 -4.95
 4 16 -30 2.3 -5.54 -30 0 -6 -30 0 -9 -30 3.44 -8.31
 4 16 -26 0 -7 -26 -2.68 -6.47 -27 -3.44 -8.31 -27 0 -9
 5 24 -26 0 -7 -27 0 -9 -26 -2.68 -6.47 -26 2.68 -6.47
 4 16 -30 0 -6 -30 -2.3 -5.54 -30 -3.44 -8.31 -30 0 -9
 4 16 -26 -2.68 -6.47 -26 -4.95 -4.95 -27 -6.36 -6.36 -27 -3.44 -8.31
 5 24 -26 -2.68 -6.47 -27 -3.44 -8.31 -26 -4.95 -4.95 -26 0 -7
 4 16 -30 -2.3 -5.54 -30 -4.24 -4.24 -30 -6.36 -6.36 -30 -3.44 -8.31
 4 16 -26 -4.95 -4.95 -26 -6.47 -2.68 -27 -8.31 -3.44 -27 -6.36 -6.36
 5 24 -26 -4.95 -4.95 -27 -6.36 -6.36 -26 -6.47 -2.68 -26 -2.68 -6.47
 4 16 -30 -4.24 -4.24 -30 -5.54 -2.3 -30 -8.31 -3.44 -30 -6.36 -6.36
 4 16 -26 -6.47 -2.68 -26 -7 0 -27 -9 0 -27 -8.31 -3.44
 5 24 -26 -6.47 -2.68 -27 -8.31 -3.44 -26 -7 0 -26 -4.95 -4.95
 4 16 -30 -5.54 -2.3 -30 -6 0 -30 -9 0 -30 -8.31 -3.44
 4 16 -26 -7 0 -26 -6.47 2.68 -27 -8.31 3.44 -27 -9 0
 5 24 -26 -7 0 -27 -9 0 -26 -6.47 2.68 -26 -6.47 -2.68
 4 16 -30 -6 0 -30 -5.54 2.3 -30 -8.31 3.44 -30 -9 0
 4 16 -26 -6.47 2.68 -26 -4.95 4.95 -27 -6.36 6.36 -27 -8.31 3.44
 5 24 -26 -6.47 2.68 -27 -8.31 3.44 -26 -4.95 4.95 -26 -7 0
 4 16 -30 -5.54 2.3 -30 -4.24 4.24 -30 -6.36 6.36 -30 -8.31 3.44
 4 16 -26 -4.95 4.95 -26 -2.68 6.47 -27 -3.44 8.31 -27 -6.36 6.36
 5 24 -26 -4.95 4.95 -27 -6.36 6.36 -26 -2.68 6.47 -26 -6.47 2.68
 4 16 -30 -4.24 4.24 -30 -2.3 5.54 -30 -3.44 8.31 -30 -6.36 6.36
 4 16 -26 -2.68 6.47 -26 0 7 -27 0 9 -27 -3.44 8.31
 5 24 -26 -2.68 6.47 -27 -3.44 8.31 -26 0 7 -26 -4.95 4.95
 4 16 -30 -2.3 5.54 -30 0 6 -30 0 9 -30 -3.44 8.31
 4 16 -26 0 7 -26 2.68 6.47 -27 3.44 8.31 -27 0 9
 5 24 -26 0 7 -27 0 9 -26 2.68 6.47 -26 -2.68 6.47
 4 16 -30 0 6 -30 2.3 5.54 -30 3.44 8.31 -30 0 9
 4 16 -26 2.68 6.47 -26 4.95 4.95 -27 6.36 6.36 -27 3.44 8.31
 5 24 -26 2.68 6.47 -27 3.44 8.31 -26 4.95 4.95 -26 0 7
 4 16 -30 2.3 5.54 -30 4.24 4.24 -30 6.36 6.36 -30 3.44 8.31
 4 16 -26 4.95 4.95 -26 6.47 2.68 -27 8.31 3.44 -27 6.36 6.36
 5 24 -26 4.95 4.95 -27 6.36 6.36 -26 6.47 2.68 -26 2.68 6.47
 4 16 -30 4.24 4.24 -30 5.54 2.3 -30 8.31 3.44 -30 6.36 6.36
 4 16 -26 6.47 2.68 -26 7 0 -27 9 0 -27 8.31 3.44
 5 24 -26 6.47 2.68 -27 8.31 3.44 -26 7 0 -26 4.95 4.95
 4 16 -30 5.54 2.3 -30 6 0 -30 9 0 -30 8.31 3.44
 2 24 -10 5.58 -2 -10 6 0
 2 24 -10 5.58 2 -10 6 0
 2 24 -10 -5.58 -2 -10 -6 0
 2 24 -10 -5.58 2 -10 -6 0
 4 16 -14 5.75 -1.2 -10 5.58 -2 -10 6 0 -14 6 0
 4 16 -14 5.75 1.2 -10 5.58 2 -10 6 0 -14 6 0
 4 16 -14 -5.75 -1.2 -10 -5.58 -2 -10 -6 0 -14 -6 0
 4 16 -14 -5.75 1.2 -10 -5.58 2 -10 -6 0 -14 -6 0
 3 16 -10 5.58 -2 -14 5.75 -1.2 -14 5.58 -2
 3 16 -10 5.58 2 -14 5.75 1.2 -14 5.58 2
 3 16 -10 -5.58 -2 -14 -5.75 -1.2 -14 -5.58 -2
 3 16 -10 -5.58 2 -14 -5.75 1.2 -14 -5.58 2
 1 16 -10 0 0 0 0 0 0 0 9 -9 0 0 4-4edge.dat
 1 16 -13 0 0 0 0 0 0 0 9 -9 0 0 4-4edge.dat
 1 16 -14 0 0 0 0 0 0 0 7 -7 0 0 4-4edge.dat
 1 16 -10 0 0 0 -3 0 0 0 9 -9 0 0 4-4cyli.dat
 4 16 -14 7 0 -14 6.47 2.68 -13 8.31 3.44 -13 9 0
 5 24 -14 7 0 -13 9 0 -14 6.47 2.68 -14 6.47 -2.68
 4 16 -10 6 0 -10 5.54 2.3 -10 8.31 3.44 -10 9 0
 4 16 -14 6.47 2.68 -14 4.95 4.95 -13 6.36 6.36 -13 8.31 3.44
 5 24 -14 6.47 2.68 -13 8.31 3.44 -14 4.95 4.95 -14 7 0
 4 16 -10 5.54 2.3 -10 4.24 4.24 -10 6.36 6.36 -10 8.31 3.44
 4 16 -14 4.95 4.95 -14 2.68 6.47 -13 3.44 8.31 -13 6.36 6.36
 5 24 -14 4.95 4.95 -13 6.36 6.36 -14 2.68 6.47 -14 6.47 2.68
 4 16 -10 4.24 4.24 -10 2.3 5.54 -10 3.44 8.31 -10 6.36 6.36
 4 16 -14 2.68 6.47 -14 0 7 -13 0 9 -13 3.44 8.31
 5 24 -14 2.68 6.47 -13 3.44 8.31 -14 0 7 -14 4.95 4.95
 4 16 -10 2.3 5.54 -10 0 6 -10 0 9 -10 3.44 8.31
 4 16 -14 0 7 -14 -2.68 6.47 -13 -3.44 8.31 -13 0 9
 5 24 -14 0 7 -13 0 9 -14 -2.68 6.47 -14 2.68 6.47
 4 16 -10 0 6 -10 -2.3 5.54 -10 -3.44 8.31 -10 0 9
 4 16 -14 -2.68 6.47 -14 -4.95 4.95 -13 -6.36 6.36 -13 -3.44 8.31
 5 24 -14 -2.68 6.47 -13 -3.44 8.31 -14 -4.95 4.95 -14 0 7
 4 16 -10 -2.3 5.54 -10 -4.24 4.24 -10 -6.36 6.36 -10 -3.44 8.31
 4 16 -14 -4.95 4.95 -14 -6.47 2.68 -13 -8.31 3.44 -13 -6.36 6.36
 5 24 -14 -4.95 4.95 -13 -6.36 6.36 -14 -6.47 2.68 -14 -2.68 6.47
 4 16 -10 -4.24 4.24 -10 -5.54 2.3 -10 -8.31 3.44 -10 -6.36 6.36
 4 16 -14 -6.47 2.68 -14 -7 0 -13 -9 0 -13 -8.31 3.44
 5 24 -14 -6.47 2.68 -13 -8.31 3.44 -14 -7 0 -14 -4.95 4.95
 4 16 -10 -5.54 2.3 -10 -6 0 -10 -9 0 -10 -8.31 3.44
 4 16 -14 -7 0 -14 -6.47 -2.68 -13 -8.31 -3.44 -13 -9 0
 5 24 -14 -7 0 -13 -9 0 -14 -6.47 -2.68 -14 -6.47 2.68
 4 16 -10 -6 0 -10 -5.54 -2.3 -10 -8.31 -3.44 -10 -9 0
 4 16 -14 -6.47 -2.68 -14 -4.95 -4.95 -13 -6.36 -6.36 -13 -8.31 -3.44
 5 24 -14 -6.47 -2.68 -13 -8.31 -3.44 -14 -4.95 -4.95 -14 -7 0
 4 16 -10 -5.54 -2.3 -10 -4.24 -4.24 -10 -6.36 -6.36 -10 -8.31 -3.44
 4 16 -14 -4.95 -4.95 -14 -2.68 -6.47 -13 -3.44 -8.31 -13 -6.36 -6.36
 5 24 -14 -4.95 -4.95 -13 -6.36 -6.36 -14 -2.68 -6.47 -14 -6.47 -2.68
 4 16 -10 -4.24 -4.24 -10 -2.3 -5.54 -10 -3.44 -8.31 -10 -6.36 -6.36
 4 16 -14 -2.68 -6.47 -14 0 -7 -13 0 -9 -13 -3.44 -8.31
 5 24 -14 -2.68 -6.47 -13 -3.44 -8.31 -14 0 -7 -14 -4.95 -4.95
 4 16 -10 -2.3 -5.54 -10 0 -6 -10 0 -9 -10 -3.44 -8.31
 4 16 -14 0 -7 -14 2.68 -6.47 -13 3.44 -8.31 -13 0 -9
 5 24 -14 0 -7 -13 0 -9 -14 2.68 -6.47 -14 -2.68 -6.47
 4 16 -10 0 -6 -10 2.3 -5.54 -10 3.44 -8.31 -10 0 -9
 4 16 -14 2.68 -6.47 -14 4.95 -4.95 -13 6.36 -6.36 -13 3.44 -8.31
 5 24 -14 2.68 -6.47 -13 3.44 -8.31 -14 4.95 -4.95 -14 0 -7
 4 16 -10 2.3 -5.54 -10 4.24 -4.24 -10 6.36 -6.36 -10 3.44 -8.31
 4 16 -14 4.95 -4.95 -14 6.47 -2.68 -13 8.31 -3.44 -13 6.36 -6.36
 5 24 -14 4.95 -4.95 -13 6.36 -6.36 -14 6.47 -2.68 -14 2.68 -6.47
 4 16 -10 4.24 -4.24 -10 5.54 -2.3 -10 8.31 -3.44 -10 6.36 -6.36
 4 16 -14 6.47 -2.68 -14 7 0 -13 9 0 -13 8.31 -3.44
 5 24 -14 6.47 -2.68 -13 8.31 -3.44 -14 7 0 -14 4.95 -4.95
 4 16 -10 5.54 -2.3 -10 6 0 -10 9 0 -10 8.31 -3.44
0