0 Electric Mindstorms Scout Module
0 Name: 32104.dat
0 Author: William J. Wood
0 Derived from 883.dat by John VanZwieten
0 Note: Part 32104 is stamped on inside of Scout faceplate
0 LDRAW_ORG Part UPDATE 2002-01

0 Left Half
0 Front Left Face
2 24 -80 24 -120 -60 16 -120
2 24 -56 16 -120 -56 34 -120
2 24 0 46 -120 -80 46 -120
2 24 -80 24 -120 -80 46 -120
2 24 -60 46 -120 -60 46 -118
2 24 -60 46 -118 -78 46 -118
2 24 -78 46 -118 -78 46 118
4 16 -80 24 -120 -60 16 -120 -60 34 -120 -80 34 -120
4 16 -60 16 -120 -56 16 -120 -56 34 -120 -60 34 -120
2 24 -56 16 -114.6 -56 34 -114.6
2 24 -56 34 -120 -56 34 -114.6
2 24 -56 16 -120 -60 16 -120
4 16 -80 24 -110 -60 16 -114 -60 8 -114 -80 16 -110
2 24 -60 16 -114 -80 24 -110
2 24 -80 16 -110 -80 24 -110
4 16 -20 16 -120 -20 8 -120 -60 8 -114 -60 16 -114
2 0 -20 8 -120 -60 8 -114
4 16 -20 16 -120 -20 34 -120 -56 34 -114.6 -56 16 -114.6
2 0 -20 8 -120 -20 34 -120
4 16 -60 16 -120 -60 16 -118 -60 46 -118 -60 46 -120
4 16 -60 46 -120 -60 46 -118 -78 46 -118 -80 46 -120
4 16 -78 46 -118 -80 46 -120 -80 46 120 -78 46 118
1 16 -10 10 -105 0 1 0 2 0 0 0 0 5 RECT.DAT
4 16 -80 34 -120 -80 46 -120 -48 46 -120 -48 34 -120
4 16 -32 40 -120 -32 46 -120 -48 46 -120 -48 40 -120
4 16 -32 40 -120 -32 34 -120 -20 34 -120 -20 40 -120
1 16 -40 34 -120 -8 0 0 0 0 8 0 8 0 2-4ndis.dat
0 Left Face
2 24 -80 46 -120 -80 46 120
2 24 -80 16 -110 -80 16 -30
2 24 -80 16 -30 -80 12 -30
2 24 -80 12 -30 -80 12 30
2 24 -80 12 30 -80 16 30
2 24 -80 24 120 -80 46 120
1 16 -80 26 -40 0 1 0 8 0 0 0 0 8 4-4ndis.dat
1 16 -80 26 -80 0 1 0 8 0 0 0 0 8 4-4ndis.dat
1 16 -80 26 40 0 1 0 8 0 0 0 0 8 4-4ndis.dat
1 16 -80 26 80 0 1 0 8 0 0 0 0 8 4-4ndis.dat
4 16 -80 18 -72 -80 34 -72 -80 34 -48 -80 18 -48
4 16 -80 18 -110 -80 34 -110 -80 34 -88 -80 18 -88
4 16 -80 24 -110 -80 34 -110 -80 34 -120 -80 24 -120
2 24 -80 24 -120 -80 24 -110
4 16 -80 18 -32 -80 34 -32 -80 34 32 -80 18 32
4 16 -80 18 72 -80 34 72 -80 34 48 -80 18 48
4 16 -80 16 -110 -80 18 -110 -80 18 112 -80 16 112
4 16 -80 34 -120 -80 46 -120 -80 46 120 -80 34 120
4 16 -80 12 -30 -80 16 -30 -80 16 30 -80 12 30
0 Left Angled Face and Holes
1 16 -75 10 0 5 0 0 -2 1 0 0 0 30 RECT.DAT
2 24 -80 16 -110 -60 8 -114
2 24 -60 8 -114 -60 8 -80
2 24 -80 16 30 -60 8 30
2 24 -70 8 30 -60 8 30
2 24 -60 8 30 -60 8 60
4 16 -60 8 116 -60 8 30 -68 11.2 30 -68 11.2 116
4 16 -77 14.8 112 -77 14.8 30 -80 16 30 -80 16 112
4 16 -68 11.2 60 -68 11.2 48 -77 14.8 48 -77 14.8 60
4 16 -68 11.2 30 -68 11.2 32 -77 14.8 32 -77 14.8 30
2 24 -68 11.2 48 -77 14.8 48
2 24 -77 14.8 48 -77 14.8 32
2 24 -77 14.8 32 -68 11.2 32
2 24 -68 11.2 32 -68 11.2 48
2 24 -68 20.32 48 -77 20.32 48
2 24 -68 20.32 32 -77 20.32 32
2 24 -68 20.32 48 -68 11.2 48
2 24 -68 20.32 32 -68 11.2 32
2 24 -77 20.32 48 -77 14.8 48
2 24 -77 20.32 32 -77 14.8 32
4 16 -68 20.32 48 -77 20.32 48 -77 14.8 48 -68 11.2 48
4 16 -68 20.32 32 -77 20.32 32 -77 14.8 32 -68 11.2 32
4 16 -77 16 48 -77 16 32 -77 14.8 32 -77 14.8 48
4 16 -68 16 48 -68 16 32 -68 11.2 32 -68 11.2 48
1 16 -68 26 40 0 1 0 0 0 -10 -10 0 0 2-4edge.dat
1 16 -77 26 40 0 1 0 0 0 -10 -10 0 0 2-4edge.dat
1 16 -68 26 40 0 1 0 0 0 -10 -10 0 0 2-4ndis.dat
1 16 -77 26 40 0 1 0 0 0 -10 -10 0 0 2-4ndis.dat
1 16 -77 26 40 0 9 0 0 0 -10 -10 0 0 2-4cyli.dat
1 16 -80 26 40 0 1 0 0 0 -8 -8 0 0 4-4edge.dat
1 16 -78 26 40 0 1 0 0 0 -8 -8 0 0 4-4edge.dat
1 16 -78 26 40 0 1 0 0 0 -6 -6 0 0 4-4edge.dat
1 16 -72 26 40 0 1 0 0 0 -6 -6 0 0 4-4edge.dat
1 16 -72 26 40 0 1 0 0 0 -8 -8 0 0 2-4edge.dat
1 16 -68 26 40 0 1 0 0 0 -8 -8 0 0 2-4edge.dat
1 16 -80 26 40 0 2 0 0 0 -8 -8 0 0 4-4cyli.dat
1 16 -78 26 40 0 0 0 0 0 -2 -2 0 0 ring3.dat
1 16 -78 26 40 0 6 0 0 0 -6 -6 0 0 4-4cyli.dat
1 16 -72 26 40 0 0 0 0 0 -2 -2 0 0 ring3.dat
1 16 -72 26 40 0 4 0 0 0 -8 -8 0 0 2-4cyli.dat
1 16 -68 26 40 0 1 0 0 0 -8 -8 0 0 2-4disc.dat
4 16 -68 26 32 -68 26 48 -68 36 48 -68 36 32
4 16 -68 26 32 -68 36 32 -72 36 32 -72 26 32
4 16 -68 26 48 -68 36 48 -72 36 48 -72 26 48
2 24 -80 16 112 -80 16 30
2 24 -60 8 60 -60 8 120
4 16 -68 11.2 112 -68 11.2 88 -77 14.8 88 -77 14.8 112
3 16 -60 8 112 -60 8 120 -80 16 112
2 24 -80 16 112 -60 8 120
4 16 -68 11.2 60 -68 11.2 72 -77 14.8 72 -77 14.8 60
2 24 -68 11.2 88 -77 14.8 88
2 24 -77 14.8 88 -77 14.8 72
2 24 -77 14.8 72 -68 11.2 72
2 24 -68 11.2 72 -68 11.2 88
2 24 -68 20.32 88 -77 20.32 88
2 24 -68 20.32 72 -77 20.32 72
2 24 -68 20.32 88 -68 11.2 88
2 24 -68 20.32 72 -68 11.2 72
2 24 -77 20.32 88 -77 14.8 88
2 24 -77 20.32 72 -77 14.8 72
4 16 -68 20.32 88 -77 20.32 88 -77 14.8 88 -68 11.2 88
4 16 -68 20.32 72 -77 20.32 72 -77 14.8 72 -68 11.2 72
4 16 -77 16 88 -77 16 72 -77 14.8 72 -77 14.8 88
4 16 -68 16 88 -68 16 72 -68 11.2 72 -68 11.2 88
1 16 -68 26 80 0 1 0 0 0 -10 -10 0 0 2-4edge.dat
1 16 -77 26 80 0 1 0 0 0 -10 -10 0 0 2-4edge.dat
1 16 -68 26 80 0 1 0 0 0 -10 -10 0 0 2-4ndis.dat
1 16 -77 26 80 0 1 0 0 0 -10 -10 0 0 2-4ndis.dat
1 16 -77 26 80 0 9 0 0 0 -10 -10 0 0 2-4cyli.dat
1 16 -80 26 80 0 1 0 0 0 -8 -8 0 0 4-4edge.dat
1 16 -78 26 80 0 1 0 0 0 -8 -8 0 0 4-4edge.dat
1 16 -78 26 80 0 1 0 0 0 -6 -6 0 0 4-4edge.dat
1 16 -72 26 80 0 1 0 0 0 -6 -6 0 0 4-4edge.dat
1 16 -72 26 80 0 1 0 0 0 -8 -8 0 0 2-4edge.dat
1 16 -68 26 80 0 1 0 0 0 -8 -8 0 0 2-4edge.dat
1 16 -80 26 80 0 2 0 0 0 -8 -8 0 0 4-4cyli.dat
1 16 -78 26 80 0 0 0 0 0 -2 -2 0 0 ring3.dat
1 16 -78 26 80 0 6 0 0 0 -6 -6 0 0 4-4cyli.dat
1 16 -72 26 80 0 0 0 0 0 -2 -2 0 0 ring3.dat
1 16 -72 26 80 0 4 0 0 0 -8 -8 0 0 2-4cyli.dat
1 16 -68 26 80 0 1 0 0 0 -8 -8 0 0 2-4disc.dat
4 16 -68 26 72 -68 26 88 -68 36 88 -68 36 72
4 16 -68 26 72 -68 36 72 -72 36 72 -72 26 72
4 16 -68 26 88 -68 36 88 -72 36 88 -72 26 88
2 24 -60 8 -30 -80 16 -30
2 24 -70 8 -30 -60 8 -30
2 24 -60 8 -60 -60 8 -30
4 16 -60 8 -30 -60 8 -60 -68 11.2 -60 -68 11.2 -30
4 16 -77 14.8 -20 -77 14.8 -60 -80 16 -60 -80 16 -20
4 16 -68 11.2 -20 -68 11.2 -32 -77 14.8 -32 -77 14.8 -20
4 16 -68 11.2 -60 -68 11.2 -48 -77 14.8 -48 -77 14.8 -60
2 24 -68 11.2 -32 -77 14.8 -32
2 24 -77 14.8 -32 -77 14.8 -48
2 24 -77 14.8 -48 -68 11.2 -48
2 24 -68 11.2 -48 -68 11.2 -32
2 24 -68 20.32 -32 -77 20.32 -32
2 24 -68 20.32 -48 -77 20.32 -48
2 24 -68 20.32 -32 -68 11.2 -32
2 24 -68 20.32 -48 -68 11.2 -48
2 24 -77 20.32 -32 -77 14.8 -32
2 24 -77 20.32 -48 -77 14.8 -48
4 16 -68 20.32 -32 -77 20.32 -32 -77 14.8 -32 -68 11.2 -32
4 16 -68 20.32 -48 -77 20.32 -48 -77 14.8 -48 -68 11.2 -48
4 16 -77 16 -32 -77 16 -48 -77 14.8 -48 -77 14.8 -32
4 16 -68 16 -32 -68 16 -48 -68 11.2 -48 -68 11.2 -32
1 16 -68 26 -40 0 1 0 0 0 -10 -10 0 0 2-4edge.dat
1 16 -77 26 -40 0 1 0 0 0 -10 -10 0 0 2-4edge.dat
1 16 -68 26 -40 0 1 0 0 0 -10 -10 0 0 2-4ndis.dat
1 16 -77 26 -40 0 1 0 0 0 -10 -10 0 0 2-4ndis.dat
1 16 -77 26 -40 0 9 0 0 0 -10 -10 0 0 2-4cyli.dat
1 16 -80 26 -40 0 1 0 0 0 -8 -8 0 0 4-4edge.dat
1 16 -78 26 -40 0 1 0 0 0 -8 -8 0 0 4-4edge.dat
1 16 -78 26 -40 0 1 0 0 0 -6 -6 0 0 4-4edge.dat
1 16 -72 26 -40 0 1 0 0 0 -6 -6 0 0 4-4edge.dat
1 16 -72 26 -40 0 1 0 0 0 -8 -8 0 0 2-4edge.dat
1 16 -68 26 -40 0 1 0 0 0 -8 -8 0 0 2-4edge.dat
1 16 -80 26 -40 0 2 0 0 0 -8 -8 0 0 4-4cyli.dat
1 16 -78 26 -40 0 0 0 0 0 -2 -2 0 0 ring3.dat
1 16 -78 26 -40 0 6 0 0 0 -6 -6 0 0 4-4cyli.dat
1 16 -72 26 -40 0 0 0 0 0 -2 -2 0 0 ring3.dat
1 16 -72 26 -40 0 4 0 0 0 -8 -8 0 0 2-4cyli.dat
1 16 -68 26 -40 0 1 0 0 0 -8 -8 0 0 2-4disc.dat
4 16 -68 26 -48 -68 26 -32 -68 36 -32 -68 36 -48
4 16 -68 26 -48 -68 36 -48 -72 36 -48 -72 26 -48
4 16 -68 26 -32 -68 36 -32 -72 36 -32 -72 26 -32
2 24 -80 16 -60 -80 16 -100
2 24 -60 8 -100 -60 8 -60
4 16 -60 8 -60 -60 8 -88 -68 11.2 -88 -68 11.2 -60
4 16 -77 14.8 -60 -77 14.8 -88 -80 16 -88 -80 16 -60
4 16 -68 11.2 -60 -68 11.2 -72 -77 14.8 -72 -77 14.8 -60
4 16 -60 8 -114 -60 8 -88 -80 16 -88 -80 16 -110
4 16 -60 16 -114 -60 16 -120 -80 24 -120 -80 24 -110
4 16 -56 16 -120 -56 16 -114.6 -56 34 -114.6 -56 34 -120
4 16 -60 16 -120 -60 16 -114 -56 16 -114.6 -56 16 -120
2 24 -56 16 -114.6 -56 16 -120
2 24 -60 16 -114 -56 16 -114.6
2 24 -60 16 -114 -60 16 -120
3 16 -32 34 -118.2 -20 34 -120 -32 34 -120
2 24 -32 34 -118.2 -20 34 -120
2 24 -32 34 -120 -20 34 -120
4 16 -48 34 -120 -56 34 -120 -56 34 -114.6 -48 34 -115.8
2 24 -56 34 -114.6 -48 34 -115.8
2 24 -56 34 -120 -48 34 -120
2 24 -68 11.2 -72 -77 14.8 -72
2 24 -77 14.8 -72 -77 14.8 -88
2 24 -77 14.8 -88 -68 11.2 -88
2 24 -68 11.2 -88 -68 11.2 -72
2 24 -68 20.32 -72 -77 20.32 -72
2 24 -68 20.32 -88 -77 20.32 -88
2 24 -68 20.32 -72 -68 11.2 -72
2 24 -68 20.32 -88 -68 11.2 -88
2 24 -77 20.32 -72 -77 14.8 -72
2 24 -77 20.32 -88 -77 14.8 -88
4 16 -68 20.32 -72 -77 20.32 -72 -77 14.8 -72 -68 11.2 -72
4 16 -68 20.32 -88 -77 20.32 -88 -77 14.8 -88 -68 11.2 -88
4 16 -77 16 -72 -77 16 -88 -77 14.8 -88 -77 14.8 -72
4 16 -68 16 -72 -68 16 -88 -68 11.2 -88 -68 11.2 -72
1 16 -68 26 -80 0 1 0 0 0 -10 -10 0 0 2-4edge.dat
1 16 -77 26 -80 0 1 0 0 0 -10 -10 0 0 2-4edge.dat
1 16 -68 26 -80 0 1 0 0 0 -10 -10 0 0 2-4ndis.dat
1 16 -77 26 -80 0 1 0 0 0 -10 -10 0 0 2-4ndis.dat
1 16 -77 26 -80 0 9 0 0 0 -10 -10 0 0 2-4cyli.dat
1 16 -80 26 -80 0 1 0 0 0 -8 -8 0 0 4-4edge.dat
1 16 -78 26 -80 0 1 0 0 0 -8 -8 0 0 4-4edge.dat
1 16 -78 26 -80 0 1 0 0 0 -6 -6 0 0 4-4edge.dat
1 16 -72 26 -80 0 1 0 0 0 -6 -6 0 0 4-4edge.dat
1 16 -72 26 -80 0 1 0 0 0 -8 -8 0 0 2-4edge.dat
1 16 -68 26 -80 0 1 0 0 0 -8 -8 0 0 2-4edge.dat
1 16 -80 26 -80 0 2 0 0 0 -8 -8 0 0 4-4cyli.dat
1 16 -78 26 -80 0 0 0 0 0 -2 -2 0 0 ring3.dat
1 16 -78 26 -80 0 6 0 0 0 -6 -6 0 0 4-4cyli.dat
1 16 -72 26 -80 0 0 0 0 0 -2 -2 0 0 ring3.dat
1 16 -72 26 -80 0 4 0 0 0 -8 -8 0 0 2-4cyli.dat
1 16 -68 26 -80 0 1 0 0 0 -8 -8 0 0 2-4disc.dat
4 16 -68 26 -88 -68 26 -72 -68 36 -72 -68 36 -88
4 16 -68 26 -88 -68 36 -88 -72 36 -88 -72 26 -88
4 16 -68 26 -72 -68 36 -72 -72 36 -72 -72 26 -72
0 Left Angled Faces Connecting Faces
4 16 -80 12 -30 -80 16 -30 -60 8 -30 -70 8 -30
4 16 -80 12 30 -80 16 30 -60 8 30 -70 8 30
0 Left Buttons Face
0 Button hole
1 16 -58 8 18 10 0 0 0 1 0 0 0 1 2-4edge.dat
1 16 -58 8 8 10 0 0 0 -1 0 0 0 -1 2-4edge.dat
1 16 -58 8 18 10 0 0 0 1 0 0 0 1 2-4ndis.dat
1 16 -58 8 8 10 0 0 0 -1 0 0 0 -1 2-4ndis.dat
1 16 -58 8 18 10 0 0 0 4 0 0 0 1 2-4cyli.dat
1 16 -58 8 8 -10 0 0 0 4 0 0 0 -1 2-4cyli.dat
1 16 -68 10 13 0 1 0 0 0 -2 -5 0 0 RECT.DAT
1 16 -48 10 13 0 -1 0 0 0 2 -5 0 0 RECT.DAT
0 Button hole
1 16 -58 8 -8 10 0 0 0 1 0 0 0 1 2-4edge.dat
1 16 -58 8 -18 10 0 0 0 -1 0 0 0 -1 2-4edge.dat
1 16 -58 8 -8 10 0 0 0 1 0 0 0 1 2-4ndis.dat
1 16 -58 8 -18 10 0 0 0 -1 0 0 0 -1 2-4ndis.dat
1 16 -58 8 -8 10 0 0 0 4 0 0 0 1 2-4cyli.dat
1 16 -58 8 -18 -10 0 0 0 4 0 0 0 -1 2-4cyli.dat
1 16 -68 10 -13 0 1 0 0 0 -2 -5 0 0 RECT.DAT
1 16 -48 10 -13 0 -1 0 0 0 2 -5 0 0 RECT.DAT
4 16 -70 8 -30 -70 8 30 -68 8 30 -68 8 -30
4 16 -48 8 -40 -48 8 40 -40 8 40 -40 8 -40
4 16 -68 8 20 -48 8 20 -48 8 10 -68 8 10
4 16 -68 8 7 -48 8 7 -48 8 -7 -68 8 -7
4 16 -68 8 30 -60 8 30 -60 8 19 -68 8 19
4 16 60 8 30 68 8 30 68 8 19 60 8 19
4 16 60 8 -19 68 8 -19 68 8 -30 60 8 -30
4 16 -68 8 -19 -60 8 -19 -60 8 -30 -68 8 -30
4 16 -60 8 -19 -48 8 -19 -48 8 -40 -60 8 -40
4 16 -60 8 40 -48 8 40 -48 8 19 -60 8 19
0 Left Top Face
4 16 -60 8 -100 -20 8 -100 -20 8 -120 -60 8 -114
1 16 -60 8.5 -60 0 1 0 0.5 0 0 0 0 20 RECT.DAT
4 16 -60 9 -40 -59 9 -41 -59 9 -79 -60 9 -80
1 16 -60 9 60 0 1 0 0.5 0 0 0 0 20 RECT.DAT
4 16 -60 9 20 -59 9 21 -59 9 59 -60 9 60
4 16 -60 8 120 -12 8 120 -12 8 80 -60 8 80
0 Left Back Face
0 Right Half
0 Front Right Face
2 24 80 24 -120 60 16 -120
2 24 56 16 -120 56 34 -120
2 24 0 46 -120 80 46 -120
2 24 80 24 -120 80 46 -120
2 24 60 46 -120 60 46 -118
2 24 60 46 -118 78 46 -118
2 24 78 46 -118 78 46 118
4 16 80 24 -120 60 16 -120 60 34 -120 80 34 -120
4 16 56 16 -120 60 16 -120 60 34 -120 56 34 -120
2 24 56 16 -114.6 56 34 -114.6
2 24 56 16 -120 60 16 -120
4 16 80 24 -110 60 16 -114 60 8 -114 80 16 -110
2 24 60 16 -114 80 24 -110
2 24 80 16 -110 80 24 -110
4 16 20 8 -120 20 16 -120 60 16 -114 60 8 -114
2 0 20 8 -120 60 8 -114
4 16 20 34 -120 20 16 -120 56 16 -114.6 56 34 -114.6
2 0 20 8 -120 20 34 -120
4 16 56 16 -120 56 16 -114.6 56 34 -114.6 56 34 -120
4 16 60 46 -120 60 46 -118 78 46 -118 80 46 -120
4 16 78 46 -118 80 46 -120 80 46 120 78 46 118
1 16 10 10 -105 0 -1 0 2 0 0 0 0 5 RECT.DAT
4 16 48 34 -120 48 46 -120 80 46 -120 80 34 -120
4 16 48 40 -120 48 46 -120 32 46 -120 32 40 -120
4 16 20 40 -120 20 34 -120 32 34 -120 32 40 -120
0 Right Face
2 24 80 46 -120 80 46 120
2 24 80 16 -110 80 16 -30
2 24 80 16 -30 80 12 -30
2 24 80 12 -30 80 12 30
2 24 80 12 30 80 16 30
2 24 80 16 32 80 16 112
2 24 80 24 120 80 46 120
1 16 80 26 -40 0 -1 0 8 0 0 0 0 8 4-4ndis.dat
1 16 80 26 -80 0 -1 0 8 0 0 0 0 8 4-4ndis.dat
1 16 80 26 40 0 -1 0 8 0 0 0 0 8 4-4ndis.dat
1 16 80 26 80 0 -1 0 8 0 0 0 0 8 4-4ndis.dat
4 16 80 18 -110 80 34 -110 80 34 -88 80 18 -88
4 16 80 24 -110 80 34 -110 80 34 -120 80 24 -120
2 24 80 24 -120 80 24 -110
4 16 80 18 -72 80 34 -72 80 34 -48 80 18 -48
4 16 80 18 -32 80 34 -32 80 34 32 80 18 32
4 16 80 18 72 80 34 72 80 34 48 80 18 48
4 16 80 18 112 80 34 112 80 34 88 80 18 88
4 16 80 24 112 80 34 112 80 34 120 80 24 120
4 16 -80 18 112 -80 34 112 -80 34 88 -80 18 88
4 16 -80 24 112 -80 34 112 -80 34 120 -80 24 120
4 16 80 16 -110 80 18 -110 80 18 112 80 16 112
4 16 80 34 -120 80 46 -120 80 46 120 80 34 120
4 16 80 12 -30 80 16 -30 80 16 30 80 12 30
0 Right Angled Face and Holes
1 16 75 10 0 -5 0 0 -2 1 0 0 0 30 RECT.DAT
2 24 80 16 -110 60 8 -114
2 24 60 8 -114 60 8 -80
4 16 60 8 -88 60 8 -114 80 16 -110 80 16 -88
4 16 60 16 -120 60 16 -114 80 24 -110 80 24 -120
4 16 60 16 -120 60 16 -114 56 16 -114.6 56 16 -120
2 24 56 16 -114.6 56 16 -120
2 24 60 16 -114 56 16 -114.6
2 24 60 16 -114 60 16 -120
3 16 32 34 -118.2 20 34 -120 32 34 -120
2 24 32 34 -118.2 20 34 -120
2 24 32 34 -120 20 34 -120
4 16 48 34 -120 56 34 -120 56 34 -114.6 48 34 -115.8
2 24 56 34 -120 56 34 -114.6
2 24 56 34 -114.6 48 34 -115.8
2 24 56 34 -120 48 34 -120
2 24 80 16 60 80 16 30
2 24 80 16 30 60 8 30
2 24 70 8 30 60 8 30
2 24 60 8 30 60 8 120
4 16 60 8 112 60 8 30 68 11.2 30 68 11.2 112
4 16 77 14.8 112 77 14.8 30 80 16 30 80 16 112
4 16 68 11.2 72 68 11.2 48 77 14.8 48 77 14.8 72
4 16 68 11.2 112 68 11.2 88 77 14.8 88 77 14.8 112
3 16 60 8 112 60 8 120 80 16 112
2 24 80 16 112 60 8 120
4 16 68 11.2 30 68 11.2 32 77 14.8 32 77 14.8 30
2 24 68 11.2 48 77 14.8 48
2 24 77 14.8 48 77 14.8 32
2 24 77 14.8 32 68 11.2 32
2 24 68 11.2 32 68 11.2 48
2 24 68 11.2 88 77 14.8 88
2 24 77 14.8 88 77 14.8 72
2 24 77 14.8 72 68 11.2 72
2 24 68 11.2 72 68 11.2 88
2 24 68 20.32 48 77 20.32 48
2 24 68 20.32 32 77 20.32 32
2 24 68 20.32 48 68 11.2 48
2 24 68 20.32 32 68 11.2 32
2 24 77 20.32 48 77 14.8 48
2 24 77 20.32 32 77 14.8 32
4 16 68 20.32 48 77 20.32 48 77 14.8 48 68 11.2 48
4 16 68 20.32 32 77 20.32 32 77 14.8 32 68 11.2 32
4 16 77 16 48 77 16 32 77 14.8 32 77 14.8 48
4 16 68 16 48 68 16 32 68 11.2 32 68 11.2 48
1 16 68 26 40 0 -1 0 0 0 -10 -10 0 0 2-4edge.dat
1 16 77 26 40 0 -1 0 0 0 -10 -10 0 0 2-4edge.dat
1 16 68 26 40 0 -1 0 0 0 -10 -10 0 0 2-4ndis.dat
1 16 77 26 40 0 -1 0 0 0 -10 -10 0 0 2-4ndis.dat
1 16 77 26 40 0 -9 0 0 0 -10 -10 0 0 2-4cyli.dat
1 16 80 26 40 0 -1 0 0 0 -8 -8 0 0 4-4edge.dat
1 16 78 26 40 0 -1 0 0 0 -8 -8 0 0 4-4edge.dat
1 16 78 26 40 0 -1 0 0 0 -6 -6 0 0 4-4edge.dat
1 16 72 26 40 0 -1 0 0 0 -6 -6 0 0 4-4edge.dat
1 16 72 26 40 0 -1 0 0 0 -8 -8 0 0 2-4edge.dat
1 16 68 26 40 0 -1 0 0 0 -8 -8 0 0 2-4edge.dat
1 16 80 26 40 0 -2 0 0 0 -8 -8 0 0 4-4cyli.dat
1 16 78 26 40 0 0 0 0 0 -2 -2 0 0 ring3.dat
1 16 78 26 40 0 -6 0 0 0 -6 -6 0 0 4-4cyli.dat
1 16 72 26 40 0 0 0 0 0 -2 -2 0 0 ring3.dat
1 16 72 26 40 0 -4 0 0 0 -8 -8 0 0 2-4cyli.dat
1 16 68 26 40 0 -1 0 0 0 -8 -8 0 0 2-4disc.dat
1 16 68 26 80 0 -1 0 0 0 -10 -10 0 0 2-4edge.dat
1 16 77 26 80 0 -1 0 0 0 -10 -10 0 0 2-4edge.dat
1 16 68 26 80 0 -1 0 0 0 -10 -10 0 0 2-4ndis.dat
1 16 77 26 80 0 -1 0 0 0 -10 -10 0 0 2-4ndis.dat
1 16 77 26 80 0 -9 0 0 0 -10 -10 0 0 2-4cyli.dat
1 16 80 26 80 0 -1 0 0 0 -8 -8 0 0 4-4edge.dat
1 16 78 26 80 0 -1 0 0 0 -8 -8 0 0 4-4edge.dat
1 16 78 26 80 0 -1 0 0 0 -6 -6 0 0 4-4edge.dat
1 16 72 26 80 0 -1 0 0 0 -6 -6 0 0 4-4edge.dat
2 24 68 20.32 88 77 20.32 88
2 24 68 20.32 72 77 20.32 72
2 24 68 20.32 88 68 11.2 88
2 24 68 20.32 72 68 11.2 72
2 24 77 20.32 88 77 14.8 88
2 24 77 20.32 72 77 14.8 72
4 16 68 20.32 88 77 20.32 88 77 14.8 88 68 11.2 88
4 16 68 20.32 72 77 20.32 72 77 14.8 72 68 11.2 72
4 16 77 16 88 77 16 72 77 14.8 72 77 14.8 88
4 16 68 16 88 68 16 72 68 11.2 72 68 11.2 88
1 16 72 26 80 0 -1 0 0 0 -8 -8 0 0 2-4edge.dat
1 16 68 26 80 0 -1 0 0 0 -8 -8 0 0 2-4edge.dat
1 16 80 26 80 0 -2 0 0 0 -8 -8 0 0 4-4cyli.dat
1 16 78 26 80 0 0 0 0 0 -2 -2 0 0 ring3.dat
1 16 78 26 80 0 -6 0 0 0 -6 -6 0 0 4-4cyli.dat
1 16 72 26 80 0 0 0 0 0 -2 -2 0 0 ring3.dat
1 16 72 26 80 0 -4 0 0 0 -8 -8 0 0 2-4cyli.dat
1 16 68 26 80 0 -1 0 0 0 -8 -8 0 0 2-4disc.dat
4 16 68 26 32 68 26 48 68 36 48 68 36 32
4 16 68 26 72 68 26 88 68 36 88 68 36 72
4 16 68 26 32 68 36 32 72 36 32 72 26 32
4 16 68 26 48 68 36 48 72 36 48 72 26 48
2 24 80 16 -60 80 16 -100
2 24 60 8 -100 60 8 -60
4 16 60 8 -60 60 8 -88 68 11.2 -88 68 11.2 -60
4 16 77 14.8 -60 77 14.8 -88 80 16 -88 80 16 -60
4 16 68 11.2 -60 68 11.2 -72 77 14.8 -72 77 14.8 -60
4 16 68 11.2 -100 68 11.2 -88 77 14.8 -88 77 14.8 -100
2 24 68 11.2 -72 77 14.8 -72
2 24 77 14.8 -72 77 14.8 -88
2 24 77 14.8 -88 68 11.2 -88
2 24 68 11.2 -88 68 11.2 -72
2 24 68 20.32 -72 77 20.32 -72
2 24 68 20.32 -88 77 20.32 -88
2 24 68 20.32 -72 68 11.2 -72
2 24 68 20.32 -88 68 11.2 -88
2 24 77 20.32 -72 77 14.8 -72
2 24 77 20.32 -88 77 14.8 -88
4 16 68 20.32 -72 77 20.32 -72 77 14.8 -72 68 11.2 -72
4 16 68 20.32 -88 77 20.32 -88 77 14.8 -88 68 11.2 -88
4 16 77 16 -72 77 16 -88 77 14.8 -88 77 14.8 -72
4 16 68 16 -72 68 16 -88 68 11.2 -88 68 11.2 -72
1 16 68 26 -80 0 -1 0 0 0 -10 -10 0 0 2-4edge.dat
1 16 77 26 -80 0 -1 0 0 0 -10 -10 0 0 2-4edge.dat
1 16 68 26 -80 0 -1 0 0 0 -10 -10 0 0 2-4ndis.dat
1 16 77 26 -80 0 -1 0 0 0 -10 -10 0 0 2-4ndis.dat
1 16 77 26 -80 0 -9 0 0 0 -10 -10 0 0 2-4cyli.dat
1 16 80 26 -80 0 -1 0 0 0 -8 -8 0 0 4-4edge.dat
1 16 78 26 -80 0 -1 0 0 0 -8 -8 0 0 4-4edge.dat
1 16 78 26 -80 0 -1 0 0 0 -6 -6 0 0 4-4edge.dat
1 16 72 26 -80 0 -1 0 0 0 -6 -6 0 0 4-4edge.dat
1 16 72 26 -80 0 -1 0 0 0 -8 -8 0 0 2-4edge.dat
1 16 68 26 -80 0 -1 0 0 0 -8 -8 0 0 2-4edge.dat
1 16 80 26 -80 0 -2 0 0 0 -8 -8 0 0 4-4cyli.dat
1 16 78 26 -80 0 0 0 0 0 -2 -2 0 0 ring3.dat
1 16 78 26 -80 0 -6 0 0 0 -6 -6 0 0 4-4cyli.dat
1 16 72 26 -80 0 0 0 0 0 -2 -2 0 0 ring3.dat
1 16 72 26 -80 0 -4 0 0 0 -8 -8 0 0 2-4cyli.dat
1 16 68 26 -80 0 -1 0 0 0 -8 -8 0 0 2-4disc.dat
4 16 68 26 -88 68 26 -72 68 36 -72 68 36 -88
4 16 68 26 -88 68 36 -88 72 36 -88 72 26 -88
4 16 68 26 -72 68 36 -72 72 36 -72 72 26 -72
2 24 60 8 -30 80 16 -30
2 24 70 8 -30 60 8 -30
2 24 60 8 -80 60 8 -30
4 16 60 8 -30 60 8 -60 68 11.2 -60 68 11.2 -30
4 16 77 14.8 -20 77 14.8 -60 80 16 -60 80 16 -20
4 16 68 11.2 -20 68 11.2 -32 77 14.8 -32 77 14.8 -20
4 16 68 11.2 -60 68 11.2 -48 77 14.8 -48 77 14.8 -60
2 24 68 11.2 -32 77 14.8 -32
2 24 77 14.8 -32 77 14.8 -48
2 24 77 14.8 -48 68 11.2 -48
2 24 68 11.2 -48 68 11.2 -32
2 24 68 20.32 -32 77 20.32 -32
2 24 68 20.32 -48 77 20.32 -48
2 24 68 20.32 -32 68 11.2 -32
2 24 68 20.32 -48 68 11.2 -48
2 24 77 20.32 -32 77 14.8 -32
2 24 77 20.32 -48 77 14.8 -48
4 16 68 20.32 -32 77 20.32 -32 77 14.8 -32 68 11.2 -32
4 16 68 20.32 -48 77 20.32 -48 77 14.8 -48 68 11.2 -48
4 16 77 16 -32 77 16 -48 77 14.8 -48 77 14.8 -32
4 16 68 16 -32 68 16 -48 68 11.2 -48 68 11.2 -32
1 16 68 26 -40 0 -1 0 0 0 -10 -10 0 0 2-4edge.dat
1 16 77 26 -40 0 -1 0 0 0 -10 -10 0 0 2-4edge.dat
1 16 68 26 -40 0 -1 0 0 0 -10 -10 0 0 2-4ndis.dat
1 16 77 26 -40 0 -1 0 0 0 -10 -10 0 0 2-4ndis.dat
1 16 77 26 -40 0 -9 0 0 0 -10 -10 0 0 2-4cyli.dat
1 16 80 26 -40 0 -1 0 0 0 -8 -8 0 0 4-4edge.dat
1 16 78 26 -40 0 -1 0 0 0 -8 -8 0 0 4-4edge.dat
1 16 78 26 -40 0 -1 0 0 0 -6 -6 0 0 4-4edge.dat
1 16 72 26 -40 0 -1 0 0 0 -6 -6 0 0 4-4edge.dat
1 16 72 26 -40 0 -1 0 0 0 -8 -8 0 0 2-4edge.dat
1 16 68 26 -40 0 -1 0 0 0 -8 -8 0 0 2-4edge.dat
1 16 80 26 -40 0 -2 0 0 0 -8 -8 0 0 4-4cyli.dat
1 16 78 26 -40 0 0 0 0 0 -2 -2 0 0 ring3.dat
1 16 78 26 -40 0 -6 0 0 0 -6 -6 0 0 4-4cyli.dat
1 16 72 26 -40 0 0 0 0 0 -2 -2 0 0 ring3.dat
1 16 72 26 -40 0 -4 0 0 0 -8 -8 0 0 2-4cyli.dat
1 16 68 26 -40 0 -1 0 0 0 -8 -8 0 0 2-4disc.dat
4 16 68 26 -48 68 26 -32 68 36 -32 68 36 -48
4 16 68 26 -48 68 36 -48 72 36 -48 72 26 -48
4 16 68 26 -32 68 36 -32 72 36 -32 72 26 -32
0 Right Angled Faces Connecting Faces
4 16 80 12 -30 80 16 -30 60 8 -30 70 8 -30
4 16 80 12 30 80 16 30 60 8 30 70 8 30
0 Right Buttons Face
0 Button hole
1 16 58 8 18 -10 0 0 0 1 0 0 0 1 2-4edge.dat
1 16 58 8 8 -10 0 0 0 -1 0 0 0 -1 2-4edge.dat
1 16 58 8 18 -10 0 0 0 1 0 0 0 1 2-4ndis.dat
1 16 58 8 8 -10 0 0 0 -1 0 0 0 -1 2-4ndis.dat
1 16 58 8 18 -10 0 0 0 4 0 0 0 1 2-4cyli.dat
1 16 58 8 8 10 0 0 0 4 0 0 0 -1 2-4cyli.dat
1 16 68 10 13 0 -1 0 0 0 -2 -5 0 0 RECT.DAT
1 16 48 10 13 0 1 0 0 0 2 -5 0 0 RECT.DAT
0 Button hole
1 16 58 8 -8 -10 0 0 0 1 0 0 0 1 2-4edge.dat
1 16 58 8 -18 -10 0 0 0 -1 0 0 0 -1 2-4edge.dat
1 16 58 8 -8 -10 0 0 0 1 0 0 0 1 2-4ndis.dat
1 16 58 8 -18 -10 0 0 0 -1 0 0 0 -1 2-4ndis.dat
1 16 58 8 -8 -10 0 0 0 4 0 0 0 1 2-4cyli.dat
1 16 58 8 -18 10 0 0 0 4 0 0 0 -1 2-4cyli.dat
1 16 68 10 -13 0 -1 0 0 0 -2 -5 0 0 RECT.DAT
1 16 48 10 -13 0 1 0 0 0 2 -5 0 0 RECT.DAT
4 16 70 8 -30 70 8 30 68 8 30 68 8 -30
4 16 48 8 -40 48 8 40 40 8 40 40 8 -40
4 16 68 8 20 48 8 20 48 8 10 68 8 10
4 16 68 8 7 48 8 7 48 8 -7 68 8 -7
4 16 60 8 -19 48 8 -19 48 8 -40 60 8 -40
4 16 60 8 40 48 8 40 48 8 19 60 8 19
0 Right Top Face
4 16 60 8 -100 20 8 -100 20 8 -120 60 8 -114
1 16 60 8.5 -60 0 -1 0 0.5 0 0 0 0 20 RECT.DAT
4 16 60 9 -40 59 9 -41 59 9 -79 60 9 -80
1 16 60 9 60 0 -1 0 0.5 0 0 0 0 20 RECT.DAT
4 16 60 8 120 12 8 120 12 8 80 60 8 80
0 Right Back Face
4 16 -60 8 120 60 8 120 60 24 120 -60 24 120
3 16 60 16 120 60 24 120 80 24 120
3 16 -60 16 120 -60 24 120 -80 24 120
4 16 -60 8 120 -80 16 112 -80 24 112 -60 16 120
2 24 -80 24 112 -80 24 120
3 16 -80 24 112 -80 24 120 -60 16 120
2 24 -60 8 120 -60 16 120
2 24 -80 16 112 -80 24 112
2 24 80 16 112 80 24 112
2 24 -80 24 112 -60 16 120
2 24 -80 24 120 -60 16 120
4 16 60 8 120 80 16 112 80 24 112 60 16 120
3 16 80 24 112 80 24 120 60 16 120
2 24 80 24 112 80 24 120
2 24 60 8 120 60 16 120
2 24 80 24 112 60 16 120
2 24 80 24 120 60 16 120
0 Bottom Face
2 24 -80 46 120 80 46 120
2 24 -78 46 118 78 46 118
4 16 -80 46 120 -78 46 118 78 46 118 80 46 120
0 Top Center Faces
2 24 -60 8 -40 60 8 -40
2 24 -60 8 40 60 8 40
1 16 0 10 -100 10 0 0 0 0 2 0 1 0 RECT.DAT
1 16 -40 9 -80 20 0 0 0 0 0.5 0 1 0 RECT.DAT
1 16 40 9 -80 20 0 0 0 0 0.5 0 1 0 RECT.DAT
1 16 0 8.5 -40 60 0 0 0 0 0.5 0 1 0 RECT.DAT
1 16 0 9 40 60 0 0 0 0 0.5 0 1 0 RECT.DAT
4 16 -60 8 -80 -60 8 -100 -20 8 -100 -20 8 -80
4 16 20 8 -80 20 8 -100 60 8 -100 60 8 -80
4 16 -12 8 112 -12 8 120 12 8 120 12 8 112
4 16 -12 8 80 -12 8 89 12 8 89 12 8 80
1 16 0 8 100 12 0 0 0 1 0 0 0 12 box5.dat
4 16 -80 24 120 -80 46 120 80 46 120 80 24 120
2 24 -60 8 120 60 8 120
4 16 -20 8 -40 -20 8 -58 20 8 -58 20 8 -40
1 16 0 8 -62 20 0 0 0 1 0 0 0 4 2-4ndis.dat
0 Center Display
2 24 -40 8 23 -40 8 -23
2 24 40 8 23 40 8 -23
1 16 0 8 23 40 0 0 0 1 0 0 0 4 2-4edge.dat
1 16 0 8 -23 40 0 0 0 1 0 0 0 -4 2-4edge.dat
1 16 0 8 23 40 0 0 0 1 0 0 0 4 2-4ndis.dat
1 16 0 8 -23 40 0 0 0 1 0 0 0 -4 2-4ndis.dat
4 47 -40 8 23 -40 8 -23 40 8 -23 40 8 23
1 47 0 8 23 40 0 0 0 1 0 0 0 4 2-4disc.dat
1 47 0 8 -23 40 0 0 0 1 0 0 0 -4 2-4disc.dat
1 0 0 8 23 40 0 0 0 8 0 0 0 4 2-4cyli.dat
1 0 0 8 -23 40 0 0 0 8 0 0 0 -4 2-4cyli.dat
4 0 -40 8 23 -40 8 -23 -40 16 -23 -40 16 23
4 0 40 8 23 40 8 -23 40 16 -23 40 16 23
2 7 -40 16 23 -40 16 -23
2 7 40 16 23 40 16 -23
1 7 0 16 23 40 0 0 0 1 0 0 0 4 2-4edge.dat
1 7 0 16 -23 40 0 0 0 1 0 0 0 -4 2-4edge.dat
4 8 -40 16 23 -40 16 -23 40 16 -23 40 16 23
1 8 0 16 23 40 0 0 0 1 0 0 0 4 2-4disc.dat
1 8 0 16 -23 40 0 0 0 1 0 0 0 -4 2-4disc.dat
4 16 -40 8 -40 -40 8 -27 40 8 -27 40 8 -40
4 16 -40 8 27 -40 8 40 40 8 40 40 8 27
0 Port Labels
0 Numeral 1
0 Numeral 2
0 Numeral 3
0 Letter A
0 Letter B
0 Letter C
0 Buttons
1 2 -58 4 13 1 0 0 0 1 0 0 0 1 s\883-1.dat
1 7 -58 4 -13 1 0 0 0 1 0 0 0 1 s\883-1.dat
1 0 58 4 -13 1 0 0 0 1 0 0 0 1 s\883-1.dat
1 4 58 4 13 1 0 0 0 1 0 0 0 1 s\883-1.dat
0 Ports
1 0 -40 8 60 1 0 0 0 1 0 0 0 1 s\883-2.dat
1 0 40 8 60 1 0 0 0 1 0 0 0 1 s\883-2.dat
1 14 -40 8 -60 1 0 0 0 1 0 0 0 1 s\883-2.dat
1 14 40 8 -60 1 0 0 0 1 0 0 0 1 s\883-2.dat
0 IR Receiver
1 0 0 10 -62 20 0 0 0 0 -10 0 4 0 1-8sphe.dat
1 0 0 10 -62 -20 0 0 0 0 -10 0 4 0 1-8sphe.dat
1 0 0 10 -62 -20 0 0 0 0 -10 0 -58 0 2-4cyli.dat
1 0 0 10 -120 -20 0 0 0 0 -10 0 -58 0 2-4disc.dat
1 0 0 34 -120 20 0 0 0 0 4 0 -58 0 2-4disc.dat
1 16 0 34 -120 20 0 0 0 0 4 0 -58 0 2-4ndis.dat
4 16 -32 38 -120 -32 46 -120 32 46 -120 32 38 -120
4 0 -20 10 -120 -20 34 -120 20 34 -120 20 10 -120
0 Metal parts
1 16 -50 8 110 0 0 -1 0 1 0 1 0 0 stud.dat
1 16 -50 8 90 0 0 -1 0 1 0 1 0 0 stud.dat
1 16 -30 8 110 0 0 -1 0 1 0 1 0 0 stud.dat
1 16 -30 8 90 0 0 -1 0 1 0 1 0 0 stud.dat
1 16 30 8 110 0 0 -1 0 1 0 1 0 0 stud.dat
1 16 30 8 90 0 0 -1 0 1 0 1 0 0 stud.dat
1 16 50 8 110 0 0 -1 0 1 0 1 0 0 stud.dat
1 16 50 8 90 0 0 -1 0 1 0 1 0 0 stud.dat
1 16 -50 8 -90 0 0 -1 0 1 0 1 0 0 stud.dat
1 16 -30 8 -110 0 0 -1 0 1 0 1 0 0 stud.dat
1 16 -30 8 -90 0 0 -1 0 1 0 1 0 0 stud.dat
1 16 30 8 -110 0 0 -1 0 1 0 1 0 0 stud.dat
1 16 30 8 -90 1 0 0 0 1 0 0 0 1 studp01.dat
1 16 50 8 -90 1 0 0 0 1 0 0 0 1 studp01.dat
1 16 10 8 -50 1 0 0 0 1 0 0 0 1 studp01.dat
1 16 -10 8 -50 1 0 0 0 1 0 0 0 1 studp01.dat
0 Front LED/Sensor
1 16 -40 34 -116 1 0 0 0 0 -1 0 1 0 stud4.dat
1 16 -40 34 -118 6 0 0 0 0 -6 0 6 0 4-4disc.dat
1 47 -40 34 -116 -4 0 0 0 0 -4 0 -4 0 4-8sphe.dat
1 16 40 34 -116 1 0 0 0 0 -1 0 1 0 stud4.dat
1 16 40 34 -118 6 0 0 0 0 -6 0 6 0 4-4disc.dat
1 47 40 34 -116 -4 0 0 0 0 -4 0 -4 0 4-8sphe.dat
1 16 40 34 -120 -8 0 0 0 0 8 0 8 0 2-4ndis.dat
0 Triangle Lights
3 15 -16 8 65.6 -10 8 76 -4 8 65.6
2 24 -16 8 65.6 -10 8 76
2 24 -4 8 65.6 -10 8 76
2 24 -16 8 65.6 -4 8 65.6
4 16 -16 8 80 -10 8 80 -10 8 76 -16 8 65.6
4 16 -4 8 80 -10 8 80 -10 8 76 -4 8 65.6
4 16 -20 8 80 -16 8 80 -16 8 65.6 -20 8 60
4 16 0 8 80 -4 8 80 -4 8 65.6 0 8 60
4 16 -16 8 65.6 -4 8 65.6 0 8 60 -20 8 60
3 15 4 8 65.6 10 8 76 16 8 65.6
2 24 4 8 65.6 10 8 76
2 24 16 8 65.6 10 8 76
2 24 4 8 65.6 16 8 65.6
4 16 4 8 80 10 8 80 10 8 76 4 8 65.6
4 16 16 8 80 10 8 80 10 8 76 16 8 65.6
4 16 0 8 80 4 8 80 4 8 65.6 0 8 60
4 16 20 8 80 16 8 80 16 8 65.6 20 8 60
4 16 4 8 65.6 16 8 65.6 20 8 60 0 8 60
3 15 16 8 54.4 10 8 44 4 8 54.4
2 24 16 8 54.4 10 8 44
2 24 4 8 54.4 10 8 44
2 24 16 8 54.4 4 8 54.4
4 16 16 8 40 10 8 40 10 8 44 16 8 54.4
4 16 4 8 40 10 8 40 10 8 44 4 8 54.4
4 16 20 8 40 16 8 40 16 8 54.4 20 8 60
4 16 0 8 40 4 8 40 4 8 54.4 0 8 60
4 16 16 8 54.4 4 8 54.4 0 8 60 20 8 60
3 15 -4 8 54.4 -10 8 44 -16 8 54.4
2 24 -4 8 54.4 -10 8 44
2 24 -16 8 54.4 -10 8 44
2 24 -4 8 54.4 -16 8 54.4
4 16 -4 8 40 -10 8 40 -10 8 44 -4 8 54.4
4 16 -16 8 40 -10 8 40 -10 8 44 -16 8 54.4
4 16 0 8 40 -4 8 40 -4 8 54.4 0 8 60
4 16 -20 8 40 -16 8 40 -16 8 54.4 -20 8 60
4 16 -4 8 54.4 -16 8 54.4 -20 8 60 0 8 60
0 Battery box (Needs work)
1 16 0 42 0 78 0 0 0 2 0 0 0 118 box5.dat
1 16 0 44 0 72 0 0 0 8 0 0 0 112 box4t.DAT
1 16 0 52 0 76 0 0 0 1 0 0 0 116 RECT.DAT
4 16 76 52 -116 76 52 116 76 55 116 76 55 -116
1 16 74 55 108 2 0 0 0 1 0 0 0 5 RECT.DAT
1 16 74 55 55 2 0 0 0 1 0 0 0 45 RECT.DAT
1 16 74 55 -43 2 0 0 0 1 0 0 0 50 RECT.DAT
1 16 74 55 -104.5 2 0 0 0 1 0 0 0 8.5 RECT.DAT
1 16 72 72 108 0 1 0 17 0 0 0 0 5 RECT.DAT
1 16 72 72 55 0 1 0 17 0 0 0 0 45 RECT.DAT
1 16 72 72 -43 0 1 0 17 0 0 0 0 50 RECT.DAT
2 24 72 89 -96 72 55 -96
2 24 72 55 -96 72 55 -113
2 24 72 55 -110 72 69 -113
4 16 72 89 -96 72 69 -113 72 55 -113 72 55 -96
2 24 76 55 113 76 83 113
2 24 76 83 113 74 89 113
2 24 74 89 113 72 89 113
2 24 76 55 116 76 83 116
2 24 76 83 116 74 89 116
2 24 74 89 116 72 89 116
2 24 74 89 113 74 89 116
2 24 76 83 113 76 83 116
2 24 72 89 113 72 89 116
4 16 72 55 113 72 89 113 74 89 113 74 55 113
4 16 76 55 113 74 55 113 74 89 113 76 83 113
4 16 72 55 116 72 89 116 74 89 116 74 55 116
4 16 76 55 116 74 55 116 74 89 116 76 83 116
4 16 76 55 113 76 83 113 76 83 116 76 55 116
4 16 76 83 113 74 89 113 74 89 116 76 83 116
4 16 74 89 113 72 89 113 72 89 116 74 89 116
2 24 76 55 100 76 83 100
2 24 76 83 100 74 89 100
2 24 74 89 100 72 89 100
2 24 76 55 103 76 83 103
2 24 76 83 103 74 89 103
2 24 74 89 103 72 89 103
2 24 74 89 100 74 89 103
2 24 76 83 100 76 83 103
2 24 72 89 100 72 89 103
4 16 72 55 100 72 89 100 74 89 100 74 55 100
4 16 76 55 100 74 55 100 74 89 100 76 83 100
4 16 72 55 103 72 89 103 74 89 103 74 55 103
4 16 76 55 103 74 55 103 74 89 103 76 83 103
4 16 76 55 100 76 83 100 76 83 103 76 55 103
4 16 76 83 100 74 89 100 74 89 103 76 83 103
4 16 74 89 100 72 89 100 72 89 103 74 89 103
2 24 76 55 7 76 83 7
2 24 76 83 7 74 89 7
2 24 74 89 7 72 89 7
2 24 76 55 10 76 83 10
2 24 76 83 10 74 89 10
2 24 74 89 10 72 89 10
2 24 74 89 7 74 89 10
2 24 76 83 7 76 83 10
2 24 72 89 7 72 89 10
4 16 72 55 7 72 89 7 74 89 7 74 55 7
4 16 76 55 7 74 55 7 74 89 7 76 83 7
4 16 72 55 10 72 89 10 74 89 10 74 55 10
4 16 76 55 10 74 55 10 74 89 10 76 83 10
4 16 76 55 7 76 83 7 76 83 10 76 55 10
4 16 76 83 7 74 89 7 74 89 10 76 83 10
4 16 74 89 7 72 89 7 72 89 10 74 89 10
2 24 76 55 -96 76 83 -96
2 24 76 83 -96 74 89 -96
2 24 74 89 -96 72 89 -96
2 24 76 55 -93 76 83 -93
2 24 76 83 -93 74 89 -93
2 24 74 89 -93 72 89 -93
2 24 74 89 -96 74 89 -93
2 24 76 83 -96 76 83 -93
2 24 72 89 -96 72 89 -93
4 16 72 55 -96 72 89 -96 74 89 -96 74 55 -96
4 16 76 55 -96 74 55 -96 74 89 -96 76 83 -96
4 16 72 55 -93 72 89 -93 74 89 -93 74 55 -93
4 16 76 55 -93 74 55 -93 74 89 -93 76 83 -93
4 16 76 55 -96 76 83 -96 76 83 -93 76 55 -93
4 16 76 83 -96 74 89 -96 74 89 -93 76 83 -93
4 16 74 89 -96 72 89 -96 72 89 -93 74 89 -93
4 16 -76 52 -116 -76 52 116 -76 55 116 -76 55 -116
1 16 -74 55 108 -2 0 0 0 1 0 0 0 5 RECT.DAT
1 16 -74 55 55 -2 0 0 0 1 0 0 0 45 RECT.DAT
1 16 -74 55 -43 -2 0 0 0 1 0 0 0 50 RECT.DAT
1 16 -74 55 -104.5 -2 0 0 0 1 0 0 0 8.5 RECT.DAT
1 16 -72 72 108 0 -1 0 17 0 0 0 0 5 RECT.DAT
1 16 -72 72 55 0 -1 0 17 0 0 0 0 45 RECT.DAT
1 16 -72 72 -43 0 -1 0 17 0 0 0 0 50 RECT.DAT
2 24 -72 89 -96 -72 55 -96
2 24 -72 55 -96 -72 55 -113
2 24 -72 55 -113 -72 69 -113
4 16 -72 89 -96 -72 69 -113 -72 55 -113 -72 55 -96
2 24 -76 55 113 -76 83 113
2 24 -76 83 113 -74 89 113
2 24 -74 89 113 -72 89 113
2 24 -76 55 116 -76 83 116
2 24 -76 83 116 -74 89 116
2 24 -74 89 116 -72 89 116
2 24 -74 89 113 -74 89 116
2 24 -76 83 113 -76 83 116
2 24 -72 89 113 -72 89 116
4 16 -72 55 113 -72 89 113 -74 89 113 -74 55 113
4 16 -76 55 113 -74 55 113 -74 89 113 -76 83 113
4 16 -72 55 116 -72 89 116 -74 89 116 -74 55 116
4 16 -76 55 116 -74 55 116 -74 89 116 -76 83 116
4 16 -76 55 113 -76 83 113 -76 83 116 -76 55 116
4 16 -76 83 113 -74 89 113 -74 89 116 -76 83 116
4 16 -74 89 113 -72 89 113 -72 89 116 -74 89 116
2 24 -76 55 100 -76 83 100
2 24 -76 83 100 -74 89 100
2 24 -74 89 100 -72 89 100
2 24 -76 55 103 -76 83 103
2 24 -76 83 103 -74 89 103
2 24 -74 89 103 -72 89 103
2 24 -74 89 100 -74 89 103
2 24 -76 83 100 -76 83 103
2 24 -72 89 100 -72 89 103
4 16 -72 55 100 -72 89 100 -74 89 100 -74 55 100
4 16 -76 55 100 -74 55 100 -74 89 100 -76 83 100
4 16 -72 55 103 -72 89 103 -74 89 103 -74 55 103
4 16 -76 55 103 -74 55 103 -74 89 103 -76 83 103
4 16 -76 55 100 -76 83 100 -76 83 103 -76 55 103
4 16 -76 83 100 -74 89 100 -74 89 103 -76 83 103
4 16 -74 89 100 -72 89 100 -72 89 103 -74 89 103
2 24 -76 55 7 -76 83 7
2 24 -76 83 7 -74 89 7
2 24 -74 89 7 -72 89 7
2 24 -76 55 10 -76 83 10
2 24 -76 83 10 -74 89 10
2 24 -74 89 10 -72 89 10
2 24 -74 89 7 -74 89 10
2 24 -76 83 7 -76 83 10
2 24 -72 89 7 -72 89 10
4 16 -72 55 7 -72 89 7 -74 89 7 -74 55 7
4 16 -76 55 7 -74 55 7 -74 89 7 -76 83 7
4 16 -72 55 10 -72 89 10 -74 89 10 -74 55 10
4 16 -76 55 10 -74 55 10 -74 89 10 -76 83 10
4 16 -76 55 7 -76 83 7 -76 83 10 -76 55 10
4 16 -76 83 7 -74 89 7 -74 89 10 -76 83 10
4 16 -74 89 7 -72 89 7 -72 89 10 -74 89 10
2 24 -76 55 -96 -76 83 -96
2 24 -76 83 -96 -74 89 -96
2 24 -74 89 -96 -72 89 -96
2 24 -76 55 -93 -76 83 -93
2 24 -76 83 -93 -74 89 -93
2 24 -74 89 -93 -72 89 -93
2 24 -74 89 -96 -74 89 -93
2 24 -76 83 -96 -76 83 -93
2 24 -72 89 -96 -72 89 -93
4 16 -72 55 -96 -72 89 -96 -74 89 -96 -74 55 -96
4 16 -76 55 -96 -74 55 -96 -74 89 -96 -76 83 -96
4 16 -72 55 -93 -72 89 -93 -74 89 -93 -74 55 -93
4 16 -76 55 -93 -74 55 -93 -74 89 -93 -76 83 -93
4 16 -76 55 -96 -76 83 -96 -76 83 -93 -76 55 -93
4 16 -76 83 -96 -74 89 -96 -74 89 -93 -76 83 -93
4 16 -74 89 -96 -72 89 -96 -72 89 -93 -74 89 -93
1 16 -74 55 -114.5 0 0 -2 0 16 0 -1.5 0 0 box4-1.dat
1 16 74 55 -114.5 0 0 2 0 16 0 1.5 0 0 box4-1.dat
2 24 72 89 116 -72 89 116
2 24 72 71 -116 -72 71 -116
2 24 76 52 -116 76 55 -116
2 24 -76 52 -116 -76 55 -116
2 24 76 52 116 76 55 116
2 24 -76 52 116 -76 55 116
4 16 76 52 -116 -76 52 -116 -76 55 -116 76 55 -116
4 16 76 52 116 -76 52 116 -76 55 116 76 55 116
4 16 72 71 -116 -72 71 -116 -72 55 -116 72 55 -116
4 16 72 89 116 -72 89 116 -72 55 116 72 55 116
0
