0 Technic Rotor 3 Blade with 6 Studs
0 Name: 32125.dat
0 Author: Ishono Keiichiro
0 !LDRAW_ORG Part UPDATE 2001-01
0 !LICENSE Not redistributable : see NonCAreadme.txt

0 !HISTORY 2001-10-26 [PTadmin] Official Update 2001-01
0 !HISTORY 2007-06-25 [PTadmin] Header formatted for Contributor Agreement
0 !HISTORY 2008-07-01 [PTadmin] Official Update 2008-01

 1 16 0 0 0 1 0 0 0 8 0 0 0 1 axlehole.dat
 1 16 0 0 0 1 0 0 0 0 0 0 0 1 axlehol2.dat
 1 16 0 8 0 1 0 0 0 0 0 0 0 1 axlehol2.dat
 1 16 0 8 0 2 0 0 0 0 0 0 0 2 ring4.dat
 1 16 0 8 0 2 0 0 0 0 0 0 0 2 ring3.dat
 1 16 0 0 0 2 0 0 0 0 0 0 0 2 ring4.dat
 1 16 0 0 0 2 0 0 0 0 0 0 0 2 ring3.dat

 1 16 0 4 30 1 0 0 0 -1 0 0 0 1 stud3.dat
 1 16 0 0 40 1 0 0 0  1 0 0 0 1 stud2.dat
 1 16 0 0 20 1 0 0 0  1 0 0 0 1 stud2.dat
 1 16 0 0  0 6 0 0 0  0 0 0 0 6 2-4ndis.dat
 4 16  10 0 0  10 0 10  6 0 10  6 0 0
 4 16 -10 0 0 -10 0 10 -6 0 10 -6 0 0
 2 24  10 8 40  10 8 5
 2 24  10 0 40  10 0 5
 2 24 -10 8 40 -10 8 5
 2 24 -10 0 40 -10 0 5
 1 16 0 6 10 6 0 0 0 0 2 0 0 0 rect.dat
 1 16 0 6 14 6 0 0 0 0 2 0 0 0 rect.dat
 4 16 6 8 10 -6 8 10 -6 8 14 6 8 14
 2 24  6 8 14  6 8 40
 2 24 -6 8 14 -6 8 40
 2 24  6 4 14  6 4 40
 2 24 -6 4 14 -6 4 40
 4 16  6 4 14  6 4 40  6 8 40  6 8 14
 4 16 -6 4 14 -6 4 40 -6 8 40 -6 8 14
 1 16 0 0 40 10 0 0 0  1 0 0 0 10 2-4edge.dat
 1 16 0 4 40  6 0 0 0  1 0 0 0  6 2-4edge.dat
 1 16 0 8 40 10 0 0 0  1 0 0 0 10 2-4edge.dat
 1 16 0 8 40  6 0 0 0  1 0 0 0  6 2-4edge.dat
 1 16 0 8 40  6 0 0 0 -4 0 0 0  6 2-4cyli.dat
 1 16 0 8 40 10 0 0 0 -8 0 0 0 10 2-4cyli.dat
 1 16 0 4 40  6 0 0 0  1 0 0 0  6 2-4disc.dat
 1 16 0 0 40 10 0 0 0  1 0 0 0 10 2-4disc.dat
 4 16  10     8 40      6     8 40      5.543 8 42.296  9.238 8 43.826
 4 16   5.543 8 42.296  9.238 8 43.826  7.070 8 47.070  4.242 8 44.242
 4 16   7.070 8 47.070  4.242 8 44.242  2.296 8 45.543  3.826 8 49.238
 4 16   2.296 8 45.543  3.826 8 49.238  0     8 50      0     8 46
 4 16 -10     8 40     -6     8 40     -5.543 8 42.296 -9.238 8 43.826
 4 16  -5.543 8 42.296 -9.238 8 43.826 -7.070 8 47.070 -4.242 8 44.242
 4 16  -7.070 8 47.070 -4.242 8 44.242 -2.296 8 45.543 -3.826 8 49.238
 4 16  -2.296 8 45.543 -3.826 8 49.238  0     8 50      0     8 46
 4 16  10 8 40  10 0 40  10 0   0  10 8   0
 4 16 -10 8 40 -10 0 40 -10 0   0 -10 8   0
 4 16  10 8 40   6 8 40   6 8   0  10 8   0
 4 16 -10 8 40  -6 8 40  -6 8   0 -10 8   0
0 4 16   6 8 40   6 4 40   6 4  14   6 8  14
0 4 16  -6 8 40  -6 4 40  -6 4  14  -6 8  14
 4 16  6 4 40  -6 4 40  -6 4  14  6 4  14
 4 16 10 0 40 -10 0 40 -10 0   6 10 0   6
 2 24 3.826 8 9.238 0     8 10
 2 24 3.826 8 9.238 6     8  7.785
 2 24 3.826 4 9.238 0     4 10
 2 24 3.826 4 9.238 6     4  7.785
 2 24 6     4 7.785 6     8  7.785
 2 24 6     4 7.785 6     4 10
 2 24 6     8 7.785 6     8 10
 4 16 6     4 7.785 6     8  7.785 6 8 10     6 4 10
 3 16 3.826 4 9.238 0     4 10 3.826 4 10
 4 16 3.826 4 9.238 3.826 4 10     6 4 10     6 4  7.785
 4 16 3.826 4 9.238 3.826 8  9.238 6 8  7.785 6 4  7.785
 4 16 3.826 4 9.238 3.826 8  9.238 0 8 10     0 4 10
 2 24 -3.826 8 9.238  0     8 10
 2 24 -3.826 8 9.238 -6     8  7.785
 2 24 -3.826 4 9.238  0     4 10
 2 24 -3.826 4 9.238 -6     4  7.785
 2 24 -6     4 7.785 -6     8  7.785
 2 24 -6     4 7.785 -6     4 10
 2 24 -6     8 7.785 -6     8 10
 4 16 -6     4 7.785 -6     8  7.785 -6 8 10     -6 4 10
 3 16 -3.826 4 9.238  0     4 10 -3.826 4 10
 4 16 -3.826 4 9.238 -3.826 4 10     -6 4 10     -6 4  7.785
 4 16 -3.826 4 9.238 -3.826 8  9.238 -6 8  7.785 -6 4  7.785
 4 16 -3.826 4 9.238 -3.826 8  9.238  0 8 10      0 4 10


 1 16 -25.98 4 -15 -0.5 0 -0.866 0 -1 0 0.866 0 -0.5 stud3.dat
 1 16 -34.64 0 -20 -0.5 0 -0.866 0  1 0 0.866 0 -0.5 stud2.dat
 1 16 -17.32 0 -10 -0.5 0 -0.866 0  1 0 0.866 0 -0.5 stud2.dat
 1 16 0 0 0 -3 0 -5.196 0 0 0 5.196 0 -3 2-4ndis.dat
 4 16 -5 0  8.66 -13.66 0   3.66 -11.66 0   0.196 -3 0  5.96
 4 16  5 0 -8.66  -3.66 0 -13.66  -5.66 0 -10.196  3 0 -5.96
 2 24 -10 8   5 -39.64 8 -11.34
 2 24 -10 0   5 -39.64 0 -11.34
 2 24   0 8 -11.54 -29.64 8 -28.66
 2 24   0 0 -11.54 -29.64 0 -28.66
 1 16  -8.66  6 -5 -3 0 0 0 0 2 5.196 0 0 rect.dat
 1 16 -12.124 6 -7 -3 0 0 0 0 2 5.196 0 0 rect.dat
 4 16 -11.66 8 0.196 -5.66 8 -10.196 -9.124 8 -12.196 -15.124 8 -1.804
 2 24 -15.124 8  -1.804 -37.641 8 -14.804
 2 24  -9.124 8 -12.196 -31.641 8 -25.196
 2 24 -15.124 4  -1.804 -37.641 4 -14.804
 2 24  -9.124 4 -12.196 -31.641 4 -25.196
 4 16 -15.124 4  -1.804 -37.641 4 -14.804 -37.641 8 -14.804 -15.124 8 -1.804
 4 16  -9.124 4 -12.196 -31.641 4 -25.196 -31.641 8 -25.196  -9.124 8 -12.196
 1 16 -34.641 0 -20 -5 0 -8.66  0  1 0 8.66  0 -5 2-4edge.dat
 1 16 -34.641 4 -20 -3 0 -5.196 0  1 0 5.196 0 -3 2-4edge.dat
 1 16 -34.641 8 -20 -5 0 -8.66  0  1 0 8.66  0 -5 2-4edge.dat
 1 16 -34.641 8 -20 -3 0 -5.196 0  1 0 5.196 0 -3 2-4edge.dat
 1 16 -34.641 8 -20 -3 0 -5.196 0 -4 0 5.196 0 -3 2-4cyli.dat
 1 16 -34.641 8 -20 -5 0 -8.66  0 -8 0 8.66  0 -5 2-4cyli.dat
 1 16 -34.641 4 -20 -3 0 -5.196 0  1 0 5.196 0 -3 2-4disc.dat
 1 16 -34.641 0 -20 -5 0 -8.66  0  1 0 8.66  0 -5 2-4disc.dat
 4 16 -39.64  8 -11.339 -37.64  8 -14.803 -39.4   8 -16.347 -42.572 8 -13.912
 4 16 -39.4   8 -16.347 -42.572 8 -13.912 -44.298 8 -17.411 -40.435 8 -18.446
 4 16 -44.298 8 -17.411 -40.435 8 -18.446 -40.588 8 -20.782 -44.553 8 -21.305
 4 16 -40.588 8 -20.782 -44.553 8 -21.305 -43.3   8 -25     -39.836 8 -23
 4 16 -29.64  8 -28.659 -31.64  8 -25.195 -33.857 8 -25.947 -33.334 8 -29.912
 4 16 -33.857 8 -25.947 -33.334 8 -29.912 -37.228 8 -29.657 -36.193 8 -25.794
 4 16 -37.228 8 -29.657 -36.193 8 -25.794 -38.292 8 -24.759 -40.727 8 -27.931
 4 16 -38.292 8 -24.759 -40.727 8 -27.931 -43.3   8 -25     -39.836 8 -23
 4 16 -39.64  8 -11.339 -39.64  0 -11.339  -5     0   8.66   -5     8   8.66
 4 16 -29.64  8 -28.659 -29.64  0 -28.659   5     0  -8.659   5     8  -8.659
 4 16 -39.64  8 -11.339 -37.64  8 -14.803  -3     8   5.196  -5     8   8.66
 4 16 -29.64  8 -28.659 -31.64  8 -25.195   3     8  -5.195   5     8  -8.659
 4 16 -37.64  8 -14.803 -37.64  4 -14.803 -15.123 4  -1.803 -15.123 8  -1.803
 4 16 -31.64  8 -25.195 -31.64  4 -25.195  -9.123 4 -12.195  -9.123 8 -12.195
 4 16 -37.64  4 -14.803 -31.64  4 -25.195  -9.123 4 -12.195 -15.123 4  -1.803
 4 16 -39.64  0 -11.339 -29.64  0 -28.659  -0.195 0 -11.659 -10.195 0   5.66
 2 24  -9.912 8  -1.305  -8.659 8  -5
 2 24  -9.912 8  -1.305  -9.741 8   1.304
 2 24  -9.912 4  -1.305  -8.659 4  -5
 2 24  -9.912 4  -1.305  -9.741 4   1.304
 2 24  -9.741 4   1.304  -9.741 8   1.304
 2 24  -9.741 4   1.304 -11.659 4   0.196
 2 24  -9.741 8   1.304 -11.659 8   0.196
 4 16  -9.741 4   1.304  -9.741 8   1.304 -11.659 8  0.196 -11.659 4  0.196
 3 16  -9.912 4  -1.305  -8.659 4  -5     -10.572 4 -1.686
 4 16  -9.912 4  -1.305 -10.572 4  -1.686 -11.659 4  0.196  -9.741 4  1.304
 4 16  -9.912 4  -1.305  -9.912 8  -1.305  -9.741 8  1.304  -9.741 4  1.304
 4 16  -9.912 4  -1.305  -9.912 8  -1.305  -8.659 8 -5      -8.659 4 -5
 2 24  -6.086 8  -7.931  -8.659 8  -5
 2 24  -6.086 8  -7.931  -3.741 8  -9.088
 2 24  -6.086 4  -7.931  -8.659 4  -5
 2 24  -6.086 4  -7.931  -3.741 4  -9.088
 2 24  -3.741 4  -9.088  -3.741 8  -9.088
 2 24  -3.741 4  -9.088  -5.659 4 -10.195
 2 24  -3.741 8  -9.088  -5.659 8 -10.195
 4 16  -3.741 4  -9.088  -3.741 8  -9.088 -5.659 8 -10.195 -5.659 4 -10.195
 3 16  -6.086 4  -7.931  -8.659 4  -5     -6.746 4  -8.312
 4 16  -6.086 4  -7.931  -6.746 4  -8.312 -5.659 4 -10.195 -3.741 4  -9.088
 4 16  -6.086 4  -7.931  -6.086 8  -7.931 -3.741 8  -9.088 -3.741 4  -9.088
 4 16  -6.086 4  -7.931  -6.086 8  -7.931 -8.659 8  -5     -8.659 4  -5


 1 16 25.98 4 -15 -0.5 0 0.866 0 -1 0 -0.866 0 -0.5 stud3.dat
 1 16 34.64 0 -20 -0.5 0 0.866 0  1 0 -0.866 0 -0.5 stud2.dat
 1 16 17.32 0 -10 -0.5 0 0.866 0  1 0 -0.866 0 -0.5 stud2.dat
 1 16 0 0 0 -3 0 5.196 0 0 0 -5.196 0 -3 2-4ndis.dat
 4 16  5 0  8.66 13.66 0   3.66 11.66 0   0.196  3 0  5.96
 4 16 -5 0 -8.66  3.66 0 -13.66  5.66 0 -10.196 -3 0 -5.96
 2 24 10 8   5 39.64 8 -11.34
 2 24 10 0   5 39.64 0 -11.34
 2 24  0 8 -11.54 29.64 8 -28.66
 2 24  0 0 -11.54 29.64 0 -28.66
 1 16  8.66  6 -5 3 0 0 0 0 2 5.196 0 0 rect.dat
 1 16 12.124 6 -7 3 0 0 0 0 2 5.196 0 0 rect.dat
 4 16 11.66 8 0.196 5.66 8 -10.196 9.124 8 -12.196 15.124 8 -1.804
 2 24 15.124 8  -1.804 37.641 8 -14.804
 2 24  9.124 8 -12.196 31.641 8 -25.196
 2 24 15.124 4  -1.804 37.641 4 -14.804
 2 24  9.124 4 -12.196 31.641 4 -25.196
 4 16 15.124 4  -1.804 37.641 4 -14.804 37.641 8 -14.804 15.124 8 -1.804
 4 16  9.124 4 -12.196 31.641 4 -25.196 31.641 8 -25.196  9.124 8 -12.196
 1 16 34.641 0 -20 -5 0 8.66  0  1 0 -8.66  0 -5 2-4edge.dat
 1 16 34.641 4 -20 -3 0 5.196 0  1 0 -5.196 0 -3 2-4edge.dat
 1 16 34.641 8 -20 -5 0 8.66  0  1 0 -8.66  0 -5 2-4edge.dat
 1 16 34.641 8 -20 -3 0 5.196 0  1 0 -5.196 0 -3 2-4edge.dat
 1 16 34.641 8 -20 -3 0 5.196 0 -4 0 -5.196 0 -3 2-4cyli.dat
 1 16 34.641 8 -20 -5 0 8.66  0 -8 0 -8.66  0 -5 2-4cyli.dat
 1 16 34.641 4 -20 -3 0 5.196 0  1 0 -5.196 0 -3 2-4disc.dat
 1 16 34.641 0 -20 -5 0 8.66  0  1 0 -8.66  0 -5 2-4disc.dat
 4 16 39.64  8 -11.339 37.64  8 -14.803 39.4   8 -16.347 42.572 8 -13.912
 4 16 39.4   8 -16.347 42.572 8 -13.912 44.298 8 -17.411 40.435 8 -18.446
 4 16 44.298 8 -17.411 40.435 8 -18.446 40.588 8 -20.782 44.553 8 -21.305
 4 16 40.588 8 -20.782 44.553 8 -21.305 43.3   8 -25     39.836 8 -23
 4 16 29.64  8 -28.659 31.64  8 -25.195 33.857 8 -25.947 33.334 8 -29.912
 4 16 33.857 8 -25.947 33.334 8 -29.912 37.228 8 -29.657 36.193 8 -25.794
 4 16 37.228 8 -29.657 36.193 8 -25.794 38.292 8 -24.759 40.727 8 -27.931
 4 16 38.292 8 -24.759 40.727 8 -27.931 43.3   8 -25     39.836 8 -23
 4 16 39.64  8 -11.339 39.64  0 -11.339  5     0   8.66   5     8   8.66
 4 16 29.64  8 -28.659 29.64  0 -28.659 -5     0  -8.659 -5     8  -8.659
 4 16 39.64  8 -11.339 37.64  8 -14.803  3     8   5.196  5     8   8.66
 4 16 29.64  8 -28.659 31.64  8 -25.195 -3     8  -5.195 -5     8  -8.659
 4 16 37.64  8 -14.803 37.64  4 -14.803 15.123 4  -1.803 15.123 8  -1.803
 4 16 31.64  8 -25.195 31.64  4 -25.195  9.123 4 -12.195  9.123 8 -12.195
 4 16 37.64  4 -14.803 31.64  4 -25.195  9.123 4 -12.195 15.123 4  -1.803
 4 16 39.64  0 -11.339 29.64  0 -28.659  0.195 0 -11.659 10.195 0   5.66
 2 24  9.912 8  -1.305  8.659 8  -5
 2 24  9.912 8  -1.305  9.741 8   1.304
 2 24  9.912 4  -1.305  8.659 4  -5
 2 24  9.912 4  -1.305  9.741 4   1.304
 2 24  9.741 4   1.304  9.741 8   1.304
 2 24  9.741 4   1.304 11.659 4   0.196
 2 24  9.741 8   1.304 11.659 8   0.196
 4 16  9.741 4   1.304  9.741 8   1.304 11.659 8  0.196 11.659 4  0.196
 3 16  9.912 4  -1.305  8.659 4  -5     10.572 4 -1.686
 4 16  9.912 4  -1.305 10.572 4  -1.686 11.659 4  0.196  9.741 4  1.304
 4 16  9.912 4  -1.305  9.912 8  -1.305  9.741 8  1.304  9.741 4  1.304
 4 16  9.912 4  -1.305  9.912 8  -1.305  8.659 8 -5      8.659 4 -5
 2 24  6.086 8  -7.931  8.659 8  -5
 2 24  6.086 8  -7.931  3.741 8  -9.088
 2 24  6.086 4  -7.931  8.659 4  -5
 2 24  6.086 4  -7.931  3.741 4  -9.088
 2 24  3.741 4  -9.088  3.741 8  -9.088
 2 24  3.741 4  -9.088  5.659 4 -10.195
 2 24  3.741 8  -9.088  5.659 8 -10.195
 4 16  3.741 4  -9.088  3.741 8  -9.088 5.659 8 -10.195 5.659 4 -10.195
 3 16  6.086 4  -7.931  8.659 4  -5     6.746 4  -8.312
 4 16  6.086 4  -7.931  6.746 4  -8.312 5.659 4 -10.195 3.741 4  -9.088
 4 16  6.086 4  -7.931  6.086 8  -7.931 3.741 8  -9.088 3.741 4  -9.088
 4 16  6.086 4  -7.931  6.086 8  -7.931 8.659 8  -5     8.659 4  -5


 2 24  10 8   5   10 0   5
 2 24 -10 8   5  -10 0   5
 2 24   0 8 -11.54 0 0 -11.54
