0 Technic Liftarm  2 x  4 L Shape
0 Name: 32140.dat
0 Author: Fredrik Glöckner
0 Official LCad update 99-02

 1 16 0 -10 0 9 0 0 0 0 0 0 0 -9 2-4edge.dat
 1 16 0 10 0 9 0 0 0 0 0 0 0 -9 2-4edge.dat
 1 16 0 -10 0 9 0 0 0 20 0 0 0 -9 2-4cyli.dat
 1 16 0 -10 0 1 0 0 0 20 0 0 0 1 axlehol4.dat
 1 16 20 -10 60 0 0 9 0 0 0 9 0 0 2-4edge.dat
 1 16 20 10 60 0 0 9 0 0 0 9 0 0 2-4edge.dat
 1 16 20 -10 60 0 0 9 0 20 0 9 0 0 2-4cyli.dat
 2 24 9 -10 0 9 -10 51
 2 24 -9 -10 0 -9 -10 60
 2 24 9 10 0 9 10 51
 2 24 -9 10 0 -9 10 60
 2 24 9 -10 51 9 10 51
 4 16 9 -10 0 9 -10 51 9 10 51 9 10 0
 4 16 -9 -10 0 -9 -10 60 -9 10 60 -9 10 0
 2 24 9 -10 51 20 -10 51
 2 24 9 10 51 20 10 51
 2 24 0 -10 69 20 -10 69
 2 24 0 10 69 20 10 69
 4 16 9 -10 51 20 -10 51 20 10 51 9 10 51
 4 16 0 -10 69 20 -10 69 20 10 69 0 10 69
 1 16 0 -10 60 -9 0 0 0 0 0 0 0 9 1-4edge.dat
 1 16 0 10 60 -9 0 0 0 0 0 0 0 9 1-4edge.dat
 1 16 0 -10 60 -9 0 0 0 20 0 0 0 9 1-4cyli.dat
 1 16 0 -10 20 1 0 0 0 1 0 0 0 1 peghole.dat
 1 16 0 10 20 1 0 0 0 -1 0 0 0 1 peghole.dat
 1 16 0 -10 40 1 0 0 0 1 0 0 0 1 peghole.dat
 1 16 0 10 40 1 0 0 0 -1 0 0 0 1 peghole.dat
 1 16 0 -10 60 1 0 0 0 1 0 0 0 1 peghole.dat
 1 16 0 10 60 1 0 0 0 -1 0 0 0 1 peghole.dat
 1 16 20 -10 60 1 0 0 0 1 0 0 0 1 peghole.dat
 1 16 20 10 60 1 0 0 0 -1 0 0 0 1 peghole.dat
 1 16 0 -8 20 6 0 0 0 16 0 0 0 6 4-4cyli.dat
 1 16 0 -8 40 6 0 0 0 16 0 0 0 6 4-4cyli.dat
 1 16 0 -8 60 6 0 0 0 16 0 0 0 6 4-4cyli.dat
 1 16 20 -8 60 6 0 0 0 16 0 0 0 6 4-4cyli.dat
 4 16 -2 -10 5.58 -2.3 -10 5.54 -3.44 -10 8.31 -2 -10 8.58
 4 16 -2 10 5.58 -2.3 10 5.54 -3.44 10 8.31 -2 10 8.58
 4 16 -2.3 -10 5.54 -4.24 -10 4.24 -6.36 -10 6.36 -3.44 -10 8.31
 4 16 -2.3 10 5.54 -4.24 10 4.24 -6.36 10 6.36 -3.44 10 8.31
 4 16 -4.24 -10 4.24 -5.54 -10 2.3 -8.31 -10 3.44 -6.36 -10 6.36
 4 16 -4.24 10 4.24 -5.54 10 2.3 -8.31 10 3.44 -6.36 10 6.36
 4 16 -5.54 -10 2.3 -6 -10 0 -9 -10 0 -8.31 -10 3.44
 4 16 -5.54 10 2.3 -6 10 0 -9 10 0 -8.31 10 3.44
 4 16 -6 -10 0 -5.54 -10 -2.3 -8.31 -10 -3.44 -9 -10 0
 4 16 -6 10 0 -5.54 10 -2.3 -8.31 10 -3.44 -9 10 0
 4 16 -5.54 -10 -2.3 -4.24 -10 -4.24 -6.36 -10 -6.36 -8.31 -10 -3.44
 4 16 -5.54 10 -2.3 -4.24 10 -4.24 -6.36 10 -6.36 -8.31 10 -3.44
 4 16 -4.24 -10 -4.24 -2.3 -10 -5.54 -3.44 -10 -8.31 -6.36 -10 -6.36
 4 16 -4.24 10 -4.24 -2.3 10 -5.54 -3.44 10 -8.31 -6.36 10 -6.36
 4 16 -2.3 -10 -5.54 0 -10 -6 0 -10 -9 -3.44 -10 -8.31
 4 16 -2.3 10 -5.54 0 10 -6 0 10 -9 -3.44 10 -8.31
 4 16 0 -10 -6 2.3 -10 -5.54 3.44 -10 -8.31 0 -10 -9
 4 16 0 10 -6 2.3 10 -5.54 3.44 10 -8.31 0 10 -9
 4 16 2.3 -10 -5.54 4.24 -10 -4.24 6.36 -10 -6.36 3.44 -10 -8.31
 4 16 2.3 10 -5.54 4.24 10 -4.24 6.36 10 -6.36 3.44 10 -8.31
 4 16 4.24 -10 -4.24 5.54 -10 -2.3 8.31 -10 -3.44 6.36 -10 -6.36
 4 16 4.24 10 -4.24 5.54 10 -2.3 8.31 10 -3.44 6.36 10 -6.36
 4 16 5.54 -10 -2.3 6 -10 0 9 -10 0 8.31 -10 -3.44
 4 16 5.54 10 -2.3 6 10 0 9 10 0 8.31 10 -3.44
 4 16 6 -10 0 5.54 -10 2.3 8.31 -10 3.44 9 -10 0
 4 16 6 10 0 5.54 10 2.3 8.31 10 3.44 9 10 0
 4 16 5.54 -10 2.3 4.24 -10 4.24 6.36 -10 6.36 8.31 -10 3.44
 4 16 5.54 10 2.3 4.24 10 4.24 6.36 10 6.36 8.31 10 3.44
 4 16 4.24 -10 4.24 2.3 -10 5.54 3.44 -10 8.31 6.36 -10 6.36
 4 16 4.24 10 4.24 2.3 10 5.54 3.44 10 8.31 6.36 10 6.36
 4 16 2.3 -10 5.54 2 -10 5.58 2 -10 8.58 3.44 -10 8.31
 4 16 2.3 10 5.54 2 10 5.58 2 10 8.58 3.44 10 8.31
 2 24 2 -10 5.58 2 -10 8.58
 2 24 2 -10 8.58 3.44 -10 8.31
 2 24 3.44 -10 8.31 6.36 -10 6.36
 2 24 -2 -10 5.58 -2 -10 8.58
 2 24 -2 -10 8.58 -3.44 -10 8.31
 2 24 -3.44 -10 8.31 -6.36 -10 6.36
 2 24 2 10 5.58 2 10 8.58
 2 24 2 10 8.58 3.44 10 8.31
 2 24 3.44 10 8.31 6.36 10 6.36
 2 24 -2 10 5.58 -2 10 8.58
 2 24 -2 10 8.58 -3.44 10 8.31
 2 24 -3.44 10 8.31 -6.36 10 6.36
 2 24 2 -10 8.58 2 10 8.58
 2 24 -2 -10 8.58 -2 10 8.58
 4 16 2 -10 5.58 2 -10 8.58 2 10 8.58 2 10 5.58
 4 16 2 -10 8.58 3.44 -10 8.31 3.44 10 8.31 2 10 8.58
 4 16 3.44 -10 8.31 6.36 -10 6.36 6.36 10 6.36 3.44 10 8.31
 4 16 -2 -10 5.58 -2 -10 8.58 -2 10 8.58 -2 10 5.58
 4 16 -2 -10 8.58 -3.44 -10 8.31 -3.44 10 8.31 -2 10 8.58
 4 16 -3.44 -10 8.31 -6.36 -10 6.36 -6.36 10 6.36 -3.44 10 8.31
 1 16 0 -10 20 6.36 0 -6.36 0 0 0 -6.36 0 -6.36 1-4edge.dat
 1 16 0 10 20 6.36 0 -6.36 0 0 0 -6.36 0 -6.36 1-4edge.dat
 1 16 0 -10 20 6.36 0 -6.36 0 20 0 -6.36 0 -6.36 1-4cyli.dat
 1 16 6.36 0 10 0 0 0 10 0 0 0 0 3.64 rect.dat
 1 16 -6.36 0 10 0 0 0 10 0 0 0 0 3.64 rect.dat
 4 16 9 -10 0 6.36 -10 6.36 6.36 -10 13.64 9 -10 20
 4 16 -9 -10 0 -6.36 -10 6.36 -6.36 -10 13.64 -9 -10 20
 4 16 9 10 0 6.36 10 6.36 6.36 10 13.64 9 10 20
 4 16 -9 10 0 -6.36 10 6.36 -6.36 10 13.64 -9 10 20
 4 16 0 -10 28 -3.06 -10 27.39 -3.44 -10 28.31 0 -10 29
 4 16 0 10 28 -3.06 10 27.39 -3.44 10 28.31 0 10 29
 4 16 -3.06 -10 27.39 -5.66 -10 25.66 -6.36 -10 26.36 -3.44 -10 28.31
 4 16 -3.06 10 27.39 -5.66 10 25.66 -6.36 10 26.36 -3.44 10 28.31
 4 16 -5.66 -10 25.66 -7.39 -10 23.06 -8.31 -10 23.44 -6.36 -10 26.36
 4 16 -5.66 10 25.66 -7.39 10 23.06 -8.31 10 23.44 -6.36 10 26.36
 4 16 -7.39 -10 23.06 -8 -10 20 -9 -10 20 -8.31 -10 23.44
 4 16 -7.39 10 23.06 -8 10 20 -9 10 20 -8.31 10 23.44
 4 16 -8 -10 20 -7.39 -10 16.94 -8.31 -10 16.56 -9 -10 20
 4 16 -8 10 20 -7.39 10 16.94 -8.31 10 16.56 -9 10 20
 4 16 -7.39 -10 16.94 -5.66 -10 14.34 -6.36 -10 13.64 -8.31 -10 16.56
 4 16 -7.39 10 16.94 -5.66 10 14.34 -6.36 10 13.64 -8.31 10 16.56
 4 16 -5.66 -10 14.34 -3.06 -10 12.61 -3.44 -10 11.69 -6.36 -10 13.64
 4 16 -5.66 10 14.34 -3.06 10 12.61 -3.44 10 11.69 -6.36 10 13.64
 4 16 -3.06 -10 12.61 0 -10 12 0 -10 11 -3.44 -10 11.69
 4 16 -3.06 10 12.61 0 10 12 0 10 11 -3.44 10 11.69
 4 16 0 -10 12 3.06 -10 12.61 3.44 -10 11.69 0 -10 11
 4 16 0 10 12 3.06 10 12.61 3.44 10 11.69 0 10 11
 4 16 3.06 -10 12.61 5.66 -10 14.34 6.36 -10 13.64 3.44 -10 11.69
 4 16 3.06 10 12.61 5.66 10 14.34 6.36 10 13.64 3.44 10 11.69
 4 16 5.66 -10 14.34 7.39 -10 16.94 8.31 -10 16.56 6.36 -10 13.64
 4 16 5.66 10 14.34 7.39 10 16.94 8.31 10 16.56 6.36 10 13.64
 4 16 7.39 -10 16.94 8 -10 20 9 -10 20 8.31 -10 16.56
 4 16 7.39 10 16.94 8 10 20 9 10 20 8.31 10 16.56
 4 16 8 -10 20 7.39 -10 23.06 8.31 -10 23.44 9 -10 20
 4 16 8 10 20 7.39 10 23.06 8.31 10 23.44 9 10 20
 4 16 7.39 -10 23.06 5.66 -10 25.66 6.36 -10 26.36 8.31 -10 23.44
 4 16 7.39 10 23.06 5.66 10 25.66 6.36 10 26.36 8.31 10 23.44
 4 16 5.66 -10 25.66 3.06 -10 27.39 3.44 -10 28.31 6.36 -10 26.36
 4 16 5.66 10 25.66 3.06 10 27.39 3.44 10 28.31 6.36 10 26.36
 4 16 3.06 -10 27.39 0 -10 28 0 -10 29 3.44 -10 28.31
 4 16 3.06 10 27.39 0 10 28 0 10 29 3.44 10 28.31
 1 16 0 -10 20 6.36 0 -6.36 0 0 0 6.36 0 6.36 1-4edge.dat
 1 16 0 -2 20 6.36 0 -6.36 0 0 0 6.36 0 6.36 1-4edge.dat
 1 16 0 2 20 6.36 0 -6.36 0 0 0 6.36 0 6.36 1-4edge.dat
 1 16 0 10 20 6.36 0 -6.36 0 0 0 6.36 0 6.36 1-4edge.dat
 1 16 0 -10 20 6.36 0 -6.36 0 20 0 6.36 0 6.36 1-4cyli.dat
 1 16 0 -10 40 6.36 0 -6.36 0 0 0 -6.36 0 -6.36 1-4edge.dat
 1 16 0 -2 40 6.36 0 -6.36 0 0 0 -6.36 0 -6.36 1-4edge.dat
 1 16 0 2 40 6.36 0 -6.36 0 0 0 -6.36 0 -6.36 1-4edge.dat
 1 16 0 10 40 6.36 0 -6.36 0 0 0 -6.36 0 -6.36 1-4edge.dat
 1 16 0 -10 40 6.36 0 -6.36 0 20 0 -6.36 0 -6.36 1-4cyli.dat
 4 16 6.36 -2 26.36 6.36 -2 33.64 -6.36 -2 33.63 -6.36 -2 26.36
 4 16 6.36 2 26.36 6.36 2 33.64 -6.36 2 33.63 -6.36 2 26.36
 1 16 6.36 -6 30 0 0 0 4 0 0 0 0 3.64 rect.dat
 1 16 -6.36 -6 30 0 0 0 4 0 0 0 0 3.64 rect.dat
 1 16 6.36 6 30 0 0 0 4 0 0 0 0 3.64 rect.dat
 1 16 -6.36 6 30 0 0 0 4 0 0 0 0 3.64 rect.dat
 4 16 9 -10 20 6.36 -10 26.36 6.36 -10 33.64 9 -10 40
 4 16 -9 -10 20 -6.36 -10 26.36 -6.36 -10 33.64 -9 -10 40
 4 16 9 10 20 6.36 10 26.36 6.36 10 33.64 9 10 40
 4 16 -9 10 20 -6.36 10 26.36 -6.36 10 33.64 -9 10 40
 4 16 0 -10 48 -3.06 -10 47.39 -3.44 -10 48.31 0 -10 49
 4 16 0 10 48 -3.06 10 47.39 -3.44 10 48.31 0 10 49
 4 16 -3.06 -10 47.39 -5.66 -10 45.66 -6.36 -10 46.36 -3.44 -10 48.31
 4 16 -3.06 10 47.39 -5.66 10 45.66 -6.36 10 46.36 -3.44 10 48.31
 4 16 -5.66 -10 45.66 -7.39 -10 43.06 -8.31 -10 43.44 -6.36 -10 46.36
 4 16 -5.66 10 45.66 -7.39 10 43.06 -8.31 10 43.44 -6.36 10 46.36
 4 16 -7.39 -10 43.06 -8 -10 40 -9 -10 40 -8.31 -10 43.44
 4 16 -7.39 10 43.06 -8 10 40 -9 10 40 -8.31 10 43.44
 4 16 -8 -10 40 -7.39 -10 36.94 -8.31 -10 36.56 -9 -10 40
 4 16 -8 10 40 -7.39 10 36.94 -8.31 10 36.56 -9 10 40
 4 16 -7.39 -10 36.94 -5.66 -10 34.34 -6.36 -10 33.64 -8.31 -10 36.56
 4 16 -7.39 10 36.94 -5.66 10 34.34 -6.36 10 33.64 -8.31 10 36.56
 4 16 -5.66 -10 34.34 -3.06 -10 32.61 -3.44 -10 31.69 -6.36 -10 33.64
 4 16 -5.66 10 34.34 -3.06 10 32.61 -3.44 10 31.69 -6.36 10 33.64
 4 16 -3.06 -10 32.61 0 -10 32 0 -10 31 -3.44 -10 31.69
 4 16 -3.06 10 32.61 0 10 32 0 10 31 -3.44 10 31.69
 4 16 0 -10 32 3.06 -10 32.61 3.44 -10 31.69 0 -10 31
 4 16 0 10 32 3.06 10 32.61 3.44 10 31.69 0 10 31
 4 16 3.06 -10 32.61 5.66 -10 34.34 6.36 -10 33.64 3.44 -10 31.69
 4 16 3.06 10 32.61 5.66 10 34.34 6.36 10 33.64 3.44 10 31.69
 4 16 5.66 -10 34.34 7.39 -10 36.94 8.31 -10 36.56 6.36 -10 33.64
 4 16 5.66 10 34.34 7.39 10 36.94 8.31 10 36.56 6.36 10 33.64
 4 16 7.39 -10 36.94 8 -10 40 9 -10 40 8.31 -10 36.56
 4 16 7.39 10 36.94 8 10 40 9 10 40 8.31 10 36.56
 4 16 8 -10 40 7.39 -10 43.06 8.31 -10 43.44 9 -10 40
 4 16 8 10 40 7.39 10 43.06 8.31 10 43.44 9 10 40
 4 16 7.39 -10 43.06 5.66 -10 45.66 6.36 -10 46.36 8.31 -10 43.44
 4 16 7.39 10 43.06 5.66 10 45.66 6.36 10 46.36 8.31 10 43.44
 4 16 5.66 -10 45.66 3.06 -10 47.39 3.44 -10 48.31 6.36 -10 46.36
 4 16 5.66 10 45.66 3.06 10 47.39 3.44 10 48.31 6.36 10 46.36
 4 16 3.06 -10 47.39 0 -10 48 0 -10 49 3.44 -10 48.31
 4 16 3.06 10 47.39 0 10 48 0 10 49 3.44 10 48.31
 1 16 0 -10 40 6.36 0 -6.36 0 0 0 6.36 0 6.36 1-4edge.dat
 1 16 0 -2 40 6.36 0 -6.36 0 0 0 6.36 0 6.36 1-4edge.dat
 1 16 0 2 40 6.36 0 -6.36 0 0 0 6.36 0 6.36 1-4edge.dat
 1 16 0 10 40 6.36 0 -6.36 0 0 0 6.36 0 6.36 1-4edge.dat
 1 16 0 -10 40 6.36 0 -6.36 0 20 0 6.36 0 6.36 1-4cyli.dat
 1 16 0 -10 60 6.36 0 -6.36 0 0 0 -6.36 0 -6.36 1-4edge.dat
 1 16 0 -2 60 6.36 0 -6.36 0 0 0 -6.36 0 -6.36 1-4edge.dat
 1 16 0 2 60 6.36 0 -6.36 0 0 0 -6.36 0 -6.36 1-4edge.dat
 1 16 0 10 60 6.36 0 -6.36 0 0 0 -6.36 0 -6.36 1-4edge.dat
 1 16 0 -10 60 6.36 0 -6.36 0 20 0 -6.36 0 -6.36 1-4cyli.dat
 4 16 6.36 -2 46.36 6.36 -2 53.64 -6.36 -2 53.63 -6.36 -2 46.36
 4 16 6.36 2 46.36 6.36 2 53.64 -6.36 2 53.63 -6.36 2 46.36
 1 16 6.36 -6 50 0 0 0 4 0 0 0 0 3.64 rect.dat
 1 16 -6.36 -6 50 0 0 0 4 0 0 0 0 3.64 rect.dat
 1 16 6.36 6 50 0 0 0 4 0 0 0 0 3.64 rect.dat
 1 16 -6.36 6 50 0 0 0 4 0 0 0 0 3.64 rect.dat
 4 16 9 -10 40 6.36 -10 46.36 6.36 -10 53.64 9 -10 60
 4 16 -9 -10 40 -6.36 -10 46.36 -6.36 -10 53.64 -9 -10 60
 4 16 9 10 40 6.36 10 46.36 6.36 10 53.64 9 10 60
 4 16 -9 10 40 -6.36 10 46.36 -6.36 10 53.64 -9 10 60
 4 16 0 -10 68 -3.06 -10 67.39 -3.44 -10 68.31 0 -10 69
 4 16 0 10 68 -3.06 10 67.39 -3.44 10 68.31 0 10 69
 4 16 -3.06 -10 67.39 -5.66 -10 65.66 -6.36 -10 66.36 -3.44 -10 68.31
 4 16 -3.06 10 67.39 -5.66 10 65.66 -6.36 10 66.36 -3.44 10 68.31
 4 16 -5.66 -10 65.66 -7.39 -10 63.06 -8.31 -10 63.44 -6.36 -10 66.36
 4 16 -5.66 10 65.66 -7.39 10 63.06 -8.31 10 63.44 -6.36 10 66.36
 4 16 -7.39 -10 63.06 -8 -10 60 -9 -10 60 -8.31 -10 63.44
 4 16 -7.39 10 63.06 -8 10 60 -9 10 60 -8.31 10 63.44
 4 16 -8 -10 60 -7.39 -10 56.94 -8.31 -10 56.56 -9 -10 60
 4 16 -8 10 60 -7.39 10 56.94 -8.31 10 56.56 -9 10 60
 4 16 -7.39 -10 56.94 -5.66 -10 54.34 -6.36 -10 53.64 -8.31 -10 56.56
 4 16 -7.39 10 56.94 -5.66 10 54.34 -6.36 10 53.64 -8.31 10 56.56
 4 16 -5.66 -10 54.34 -3.06 -10 52.61 -3.44 -10 51.69 -6.36 -10 53.64
 4 16 -5.66 10 54.34 -3.06 10 52.61 -3.44 10 51.69 -6.36 10 53.64
 4 16 -3.06 -10 52.61 0 -10 52 0 -10 51 -3.44 -10 51.69
 4 16 -3.06 10 52.61 0 10 52 0 10 51 -3.44 10 51.69
 4 16 0 -10 52 3.06 -10 52.61 3.44 -10 51.69 0 -10 51
 4 16 0 10 52 3.06 10 52.61 3.44 10 51.69 0 10 51
 4 16 3.06 -10 52.61 5.66 -10 54.34 6.36 -10 53.64 3.44 -10 51.69
 4 16 3.06 10 52.61 5.66 10 54.34 6.36 10 53.64 3.44 10 51.69
 4 16 5.66 -10 54.34 7.39 -10 56.94 8.31 -10 56.56 6.36 -10 53.64
 4 16 5.66 10 54.34 7.39 10 56.94 8.31 10 56.56 6.36 10 53.64
 4 16 7.39 -10 56.94 8 -10 60 9 -10 60 8.31 -10 56.56
 4 16 7.39 10 56.94 8 10 60 9 10 60 8.31 10 56.56
 4 16 8 -10 60 7.39 -10 63.06 8.31 -10 63.44 9 -10 60
 4 16 8 10 60 7.39 10 63.06 8.31 10 63.44 9 10 60
 4 16 7.39 -10 63.06 5.66 -10 65.66 6.36 -10 66.36 8.31 -10 63.44
 4 16 7.39 10 63.06 5.66 10 65.66 6.36 10 66.36 8.31 10 63.44
 4 16 5.66 -10 65.66 3.06 -10 67.39 3.44 -10 68.31 6.36 -10 66.36
 4 16 5.66 10 65.66 3.06 10 67.39 3.44 10 68.31 6.36 10 66.36
 4 16 3.06 -10 67.39 0 -10 68 0 -10 69 3.44 -10 68.31
 4 16 3.06 10 67.39 0 10 68 0 10 69 3.44 10 68.31
 1 16 0 -10 60 6.36 0 6.36 0 0 0 6.36 0 -6.36 1-4edge.dat
 1 16 0 -2 60 6.36 0 6.36 0 0 0 6.36 0 -6.36 1-4edge.dat
 1 16 0 2 60 6.36 0 6.36 0 0 0 6.36 0 -6.36 1-4edge.dat
 1 16 0 10 60 6.36 0 6.36 0 0 0 6.36 0 -6.36 1-4edge.dat
 1 16 0 -10 60 6.36 0 6.36 0 20 0 6.36 0 -6.36 1-4cyli.dat
 1 16 20 -10 60 -6.36 0 -6.36 0 0 0 6.36 0 -6.36 1-4edge.dat
 1 16 20 -2 60 -6.36 0 -6.36 0 0 0 6.36 0 -6.36 1-4edge.dat
 1 16 20 2 60 -6.36 0 -6.36 0 0 0 6.36 0 -6.36 1-4edge.dat
 1 16 20 10 60 -6.36 0 -6.36 0 0 0 6.36 0 -6.36 1-4edge.dat
 1 16 20 -10 60 -6.36 0 -6.36 0 20 0 6.36 0 -6.36 1-4cyli.dat
 4 16 6.36 -2 66.36 13.64 -2 66.36 13.63 -2 53.64 6.36 -2 53.64
 4 16 6.36 2 66.36 13.64 2 66.36 13.63 2 53.64 6.36 2 53.64
 1 16 10 -6 66.36 0 0 3.64 4 0 0 0 0 0 rect.dat
 1 16 10 -6 53.64 0 0 3.64 4 0 0 0 0 0 rect.dat
 1 16 10 6 66.36 0 0 3.64 4 0 0 0 0 0 rect.dat
 1 16 10 6 53.64 0 0 3.64 4 0 0 0 0 0 rect.dat
 4 16 0 -10 69 6.36 -10 66.36 13.64 -10 66.36 20 -10 69
 4 16 0 -10 51 6.36 -10 53.64 13.64 -10 53.64 20 -10 51
 4 16 0 10 69 6.36 10 66.36 13.64 10 66.36 20 10 69
 4 16 0 10 51 6.36 10 53.64 13.64 10 53.64 20 10 51
 4 16 20 -10 68 16.94 -10 67.39 16.56 -10 68.31 20 -10 69
 4 16 20 10 68 16.94 10 67.39 16.56 10 68.31 20 10 69
 4 16 16.94 -10 67.39 14.34 -10 65.66 13.64 -10 66.36 16.56 -10 68.31
 4 16 16.94 10 67.39 14.34 10 65.66 13.64 10 66.36 16.56 10 68.31
 4 16 14.34 -10 65.66 12.61 -10 63.06 11.69 -10 63.44 13.64 -10 66.36
 4 16 14.34 10 65.66 12.61 10 63.06 11.69 10 63.44 13.64 10 66.36
 4 16 12.61 -10 63.06 12 -10 60 11 -10 60 11.69 -10 63.44
 4 16 12.61 10 63.06 12 10 60 11 10 60 11.69 10 63.44
 4 16 12 -10 60 12.61 -10 56.94 11.69 -10 56.56 11 -10 60
 4 16 12 10 60 12.61 10 56.94 11.69 10 56.56 11 10 60
 4 16 12.61 -10 56.94 14.34 -10 54.34 13.64 -10 53.64 11.69 -10 56.56
 4 16 12.61 10 56.94 14.34 10 54.34 13.64 10 53.64 11.69 10 56.56
 4 16 14.34 -10 54.34 16.94 -10 52.61 16.56 -10 51.69 13.64 -10 53.64
 4 16 14.34 10 54.34 16.94 10 52.61 16.56 10 51.69 13.64 10 53.64
 4 16 16.94 -10 52.61 20 -10 52 20 -10 51 16.56 -10 51.69
 4 16 16.94 10 52.61 20 10 52 20 10 51 16.56 10 51.69
 4 16 20 -10 52 23.06 -10 52.61 23.44 -10 51.69 20 -10 51
 4 16 20 10 52 23.06 10 52.61 23.44 10 51.69 20 10 51
 4 16 23.06 -10 52.61 25.66 -10 54.34 26.36 -10 53.64 23.44 -10 51.69
 4 16 23.06 10 52.61 25.66 10 54.34 26.36 10 53.64 23.44 10 51.69
 4 16 25.66 -10 54.34 27.39 -10 56.94 28.31 -10 56.56 26.36 -10 53.64
 4 16 25.66 10 54.34 27.39 10 56.94 28.31 10 56.56 26.36 10 53.64
 4 16 27.39 -10 56.94 28 -10 60 29 -10 60 28.31 -10 56.56
 4 16 27.39 10 56.94 28 10 60 29 10 60 28.31 10 56.56
 4 16 28 -10 60 27.39 -10 63.06 28.31 -10 63.44 29 -10 60
 4 16 28 10 60 27.39 10 63.06 28.31 10 63.44 29 10 60
 4 16 27.39 -10 63.06 25.66 -10 65.66 26.36 -10 66.36 28.31 -10 63.44
 4 16 27.39 10 63.06 25.66 10 65.66 26.36 10 66.36 28.31 10 63.44
 4 16 25.66 -10 65.66 23.06 -10 67.39 23.44 -10 68.31 26.36 -10 66.36
 4 16 25.66 10 65.66 23.06 10 67.39 23.44 10 68.31 26.36 10 66.36
 4 16 23.06 -10 67.39 20 -10 68 20 -10 69 23.44 -10 68.31
 4 16 23.06 10 67.39 20 10 68 20 10 69 23.44 10 68.31
0
