0 Slope Brick 33  3 x  4 with White Stripes Pattern
0 Name: 3297p03.dat
0 Author: James Jessiman
0 Original LDraw Part - LDraw beta 0.27 Archive

 1 16 0 20 -10 1 0 0 0 -1 0 0 0 1 stud4a.dat
 1 16 0 4 -10 6 0 0 0 0 0 0 0 6 2-4edge.dat
 1 16 0 4 -10 6 0 0 0 0 3 0 0 -6 2-4edge.dat
 1 16 0 4 -10 8 0 0 0 0 0 0 0 8 2-4edge.dat
 1 16 0 4 -10 8 0 0 0 0 4 0 0 -8 2-4edge.dat
 1 16 0 7 -10 0 0 6 0 -3 0 -6 0 0 1-4cyls.dat
 1 16 0 7 -10 0 0 -6 0 -3 0 -6 0 0 1-4cyls.dat
 1 16 0 4 -10 6 0 0 0 16 0 0 0 6 2-4cyli.dat
 1 16 0 7 -10 6 0 0 0 13 0 0 0 -6 2-4cyli.dat
 1 16 0 8 -10 0 0 8 0 -4 0 -8 0 0 1-4cyls.dat
 1 16 0 8 -10 0 0 -8 0 -4 0 -8 0 0 1-4cyls.dat
 1 16 0 4 -10 8 0 0 0 16 0 0 0 8 2-4cyli.dat
 1 16 0 8 -10 8 0 0 0 12 0 0 0 -8 2-4cyli.dat

 1 16 20 20 -10 1 0 0 0 -1 0 0 0 1 stud4a.dat
 1 16 20 4 -10 6 0 0 0 0 0 0 0 6 2-4edge.dat
 1 16 20 4 -10 6 0 0 0 0 3 0 0 -6 2-4edge.dat
 1 16 20 4 -10 8 0 0 0 0 0 0 0 8 2-4edge.dat
 1 16 20 4 -10 8 0 0 0 0 4 0 0 -8 2-4edge.dat
 1 16 20 7 -10 0 0 6 0 -3 0 -6 0 0 1-4cyls.dat
 1 16 20 7 -10 0 0 -6 0 -3 0 -6 0 0 1-4cyls.dat
 1 16 20 4 -10 6 0 0 0 16 0 0 0 6 2-4cyli.dat
 1 16 20 7 -10 6 0 0 0 13 0 0 0 -6 2-4cyli.dat
 1 16 20 8 -10 0 0 8 0 -4 0 -8 0 0 1-4cyls.dat
 1 16 20 8 -10 0 0 -8 0 -4 0 -8 0 0 1-4cyls.dat
 1 16 20 4 -10 8 0 0 0 16 0 0 0 8 2-4cyli.dat
 1 16 20 8 -10 8 0 0 0 12 0 0 0 -8 2-4cyli.dat

 1 16 -20 20 -10 1 0 0 0 -1 0 0 0 1 stud4a.dat
 1 16 -20 4 -10 6 0 0 0 0 0 0 0 6 2-4edge.dat
 1 16 -20 4 -10 6 0 0 0 0 3 0 0 -6 2-4edge.dat
 1 16 -20 4 -10 8 0 0 0 0 0 0 0 8 2-4edge.dat
 1 16 -20 4 -10 8 0 0 0 0 4 0 0 -8 2-4edge.dat
 1 16 -20 7 -10 0 0 6 0 -3 0 -6 0 0 1-4cyls.dat
 1 16 -20 7 -10 0 0 -6 0 -3 0 -6 0 0 1-4cyls.dat
 1 16 -20 4 -10 6 0 0 0 16 0 0 0 6 2-4cyli.dat
 1 16 -20 7 -10 6 0 0 0 13 0 0 0 -6 2-4cyli.dat
 1 16 -20 8 -10 0 0 8 0 -4 0 -8 0 0 1-4cyls.dat
 1 16 -20 8 -10 0 0 -8 0 -4 0 -8 0 0 1-4cyls.dat
 1 16 -20 4 -10 8 0 0 0 16 0 0 0 8 2-4cyli.dat
 1 16 -20 8 -10 8 0 0 0 12 0 0 0 -8 2-4cyli.dat

 1 16 0 20 -30 1 0 0 0 -1 0 0 0 1 stud4a.dat
 1 16 0 14 -30 6 0 0 0 0 3 0 0 -6 4-4edge.dat
 1 16 0 14 -30 8 0 0 0 0 4 0 0 -8 4-4edge.dat
 1 16 0 14 -30 6 0 0 0 9 -3 0 0 6 2-4cyli.dat
 1 16 0 14 -30 8 0 0 0 10 -4 0 0 8 2-4cyli.dat
 1 16 0 14 -30 6 0 0 0 6 3 0 0 -6 2-4cyli.dat
 1 16 0 14 -30 8 0 0 0 6 4 0 0 -8 2-4cyli.dat

 1 16 20 20 -30 1 0 0 0 -1 0 0 0 1 stud4a.dat
 1 16 20 14 -30 6 0 0 0 0 3 0 0 -6 4-4edge.dat
 1 16 20 14 -30 8 0 0 0 0 4 0 0 -8 4-4edge.dat
 1 16 20 14 -30 6 0 0 0 9 -3 0 0 6 2-4cyli.dat
 1 16 20 14 -30 8 0 0 0 10 -4 0 0 8 2-4cyli.dat
 1 16 20 14 -30 6 0 0 0 6 3 0 0 -6 2-4cyli.dat
 1 16 20 14 -30 8 0 0 0 6 4 0 0 -8 2-4cyli.dat

 1 16 -20 20 -30 1 0 0 0 -1 0 0 0 1 stud4a.dat
 1 16 -20 14 -30 6 0 0 0 0 3 0 0 -6 4-4edge.dat
 1 16 -20 14 -30 8 0 0 0 0 4 0 0 -8 4-4edge.dat
 1 16 -20 14 -30 6 0 0 0 9 -3 0 0 6 2-4cyli.dat
 1 16 -20 14 -30 8 0 0 0 10 -4 0 0 8 2-4cyli.dat
 1 16 -20 14 -30 6 0 0 0 6 3 0 0 -6 2-4cyli.dat
 1 16 -20 14 -30 8 0 0 0 6 4 0 0 -8 2-4cyli.dat

 2 24 36 24 6 -36 24 6
 2 24 -36 24 6 -36 24 -46
 2 24 -36 24 -46 36 24 -46
 2 24 36 24 -46 36 24 6

 2 24 40 24 10 -40 24 10
 2 24 -40 24 10 -40 24 -50
 2 24 -40 24 -50 40 24 -50
 2 24 40 24 -50 40 24 10

 2 24 36 24 6 36 4 6
 2 24 -36 24 6 -36 4 6
 2 24 36 24 -46 36 20 -46
 2 24 -36 24 -46 -36 20 -46
 2 24 36 4 6 -36 4 6
 2 24 36 4 -10 -36 4 -10
 2 24 36 20 -42 -36 20 -42
 2 24 36 20 -46 -36 20 -46
 2 24 36 4 6 36 4 -10
 2 24 -36 4 6 -36 4 -10
 2 24 36 20 -42 36 4 -10
 2 24 -36 20 -42 -36 4 -10
 2 24 36 20 -46 36 20 -42
 2 24 -36 20 -46 -36 20 -42

 2 24 40 24 10 40 0 10
 2 24 -40 24 10 -40 0 10
 2 24 40 24 -50 40 20 -50
 2 24 -40 24 -50 -40 20 -50
 2 24 40 0 10 -40 0 10
 2 24 40 0 -10 -40 0 -10
 2 24 40 20 -50 -40 20 -50
 2 24 40 0 10 40 0 -10
 2 24 -40 0 10 -40 0 -10
 2 24 40 20 -50 40 0 -10
 2 24 -40 20 -50 -40 0 -10

 4 16 40 24 10 36 24 6 -36 24 6 -40 24 10
 4 16 -40 24 10 -36 24 6 -36 24 -46 -40 24 -50
 4 16 -40 24 -50 -36 24 -46 36 24 -46 40 24 -50
 4 16 40 24 -50 36 24 -46 36 24 6 40 24 10
 4 16 36 20 -42 36 20 -46 -36 20 -46 -36 20 -42
 4 16 36 4 6 36 4 -10 -36 4 -10 -36 4 6
 4 16 40 0 10 40 0 -10 -40 0 -10 -40 0 10

 4 16 40 24 10 40 0 10 -40 0 10 -40 24 10
 4 16 36 24 6 36 4 6 -36 4 6 -36 24 6
 4 16 36 24 -46 36 20 -46 -36 20 -46 -36 24 -46
 4 16 40 24 -50 40 20 -50 -40 20 -50 -40 24 -50

 4 16 40 24 10 40 0 10 40 20 -50 40 24 -50
 3 16 40 0 10 40 0 -10 40 20 -50
 4 16 36 24 6 36 4 6 36 20 -46 36 24 -46
 3 16 36 4 6 36 4 -10 36 20 -46
 4 16 -36 24 6 -36 4 6 -36 20 -46 -36 24 -46
 3 16 -36 4 6 -36 4 -10 -36 20 -46
 4 16 -40 24 10 -40 0 10 -40 20 -50 -40 24 -50
 3 16 -40 0 10 -40 0 -10 -40 20 -50

 4 16 36 20 -42 36 4 -10 -36 4 -10 -36 20 -42
 4 16 40 20 -50 40 0 -10 36 0 -10 36 20 -50
 4 16 24 20 -50 24 0 -10 16 0 -10 16 20 -50
 4 16 4 20 -50 4 0 -10 -4 0 -10 -4 20 -50
 4 16 -16 20 -50 -16 0 -10 -24 0 -10 -24 20 -50
 4 16 -36 20 -50 -36 0 -10 -40 0 -10 -40 20 -50

 1 16 -30 0 0 1 0 0 0 1 0 0 0 1 stud.dat
 1 16 -10 0 0 1 0 0 0 1 0 0 0 1 stud.dat
 1 16 10 0 0 1 0 0 0 1 0 0 0 1 stud.dat
 1 16 30 0 0 1 0 0 0 1 0 0 0 1 stud.dat

 1 15 30 10 -30 6 0 0 0 0 -10 0 0 20 rect.dat
 1 15 10 10 -30 6 0 0 0 0 -10 0 0 20 rect.dat
 1 15 -10 10 -30 6 0 0 0 0 -10 0 0 20 rect.dat
 1 15 -30 10 -30 6 0 0 0 0 -10 0 0 20 rect.dat
0
