0 Slope Brick 33  3 x  2 with Explorien Logo Pattern
0 Name: 3298p10.dat
0 Author: Steve Bliss
0 Official LCad update 98-05

1 16 0 20 -10 1 0 0 0 -1 0 0 0 1 stud4a.dat
1 16 0 4 -10 6 0 0 0 0 0 0 0 6 2-4edge.dat
1 16 0 4 -10 6 0 0 0 0 3 0 0 -6 2-4edge.dat
1 16 0 4 -10 8 0 0 0 0 0 0 0 8 2-4edge.dat
1 16 0 4 -10 8 0 0 0 0 4 0 0 -8 2-4edge.dat
1 16 0 7 -10 0 0 6 0 -3 0 -6 0 0 1-4cyls.dat
1 16 0 7 -10 0 0 -6 0 -3 0 -6 0 0 1-4cyls.dat
1 16 0 4 -10 6 0 0 0 16 0 0 0 6 2-4cyli.dat
1 16 0 7 -10 6 0 0 0 13 0 0 0 -6 2-4cyli.dat
1 16 0 8 -10 0 0 8 0 -4 0 -8 0 0 1-4cyls.dat
1 16 0 8 -10 0 0 -8 0 -4 0 -8 0 0 1-4cyls.dat
1 16 0 4 -10 8 0 0 0 16 0 0 0 8 2-4cyli.dat
1 16 0 8 -10 8 0 0 0 12 0 0 0 -8 2-4cyli.dat
1 16 0 20 -30 1 0 0 0 -1 0 0 0 1 stud4a.dat
1 16 0 14 -30 6 0 0 0 0 3 0 0 -6 4-4edge.dat
1 16 0 14 -30 8 0 0 0 0 4 0 0 -8 4-4edge.dat
1 16 0 14 -30 6 0 0 0 9 -3 0 0 6 2-4cyli.dat
1 16 0 14 -30 8 0 0 0 10 -4 0 0 8 2-4cyli.dat
1 16 0 14 -30 6 0 0 0 6 3 0 0 -6 2-4cyli.dat
1 16 0 14 -30 8 0 0 0 6 4 0 0 -8 2-4cyli.dat
2 24 16 24 6 -16 24 6
2 24 -16 24 6 -16 24 -46
2 24 -16 24 -46 16 24 -46
2 24 16 24 -46 16 24 6
2 24 20 24 10 -20 24 10
2 24 -20 24 10 -20 24 -50
2 24 -20 24 -50 20 24 -50
2 24 20 24 -50 20 24 10
2 24 16 24 6 16 4 6
2 24 -16 24 6 -16 4 6
2 24 16 24 -46 16 20 -46
2 24 -16 24 -46 -16 20 -46
2 24 16 4 6 -16 4 6
2 24 16 4 -10 -16 4 -10
2 24 16 20 -42 -16 20 -42
2 24 16 20 -46 -16 20 -46
2 24 16 4 6 16 4 -10
2 24 -16 4 6 -16 4 -10
2 24 16 20 -42 16 4 -10
2 24 -16 20 -42 -16 4 -10
2 24 16 20 -46 16 20 -42
2 24 -16 20 -46 -16 20 -42
2 24 20 24 10 20 0 10
2 24 -20 24 10 -20 0 10
2 24 20 24 -50 20 20 -50
2 24 -20 24 -50 -20 20 -50
2 24 20 0 10 -20 0 10
2 24 20 0 -10 -20 0 -10
2 24 20 20 -50 -20 20 -50
2 24 20 0 10 20 0 -10
2 24 -20 0 10 -20 0 -10
2 24 20 20 -50 20 0 -10
2 24 -20 20 -50 -20 0 -10
4 16 20 24 10 16 24 6 -16 24 6 -20 24 10
4 16 -20 24 10 -16 24 6 -16 24 -46 -20 24 -50
4 16 -20 24 -50 -16 24 -46 16 24 -46 20 24 -50
4 16 20 24 -50 16 24 -46 16 24 6 20 24 10
4 16 16 20 -42 16 20 -46 -16 20 -46 -16 20 -42
4 16 16 4 6 16 4 -10 -16 4 -10 -16 4 6
4 16 20 0 10 20 0 -10 -20 0 -10 -20 0 10
4 16 20 24 10 20 0 10 -20 0 10 -20 24 10
4 16 16 24 6 16 4 6 -16 4 6 -16 24 6
4 16 16 24 -46 16 20 -46 -16 20 -46 -16 24 -46
4 16 20 24 -50 20 20 -50 -20 20 -50 -20 24 -50
4 16 20 24 10 20 0 10 20 20 -50 20 24 -50
3 16 20 0 10 20 0 -10 20 20 -50
4 16 16 24 6 16 4 6 16 20 -46 16 24 -46
3 16 16 4 6 16 4 -10 16 20 -46
4 16 -16 24 6 -16 4 6 -16 20 -46 -16 24 -46
3 16 -16 4 6 -16 4 -10 -16 20 -46
4 16 -20 24 10 -20 0 10 -20 20 -50 -20 24 -50
3 16 -20 0 10 -20 0 -10 -20 20 -50
4 16 16 20 -42 16 4 -10 -16 4 -10 -16 20 -42
1 16 -10 0 0 1 0 0 0 1 0 0 0 1 stud.dat
1 16 10 0 0 1 0 0 0 1 0 0 0 1 stud.dat

4 16 -20 1.775 -13.775 20 1.775 -13.775 20 0 -10 -20 0 -10
4 16 -20 1.775 -13.755 -4.5 1.775 -13.755 -4.5 2.225 -14.645 -20 2.225 -14.645
4 7 -4.5 1.775 -13.755 -3.5 1.775 -13.755 -3.5 2.225 -14.645 -4.5 2.225 -14.645
4 8 -3.5 1.775 -13.755 -1.5 1.775 -13.755 -1.5 2.225 -14.645 -3.5 2.225 -14.645
4 0 -1.5 1.775 -13.755 1.5 1.775 -13.755 1.5 2.225 -14.645 -1.5 2.225 -14.645
4 8 1.5 1.775 -13.755 3.5 1.775 -13.755 3.5 2.225 -14.645 1.5 2.225 -14.645
4 7 3.5 1.775 -13.755 4.5 1.775 -13.755 4.5 2.225 -14.645 3.5 2.225 -14.645
4 16 4.5 1.775 -13.755 20 1.775 -13.755 20 2.225 -14.645 4.5 2.225 -14.645
4 16 -20 2.225 -14.645 -8.5 2.225 -14.645 -8.5 2.675 -15.535 -20 2.675 -15.535
4 7 -8.5 2.225 -14.645 -6.5 2.225 -14.645 -6.5 2.675 -15.535 -8.5 2.675 -15.535
4 8 -6.5 2.225 -14.645 -5.5 2.225 -14.645 -5.5 2.675 -15.535 -6.5 2.675 -15.535
4 0 -5.5 2.225 -14.645 6.5 2.225 -14.645 6.5 2.675 -15.535 -5.5 2.675 -15.535
4 7 6.5 2.225 -14.645 8.5 2.225 -14.645 8.5 2.675 -15.535 6.5 2.675 -15.535
4 16 8.5 2.225 -14.645 20 2.225 -14.645 20 2.675 -15.535 8.5 2.675 -15.535
4 16 -20 2.675 -15.535 -10.5 2.675 -15.535 -10.5 3.125 -16.425 -20 3.125 -16.425
4 7 -10.5 2.675 -15.535 -9.5 2.675 -15.535 -9.5 3.125 -16.425 -10.5 3.125 -16.425
4 8 -9.5 2.675 -15.535 -8.5 2.675 -15.535 -8.5 3.125 -16.425 -9.5 3.125 -16.425
4 0 -8.5 2.675 -15.535 -5.5 2.675 -15.535 -5.5 3.125 -16.425 -8.5 3.125 -16.425
4 8 -5.5 2.675 -15.535 -4.5 2.675 -15.535 -4.5 3.125 -16.425 -5.5 3.125 -16.425
4 9 -4.5 2.675 -15.535 -0.5 2.675 -15.535 -0.5 3.125 -16.425 -4.5 3.125 -16.425
4 0 -0.5 2.675 -15.535 0.5 2.675 -15.535 0.5 3.125 -16.425 -0.5 3.125 -16.425
4 9 0.5 2.675 -15.535 5.5 2.675 -15.535 5.5 3.125 -16.425 0.5 3.125 -16.425
4 1 5.5 2.675 -15.535 6.5 2.675 -15.535 6.5 3.125 -16.425 5.5 3.125 -16.425
4 0 6.5 2.675 -15.535 8.5 2.675 -15.535 8.5 3.125 -16.425 6.5 3.125 -16.425
4 8 8.5 2.675 -15.535 9.5 2.675 -15.535 9.5 3.125 -16.425 8.5 3.125 -16.425
4 7 9.5 2.675 -15.535 10.5 2.675 -15.535 10.5 3.125 -16.425 9.5 3.125 -16.425
4 16 10.5 2.675 -15.535 20 2.675 -15.535 20 3.125 -16.425 10.5 3.125 -16.425
4 16 -20 3.125 -16.425 -11.5 3.125 -16.425 -11.5 3.575 -17.315 -20 3.575 -17.315
4 7 -11.5 3.125 -16.425 -10.5 3.125 -16.425 -10.5 3.575 -17.315 -11.5 3.575 -17.315
4 0 -10.5 3.125 -16.425 -7.5 3.125 -16.425 -7.5 3.575 -17.315 -10.5 3.575 -17.315
4 8 -7.5 3.125 -16.425 -6.5 3.125 -16.425 -6.5 3.575 -17.315 -7.5 3.575 -17.315
4 7 -6.5 3.125 -16.425 -3.5 3.125 -16.425 -3.5 3.575 -17.315 -6.5 3.575 -17.315
4 9 -3.5 3.125 -16.425 -1.5 3.125 -16.425 -1.5 3.575 -17.315 -3.5 3.575 -17.315
4 0 -1.5 3.125 -16.425 1.5 3.125 -16.425 1.5 3.575 -17.315 -1.5 3.575 -17.315
4 9 1.5 3.125 -16.425 7.5 3.125 -16.425 7.5 3.575 -17.315 1.5 3.575 -17.315
4 1 7.5 3.125 -16.425 8.5 3.125 -16.425 8.5 3.575 -17.315 7.5 3.575 -17.315
4 0 8.5 3.125 -16.425 10.5 3.125 -16.425 10.5 3.575 -17.315 8.5 3.575 -17.315
4 7 10.5 3.125 -16.425 11.5 3.125 -16.425 11.5 3.575 -17.315 10.5 3.575 -17.315
4 16 11.5 3.125 -16.425 20 3.125 -16.425 20 3.575 -17.315 11.5 3.575 -17.315
4 16 -20 3.575 -17.315 -13.5 3.575 -17.315 -13.5 4.025 -18.205 -20 4.025 -18.205
4 7 -13.5 3.575 -17.315 -12.5 3.575 -17.315 -12.5 4.025 -18.205 -13.5 4.025 -18.205
4 8 -12.5 3.575 -17.315 -11.5 3.575 -17.315 -11.5 4.025 -18.205 -12.5 4.025 -18.205
4 0 -11.5 3.575 -17.315 -9.5 3.575 -17.315 -9.5 4.025 -18.205 -11.5 4.025 -18.205
4 8 -9.5 3.575 -17.315 -8.5 3.575 -17.315 -8.5 4.025 -18.205 -9.5 4.025 -18.205
4 7 -8.5 3.575 -17.315 -3.5 3.575 -17.315 -3.5 4.025 -18.205 -8.5 4.025 -18.205
4 8 -3.5 3.575 -17.315 -2.5 3.575 -17.315 -2.5 4.025 -18.205 -3.5 4.025 -18.205
4 1 -2.5 3.575 -17.315 -1.5 3.575 -17.315 -1.5 4.025 -18.205 -2.5 4.025 -18.205
4 6 -1.5 3.575 -17.315 -0.5 3.575 -17.315 -0.5 4.025 -18.205 -1.5 4.025 -18.205
4 14 -0.5 3.575 -17.315 0.5 3.575 -17.315 0.5 4.025 -18.205 -0.5 4.025 -18.205
4 6 0.5 3.575 -17.315 1.5 3.575 -17.315 1.5 4.025 -18.205 0.5 4.025 -18.205
4 0 1.5 3.575 -17.315 2.5 3.575 -17.315 2.5 4.025 -18.205 1.5 4.025 -18.205
4 9 2.5 3.575 -17.315 9.5 3.575 -17.315 9.5 4.025 -18.205 2.5 4.025 -18.205
4 1 9.5 3.575 -17.315 10.5 3.575 -17.315 10.5 4.025 -18.205 9.5 4.025 -18.205
4 0 10.5 3.575 -17.315 11.5 3.575 -17.315 11.5 4.025 -18.205 10.5 4.025 -18.205
4 8 11.5 3.575 -17.315 12.5 3.575 -17.315 12.5 4.025 -18.205 11.5 4.025 -18.205
4 7 12.5 3.575 -17.315 13.5 3.575 -17.315 13.5 4.025 -18.205 12.5 4.025 -18.205
4 16 13.5 3.575 -17.315 20 3.575 -17.315 20 4.025 -18.205 13.5 4.025 -18.205
4 16 -20 4.025 -18.205 -14.5 4.025 -18.205 -14.5 4.475 -19.095 -20 4.475 -19.095
4 7 -14.5 4.025 -18.205 -13.5 4.025 -18.205 -13.5 4.475 -19.095 -14.5 4.475 -19.095
4 8 -13.5 4.025 -18.205 -12.5 4.025 -18.205 -12.5 4.475 -19.095 -13.5 4.475 -19.095
4 0 -12.5 4.025 -18.205 -11.5 4.025 -18.205 -11.5 4.475 -19.095 -12.5 4.475 -19.095
4 9 -11.5 4.025 -18.205 -10.5 4.025 -18.205 -10.5 4.475 -19.095 -11.5 4.475 -19.095
4 8 -10.5 4.025 -18.205 -9.5 4.025 -18.205 -9.5 4.475 -19.095 -10.5 4.475 -19.095
4 7 -9.5 4.025 -18.205 -3.5 4.025 -18.205 -3.5 4.475 -19.095 -9.5 4.475 -19.095
4 8 -3.5 4.025 -18.205 -2.5 4.025 -18.205 -2.5 4.475 -19.095 -3.5 4.475 -19.095
4 0 -2.5 4.025 -18.205 -1.5 4.025 -18.205 -1.5 4.475 -19.095 -2.5 4.475 -19.095
4 6 -1.5 4.025 -18.205 -0.5 4.025 -18.205 -0.5 4.475 -19.095 -1.5 4.475 -19.095
4 14 -0.5 4.025 -18.205 0.5 4.025 -18.205 0.5 4.475 -19.095 -0.5 4.475 -19.095
4 6 0.5 4.025 -18.205 1.5 4.025 -18.205 1.5 4.475 -19.095 0.5 4.475 -19.095
4 0 1.5 4.025 -18.205 2.5 4.025 -18.205 2.5 4.475 -19.095 1.5 4.475 -19.095
4 9 2.5 4.025 -18.205 11.5 4.025 -18.205 11.5 4.475 -19.095 2.5 4.475 -19.095
4 0 11.5 4.025 -18.205 12.5 4.025 -18.205 12.5 4.475 -19.095 11.5 4.475 -19.095
4 8 12.5 4.025 -18.205 13.5 4.025 -18.205 13.5 4.475 -19.095 12.5 4.475 -19.095
4 7 13.5 4.025 -18.205 14.5 4.025 -18.205 14.5 4.475 -19.095 13.5 4.475 -19.095
4 16 14.5 4.025 -18.205 20 4.025 -18.205 20 4.475 -19.095 14.5 4.475 -19.095
4 16 -20 4.475 -19.095 -15.5 4.475 -19.095 -15.5 4.925 -19.985 -20 4.925 -19.985
4 7 -15.5 4.475 -19.095 -14.5 4.475 -19.095 -14.5 4.925 -19.985 -15.5 4.925 -19.985
4 8 -14.5 4.475 -19.095 -13.5 4.475 -19.095 -13.5 4.925 -19.985 -14.5 4.925 -19.985
4 0 -13.5 4.475 -19.095 -12.5 4.475 -19.095 -12.5 4.925 -19.985 -13.5 4.925 -19.985
4 9 -12.5 4.475 -19.095 -11.5 4.475 -19.095 -11.5 4.925 -19.985 -12.5 4.925 -19.985
4 7 -11.5 4.475 -19.095 -3.5 4.475 -19.095 -3.5 4.925 -19.985 -11.5 4.925 -19.985
4 8 -3.5 4.475 -19.095 -2.5 4.475 -19.095 -2.5 4.925 -19.985 -3.5 4.925 -19.985
4 6 -2.5 4.475 -19.095 -1.5 4.475 -19.095 -1.5 4.925 -19.985 -2.5 4.925 -19.985
4 14 -1.5 4.475 -19.095 1.5 4.475 -19.095 1.5 4.925 -19.985 -1.5 4.925 -19.985
4 6 1.5 4.475 -19.095 2.5 4.475 -19.095 2.5 4.925 -19.985 1.5 4.925 -19.985
4 9 2.5 4.475 -19.095 3.5 4.475 -19.095 3.5 4.925 -19.985 2.5 4.925 -19.985
4 8 3.5 4.475 -19.095 4.5 4.475 -19.095 4.5 4.925 -19.985 3.5 4.925 -19.985
4 9 4.5 4.475 -19.095 12.5 4.475 -19.095 12.5 4.925 -19.985 4.5 4.925 -19.985
4 0 12.5 4.475 -19.095 13.5 4.475 -19.095 13.5 4.925 -19.985 12.5 4.925 -19.985
4 8 13.5 4.475 -19.095 14.5 4.475 -19.095 14.5 4.925 -19.985 13.5 4.925 -19.985
4 7 14.5 4.475 -19.095 15.5 4.475 -19.095 15.5 4.925 -19.985 14.5 4.925 -19.985
4 16 15.5 4.475 -19.095 20 4.475 -19.095 20 4.925 -19.985 15.5 4.925 -19.985
4 16 -20 4.925 -19.985 -15.5 4.925 -19.985 -15.5 5.375 -20.875 -20 5.375 -20.875
4 8 -15.5 4.925 -19.985 -14.5 4.925 -19.985 -14.5 5.375 -20.875 -15.5 5.375 -20.875
4 0 -14.5 4.925 -19.985 -13.5 4.925 -19.985 -13.5 5.375 -20.875 -14.5 5.375 -20.875
4 9 -13.5 4.925 -19.985 -12.5 4.925 -19.985 -12.5 5.375 -20.875 -13.5 5.375 -20.875
4 8 -12.5 4.925 -19.985 -11.5 4.925 -19.985 -11.5 5.375 -20.875 -12.5 5.375 -20.875
4 7 -11.5 4.925 -19.985 -4.5 4.925 -19.985 -4.5 5.375 -20.875 -11.5 5.375 -20.875
4 8 -4.5 4.925 -19.985 -3.5 4.925 -19.985 -3.5 5.375 -20.875 -4.5 5.375 -20.875
4 0 -3.5 4.925 -19.985 -2.5 4.925 -19.985 -2.5 5.375 -20.875 -3.5 5.375 -20.875
4 6 -2.5 4.925 -19.985 -1.5 4.925 -19.985 -1.5 5.375 -20.875 -2.5 5.375 -20.875
4 14 -1.5 4.925 -19.985 1.5 4.925 -19.985 1.5 5.375 -20.875 -1.5 5.375 -20.875
4 6 1.5 4.925 -19.985 2.5 4.925 -19.985 2.5 5.375 -20.875 1.5 5.375 -20.875
4 0 2.5 4.925 -19.985 3.5 4.925 -19.985 3.5 5.375 -20.875 2.5 5.375 -20.875
4 8 3.5 4.925 -19.985 4.5 4.925 -19.985 4.5 5.375 -20.875 3.5 5.375 -20.875
4 7 4.5 4.925 -19.985 5.5 4.925 -19.985 5.5 5.375 -20.875 4.5 5.375 -20.875
4 8 5.5 4.925 -19.985 6.5 4.925 -19.985 6.5 5.375 -20.875 5.5 5.375 -20.875
4 9 6.5 4.925 -19.985 13.5 4.925 -19.985 13.5 5.375 -20.875 6.5 5.375 -20.875
4 0 13.5 4.925 -19.985 14.5 4.925 -19.985 14.5 5.375 -20.875 13.5 5.375 -20.875
4 8 14.5 4.925 -19.985 15.5 4.925 -19.985 15.5 5.375 -20.875 14.5 5.375 -20.875
4 16 15.5 4.925 -19.985 20 4.925 -19.985 20 5.375 -20.875 15.5 5.375 -20.875
4 16 -20 5.375 -20.875 -16.5 5.375 -20.875 -16.5 5.825 -21.765 -20 5.825 -21.765
4 8 -16.5 5.375 -20.875 -15.5 5.375 -20.875 -15.5 5.825 -21.765 -16.5 5.825 -21.765
4 0 -15.5 5.375 -20.875 -14.5 5.375 -20.875 -14.5 5.825 -21.765 -15.5 5.825 -21.765
4 9 -14.5 5.375 -20.875 -12.5 5.375 -20.875 -12.5 5.825 -21.765 -14.5 5.825 -21.765
4 7 -12.5 5.375 -20.875 -8.5 5.375 -20.875 -8.5 5.825 -21.765 -12.5 5.825 -21.765
4 8 -8.5 5.375 -20.875 -6.5 5.375 -20.875 -6.5 5.825 -21.765 -8.5 5.825 -21.765
4 9 -6.5 5.375 -20.875 -4.5 5.375 -20.875 -4.5 5.825 -21.765 -6.5 5.825 -21.765
4 1 -4.5 5.375 -20.875 -3.5 5.375 -20.875 -3.5 5.825 -21.765 -4.5 5.825 -21.765
4 6 -3.5 5.375 -20.875 -2.5 5.375 -20.875 -2.5 5.825 -21.765 -3.5 5.825 -21.765
4 14 -2.5 5.375 -20.875 2.5 5.375 -20.875 2.5 5.825 -21.765 -2.5 5.825 -21.765
4 6 2.5 5.375 -20.875 3.5 5.375 -20.875 3.5 5.825 -21.765 2.5 5.825 -21.765
4 8 3.5 5.375 -20.875 4.5 5.375 -20.875 4.5 5.825 -21.765 3.5 5.825 -21.765
4 7 4.5 5.375 -20.875 6.5 5.375 -20.875 6.5 5.825 -21.765 4.5 5.825 -21.765
4 8 6.5 5.375 -20.875 7.5 5.375 -20.875 7.5 5.825 -21.765 6.5 5.825 -21.765
4 9 7.5 5.375 -20.875 14.5 5.375 -20.875 14.5 5.825 -21.765 7.5 5.825 -21.765
4 0 14.5 5.375 -20.875 15.5 5.375 -20.875 15.5 5.825 -21.765 14.5 5.825 -21.765
4 7 15.5 5.375 -20.875 16.5 5.375 -20.875 16.5 5.825 -21.765 15.5 5.825 -21.765
4 16 16.5 5.375 -20.875 20 5.375 -20.875 20 5.825 -21.765 16.5 5.825 -21.765
4 16 -20 5.825 -21.765 -17.5 5.825 -21.765 -17.5 6.275 -22.655 -20 6.275 -22.655
4 7 -17.5 5.825 -21.765 -16.5 5.825 -21.765 -16.5 6.275 -22.655 -17.5 6.275 -22.655
4 0 -16.5 5.825 -21.765 -15.5 5.825 -21.765 -15.5 6.275 -22.655 -16.5 6.275 -22.655
4 1 -15.5 5.825 -21.765 -14.5 5.825 -21.765 -14.5 6.275 -22.655 -15.5 6.275 -22.655
4 9 -14.5 5.825 -21.765 -4.5 5.825 -21.765 -4.5 6.275 -22.655 -14.5 6.275 -22.655
4 0 -4.5 5.825 -21.765 -3.5 5.825 -21.765 -3.5 6.275 -22.655 -4.5 6.275 -22.655
4 14 -3.5 5.825 -21.765 2.5 5.825 -21.765 2.5 6.275 -22.655 -3.5 6.275 -22.655
4 6 2.5 5.825 -21.765 3.5 5.825 -21.765 3.5 6.275 -22.655 2.5 6.275 -22.655
4 0 3.5 5.825 -21.765 4.5 5.825 -21.765 4.5 6.275 -22.655 3.5 6.275 -22.655
4 8 4.5 5.825 -21.765 5.5 5.825 -21.765 5.5 6.275 -22.655 4.5 6.275 -22.655
4 7 5.5 5.825 -21.765 7.5 5.825 -21.765 7.5 6.275 -22.655 5.5 6.275 -22.655
4 8 7.5 5.825 -21.765 8.5 5.825 -21.765 8.5 6.275 -22.655 7.5 6.275 -22.655
4 9 8.5 5.825 -21.765 14.5 5.825 -21.765 14.5 6.275 -22.655 8.5 6.275 -22.655
4 1 14.5 5.825 -21.765 15.5 5.825 -21.765 15.5 6.275 -22.655 14.5 6.275 -22.655
4 0 15.5 5.825 -21.765 16.5 5.825 -21.765 16.5 6.275 -22.655 15.5 6.275 -22.655
4 7 16.5 5.825 -21.765 17.5 5.825 -21.765 17.5 6.275 -22.655 16.5 6.275 -22.655
4 16 17.5 5.825 -21.765 20 5.825 -21.765 20 6.275 -22.655 17.5 6.275 -22.655
4 16 -20 6.275 -22.655 -17.5 6.275 -22.655 -17.5 6.725 -23.545 -20 6.725 -23.545
4 8 -17.5 6.275 -22.655 -16.5 6.275 -22.655 -16.5 6.725 -23.545 -17.5 6.725 -23.545
4 0 -16.5 6.275 -22.655 -15.5 6.275 -22.655 -15.5 6.725 -23.545 -16.5 6.725 -23.545
4 9 -15.5 6.275 -22.655 -11.5 6.275 -22.655 -11.5 6.725 -23.545 -15.5 6.725 -23.545
4 8 -11.5 6.275 -22.655 -7.5 6.275 -22.655 -7.5 6.725 -23.545 -11.5 6.725 -23.545
4 7 -7.5 6.275 -22.655 -5.5 6.275 -22.655 -5.5 6.725 -23.545 -7.5 6.725 -23.545
4 0 -5.5 6.275 -22.655 -4.5 6.275 -22.655 -4.5 6.725 -23.545 -5.5 6.725 -23.545
4 6 -4.5 6.275 -22.655 -3.5 6.275 -22.655 -3.5 6.725 -23.545 -4.5 6.725 -23.545
4 14 -3.5 6.275 -22.655 3.5 6.275 -22.655 3.5 6.725 -23.545 -3.5 6.725 -23.545
4 6 3.5 6.275 -22.655 4.5 6.275 -22.655 4.5 6.725 -23.545 3.5 6.725 -23.545
4 0 4.5 6.275 -22.655 5.5 6.275 -22.655 5.5 6.725 -23.545 4.5 6.725 -23.545
4 7 5.5 6.275 -22.655 8.5 6.275 -22.655 8.5 6.725 -23.545 5.5 6.725 -23.545
4 8 8.5 6.275 -22.655 9.5 6.275 -22.655 9.5 6.725 -23.545 8.5 6.725 -23.545
4 9 9.5 6.275 -22.655 15.5 6.275 -22.655 15.5 6.725 -23.545 9.5 6.725 -23.545
4 0 15.5 6.275 -22.655 16.5 6.275 -22.655 16.5 6.725 -23.545 15.5 6.725 -23.545
4 8 16.5 6.275 -22.655 17.5 6.275 -22.655 17.5 6.725 -23.545 16.5 6.725 -23.545
4 16 17.5 6.275 -22.655 20 6.275 -22.655 20 6.725 -23.545 17.5 6.725 -23.545
4 16 -20 6.725 -23.545 -18.5 6.725 -23.545 -18.5 7.175 -24.435 -20 7.175 -24.435
4 7 -18.5 6.725 -23.545 -17.5 6.725 -23.545 -17.5 7.175 -24.435 -18.5 7.175 -24.435
4 0 -17.5 6.725 -23.545 -16.5 6.725 -23.545 -16.5 7.175 -24.435 -17.5 7.175 -24.435
4 9 -16.5 6.725 -23.545 -14.5 6.725 -23.545 -14.5 7.175 -24.435 -16.5 7.175 -24.435
4 8 -14.5 6.725 -23.545 -13.5 6.725 -23.545 -13.5 7.175 -24.435 -14.5 7.175 -24.435
4 7 -13.5 6.725 -23.545 -6.5 6.725 -23.545 -6.5 7.175 -24.435 -13.5 7.175 -24.435
4 8 -6.5 6.725 -23.545 -5.5 6.725 -23.545 -5.5 7.175 -24.435 -6.5 7.175 -24.435
4 0 -5.5 6.725 -23.545 -4.5 6.725 -23.545 -4.5 7.175 -24.435 -5.5 7.175 -24.435
4 14 -4.5 6.725 -23.545 4.5 6.725 -23.545 4.5 7.175 -24.435 -4.5 7.175 -24.435
4 0 4.5 6.725 -23.545 5.5 6.725 -23.545 5.5 7.175 -24.435 4.5 7.175 -24.435
4 8 5.5 6.725 -23.545 6.5 6.725 -23.545 6.5 7.175 -24.435 5.5 7.175 -24.435
4 7 6.5 6.725 -23.545 9.5 6.725 -23.545 9.5 7.175 -24.435 6.5 7.175 -24.435
4 8 9.5 6.725 -23.545 10.5 6.725 -23.545 10.5 7.175 -24.435 9.5 7.175 -24.435
4 9 10.5 6.725 -23.545 16.5 6.725 -23.545 16.5 7.175 -24.435 10.5 7.175 -24.435
4 0 16.5 6.725 -23.545 17.5 6.725 -23.545 17.5 7.175 -24.435 16.5 7.175 -24.435
4 7 17.5 6.725 -23.545 18.5 6.725 -23.545 18.5 7.175 -24.435 17.5 7.175 -24.435
4 16 18.5 6.725 -23.545 20 6.725 -23.545 20 7.175 -24.435 18.5 7.175 -24.435
4 16 -20 7.175 -24.435 -18.5 7.175 -24.435 -18.5 7.625 -25.325 -20 7.625 -25.325
4 8 -18.5 7.175 -24.435 -17.5 7.175 -24.435 -17.5 7.625 -25.325 -18.5 7.625 -25.325
4 0 -17.5 7.175 -24.435 -16.5 7.175 -24.435 -16.5 7.625 -25.325 -17.5 7.625 -25.325
4 8 -16.5 7.175 -24.435 -15.5 7.175 -24.435 -15.5 7.625 -25.325 -16.5 7.625 -25.325
4 7 -15.5 7.175 -24.435 -6.5 7.175 -24.435 -6.5 7.625 -25.325 -15.5 7.625 -25.325
4 0 -6.5 7.175 -24.435 -5.5 7.175 -24.435 -5.5 7.625 -25.325 -6.5 7.625 -25.325
4 6 -5.5 7.175 -24.435 -4.5 7.175 -24.435 -4.5 7.625 -25.325 -5.5 7.625 -25.325
4 14 -4.5 7.175 -24.435 4.5 7.175 -24.435 4.5 7.625 -25.325 -4.5 7.625 -25.325
4 6 4.5 7.175 -24.435 5.5 7.175 -24.435 5.5 7.625 -25.325 4.5 7.625 -25.325
4 0 5.5 7.175 -24.435 6.5 7.175 -24.435 6.5 7.625 -25.325 5.5 7.625 -25.325
4 7 6.5 7.175 -24.435 10.5 7.175 -24.435 10.5 7.625 -25.325 6.5 7.625 -25.325
4 9 10.5 7.175 -24.435 16.5 7.175 -24.435 16.5 7.625 -25.325 10.5 7.625 -25.325
4 0 16.5 7.175 -24.435 17.5 7.175 -24.435 17.5 7.625 -25.325 16.5 7.625 -25.325
4 8 17.5 7.175 -24.435 18.5 7.175 -24.435 18.5 7.625 -25.325 17.5 7.625 -25.325
4 16 18.5 7.175 -24.435 20 7.175 -24.435 20 7.625 -25.325 18.5 7.625 -25.325
4 16 -20 7.625 -25.325 -18.5 7.625 -25.325 -18.5 8.075 -26.215 -20 8.075 -26.215
4 0 -18.5 7.625 -25.325 -17.5 7.625 -25.325 -17.5 8.075 -26.215 -18.5 8.075 -26.215
4 8 -17.5 7.625 -25.325 -16.5 7.625 -25.325 -16.5 8.075 -26.215 -17.5 8.075 -26.215
4 7 -16.5 7.625 -25.325 -7.5 7.625 -25.325 -7.5 8.075 -26.215 -16.5 8.075 -26.215
4 8 -7.5 7.625 -25.325 -6.5 7.625 -25.325 -6.5 8.075 -26.215 -7.5 8.075 -26.215
4 0 -6.5 7.625 -25.325 -5.5 7.625 -25.325 -5.5 8.075 -26.215 -6.5 8.075 -26.215
4 14 -5.5 7.625 -25.325 5.5 7.625 -25.325 5.5 8.075 -26.215 -5.5 8.075 -26.215
4 0 5.5 7.625 -25.325 6.5 7.625 -25.325 6.5 8.075 -26.215 5.5 8.075 -26.215
4 8 6.5 7.625 -25.325 7.5 7.625 -25.325 7.5 8.075 -26.215 6.5 8.075 -26.215
4 7 7.5 7.625 -25.325 10.5 7.625 -25.325 10.5 8.075 -26.215 7.5 8.075 -26.215
4 8 10.5 7.625 -25.325 11.5 7.625 -25.325 11.5 8.075 -26.215 10.5 8.075 -26.215
4 9 11.5 7.625 -25.325 16.5 7.625 -25.325 16.5 8.075 -26.215 11.5 8.075 -26.215
4 1 16.5 7.625 -25.325 17.5 7.625 -25.325 17.5 8.075 -26.215 16.5 8.075 -26.215
4 0 17.5 7.625 -25.325 18.5 7.625 -25.325 18.5 8.075 -26.215 17.5 8.075 -26.215
4 16 18.5 7.625 -25.325 20 7.625 -25.325 20 8.075 -26.215 18.5 8.075 -26.215
4 7 -20 8.075 -26.215 -18.5 8.075 -26.215 -18.5 8.525 -27.105 -20 8.525 -27.105
4 0 -18.5 8.075 -26.215 -17.5 8.075 -26.215 -17.5 8.525 -27.105 -18.5 8.525 -27.105
4 7 -17.5 8.075 -26.215 -13.5 8.075 -26.215 -13.5 8.525 -27.105 -17.5 8.525 -27.105
4 8 -13.5 8.075 -26.215 -12.5 8.075 -26.215 -12.5 8.525 -27.105 -13.5 8.525 -27.105
4 7 -12.5 8.075 -26.215 -8.5 8.075 -26.215 -8.5 8.525 -27.105 -12.5 8.525 -27.105
4 8 -8.5 8.075 -26.215 -7.5 8.075 -26.215 -7.5 8.525 -27.105 -8.5 8.525 -27.105
4 0 -7.5 8.075 -26.215 -5.5 8.075 -26.215 -5.5 8.525 -27.105 -7.5 8.525 -27.105
4 14 -5.5 8.075 -26.215 5.5 8.075 -26.215 5.5 8.525 -27.105 -5.5 8.525 -27.105
4 0 5.5 8.075 -26.215 7.5 8.075 -26.215 7.5 8.525 -27.105 5.5 8.525 -27.105
4 7 7.5 8.075 -26.215 11.5 8.075 -26.215 11.5 8.525 -27.105 7.5 8.525 -27.105
4 8 11.5 8.075 -26.215 12.5 8.075 -26.215 12.5 8.525 -27.105 11.5 8.525 -27.105
4 9 12.5 8.075 -26.215 17.5 8.075 -26.215 17.5 8.525 -27.105 12.5 8.525 -27.105
4 0 17.5 8.075 -26.215 18.5 8.075 -26.215 18.5 8.525 -27.105 17.5 8.525 -27.105
4 16 18.5 8.075 -26.215 20 8.075 -26.215 20 8.525 -27.105 18.5 8.525 -27.105
4 8 -20 8.525 -27.105 -18.5 8.525 -27.105 -18.5 8.975 -27.995 -20 8.975 -27.995
4 0 -18.5 8.525 -27.105 -17.5 8.525 -27.105 -17.5 8.975 -27.995 -18.5 8.975 -27.995
4 7 -17.5 8.525 -27.105 -16.5 8.525 -27.105 -16.5 8.975 -27.995 -17.5 8.975 -27.995
4 8 -16.5 8.525 -27.105 -13.5 8.525 -27.105 -13.5 8.975 -27.995 -16.5 8.975 -27.995
4 7 -13.5 8.525 -27.105 -8.5 8.525 -27.105 -8.5 8.975 -27.995 -13.5 8.975 -27.995
4 0 -8.5 8.525 -27.105 -5.5 8.525 -27.105 -5.5 8.975 -27.995 -8.5 8.975 -27.995
4 14 -5.5 8.525 -27.105 5.5 8.525 -27.105 5.5 8.975 -27.995 -5.5 8.975 -27.995
4 0 5.5 8.525 -27.105 7.5 8.525 -27.105 7.5 8.975 -27.995 5.5 8.975 -27.995
4 8 7.5 8.525 -27.105 8.5 8.525 -27.105 8.5 8.975 -27.995 7.5 8.975 -27.995
4 7 8.5 8.525 -27.105 13.5 8.525 -27.105 13.5 8.975 -27.995 8.5 8.975 -27.995
4 8 13.5 8.525 -27.105 14.5 8.525 -27.105 14.5 8.975 -27.995 13.5 8.975 -27.995
4 9 14.5 8.525 -27.105 17.5 8.525 -27.105 17.5 8.975 -27.995 14.5 8.975 -27.995
4 0 17.5 8.525 -27.105 18.5 8.525 -27.105 18.5 8.975 -27.995 17.5 8.975 -27.995
4 7 18.5 8.525 -27.105 20 8.525 -27.105 20 8.975 -27.995 18.5 8.975 -27.995
4 0 -20 8.975 -27.995 -18.5 8.975 -27.995 -18.5 9.425 -28.885 -20 9.425 -28.885
4 8 -18.5 8.975 -27.995 -17.5 8.975 -27.995 -17.5 9.425 -28.885 -18.5 9.425 -28.885
4 7 -17.5 8.975 -27.995 -16.5 8.975 -27.995 -16.5 9.425 -28.885 -17.5 9.425 -28.885
4 8 -16.5 8.975 -27.995 -15.5 8.975 -27.995 -15.5 9.425 -28.885 -16.5 9.425 -28.885
4 1 -15.5 8.975 -27.995 -14.5 8.975 -27.995 -14.5 9.425 -28.885 -15.5 9.425 -28.885
4 8 -14.5 8.975 -27.995 -12.5 8.975 -27.995 -12.5 9.425 -28.885 -14.5 9.425 -28.885
4 7 -12.5 8.975 -27.995 -9.5 8.975 -27.995 -9.5 9.425 -28.885 -12.5 9.425 -28.885
4 8 -9.5 8.975 -27.995 -8.5 8.975 -27.995 -8.5 9.425 -28.885 -9.5 9.425 -28.885
4 0 -8.5 8.975 -27.995 -5.5 8.975 -27.995 -5.5 9.425 -28.885 -8.5 9.425 -28.885
4 6 -5.5 8.975 -27.995 -4.5 8.975 -27.995 -4.5 9.425 -28.885 -5.5 9.425 -28.885
4 14 -4.5 8.975 -27.995 4.5 8.975 -27.995 4.5 9.425 -28.885 -4.5 9.425 -28.885
4 6 4.5 8.975 -27.995 5.5 8.975 -27.995 5.5 9.425 -28.885 4.5 9.425 -28.885
4 0 5.5 8.975 -27.995 8.5 8.975 -27.995 8.5 9.425 -28.885 5.5 9.425 -28.885
4 8 8.5 8.975 -27.995 9.5 8.975 -27.995 9.5 9.425 -28.885 8.5 9.425 -28.885
4 7 9.5 8.975 -27.995 14.5 8.975 -27.995 14.5 9.425 -28.885 9.5 9.425 -28.885
4 8 14.5 8.975 -27.995 15.5 8.975 -27.995 15.5 9.425 -28.885 14.5 9.425 -28.885
4 9 15.5 8.975 -27.995 17.5 8.975 -27.995 17.5 9.425 -28.885 15.5 9.425 -28.885
4 0 17.5 8.975 -27.995 18.5 8.975 -27.995 18.5 9.425 -28.885 17.5 9.425 -28.885
4 8 18.5 8.975 -27.995 20 8.975 -27.995 20 9.425 -28.885 18.5 9.425 -28.885
4 0 -20 9.425 -28.885 -18.5 9.425 -28.885 -18.5 9.875 -29.775 -20 9.875 -29.775
4 8 -18.5 9.425 -28.885 -17.5 9.425 -28.885 -17.5 9.875 -29.775 -18.5 9.875 -29.775
4 7 -17.5 9.425 -28.885 -16.5 9.425 -28.885 -16.5 9.875 -29.775 -17.5 9.875 -29.775
4 8 -16.5 9.425 -28.885 -12.5 9.425 -28.885 -12.5 9.875 -29.775 -16.5 9.875 -29.775
4 7 -12.5 9.425 -28.885 -10.5 9.425 -28.885 -10.5 9.875 -29.775 -12.5 9.875 -29.775
4 8 -10.5 9.425 -28.885 -9.5 9.425 -28.885 -9.5 9.875 -29.775 -10.5 9.875 -29.775
4 0 -9.5 9.425 -28.885 -5.5 9.425 -28.885 -5.5 9.875 -29.775 -9.5 9.875 -29.775
4 6 -5.5 9.425 -28.885 -4.5 9.425 -28.885 -4.5 9.875 -29.775 -5.5 9.875 -29.775
4 14 -4.5 9.425 -28.885 4.5 9.425 -28.885 4.5 9.875 -29.775 -4.5 9.875 -29.775
4 6 4.5 9.425 -28.885 5.5 9.425 -28.885 5.5 9.875 -29.775 4.5 9.875 -29.775
4 0 5.5 9.425 -28.885 9.5 9.425 -28.885 9.5 9.875 -29.775 5.5 9.875 -29.775
4 8 9.5 9.425 -28.885 10.5 9.425 -28.885 10.5 9.875 -29.775 9.5 9.875 -29.775
4 7 10.5 9.425 -28.885 15.5 9.425 -28.885 15.5 9.875 -29.775 10.5 9.875 -29.775
4 9 15.5 9.425 -28.885 17.5 9.425 -28.885 17.5 9.875 -29.775 15.5 9.875 -29.775
4 1 17.5 9.425 -28.885 18.5 9.425 -28.885 18.5 9.875 -29.775 17.5 9.875 -29.775
4 0 18.5 9.425 -28.885 20 9.425 -28.885 20 9.875 -29.775 18.5 9.875 -29.775
4 0 -20 9.875 -29.775 -18.5 9.875 -29.775 -18.5 10.325 -30.665 -20 10.325 -30.665
4 9 -18.5 9.875 -29.775 -17.5 9.875 -29.775 -17.5 10.325 -30.665 -18.5 10.325 -30.665
4 7 -17.5 9.875 -29.775 -11.5 9.875 -29.775 -11.5 10.325 -30.665 -17.5 10.325 -30.665
4 8 -11.5 9.875 -29.775 -10.5 9.875 -29.775 -10.5 10.325 -30.665 -11.5 10.325 -30.665
4 0 -10.5 9.875 -29.775 -4.5 9.875 -29.775 -4.5 10.325 -30.665 -10.5 10.325 -30.665
4 6 -4.5 9.875 -29.775 -3.5 9.875 -29.775 -3.5 10.325 -30.665 -4.5 10.325 -30.665
4 14 -3.5 9.875 -29.775 3.5 9.875 -29.775 3.5 10.325 -30.665 -3.5 10.325 -30.665
4 6 3.5 9.875 -29.775 4.5 9.875 -29.775 4.5 10.325 -30.665 3.5 10.325 -30.665
4 0 4.5 9.875 -29.775 9.5 9.875 -29.775 9.5 10.325 -30.665 4.5 10.325 -30.665
4 8 9.5 9.875 -29.775 10.5 9.875 -29.775 10.5 10.325 -30.665 9.5 10.325 -30.665
4 7 10.5 9.875 -29.775 15.5 9.875 -29.775 15.5 10.325 -30.665 10.5 10.325 -30.665
4 8 15.5 9.875 -29.775 16.5 9.875 -29.775 16.5 10.325 -30.665 15.5 10.325 -30.665
4 9 16.5 9.875 -29.775 18.5 9.875 -29.775 18.5 10.325 -30.665 16.5 10.325 -30.665
4 0 18.5 9.875 -29.775 20 9.875 -29.775 20 10.325 -30.665 18.5 10.325 -30.665
4 0 -20 10.325 -30.665 -18.5 10.325 -30.665 -18.5 10.775 -31.555 -20 10.775 -31.555
4 9 -18.5 10.325 -30.665 -17.5 10.325 -30.665 -17.5 10.775 -31.555 -18.5 10.775 -31.555
4 8 -17.5 10.325 -30.665 -13.5 10.325 -30.665 -13.5 10.775 -31.555 -17.5 10.775 -31.555
4 7 -13.5 10.325 -30.665 -12.5 10.325 -30.665 -12.5 10.775 -31.555 -13.5 10.775 -31.555
4 8 -12.5 10.325 -30.665 -11.5 10.325 -30.665 -11.5 10.775 -31.555 -12.5 10.775 -31.555
4 0 -11.5 10.325 -30.665 -8.5 10.325 -30.665 -8.5 10.775 -31.555 -11.5 10.775 -31.555
4 1 -8.5 10.325 -30.665 -7.5 10.325 -30.665 -7.5 10.775 -31.555 -8.5 10.775 -31.555
4 8 -7.5 10.325 -30.665 -6.5 10.325 -30.665 -6.5 10.775 -31.555 -7.5 10.775 -31.555
4 7 -6.5 10.325 -30.665 -4.5 10.325 -30.665 -4.5 10.775 -31.555 -6.5 10.775 -31.555
4 0 -4.5 10.325 -30.665 -3.5 10.325 -30.665 -3.5 10.775 -31.555 -4.5 10.775 -31.555
4 14 -3.5 10.325 -30.665 3.5 10.325 -30.665 3.5 10.775 -31.555 -3.5 10.775 -31.555
4 0 3.5 10.325 -30.665 4.5 10.325 -30.665 4.5 10.775 -31.555 3.5 10.775 -31.555
4 9 4.5 10.325 -30.665 6.5 10.325 -30.665 6.5 10.775 -31.555 4.5 10.775 -31.555
4 0 6.5 10.325 -30.665 10.5 10.325 -30.665 10.5 10.775 -31.555 6.5 10.775 -31.555
4 8 10.5 10.325 -30.665 11.5 10.325 -30.665 11.5 10.775 -31.555 10.5 10.775 -31.555
4 7 11.5 10.325 -30.665 15.5 10.325 -30.665 15.5 10.775 -31.555 11.5 10.775 -31.555
4 8 15.5 10.325 -30.665 16.5 10.325 -30.665 16.5 10.775 -31.555 15.5 10.775 -31.555
4 9 16.5 10.325 -30.665 18.5 10.325 -30.665 18.5 10.775 -31.555 16.5 10.775 -31.555
4 0 18.5 10.325 -30.665 20 10.325 -30.665 20 10.775 -31.555 18.5 10.775 -31.555
4 0 -20 10.775 -31.555 -18.5 10.775 -31.555 -18.5 11.225 -32.445 -20 11.225 -32.445
4 9 -18.5 10.775 -31.555 -13.5 10.775 -31.555 -13.5 11.225 -32.445 -18.5 11.225 -32.445
4 8 -13.5 10.775 -31.555 -12.5 10.775 -31.555 -12.5 11.225 -32.445 -13.5 11.225 -32.445
4 1 -12.5 10.775 -31.555 -11.5 10.775 -31.555 -11.5 11.225 -32.445 -12.5 11.225 -32.445
4 0 -11.5 10.775 -31.555 -9.5 10.775 -31.555 -9.5 11.225 -32.445 -11.5 11.225 -32.445
4 1 -9.5 10.775 -31.555 -8.5 10.775 -31.555 -8.5 11.225 -32.445 -9.5 11.225 -32.445
4 8 -8.5 10.775 -31.555 -7.5 10.775 -31.555 -7.5 11.225 -32.445 -8.5 11.225 -32.445
4 7 -7.5 10.775 -31.555 -4.5 10.775 -31.555 -4.5 11.225 -32.445 -7.5 11.225 -32.445
4 0 -4.5 10.775 -31.555 -3.5 10.775 -31.555 -3.5 11.225 -32.445 -4.5 11.225 -32.445
4 6 -3.5 10.775 -31.555 -2.5 10.775 -31.555 -2.5 11.225 -32.445 -3.5 11.225 -32.445
4 14 -2.5 10.775 -31.555 2.5 10.775 -31.555 2.5 11.225 -32.445 -2.5 11.225 -32.445
4 6 2.5 10.775 -31.555 3.5 10.775 -31.555 3.5 11.225 -32.445 2.5 11.225 -32.445
4 0 3.5 10.775 -31.555 4.5 10.775 -31.555 4.5 11.225 -32.445 3.5 11.225 -32.445
4 9 4.5 10.775 -31.555 7.5 10.775 -31.555 7.5 11.225 -32.445 4.5 11.225 -32.445
4 0 7.5 10.775 -31.555 11.5 10.775 -31.555 11.5 11.225 -32.445 7.5 11.225 -32.445
4 8 11.5 10.775 -31.555 12.5 10.775 -31.555 12.5 11.225 -32.445 11.5 11.225 -32.445
4 7 12.5 10.775 -31.555 15.5 10.775 -31.555 15.5 11.225 -32.445 12.5 11.225 -32.445
4 9 15.5 10.775 -31.555 18.5 10.775 -31.555 18.5 11.225 -32.445 15.5 11.225 -32.445
4 0 18.5 10.775 -31.555 20 10.775 -31.555 20 11.225 -32.445 18.5 11.225 -32.445
4 0 -20 11.225 -32.445 -18.5 11.225 -32.445 -18.5 11.675 -33.335 -20 11.675 -33.335
4 9 -18.5 11.225 -32.445 -12.5 11.225 -32.445 -12.5 11.675 -33.335 -18.5 11.675 -33.335
4 0 -12.5 11.225 -32.445 -10.5 11.225 -32.445 -10.5 11.675 -33.335 -12.5 11.675 -33.335
4 9 -10.5 11.225 -32.445 -8.5 11.225 -32.445 -8.5 11.675 -33.335 -10.5 11.675 -33.335
4 8 -8.5 11.225 -32.445 -7.5 11.225 -32.445 -7.5 11.675 -33.335 -8.5 11.675 -33.335
4 7 -7.5 11.225 -32.445 -5.5 11.225 -32.445 -5.5 11.675 -33.335 -7.5 11.675 -33.335
4 8 -5.5 11.225 -32.445 -3.5 11.225 -32.445 -3.5 11.675 -33.335 -5.5 11.675 -33.335
4 0 -3.5 11.225 -32.445 -2.5 11.225 -32.445 -2.5 11.675 -33.335 -3.5 11.675 -33.335
4 6 -2.5 11.225 -32.445 -0.5 11.225 -32.445 -0.5 11.675 -33.335 -2.5 11.675 -33.335
4 14 -0.5 11.225 -32.445 0.5 11.225 -32.445 0.5 11.675 -33.335 -0.5 11.675 -33.335
4 6 0.5 11.225 -32.445 2.5 11.225 -32.445 2.5 11.675 -33.335 0.5 11.675 -33.335
4 0 2.5 11.225 -32.445 3.5 11.225 -32.445 3.5 11.675 -33.335 2.5 11.675 -33.335
4 9 3.5 11.225 -32.445 9.5 11.225 -32.445 9.5 11.675 -33.335 3.5 11.675 -33.335
4 0 9.5 11.225 -32.445 11.5 11.225 -32.445 11.5 11.675 -33.335 9.5 11.675 -33.335
4 9 11.5 11.225 -32.445 12.5 11.225 -32.445 12.5 11.675 -33.335 11.5 11.675 -33.335
4 8 12.5 11.225 -32.445 13.5 11.225 -32.445 13.5 11.675 -33.335 12.5 11.675 -33.335
4 7 13.5 11.225 -32.445 15.5 11.225 -32.445 15.5 11.675 -33.335 13.5 11.675 -33.335
4 9 15.5 11.225 -32.445 18.5 11.225 -32.445 18.5 11.675 -33.335 15.5 11.675 -33.335
4 0 18.5 11.225 -32.445 20 11.225 -32.445 20 11.675 -33.335 18.5 11.675 -33.335
4 0 -20 11.675 -33.335 -18.5 11.675 -33.335 -18.5 12.125 -34.225 -20 12.125 -34.225
4 9 -18.5 11.675 -33.335 -13.5 11.675 -33.335 -13.5 12.125 -34.225 -18.5 12.125 -34.225
4 0 -13.5 11.675 -33.335 -11.5 11.675 -33.335 -11.5 12.125 -34.225 -13.5 12.125 -34.225
4 9 -11.5 11.675 -33.335 -7.5 11.675 -33.335 -7.5 12.125 -34.225 -11.5 12.125 -34.225
4 8 -7.5 11.675 -33.335 -6.5 11.675 -33.335 -6.5 12.125 -34.225 -7.5 12.125 -34.225
4 9 -6.5 11.675 -33.335 -3.5 11.675 -33.335 -3.5 12.125 -34.225 -6.5 12.125 -34.225
4 7 -3.5 11.675 -33.335 -2.5 11.675 -33.335 -2.5 12.125 -34.225 -3.5 12.125 -34.225
4 0 -2.5 11.675 -33.335 2.5 11.675 -33.335 2.5 12.125 -34.225 -2.5 12.125 -34.225
4 9 2.5 11.675 -33.335 10.5 11.675 -33.335 10.5 12.125 -34.225 2.5 12.125 -34.225
4 0 10.5 11.675 -33.335 12.5 11.675 -33.335 12.5 12.125 -34.225 10.5 12.125 -34.225
4 8 12.5 11.675 -33.335 13.5 11.675 -33.335 13.5 12.125 -34.225 12.5 12.125 -34.225
4 7 13.5 11.675 -33.335 15.5 11.675 -33.335 15.5 12.125 -34.225 13.5 12.125 -34.225
4 9 15.5 11.675 -33.335 17.5 11.675 -33.335 17.5 12.125 -34.225 15.5 12.125 -34.225
4 0 17.5 11.675 -33.335 20 11.675 -33.335 20 12.125 -34.225 17.5 12.125 -34.225
4 0 -20 12.125 -34.225 -18.5 12.125 -34.225 -18.5 12.575 -35.115 -20 12.575 -35.115
4 1 -18.5 12.125 -34.225 -17.5 12.125 -34.225 -17.5 12.575 -35.115 -18.5 12.575 -35.115
4 9 -17.5 12.125 -34.225 -14.5 12.125 -34.225 -14.5 12.575 -35.115 -17.5 12.575 -35.115
4 0 -14.5 12.125 -34.225 -12.5 12.125 -34.225 -12.5 12.575 -35.115 -14.5 12.575 -35.115
4 8 -12.5 12.125 -34.225 -11.5 12.125 -34.225 -11.5 12.575 -35.115 -12.5 12.575 -35.115
4 9 -11.5 12.125 -34.225 -8.5 12.125 -34.225 -8.5 12.575 -35.115 -11.5 12.575 -35.115
4 8 -8.5 12.125 -34.225 -7.5 12.125 -34.225 -7.5 12.575 -35.115 -8.5 12.575 -35.115
4 7 -7.5 12.125 -34.225 -6.5 12.125 -34.225 -6.5 12.575 -35.115 -7.5 12.575 -35.115
4 8 -6.5 12.125 -34.225 -5.5 12.125 -34.225 -5.5 12.575 -35.115 -6.5 12.575 -35.115
4 9 -5.5 12.125 -34.225 -3.5 12.125 -34.225 -3.5 12.575 -35.115 -5.5 12.575 -35.115
4 8 -3.5 12.125 -34.225 -2.5 12.125 -34.225 -2.5 12.575 -35.115 -3.5 12.575 -35.115
4 7 -2.5 12.125 -34.225 -1.5 12.125 -34.225 -1.5 12.575 -35.115 -2.5 12.575 -35.115
4 8 -1.5 12.125 -34.225 1.5 12.125 -34.225 1.5 12.575 -35.115 -1.5 12.575 -35.115
4 9 1.5 12.125 -34.225 11.5 12.125 -34.225 11.5 12.575 -35.115 1.5 12.575 -35.115
4 0 11.5 12.125 -34.225 13.5 12.125 -34.225 13.5 12.575 -35.115 11.5 12.575 -35.115
4 8 13.5 12.125 -34.225 14.5 12.125 -34.225 14.5 12.575 -35.115 13.5 12.575 -35.115
4 7 14.5 12.125 -34.225 15.5 12.125 -34.225 15.5 12.575 -35.115 14.5 12.575 -35.115
4 8 15.5 12.125 -34.225 16.5 12.125 -34.225 16.5 12.575 -35.115 15.5 12.575 -35.115
4 9 16.5 12.125 -34.225 17.5 12.125 -34.225 17.5 12.575 -35.115 16.5 12.575 -35.115
4 0 17.5 12.125 -34.225 18.5 12.125 -34.225 18.5 12.575 -35.115 17.5 12.575 -35.115
4 8 18.5 12.125 -34.225 20 12.125 -34.225 20 12.575 -35.115 18.5 12.575 -35.115
4 8 -20 12.575 -35.115 -18.5 12.575 -35.115 -18.5 13.025 -36.005 -20 13.025 -36.005
4 0 -18.5 12.575 -35.115 -17.5 12.575 -35.115 -17.5 13.025 -36.005 -18.5 13.025 -36.005
4 9 -17.5 12.575 -35.115 -15.5 12.575 -35.115 -15.5 13.025 -36.005 -17.5 13.025 -36.005
4 0 -15.5 12.575 -35.115 -13.5 12.575 -35.115 -13.5 13.025 -36.005 -15.5 13.025 -36.005
4 8 -13.5 12.575 -35.115 -12.5 12.575 -35.115 -12.5 13.025 -36.005 -13.5 13.025 -36.005
4 7 -12.5 12.575 -35.115 -11.5 12.575 -35.115 -11.5 13.025 -36.005 -12.5 13.025 -36.005
4 9 -11.5 12.575 -35.115 -8.5 12.575 -35.115 -8.5 13.025 -36.005 -11.5 13.025 -36.005
4 8 -8.5 12.575 -35.115 -7.5 12.575 -35.115 -7.5 13.025 -36.005 -8.5 13.025 -36.005
4 7 -7.5 12.575 -35.115 -5.5 12.575 -35.115 -5.5 13.025 -36.005 -7.5 13.025 -36.005
4 8 -5.5 12.575 -35.115 -4.5 12.575 -35.115 -4.5 13.025 -36.005 -5.5 13.025 -36.005
4 9 -4.5 12.575 -35.115 -2.5 12.575 -35.115 -2.5 13.025 -36.005 -4.5 13.025 -36.005
4 8 -2.5 12.575 -35.115 -1.5 12.575 -35.115 -1.5 13.025 -36.005 -2.5 13.025 -36.005
4 7 -1.5 12.575 -35.115 1.5 12.575 -35.115 1.5 13.025 -36.005 -1.5 13.025 -36.005
4 8 1.5 12.575 -35.115 2.5 12.575 -35.115 2.5 13.025 -36.005 1.5 13.025 -36.005
4 9 2.5 12.575 -35.115 12.5 12.575 -35.115 12.5 13.025 -36.005 2.5 13.025 -36.005
4 0 12.5 12.575 -35.115 14.5 12.575 -35.115 14.5 13.025 -36.005 12.5 13.025 -36.005
4 7 14.5 12.575 -35.115 15.5 12.575 -35.115 15.5 13.025 -36.005 14.5 13.025 -36.005
4 8 15.5 12.575 -35.115 16.5 12.575 -35.115 16.5 13.025 -36.005 15.5 13.025 -36.005
4 9 16.5 12.575 -35.115 17.5 12.575 -35.115 17.5 13.025 -36.005 16.5 13.025 -36.005
4 0 17.5 12.575 -35.115 18.5 12.575 -35.115 18.5 13.025 -36.005 17.5 13.025 -36.005
4 7 18.5 12.575 -35.115 20 12.575 -35.115 20 13.025 -36.005 18.5 13.025 -36.005
4 7 -20 13.025 -36.005 -18.5 13.025 -36.005 -18.5 13.475 -36.895 -20 13.475 -36.895
4 0 -18.5 13.025 -36.005 -17.5 13.025 -36.005 -17.5 13.475 -36.895 -18.5 13.475 -36.895
4 9 -17.5 13.025 -36.005 -16.5 13.025 -36.005 -16.5 13.475 -36.895 -17.5 13.475 -36.895
4 0 -16.5 13.025 -36.005 -14.5 13.025 -36.005 -14.5 13.475 -36.895 -16.5 13.475 -36.895
4 9 -14.5 13.025 -36.005 -13.5 13.025 -36.005 -13.5 13.475 -36.895 -14.5 13.475 -36.895
4 8 -13.5 13.025 -36.005 -11.5 13.025 -36.005 -11.5 13.475 -36.895 -13.5 13.475 -36.895
4 9 -11.5 13.025 -36.005 -8.5 13.025 -36.005 -8.5 13.475 -36.895 -11.5 13.475 -36.895
4 7 -8.5 13.025 -36.005 -3.5 13.025 -36.005 -3.5 13.475 -36.895 -8.5 13.475 -36.895
4 8 -3.5 13.025 -36.005 -2.5 13.025 -36.005 -2.5 13.475 -36.895 -3.5 13.475 -36.895
4 9 -2.5 13.025 -36.005 -1.5 13.025 -36.005 -1.5 13.475 -36.895 -2.5 13.475 -36.895
4 8 -1.5 13.025 -36.005 0.5 13.025 -36.005 0.5 13.475 -36.895 -1.5 13.475 -36.895
4 7 0.5 13.025 -36.005 2.5 13.025 -36.005 2.5 13.475 -36.895 0.5 13.475 -36.895
4 9 2.5 13.025 -36.005 12.5 13.025 -36.005 12.5 13.475 -36.895 2.5 13.475 -36.895
4 7 12.5 13.025 -36.005 13.5 13.025 -36.005 13.5 13.475 -36.895 12.5 13.475 -36.895
4 0 13.5 13.025 -36.005 14.5 13.025 -36.005 14.5 13.475 -36.895 13.5 13.475 -36.895
4 8 14.5 13.025 -36.005 15.5 13.025 -36.005 15.5 13.475 -36.895 14.5 13.475 -36.895
4 7 15.5 13.025 -36.005 16.5 13.025 -36.005 16.5 13.475 -36.895 15.5 13.475 -36.895
4 9 16.5 13.025 -36.005 17.5 13.025 -36.005 17.5 13.475 -36.895 16.5 13.475 -36.895
4 0 17.5 13.025 -36.005 18.5 13.025 -36.005 18.5 13.475 -36.895 17.5 13.475 -36.895
4 16 18.5 13.025 -36.005 20 13.025 -36.005 20 13.475 -36.895 18.5 13.475 -36.895
4 16 -20 13.475 -36.895 -18.5 13.475 -36.895 -18.5 13.925 -37.785 -20 13.925 -37.785
4 0 -18.5 13.475 -36.895 -15.5 13.475 -36.895 -15.5 13.925 -37.785 -18.5 13.925 -37.785
4 9 -15.5 13.475 -36.895 -13.5 13.475 -36.895 -13.5 13.925 -37.785 -15.5 13.925 -37.785
4 8 -13.5 13.475 -36.895 -12.5 13.475 -36.895 -12.5 13.925 -37.785 -13.5 13.925 -37.785
4 7 -12.5 13.475 -36.895 -11.5 13.475 -36.895 -11.5 13.925 -37.785 -12.5 13.925 -37.785
4 8 -11.5 13.475 -36.895 -10.5 13.475 -36.895 -10.5 13.925 -37.785 -11.5 13.925 -37.785
4 9 -10.5 13.475 -36.895 -8.5 13.475 -36.895 -8.5 13.925 -37.785 -10.5 13.925 -37.785
4 7 -8.5 13.475 -36.895 -2.5 13.475 -36.895 -2.5 13.925 -37.785 -8.5 13.925 -37.785
4 8 -2.5 13.475 -36.895 -1.5 13.475 -36.895 -1.5 13.925 -37.785 -2.5 13.925 -37.785
4 9 -1.5 13.475 -36.895 0.5 13.475 -36.895 0.5 13.925 -37.785 -1.5 13.925 -37.785
4 8 0.5 13.475 -36.895 1.5 13.475 -36.895 1.5 13.925 -37.785 0.5 13.925 -37.785
4 7 1.5 13.475 -36.895 2.5 13.475 -36.895 2.5 13.925 -37.785 1.5 13.925 -37.785
4 9 2.5 13.475 -36.895 3.5 13.475 -36.895 3.5 13.925 -37.785 2.5 13.925 -37.785
4 8 3.5 13.475 -36.895 4.5 13.475 -36.895 4.5 13.925 -37.785 3.5 13.925 -37.785
4 7 4.5 13.475 -36.895 6.5 13.475 -36.895 6.5 13.925 -37.785 4.5 13.925 -37.785
4 8 6.5 13.475 -36.895 7.5 13.475 -36.895 7.5 13.925 -37.785 6.5 13.925 -37.785
4 9 7.5 13.475 -36.895 11.5 13.475 -36.895 11.5 13.925 -37.785 7.5 13.925 -37.785
4 8 11.5 13.475 -36.895 12.5 13.475 -36.895 12.5 13.925 -37.785 11.5 13.925 -37.785
4 7 12.5 13.475 -36.895 13.5 13.475 -36.895 13.5 13.925 -37.785 12.5 13.925 -37.785
4 8 13.5 13.475 -36.895 14.5 13.475 -36.895 14.5 13.925 -37.785 13.5 13.925 -37.785
4 0 14.5 13.475 -36.895 15.5 13.475 -36.895 15.5 13.925 -37.785 14.5 13.925 -37.785
4 9 15.5 13.475 -36.895 16.5 13.475 -36.895 16.5 13.925 -37.785 15.5 13.925 -37.785
4 0 16.5 13.475 -36.895 17.5 13.475 -36.895 17.5 13.925 -37.785 16.5 13.925 -37.785
4 8 17.5 13.475 -36.895 18.5 13.475 -36.895 18.5 13.925 -37.785 17.5 13.925 -37.785
4 16 18.5 13.475 -36.895 20 13.475 -36.895 20 13.925 -37.785 18.5 13.925 -37.785
4 16 -20 13.925 -37.785 -18.5 13.925 -37.785 -18.5 14.375 -38.675 -20 14.375 -38.675
4 7 -18.5 13.925 -37.785 -17.5 13.925 -37.785 -17.5 14.375 -38.675 -18.5 14.375 -38.675
4 0 -17.5 13.925 -37.785 -16.5 13.925 -37.785 -16.5 14.375 -38.675 -17.5 14.375 -38.675
4 9 -16.5 13.925 -37.785 -13.5 13.925 -37.785 -13.5 14.375 -38.675 -16.5 14.375 -38.675
4 8 -13.5 13.925 -37.785 -12.5 13.925 -37.785 -12.5 14.375 -38.675 -13.5 14.375 -38.675
4 7 -12.5 13.925 -37.785 -10.5 13.925 -37.785 -10.5 14.375 -38.675 -12.5 14.375 -38.675
4 9 -10.5 13.925 -37.785 -8.5 13.925 -37.785 -8.5 14.375 -38.675 -10.5 14.375 -38.675
4 8 -8.5 13.925 -37.785 -7.5 13.925 -37.785 -7.5 14.375 -38.675 -8.5 14.375 -38.675
4 7 -7.5 13.925 -37.785 -1.5 13.925 -37.785 -1.5 14.375 -38.675 -7.5 14.375 -38.675
4 8 -1.5 13.925 -37.785 -0.5 13.925 -37.785 -0.5 14.375 -38.675 -1.5 14.375 -38.675
4 9 -0.5 13.925 -37.785 3.5 13.925 -37.785 3.5 14.375 -38.675 -0.5 14.375 -38.675
4 7 3.5 13.925 -37.785 14.5 13.925 -37.785 14.5 14.375 -38.675 3.5 14.375 -38.675
4 0 14.5 13.925 -37.785 17.5 13.925 -37.785 17.5 14.375 -38.675 14.5 14.375 -38.675
4 7 17.5 13.925 -37.785 18.5 13.925 -37.785 18.5 14.375 -38.675 17.5 14.375 -38.675
4 16 18.5 13.925 -37.785 20 13.925 -37.785 20 14.375 -38.675 18.5 14.375 -38.675
4 16 -20 14.375 -38.675 -18.5 14.375 -38.675 -18.5 14.825 -39.565 -20 14.825 -39.565
4 7 -18.5 14.375 -38.675 -17.5 14.375 -38.675 -17.5 14.825 -39.565 -18.5 14.825 -39.565
4 0 -17.5 14.375 -38.675 -16.5 14.375 -38.675 -16.5 14.825 -39.565 -17.5 14.825 -39.565
4 9 -16.5 14.375 -38.675 -12.5 14.375 -38.675 -12.5 14.825 -39.565 -16.5 14.825 -39.565
4 8 -12.5 14.375 -38.675 -11.5 14.375 -38.675 -11.5 14.825 -39.565 -12.5 14.825 -39.565
4 7 -11.5 14.375 -38.675 -9.5 14.375 -38.675 -9.5 14.825 -39.565 -11.5 14.825 -39.565
4 8 -9.5 14.375 -38.675 -8.5 14.375 -38.675 -8.5 14.825 -39.565 -9.5 14.825 -39.565
4 7 -8.5 14.375 -38.675 -0.5 14.375 -38.675 -0.5 14.825 -39.565 -8.5 14.825 -39.565
4 9 -0.5 14.375 -38.675 4.5 14.375 -38.675 4.5 14.825 -39.565 -0.5 14.825 -39.565
4 8 4.5 14.375 -38.675 6.5 14.375 -38.675 6.5 14.825 -39.565 4.5 14.825 -39.565
4 7 6.5 14.375 -38.675 14.5 14.375 -38.675 14.5 14.825 -39.565 6.5 14.825 -39.565
4 8 14.5 14.375 -38.675 15.5 14.375 -38.675 15.5 14.825 -39.565 14.5 14.825 -39.565
4 0 15.5 14.375 -38.675 17.5 14.375 -38.675 17.5 14.825 -39.565 15.5 14.825 -39.565
4 16 17.5 14.375 -38.675 20 14.375 -38.675 20 14.825 -39.565 17.5 14.825 -39.565
4 16 -20 14.825 -39.565 -17.5 14.825 -39.565 -17.5 15.275 -40.455 -20 15.275 -40.455
4 8 -17.5 14.825 -39.565 -16.5 14.825 -39.565 -16.5 15.275 -40.455 -17.5 15.275 -40.455
4 0 -16.5 14.825 -39.565 -15.5 14.825 -39.565 -15.5 15.275 -40.455 -16.5 15.275 -40.455
4 9 -15.5 14.825 -39.565 -11.5 14.825 -39.565 -11.5 15.275 -40.455 -15.5 15.275 -40.455
4 7 -11.5 14.825 -39.565 -1.5 14.825 -39.565 -1.5 15.275 -40.455 -11.5 15.275 -40.455
4 8 -1.5 14.825 -39.565 -0.5 14.825 -39.565 -0.5 15.275 -40.455 -1.5 15.275 -40.455
4 9 -0.5 14.825 -39.565 3.5 14.825 -39.565 3.5 15.275 -40.455 -0.5 15.275 -40.455
4 8 3.5 14.825 -39.565 4.5 14.825 -39.565 4.5 15.275 -40.455 3.5 15.275 -40.455
4 7 4.5 14.825 -39.565 5.5 14.825 -39.565 5.5 15.275 -40.455 4.5 15.275 -40.455
4 8 5.5 14.825 -39.565 12.5 14.825 -39.565 12.5 15.275 -40.455 5.5 15.275 -40.455
4 7 12.5 14.825 -39.565 14.5 14.825 -39.565 14.5 15.275 -40.455 12.5 15.275 -40.455
4 9 14.5 14.825 -39.565 15.5 14.825 -39.565 15.5 15.275 -40.455 14.5 15.275 -40.455
4 0 15.5 14.825 -39.565 16.5 14.825 -39.565 16.5 15.275 -40.455 15.5 15.275 -40.455
4 7 16.5 14.825 -39.565 17.5 14.825 -39.565 17.5 15.275 -40.455 16.5 15.275 -40.455
4 16 17.5 14.825 -39.565 20 14.825 -39.565 20 15.275 -40.455 17.5 15.275 -40.455
4 16 -20 15.275 -40.455 -17.5 15.275 -40.455 -17.5 15.725 -41.345 -20 15.725 -41.345
4 7 -17.5 15.275 -40.455 -16.5 15.275 -40.455 -16.5 15.725 -41.345 -17.5 15.725 -41.345
4 0 -16.5 15.275 -40.455 -14.5 15.275 -40.455 -14.5 15.725 -41.345 -16.5 15.725 -41.345
4 9 -14.5 15.275 -40.455 -10.5 15.275 -40.455 -10.5 15.725 -41.345 -14.5 15.725 -41.345
4 8 -10.5 15.275 -40.455 -9.5 15.275 -40.455 -9.5 15.725 -41.345 -10.5 15.725 -41.345
4 7 -9.5 15.275 -40.455 -0.5 15.275 -40.455 -0.5 15.725 -41.345 -9.5 15.725 -41.345
4 8 -0.5 15.275 -40.455 0.5 15.275 -40.455 0.5 15.725 -41.345 -0.5 15.725 -41.345
4 9 0.5 15.275 -40.455 1.5 15.275 -40.455 1.5 15.725 -41.345 0.5 15.725 -41.345
4 8 1.5 15.275 -40.455 2.5 15.275 -40.455 2.5 15.725 -41.345 1.5 15.725 -41.345
4 9 2.5 15.275 -40.455 4.5 15.275 -40.455 4.5 15.725 -41.345 2.5 15.725 -41.345
4 7 4.5 15.275 -40.455 6.5 15.275 -40.455 6.5 15.725 -41.345 4.5 15.725 -41.345
4 8 6.5 15.275 -40.455 7.5 15.275 -40.455 7.5 15.725 -41.345 6.5 15.725 -41.345
4 9 7.5 15.275 -40.455 14.5 15.275 -40.455 14.5 15.725 -41.345 7.5 15.725 -41.345
4 1 14.5 15.275 -40.455 15.5 15.275 -40.455 15.5 15.725 -41.345 14.5 15.725 -41.345
4 8 15.5 15.275 -40.455 16.5 15.275 -40.455 16.5 15.725 -41.345 15.5 15.725 -41.345
4 16 16.5 15.275 -40.455 20 15.275 -40.455 20 15.725 -41.345 16.5 15.725 -41.345
4 16 -20 15.725 -41.345 -16.5 15.725 -41.345 -16.5 16.175 -42.235 -20 16.175 -42.235
4 7 -16.5 15.725 -41.345 -15.5 15.725 -41.345 -15.5 16.175 -42.235 -16.5 16.175 -42.235
4 0 -15.5 15.725 -41.345 -14.5 15.725 -41.345 -14.5 16.175 -42.235 -15.5 16.175 -42.235
4 1 -14.5 15.725 -41.345 -13.5 15.725 -41.345 -13.5 16.175 -42.235 -14.5 16.175 -42.235
4 9 -13.5 15.725 -41.345 -9.5 15.725 -41.345 -9.5 16.175 -42.235 -13.5 16.175 -42.235
4 8 -9.5 15.725 -41.345 -6.5 15.725 -41.345 -6.5 16.175 -42.235 -9.5 16.175 -42.235
4 7 -6.5 15.725 -41.345 -3.5 15.725 -41.345 -3.5 16.175 -42.235 -6.5 16.175 -42.235
4 8 -3.5 15.725 -41.345 -2.5 15.725 -41.345 -2.5 16.175 -42.235 -3.5 16.175 -42.235
4 7 -2.5 15.725 -41.345 3.5 15.725 -41.345 3.5 16.175 -42.235 -2.5 16.175 -42.235
4 8 3.5 15.725 -41.345 5.5 15.725 -41.345 5.5 16.175 -42.235 3.5 16.175 -42.235
4 7 5.5 15.725 -41.345 8.5 15.725 -41.345 8.5 16.175 -42.235 5.5 16.175 -42.235
4 9 8.5 15.725 -41.345 13.5 15.725 -41.345 13.5 16.175 -42.235 8.5 16.175 -42.235
4 1 13.5 15.725 -41.345 14.5 15.725 -41.345 14.5 16.175 -42.235 13.5 16.175 -42.235
4 0 14.5 15.725 -41.345 15.5 15.725 -41.345 15.5 16.175 -42.235 14.5 16.175 -42.235
4 7 15.5 15.725 -41.345 16.5 15.725 -41.345 16.5 16.175 -42.235 15.5 16.175 -42.235
4 16 16.5 15.725 -41.345 20 15.725 -41.345 20 16.175 -42.235 16.5 16.175 -42.235
4 16 -20 16.175 -42.235 -15.5 16.175 -42.235 -15.5 16.625 -43.125 -20 16.625 -43.125
4 8 -15.5 16.175 -42.235 -14.5 16.175 -42.235 -14.5 16.625 -43.125 -15.5 16.625 -43.125
4 0 -14.5 16.175 -42.235 -13.5 16.175 -42.235 -13.5 16.625 -43.125 -14.5 16.625 -43.125
4 9 -13.5 16.175 -42.235 -6.5 16.175 -42.235 -6.5 16.625 -43.125 -13.5 16.625 -43.125
4 8 -6.5 16.175 -42.235 -5.5 16.175 -42.235 -5.5 16.625 -43.125 -6.5 16.625 -43.125
4 7 -5.5 16.175 -42.235 8.5 16.175 -42.235 8.5 16.625 -43.125 -5.5 16.625 -43.125
4 8 8.5 16.175 -42.235 9.5 16.175 -42.235 9.5 16.625 -43.125 8.5 16.625 -43.125
4 9 9.5 16.175 -42.235 13.5 16.175 -42.235 13.5 16.625 -43.125 9.5 16.625 -43.125
4 0 13.5 16.175 -42.235 14.5 16.175 -42.235 14.5 16.625 -43.125 13.5 16.625 -43.125
4 7 14.5 16.175 -42.235 15.5 16.175 -42.235 15.5 16.625 -43.125 14.5 16.625 -43.125
4 16 15.5 16.175 -42.235 20 16.175 -42.235 20 16.625 -43.125 15.5 16.625 -43.125
4 16 -20 16.625 -43.125 -14.5 16.625 -43.125 -14.5 17.075 -44.015 -20 17.075 -44.015
4 8 -14.5 16.625 -43.125 -13.5 16.625 -43.125 -13.5 17.075 -44.015 -14.5 17.075 -44.015
4 0 -13.5 16.625 -43.125 -12.5 16.625 -43.125 -12.5 17.075 -44.015 -13.5 17.075 -44.015
4 9 -12.5 16.625 -43.125 -5.5 16.625 -43.125 -5.5 17.075 -44.015 -12.5 17.075 -44.015
4 8 -5.5 16.625 -43.125 -4.5 16.625 -43.125 -4.5 17.075 -44.015 -5.5 17.075 -44.015
4 7 -4.5 16.625 -43.125 8.5 16.625 -43.125 8.5 17.075 -44.015 -4.5 17.075 -44.015
4 9 8.5 16.625 -43.125 12.5 16.625 -43.125 12.5 17.075 -44.015 8.5 17.075 -44.015
4 0 12.5 16.625 -43.125 13.5 16.625 -43.125 13.5 17.075 -44.015 12.5 17.075 -44.015
4 8 13.5 16.625 -43.125 14.5 16.625 -43.125 14.5 17.075 -44.015 13.5 17.075 -44.015
4 16 14.5 16.625 -43.125 20 16.625 -43.125 20 17.075 -44.015 14.5 17.075 -44.015
4 16 -20 17.075 -44.015 -13.5 17.075 -44.015 -13.5 17.525 -44.905 -20 17.525 -44.905
4 8 -13.5 17.075 -44.015 -12.5 17.075 -44.015 -12.5 17.525 -44.905 -13.5 17.525 -44.905
4 0 -12.5 17.075 -44.015 -10.5 17.075 -44.015 -10.5 17.525 -44.905 -12.5 17.525 -44.905
4 9 -10.5 17.075 -44.015 -4.5 17.075 -44.015 -4.5 17.525 -44.905 -10.5 17.525 -44.905
4 7 -4.5 17.075 -44.015 -0.5 17.075 -44.015 -0.5 17.525 -44.905 -4.5 17.525 -44.905
4 8 -0.5 17.075 -44.015 2.5 17.075 -44.015 2.5 17.525 -44.905 -0.5 17.525 -44.905
4 7 2.5 17.075 -44.015 7.5 17.075 -44.015 7.5 17.525 -44.905 2.5 17.525 -44.905
4 8 7.5 17.075 -44.015 8.5 17.075 -44.015 8.5 17.525 -44.905 7.5 17.525 -44.905
4 9 8.5 17.075 -44.015 10.5 17.075 -44.015 10.5 17.525 -44.905 8.5 17.525 -44.905
4 1 10.5 17.075 -44.015 11.5 17.075 -44.015 11.5 17.525 -44.905 10.5 17.525 -44.905
4 0 11.5 17.075 -44.015 12.5 17.075 -44.015 12.5 17.525 -44.905 11.5 17.525 -44.905
4 7 12.5 17.075 -44.015 13.5 17.075 -44.015 13.5 17.525 -44.905 12.5 17.525 -44.905
4 16 13.5 17.075 -44.015 20 17.075 -44.015 20 17.525 -44.905 13.5 17.525 -44.905
4 16 -20 17.525 -44.905 -12.5 17.525 -44.905 -12.5 17.975 -45.795 -20 17.975 -45.795
4 7 -12.5 17.525 -44.905 -11.5 17.525 -44.905 -11.5 17.975 -45.795 -12.5 17.975 -45.795
4 0 -11.5 17.525 -44.905 -9.5 17.525 -44.905 -9.5 17.975 -45.795 -11.5 17.975 -45.795
4 9 -9.5 17.525 -44.905 -4.5 17.525 -44.905 -4.5 17.975 -45.795 -9.5 17.975 -45.795
4 8 -4.5 17.525 -44.905 -3.5 17.525 -44.905 -3.5 17.975 -45.795 -4.5 17.975 -45.795
4 7 -3.5 17.525 -44.905 -0.5 17.525 -44.905 -0.5 17.975 -45.795 -3.5 17.975 -45.795
4 8 -0.5 17.525 -44.905 0.5 17.525 -44.905 0.5 17.975 -45.795 -0.5 17.975 -45.795
4 9 0.5 17.525 -44.905 2.5 17.525 -44.905 2.5 17.975 -45.795 0.5 17.975 -45.795
4 8 2.5 17.525 -44.905 3.5 17.525 -44.905 3.5 17.975 -45.795 2.5 17.975 -45.795
4 7 3.5 17.525 -44.905 4.5 17.525 -44.905 4.5 17.975 -45.795 3.5 17.975 -45.795
4 8 4.5 17.525 -44.905 7.5 17.525 -44.905 7.5 17.975 -45.795 4.5 17.975 -45.795
4 9 7.5 17.525 -44.905 9.5 17.525 -44.905 9.5 17.975 -45.795 7.5 17.975 -45.795
4 0 9.5 17.525 -44.905 11.5 17.525 -44.905 11.5 17.975 -45.795 9.5 17.975 -45.795
4 7 11.5 17.525 -44.905 12.5 17.525 -44.905 12.5 17.975 -45.795 11.5 17.975 -45.795
4 16 12.5 17.525 -44.905 20 17.525 -44.905 20 17.975 -45.795 12.5 17.975 -45.795
4 16 -20 17.975 -45.795 -11.5 17.975 -45.795 -11.5 18.425 -46.685 -20 18.425 -46.685
4 7 -11.5 17.975 -45.795 -10.5 17.975 -45.795 -10.5 18.425 -46.685 -11.5 18.425 -46.685
4 8 -10.5 17.975 -45.795 -9.5 17.975 -45.795 -9.5 18.425 -46.685 -10.5 18.425 -46.685
4 0 -9.5 17.975 -45.795 -7.5 17.975 -45.795 -7.5 18.425 -46.685 -9.5 18.425 -46.685
4 9 -7.5 17.975 -45.795 -3.5 17.975 -45.795 -3.5 18.425 -46.685 -7.5 18.425 -46.685
4 8 -3.5 17.975 -45.795 -2.5 17.975 -45.795 -2.5 18.425 -46.685 -3.5 18.425 -46.685
4 7 -2.5 17.975 -45.795 0.5 17.975 -45.795 0.5 18.425 -46.685 -2.5 18.425 -46.685
4 9 0.5 17.975 -45.795 7.5 17.975 -45.795 7.5 18.425 -46.685 0.5 18.425 -46.685
4 0 7.5 17.975 -45.795 9.5 17.975 -45.795 9.5 18.425 -46.685 7.5 18.425 -46.685
4 8 9.5 17.975 -45.795 10.5 17.975 -45.795 10.5 18.425 -46.685 9.5 18.425 -46.685
4 7 10.5 17.975 -45.795 11.5 17.975 -45.795 11.5 18.425 -46.685 10.5 18.425 -46.685
4 16 11.5 17.975 -45.795 20 17.975 -45.795 20 18.425 -46.685 11.5 18.425 -46.685
4 16 -20 18.425 -46.685 -9.5 18.425 -46.685 -9.5 18.875 -47.575 -20 18.875 -47.575
4 7 -9.5 18.425 -46.685 -8.5 18.425 -46.685 -8.5 18.875 -47.575 -9.5 18.875 -47.575
4 8 -8.5 18.425 -46.685 -7.5 18.425 -46.685 -7.5 18.875 -47.575 -8.5 18.875 -47.575
4 0 -7.5 18.425 -46.685 -4.5 18.425 -46.685 -4.5 18.875 -47.575 -7.5 18.875 -47.575
4 9 -4.5 18.425 -46.685 -2.5 18.425 -46.685 -2.5 18.875 -47.575 -4.5 18.875 -47.575
4 7 -2.5 18.425 -46.685 -0.5 18.425 -46.685 -0.5 18.875 -47.575 -2.5 18.875 -47.575
4 9 -0.5 18.425 -46.685 4.5 18.425 -46.685 4.5 18.875 -47.575 -0.5 18.875 -47.575
4 0 4.5 18.425 -46.685 7.5 18.425 -46.685 7.5 18.875 -47.575 4.5 18.875 -47.575
4 8 7.5 18.425 -46.685 8.5 18.425 -46.685 8.5 18.875 -47.575 7.5 18.875 -47.575
4 7 8.5 18.425 -46.685 9.5 18.425 -46.685 9.5 18.875 -47.575 8.5 18.875 -47.575
4 16 9.5 18.425 -46.685 20 18.425 -46.685 20 18.875 -47.575 9.5 18.875 -47.575
4 16 -20 18.875 -47.575 -6.5 18.875 -47.575 -6.5 19.325 -48.465 -20 19.325 -48.465
4 7 -6.5 18.875 -47.575 -5.5 18.875 -47.575 -5.5 19.325 -48.465 -6.5 19.325 -48.465
4 0 -5.5 18.875 -47.575 4.5 18.875 -47.575 4.5 19.325 -48.465 -5.5 19.325 -48.465
4 8 4.5 18.875 -47.575 5.5 18.875 -47.575 5.5 19.325 -48.465 4.5 19.325 -48.465
4 7 5.5 18.875 -47.575 6.5 18.875 -47.575 6.5 19.325 -48.465 5.5 19.325 -48.465
4 16 6.5 18.875 -47.575 20 18.875 -47.575 20 19.325 -48.465 6.5 19.325 -48.465
4 16 -20 19.325 -48.465 20 19.325 -48.465 20 20 -50 -20 20 -50
