0 Slope Brick 33  3 x  2 with White Stripes Pattern
0 Name: 3298p20.dat
0 Author: James Jessiman
0 Original LDraw Part - LDraw beta 0.27 Archive

 1 16 0 20 -10 1 0 0 0 -1 0 0 0 1 stud4a.dat
 1 16 0 4 -10 6 0 0 0 0 0 0 0 6 2-4edge.dat
 1 16 0 4 -10 6 0 0 0 0 3 0 0 -6 2-4edge.dat
 1 16 0 4 -10 8 0 0 0 0 0 0 0 8 2-4edge.dat
 1 16 0 4 -10 8 0 0 0 0 4 0 0 -8 2-4edge.dat
 1 16 0 7 -10 0 0 6 0 -3 0 -6 0 0 1-4cyls.dat
 1 16 0 7 -10 0 0 -6 0 -3 0 -6 0 0 1-4cyls.dat
 1 16 0 4 -10 6 0 0 0 16 0 0 0 6 2-4cyli.dat
 1 16 0 7 -10 6 0 0 0 13 0 0 0 -6 2-4cyli.dat
 1 16 0 8 -10 0 0 8 0 -4 0 -8 0 0 1-4cyls.dat
 1 16 0 8 -10 0 0 -8 0 -4 0 -8 0 0 1-4cyls.dat
 1 16 0 4 -10 8 0 0 0 16 0 0 0 8 2-4cyli.dat
 1 16 0 8 -10 8 0 0 0 12 0 0 0 -8 2-4cyli.dat

 1 16 0 20 -30 1 0 0 0 -1 0 0 0 1 stud4a.dat
 1 16 0 14 -30 6 0 0 0 0 3 0 0 -6 4-4edge.dat
 1 16 0 14 -30 8 0 0 0 0 4 0 0 -8 4-4edge.dat
 1 16 0 14 -30 6 0 0 0 9 -3 0 0 6 2-4cyli.dat
 1 16 0 14 -30 8 0 0 0 10 -4 0 0 8 2-4cyli.dat
 1 16 0 14 -30 6 0 0 0 6 3 0 0 -6 2-4cyli.dat
 1 16 0 14 -30 8 0 0 0 6 4 0 0 -8 2-4cyli.dat

 2 24 16 24 6 -16 24 6
 2 24 -16 24 6 -16 24 -46
 2 24 -16 24 -46 16 24 -46
 2 24 16 24 -46 16 24 6

 2 24 20 24 10 -20 24 10
 2 24 -20 24 10 -20 24 -50
 2 24 -20 24 -50 20 24 -50
 2 24 20 24 -50 20 24 10

 2 24 16 24 6 16 4 6
 2 24 -16 24 6 -16 4 6
 2 24 16 24 -46 16 20 -46
 2 24 -16 24 -46 -16 20 -46
 2 24 16 4 6 -16 4 6
 2 24 16 4 -10 -16 4 -10
 2 24 16 20 -42 -16 20 -42
 2 24 16 20 -46 -16 20 -46
 2 24 16 4 6 16 4 -10
 2 24 -16 4 6 -16 4 -10
 2 24 16 20 -42 16 4 -10
 2 24 -16 20 -42 -16 4 -10
 2 24 16 20 -46 16 20 -42
 2 24 -16 20 -46 -16 20 -42

 2 24 20 24 10 20 0 10
 2 24 -20 24 10 -20 0 10
 2 24 20 24 -50 20 20 -50
 2 24 -20 24 -50 -20 20 -50
 2 24 20 0 10 -20 0 10
 2 24 20 0 -10 -20 0 -10
 2 24 20 20 -50 -20 20 -50
 2 24 20 0 10 20 0 -10
 2 24 -20 0 10 -20 0 -10
 2 24 20 20 -50 20 0 -10
 2 24 -20 20 -50 -20 0 -10

 4 16 20 24 10 16 24 6 -16 24 6 -20 24 10
 4 16 -20 24 10 -16 24 6 -16 24 -46 -20 24 -50
 4 16 -20 24 -50 -16 24 -46 16 24 -46 20 24 -50
 4 16 20 24 -50 16 24 -46 16 24 6 20 24 10
 4 16 16 20 -42 16 20 -46 -16 20 -46 -16 20 -42
 4 16 16 4 6 16 4 -10 -16 4 -10 -16 4 6
 4 16 20 0 10 20 0 -10 -20 0 -10 -20 0 10

 4 16 20 24 10 20 0 10 -20 0 10 -20 24 10
 4 16 16 24 6 16 4 6 -16 4 6 -16 24 6
 4 16 16 24 -46 16 20 -46 -16 20 -46 -16 24 -46
 4 16 20 24 -50 20 20 -50 -20 20 -50 -20 24 -50

 4 16 20 24 10 20 0 10 20 20 -50 20 24 -50
 3 16 20 0 10 20 0 -10 20 20 -50
 4 16 16 24 6 16 4 6 16 20 -46 16 24 -46
 3 16 16 4 6 16 4 -10 16 20 -46
 4 16 -16 24 6 -16 4 6 -16 20 -46 -16 24 -46
 3 16 -16 4 6 -16 4 -10 -16 20 -46
 4 16 -20 24 10 -20 0 10 -20 20 -50 -20 24 -50
 3 16 -20 0 10 -20 0 -10 -20 20 -50

 4 16 16 20 -42 16 4 -10 -16 4 -10 -16 20 -42
 4 16 20 20 -50 20 0 -10 16 0 -10 16 20 -50
 4 16 4 20 -50 4 0 -10 -4 0 -10 -4 20 -50
 4 16 -16 20 -50 -16 0 -10 -20 0 -10 -20 20 -50

 1 16 -10 0 0 1 0 0 0 1 0 0 0 1 stud.dat
 1 16 10 0 0 1 0 0 0 1 0 0 0 1 stud.dat

 1 15 10 10 -30 6 0 0 0 0 -10 0 0 20 rect.dat
 1 15 -10 10 -30 6 0 0 0 0 -10 0 0 20 rect.dat
0
