0 Slope Brick 33  2 x  2 Double
0 Name: 3300.dat
0 Author: James Jessiman
0 Original LDraw Part - LDraw beta 0.27 Archive

 1 16 0 20 0 1 0 0 0 -1 0 0 0 1 stud4a.dat
 1 16 0 14 0 6 0 0 0 0 3 0 0 6 2-4edge.dat
 1 16 0 14 0 6 0 0 0 0 3 0 0 -6 2-4edge.dat
 1 16 0 14 0 8 0 0 0 0 4 0 0 8 2-4edge.dat
 1 16 0 14 0 8 0 0 0 0 4 0 0 -8 2-4edge.dat
 1 16 0 17 0 0 0 6 0 -3 0 -6 0 0 1-4cyls.dat
 1 16 0 17 0 0 0 -6 0 -3 0 -6 0 0 1-4cyls.dat
 1 16 0 17 0 0 0 6 0 -3 0 6 0 0 1-4cyls.dat
 1 16 0 17 0 0 0 -6 0 -3 0 6 0 0 1-4cyls.dat
 1 16 0 17 0 6 0 0 0 3 0 0 0 6 4-4cyli.dat
 1 16 0 18 0 0 0 8 0 -4 0 -8 0 0 1-4cyls.dat
 1 16 0 18 0 0 0 -8 0 -4 0 -8 0 0 1-4cyls.dat
 1 16 0 18 0 0 0 8 0 -4 0 8 0 0 1-4cyls.dat
 1 16 0 18 0 0 0 -8 0 -4 0 8 0 0 1-4cyls.dat
 1 16 0 18 0 8 0 0 0 2 0 0 0 8 4-4cyli.dat

 2 24 16 24 16 -16 24 16
 2 24 -16 24 16 -16 24 -16
 2 24 -16 24 -16 16 24 -16
 2 24 16 24 -16 16 24 16

 2 24 20 24 20 -20 24 20
 2 24 -20 24 20 -20 24 -20
 2 24 -20 24 -20 20 24 -20
 2 24 20 24 -20 20 24 20

 2 24 16 24 16 16 20 16
 2 24 -16 24 16 -16 20 16
 2 24 16 24 -16 16 20 -16
 2 24 -16 24 -16 -16 20 -16
 2 24 16 20 16 -16 20 16
 2 24 16 14 0 -16 14 0
 2 24 16 20 -16 -16 20 -16
 2 24 16 20 16 16 14 0
 2 24 -16 20 16 -16 14 0
 2 24 16 20 -16 16 14 0
 2 24 -16 20 -16 -16 14 0

 2 24 20 24 20 20 20 20
 2 24 -20 24 20 -20 20 20
 2 24 20 24 -20 20 20 -20
 2 24 -20 24 -20 -20 20 -20
 2 24 20 20 20 -20 20 20
 2 24 20 10 0 -20 10 0
 2 24 20 20 -20 -20 20 -20
 2 24 20 20 20 20 10 0
 2 24 -20 20 20 -20 10 0
 2 24 20 20 -20 20 10 0
 2 24 -20 20 -20 -20 10 0

 4 16 20 24 20 16 24 16 -16 24 16 -20 24 20
 4 16 -20 24 20 -16 24 16 -16 24 -16 -20 24 -20
 4 16 -20 24 -20 -16 24 -16 16 24 -16 20 24 -20
 4 16 20 24 -20 16 24 -16 16 24 16 20 24 20

 4 16 20 24 20 20 20 20 -20 20 20 -20 24 20
 4 16 16 24 16 16 20 16 -16 20 16 -16 24 16
 4 16 16 24 -16 16 20 -16 -16 20 -16 -16 24 -16
 4 16 20 24 -20 20 20 -20 -20 20 -20 -20 24 -20

 4 16 20 24 20 20 20 20 20 20 -20 20 24 -20
 3 16 20 20 20 20 10 0 20 20 -20
 4 16 16 24 16 16 20 16 16 20 -16 16 24 -16
 3 16 16 20 16 16 14 0 16 20 -16
 4 16 -16 24 16 -16 20 16 -16 20 -16 -16 24 -16
 3 16 -16 20 16 -16 14 0 -16 20 -16
 4 16 -20 24 20 -20 20 20 -20 20 -20 -20 24 -20
 3 16 -20 20 20 -20 10 0 -20 20 -20

 4 16 16 20 16 16 14 0 -16 14 0 -16 20 16
 4 16 16 20 -16 16 14 0 -16 14 0 -16 20 -16
 4 16 20 20 20 20 10 0 -20 10 0 -20 20 20
 4 16 20 20 -20 20 10 0 -20 10 0 -20 20 -20
0
