0 Arch  1 x  8 x  2
0 Name: 3308.dat
0 Author: James Jessiman
0 Original LDraw Part - LDraw beta 0.27 Archive

 1 16 70 48 0 6 0 0 0 -44 0 0 0 6 box5.dat
 1 16 -70 48 0 6 0 0 0 -44 0 0 0 6 box5.dat

 4 16 80 48 10 76 48 6 64 48 6 60 48 10
 4 16 60 48 10 64 48 6 64 48 -6 60 48 -10
 4 16 60 48 -10 64 48 -6 76 48 -6 80 48 -10
 4 16 80 48 -10 76 48 -6 76 48 6 80 48 10

 4 16 -80 48 10 -76 48 6 -64 48 6 -60 48 10
 4 16 -60 48 10 -64 48 6 -64 48 -6 -60 48 -10
 4 16 -60 48 -10 -64 48 -6 -76 48 -6 -80 48 -10
 4 16 -80 48 -10 -76 48 -6 -76 48 6 -80 48 10

 2 24 60 48 10 80 48 10
 2 24 80 48 10 80 48 -10
 2 24 80 48 -10 60 48 -10
 2 24 60 48 -10 60 48 10
 2 24 -60 48 10 -80 48 10
 2 24 -80 48 10 -80 48 -10
 2 24 -80 48 -10 -60 48 -10
 2 24 -60 48 -10 -60 48 10

 2 24 80 0 10 -80 0 10
 2 24 -80 0 10 -80 0 -10
 2 24 -80 0 -10 80 0 -10
 2 24 80 0 -10 80 0 10
 2 24 80 0 10 80 48 10
 2 24 -80 0 10 -80 48 10
 2 24 -80 0 -10 -80 48 -10
 2 24 80 0 -10 80 48 -10

 2 24 60 48 6 60 4 6
 2 24 -60 48 6 -60 4 6
 2 24 60 48 -6 60 4 -6
 2 24 -60 48 -6 -60 4 -6

 1 16 0 4 0 60 0 0 0 0 0 0 0 6 rect.dat

 2 24 60 48 10 54.02 36.87 10
 2 24 60 48 6 54.02 36.87 6
 2 24 60 48 -6 54.02 36.87 -6
 2 24 60 48 -10 54.02 36.87 -10
 2 24 54.02 36.87 10 45.94 27.03 10
 2 24 54.02 36.87 6 45.94 27.03 6
 2 24 54.02 36.87 -6 45.94 27.03 -6
 2 24 54.02 36.87 -10 45.94 27.03 -10
 2 24 45.94 27.03 10 36.10 18.95 10
 2 24 45.94 27.03 6 36.10 18.95 6
 2 24 45.94 27.03 -6 36.10 18.95 -6
 2 24 45.94 27.03 -10 36.10 18.95 -10
 2 24 36.10 18.95 10 24.86 12.95 10
 2 24 36.10 18.95 6 24.86 12.95 6
 2 24 36.10 18.95 -6 24.86 12.95 -6
 2 24 36.10 18.95 -10 24.86 12.95 -10
 2 24 24.86 12.95 10 12.68 9.25 10
 2 24 24.86 12.95 6 12.68 9.25 6
 2 24 24.86 12.95 -6 12.68 9.25 -6
 2 24 24.86 12.95 -10 12.68 9.25 -10
 2 24 12.68 9.25 10 0 8 10
 2 24 12.68 9.25 6 0 8 6
 2 24 12.68 9.25 -6 0 8 -6
 2 24 12.68 9.25 -10 0 8 -10
 2 24 0 8 10 -12.68 9.25 10
 2 24 0 8 6 -12.68 9.25 6
 2 24 0 8 -6 -12.68 9.25 -6
 2 24 0 8 -10 -12.68 9.25 -10
 2 24 -12.68 9.25 10 -24.86 12.95 10
 2 24 -12.68 9.25 6 -24.86 12.95 6
 2 24 -12.68 9.25 -6 -24.86 12.95 -6
 2 24 -12.68 9.25 -10 -24.86 12.95 -10
 2 24 -24.86 12.95 10 -36.10 18.95 10
 2 24 -24.86 12.95 6 -36.10 18.95 6
 2 24 -24.86 12.95 -6 -36.10 18.95 -6
 2 24 -24.86 12.95 -10 -36.10 18.95 -10
 2 24 -36.10 18.95 10 -45.94 27.03 10
 2 24 -36.10 18.95 6 -45.94 27.03 6
 2 24 -36.10 18.95 -6 -45.94 27.03 -6
 2 24 -36.10 18.95 -10 -45.94 27.03 -10
 2 24 -45.94 27.03 10 -54.02 36.87 10
 2 24 -45.94 27.03 6 -54.02 36.87 6
 2 24 -45.94 27.03 -6 -54.02 36.87 -6
 2 24 -45.94 27.03 -10 -54.02 36.87 -10
 2 24 -54.02 36.87 10 -60 48 10
 2 24 -54.02 36.87 6 -60 48 6
 2 24 -54.02 36.87 -6 -60 48 -6
 2 24 -54.02 36.87 -10 -60 48 -10

 3 16 60 8 10 60.02 48.11 10 54.02 36.87 10
 3 16 60 8 6 60.02 48.11 6 54.02 36.87 6
 3 16 60 8 -6 60.02 48.11 -6 54.02 36.87 -6
 3 16 60 8 -10 60.02 48.11 -10 54.02 36.87 -10
 3 16 60 8 10 54.02 36.87 10 45.94 27.03 10
 3 16 60 8 6 54.02 36.87 6 45.94 27.03 6
 3 16 60 8 -6 54.02 36.87 -6 45.94 27.03 -6
 3 16 60 8 -10 54.02 36.87 -10 45.94 27.03 -10
 3 16 60 8 10 45.94 27.03 10 36.10 18.95 10
 3 16 60 8 6 45.94 27.03 6 36.10 18.95 6
 3 16 60 8 -6 45.94 27.03 -6 36.10 18.95 -6
 3 16 60 8 -10 45.94 27.03 -10 36.10 18.95 -10
 3 16 60 8 10 36.10 18.95 10 24.86 12.95 10
 3 16 60 8 6 36.10 18.95 6 24.86 12.95 6
 3 16 60 8 -6 36.10 18.95 -6 24.86 12.95 -6
 3 16 60 8 -10 36.10 18.95 -10 24.86 12.95 -10
 3 16 60 8 10 24.86 12.95 10 12.68 9.25 10
 3 16 60 8 6 24.86 12.95 6 12.68 9.25 6
 3 16 60 8 -6 24.86 12.95 -6 12.68 9.25 -6
 3 16 60 8 -10 24.86 12.95 -10 12.68 9.25 -10
 3 16 60 8 10 12.68 9.25 10 0 8 10
 3 16 60 8 6 12.68 9.25 6 0 8 6
 3 16 60 8 -6 12.68 9.25 -6 0 8 -6
 3 16 60 8 -10 12.68 9.25 -10 0 8 -10
 3 16 -60 8 10 0 8 10 -12.68 9.25 10
 3 16 -60 8 6 0 8 6 -12.68 9.25 6
 3 16 -60 8 -6 0 8 -6 -12.68 9.25 -6
 3 16 -60 8 -10 0 8 -10 -12.68 9.25 -10
 3 16 -60 8 10 -12.68 9.25 10 -24.86 12.95 10
 3 16 -60 8 6 -12.68 9.25 6 -24.86 12.95 6
 3 16 -60 8 -6 -12.68 9.25 -6 -24.86 12.95 -6
 3 16 -60 8 -10 -12.68 9.25 -10 -24.86 12.95 -10
 3 16 -60 8 10 -24.86 12.95 10 -36.10 18.95 10
 3 16 -60 8 6 -24.86 12.95 6 -36.10 18.95 6
 3 16 -60 8 -6 -24.86 12.95 -6 -36.10 18.95 -6
 3 16 -60 8 -10 -24.86 12.95 -10 -36.10 18.95 -10
 3 16 -60 8 10 -36.10 18.95 10 -45.94 27.03 10
 3 16 -60 8 6 -36.10 18.95 6 -45.94 27.03 6
 3 16 -60 8 -6 -36.10 18.95 -6 -45.94 27.03 -6
 3 16 -60 8 -10 -36.10 18.95 -10 -45.94 27.03 -10
 3 16 -60 8 10 -45.94 27.03 10 -54.02 36.87 10
 3 16 -60 8 6 -45.94 27.03 6 -54.02 36.87 6
 3 16 -60 8 -6 -45.94 27.03 -6 -54.02 36.87 -6
 3 16 -60 8 -10 -45.94 27.03 -10 -54.02 36.87 -10
 3 16 -60 8 10 -54.02 36.87 10 -60.02 48.11 10
 3 16 -60 8 6 -54.02 36.87 6 -60.02 48.11 6
 3 16 -60 8 -6 -54.02 36.87 -6 -60.02 48.11 -6
 3 16 -60 8 -10 -54.02 36.87 -10 -60.02 48.11 -10

 4 16 60.02 48.11 10 54.02 36.87 10 54.02 36.87 6 60.02 48.11 6
 4 16 60.02 48.11 -10 54.02 36.87 -10 54.02 36.87 -6 60.02 48.11 -6
 4 16 54.02 36.87 10 45.94 27.03 10 45.94 27.03 6 54.02 36.87 6
 5 24 54.02 36.87 10 54.02 36.87 6 45.94 27.03 10 60.02 48.11 10
 4 16 54.02 36.87 -10 45.94 27.03 -10 45.94 27.03 -6 54.02 36.87 -6
 5 24 54.02 36.87 -10 54.02 36.87 -6 45.94 27.03 -10 60.02 48.11 -10
 4 16 45.94 27.03 10 36.10 18.95 10 36.10 18.95 6 45.94 27.03 6
 5 24 45.94 27.03 10 45.94 27.03 6 36.10 18.95 10 54.02 36.87 10
 4 16 45.94 27.03 -10 36.10 18.95 -10 36.10 18.95 -6 45.94 27.03 -6
 5 24 45.94 27.03 -10 45.94 27.03 -6 36.10 18.95 -10 54.02 36.87 -10
 4 16 36.10 18.95 10 24.86 12.95 10 24.86 12.95 6 36.10 18.95 6
 5 24 36.10 18.95 10 36.10 18.95 6 24.86 12.95 10 45.94 27.03 10
 4 16 36.10 18.95 -10 24.86 12.95 -10 24.86 12.95 -6 36.10 18.95 -6
 5 24 36.10 18.95 -10 36.10 18.95 -6 24.86 12.95 -10 45.94 27.03 -10
 4 16 24.86 12.95 10 12.68 9.25 10 12.68 9.25 6 24.86 12.95 6
 5 24 24.86 12.95 10 24.86 12.95 6 12.68 9.25 10 36.10 18.95 10
 4 16 24.86 12.95 -10 12.68 9.25 -10 12.68 9.25 -6 24.86 12.95 -6
 5 24 24.86 12.95 -10 24.86 12.95 -6 12.68 9.25 -10 36.10 18.95 -10
 4 16 12.68 9.25 10 0 8 10 0 8 6 12.68 9.25 6
 5 24 12.68 9.25 10 12.68 9.25 6 0 8 10 24.86 12.95 10
 4 16 12.68 9.25 -10 0 8 -10 0 8 -6 12.68 9.25 -6
 5 24 12.68 9.25 -10 12.68 9.25 -6 0 8 -10 24.86 12.95 -10
 4 16 0 8 10 -12.68 9.25 10 -12.68 9.25 6 0 8 6
 5 24 0 8 10 0 8 6 -12.68 9.25 10 12.68 9.25 10
 4 16 0 8 -10 -12.68 9.25 -10 -12.68 9.25 -6 0 8 -6
 5 24 0 8 -10 0 8 -6 -12.68 9.25 -10 12.68 9.25 -10
 4 16 -12.68 9.25 10 -24.86 12.95 10 -24.86 12.95 6 -12.68 9.25 6
 5 24 -12.68 9.25 10 -12.68 9.25 6 -24.86 12.95 10 0 8 10
 4 16 -12.68 9.25 -10 -24.86 12.95 -10 -24.86 12.95 -6 -12.68 9.25 -6
 5 24 -12.68 9.25 -10 -12.68 9.25 -6 -24.86 12.95 -10 0 8 -10
 4 16 -24.86 12.95 10 -36.10 18.95 10 -36.10 18.95 6 -24.86 12.95 6
 5 24 -24.86 12.95 10 -24.86 12.95 6 -36.10 18.95 10 -12.68 9.25 10
 4 16 -24.86 12.95 -10 -36.10 18.95 -10 -36.10 18.95 -6 -24.86 12.95 -6
 5 24 -24.86 12.95 -10 -24.86 12.95 -6 -36.10 18.95 -10 -12.68 9.25 -10
 4 16 -36.10 18.95 10 -45.94 27.03 10 -45.94 27.03 6 -36.10 18.95 6
 5 24 -36.10 18.95 10 -36.10 18.95 6 -45.94 27.03 10 -24.86 12.95 10
 4 16 -36.10 18.95 -10 -45.94 27.03 -10 -45.94 27.03 -6 -36.10 18.95 -6
 5 24 -36.10 18.95 -10 -36.10 18.95 -6 -45.94 27.03 -10 -24.86 12.95 -10
 4 16 -45.94 27.03 10 -54.02 36.87 10 -54.02 36.87 6 -45.94 27.03 6
 5 24 -45.94 27.03 10 -45.94 27.03 6 -54.02 36.87 10 -36.10 18.95 10
 4 16 -45.94 27.03 -10 -54.02 36.87 -10 -54.02 36.87 -6 -45.94 27.03 -6
 5 24 -45.94 27.03 -10 -45.94 27.03 -6 -54.02 36.87 -10 -36.10 18.95 -10
 4 16 -54.02 36.87 10 -60.02 48.11 10 -60.02 48.11 6 -54.02 36.87 6
 5 24 -54.02 36.87 10 -54.02 36.87 6 -60.02 48.11 10 -45.94 27.03 10
 4 16 -54.02 36.87 -10 -60.02 48.11 -10 -60.02 48.11 -6 -54.02 36.87 -6
 5 24 -54.02 36.87 -10 -54.02 36.87 -6 -60.02 48.11 -10 -45.94 27.03 -10

 4 16 -60 48 6 -60 4 6 -60 4 -6 -60 48 -6
 4 16 60 48 6 60 4 6 60 4 -6 60 48 -6

 4 16 60 8 6 60 4 6 -60 4 6 -60 8 6
 4 16 60 8 -6 60 4 -6 -60 4 -6 -60 8 -6

 4 16 -80 0 10 -60 8 10 -60 48 10 -80 48 10
 4 16 80 0 10 60 8 10 60 48 10 80 48 10
 4 16 -80 0 -10 -60 8 -10 -60 48 -10 -80 48 -10
 4 16 80 0 -10 60 8 -10 60 48 -10 80 48 -10

 4 16 80 0 10 60 8 10 -60 8 10 -80 0 10
 4 16 80 0 -10 60 8 -10 -60 8 -10 -80 0 -10

 4 16 -80 0 10 -80 48 10 -80 48 -10 -80 0 -10
 4 16 80 0 10 80 48 10 80 48 -10 80 0 -10
 4 16 -80 0 10 80 0 10 80 0 -10 -80 0 -10

 1 16 -70 0 0 1 0 0 0 1 0 0 0 1 stud.dat
 1 16 -50 0 0 1 0 0 0 1 0 0 0 1 stud.dat
 1 16 -30 0 0 1 0 0 0 1 0 0 0 1 stud.dat
 1 16 -10 0 0 1 0 0 0 1 0 0 0 1 stud.dat
 1 16 10 0 0 1 0 0 0 1 0 0 0 1 stud.dat
 1 16 30 0 0 1 0 0 0 1 0 0 0 1 stud.dat
 1 16 50 0 0 1 0 0 0 1 0 0 0 1 stud.dat
 1 16 70 0 0 1 0 0 0 1 0 0 0 1 stud.dat
0
