0 Brick  1 x  2 with Digger Bucket Arm Holder
0 Name: 3317.dat
0 Author: James Jessiman
0 Original LDraw Part - LDraw beta 0.27 Archive

 1 16 0 4 0 1 0 0 0 -5 0 0 0 1 stud3.dat

 2 24 16 24 6 -16 24 6
 2 24 -16 24 6 -16 24 -6
 2 24 -16 24 -6 16 24 -6
 2 24 16 24 -6 16 24 6

 2 24 20 24 10 -20 24 10
 2 24 -20 24 10 -20 24 -10
 2 24 -20 24 -10 20 24 -10
 2 24 20 24 -10 20 24 10

 2 24 16 4 6 -16 4 6
 2 24 -16 4 6 -16 4 -6
 2 24 -16 4 -6 16 4 -6
 2 24 16 4 -6 16 4 6

 2 24 20 0 10 -20 0 10
 2 24 -20 0 10 -20 0 5
 2 24 -20 0 5 -16 0 5
 2 24 -16 0 5 -16 0 -5
 2 24 -16 0 -5 -20 0 -5
 2 24 -20 0 -5 -20 0 -10
 2 24 -20 0 -10 20 0 -10
 2 24 20 0 -10 20 0 -5
 2 24 20 0 -5 16 0 -5
 2 24 16 0 -5 16 0 5
 2 24 16 0 5 20 0 5
 2 24 20 0 5 20 0 10

 2 24 16 4 6 16 24 6
 2 24 -16 4 6 -16 24 6
 2 24 16 4 -6 16 24 -6
 2 24 -16 4 -6 -16 24 -6
 2 24 20 0 10 20 24 10
 2 24 -20 0 10 -20 24 10
 2 24 20 0 -10 20 24 -10
 2 24 -20 0 -10 -20 24 -10

 2 24 20 0 5 20 9 5
 2 24 -20 0 5 -20 9 5
 2 24 20 0 -5 20 9 -5
 2 24 -20 0 -5 -20 9 -5
 2 24 16 0 5 16 9 5
 2 24 -16 0 5 -16 9 5
 2 24 16 0 -5 16 9 -5
 2 24 -16 0 -5 -16 9 -5

 1 16 20 9 0 0 0 0 0 0 5 5 0 0 2-4edge.dat
 1 16 -20 9 0 0 0 0 0 0 5 5 0 0 2-4edge.dat
 1 16 16 9 0 0 0 0 0 0 5 5 0 0 2-4edge.dat
 1 16 -16 9 0 0 0 0 0 0 5 5 0 0 2-4edge.dat

 4 16 20 24 10 16 24 6 -16 24 6 -20 24 10
 4 16 20 24 -10 16 24 -6 -16 24 -6 -20 24 -10
 4 16 20 24 10 16 24 6 16 24 -6 20 24 -10
 4 16 -20 24 10 -16 24 6 -16 24 -6 -20 24 -10
 4 16 16 4 6 16 4 -6 -16 4 -6 -16 4 6
 4 16 20 0 10 20 0 5 -20 0 5 -20 0 10
 4 16 20 0 -10 20 0 -5 -20 0 -5 -20 0 -10
 4 16 16 0 5 16 0 -5 -16 0 -5 -16 0 5
 1 16 20 9 0 0 -4 0 0 0 5 5 0 0 2-4cyli.dat
 1 16 -20 9 0 0 4 0 0 0 5 5 0 0 2-4cyli.dat

 4 16 20 24 10 20 0 10 -20 0 10 -20 24 10
 4 16 16 24 6 16 4 6 -16 4 6 -16 24 6
 4 16 20 9 5 20 0 5 16 0 5 16 9 5
 4 16 -20 9 5 -20 0 5 -16 0 5 -16 9 5
 4 16 20 9 -5 20 0 -5 16 0 -5 16 9 -5
 4 16 -20 9 -5 -20 0 -5 -16 0 -5 -16 9 -5
 4 16 16 24 -6 16 4 -6 -16 4 -6 -16 24 -6
 4 16 20 24 -10 20 0 -10 -20 0 -10 -20 24 -10

 1 16 20 9 0 0 0 0 0 0 5 5 0 0 2-4ndis.dat
 1 16 -20 9 0 0 0 0 0 0 5 5 0 0 2-4ndis.dat
 1 16 16 9 0 0 0 0 0 0 5 5 0 0 2-4ndis.dat
 1 16 -16 9 0 0 0 0 0 0 5 5 0 0 2-4ndis.dat

 4 16 20 24 10 20 0 10 20 0 5 20 14 5
 4 16 20 24 -10 20 0 -10 20 0 -5 20 14 -5
 4 16 20 24 10 20 14 5 20 14 -5 20 24 -10
 4 16 16 24 6 16 4 6 16 4 5 16 14 5
 4 16 16 24 -6 16 4 -6 16 4 -5 16 14 -5
 4 16 16 24 6 16 14 5 16 14 -5 16 24 -6
 4 16 16 4 5 16 0 5 16 0 -5 16 4 -5
 4 16 -16 4 5 -16 0 5 -16 0 -5 -16 4 -5
 4 16 -16 24 6 -16 4 6 -16 4 5 -16 14 5
 4 16 -16 24 -6 -16 4 -6 -16 4 -5 -16 14 -5
 4 16 -16 24 6 -16 14 5 -16 14 -5 -16 24 -6
 4 16 -20 24 10 -20 0 10 -20 0 5 -20 14 5
 4 16 -20 24 -10 -20 0 -10 -20 0 -5 -20 14 -5
 4 16 -20 24 10 -20 14 5 -20 14 -5 -20 24 -10

 1 16 10 0 0 1 0 0 0 1 0 0 0 1 stud.dat
 1 16 -10 0 0 1 0 0 0 1 0 0 0 1 stud.dat
0
