0 Arch  1 x  6
0 Name: 3455.dat
0 Author: James Jessiman
0 Original LDraw Part - LDraw beta 0.27 Archive

 1 16 50 24 0 6 0 0 0 -20 0 0 0 6 box5.dat
 1 16 -50 24 0 6 0 0 0 -20 0 0 0 6 box5.dat

 4 16 60 24 10 56 24 6 44 24 6 40 24 10
 4 16 40 24 10 44 24 6 44 24 -6 40 24 -10
 4 16 40 24 -10 44 24 -6 56 24 -6 60 24 -10
 4 16 60 24 -10 56 24 -6 56 24 6 60 24 10

 4 16 -60 24 10 -56 24 6 -44 24 6 -40 24 10
 4 16 -40 24 10 -44 24 6 -44 24 -6 -40 24 -10
 4 16 -40 24 -10 -44 24 -6 -56 24 -6 -60 24 -10
 4 16 -60 24 -10 -56 24 -6 -56 24 6 -60 24 10

 2 24 40 24 10 60 24 10
 2 24 60 24 10 60 24 -10
 2 24 60 24 -10 40 24 -10
 2 24 40 24 -10 40 24 10
 2 24 -40 24 10 -60 24 10
 2 24 -60 24 10 -60 24 -10
 2 24 -60 24 -10 -40 24 -10
 2 24 -40 24 -10 -40 24 10

 2 24 60 0 10 -60 0 10
 2 24 -60 0 10 -60 0 -10
 2 24 -60 0 -10 60 0 -10
 2 24 60 0 -10 60 0 10
 2 24 60 0 10 60 24 10
 2 24 -60 0 10 -60 24 10
 2 24 -60 0 -10 -60 24 -10
 2 24 60 0 -10 60 24 -10

 2 24 40 24 6 40 4 6
 2 24 -40 24 6 -40 4 6
 2 24 40 24 -6 40 4 -6
 2 24 -40 24 -6 -40 4 -6

 1 16 0 4 0 40 0 0 0 0 0 0 0 6 rect.dat

 2 24 -40.00 24.00 -10.00 -32.22 17.77 -10.00
 2 24 -40.00 24.00 -6.00 -32.22 17.77 -6.00
 2 24 -40.00 24.00 6.00 -32.22 17.77 6.00
 2 24 -40.00 24.00 10.00 -32.22 17.77 10.00
 2 24 -32.22 17.77 -10.00 -22.20 12.41 -10.00
 2 24 -32.22 17.77 -6.00 -22.20 12.41 -6.00
 2 24 -32.22 17.77 6.00 -22.20 12.41 6.00
 2 24 -32.22 17.77 10.00 -22.20 12.41 10.00
 2 24 -22.20 12.41 -10.00 -11.32 9.11 -10.00
 2 24 -22.20 12.41 -6.00 -11.32 9.11 -6.00
 2 24 -22.20 12.41 6.00 -11.32 9.11 6.00
 2 24 -22.20 12.41 10.00 -11.32 9.11 10.00
 2 24 -11.32 9.11 -10.00 0.00 8.00 -10.00
 2 24 -11.32 9.11 -6.00 0.00 8.00 -6.00
 2 24 -11.32 9.11 6.00 0.00 8.00 6.00
 2 24 -11.32 9.11 10.00 0.00 8.00 10.00
 2 24 0.00 8.00 -10.00 11.32 9.11 -10.00
 2 24 0.00 8.00 -6.00 11.32 9.11 -6.00
 2 24 0.00 8.00 6.00 11.32 9.11 6.00
 2 24 0.00 8.00 10.00 11.32 9.11 10.00
 2 24 11.32 9.11 -10.00 22.20 12.41 -10.00
 2 24 11.32 9.11 -6.00 22.20 12.41 -6.00
 2 24 11.32 9.11 6.00 22.20 12.41 6.00
 2 24 11.32 9.11 10.00 22.20 12.41 10.00
 2 24 22.20 12.41 -10.00 32.22 17.77 -10.00
 2 24 22.20 12.41 -6.00 32.22 17.77 -6.00
 2 24 22.20 12.41 6.00 32.22 17.77 6.00
 2 24 22.20 12.41 10.00 32.22 17.77 10.00
 2 24 32.22 17.77 -10.00 40.00 24.00 -10.00
 2 24 32.22 17.77 -6.00 40.00 24.00 -6.00
 2 24 32.22 17.77 6.00 40.00 24.00 6.00
 2 24 32.22 17.77 10.00 40.00 24.00 10.00

 3 16 -40.00 8.00 -10.00 -40 24 -10.00 -32.22 17.77 -10.00
 3 16 -40.00 8.00 -6.00 -40 24 -6.00 -32.22 17.77 -6.00
 3 16 -40.00 8.00 6.00 -40 24 6.00 -32.22 17.77 6.00
 3 16 -40.00 8.00 10.00 -40 24 10.00 -32.22 17.77 10.00
 3 16 -40.00 8.00 -10.00 -32.22 17.77 -10.00 -22.20 12.41 -10.00
 3 16 -40.00 8.00 -6.00 -32.22 17.77 -6.00 -22.20 12.41 -6.00
 3 16 -40.00 8.00 6.00 -32.22 17.77 6.00 -22.20 12.41 6.00
 3 16 -40.00 8.00 10.00 -32.22 17.77 10.00 -22.20 12.41 10.00
 3 16 -40.00 8.00 -10.00 -22.20 12.41 -10.00 -11.32 9.11 -10.00
 3 16 -40.00 8.00 -6.00 -22.20 12.41 -6.00 -11.32 9.11 -6.00
 3 16 -40.00 8.00 6.00 -22.20 12.41 6.00 -11.32 9.11 6.00
 3 16 -40.00 8.00 10.00 -22.20 12.41 10.00 -11.32 9.11 10.00
 3 16 -40.00 8.00 -10.00 -11.32 9.11 -10.00 0.00 8.00 -10.00
 3 16 -40.00 8.00 -6.00 -11.32 9.11 -6.00 0.00 8.00 -6.00
 3 16 -40.00 8.00 6.00 -11.32 9.11 6.00 0.00 8.00 6.00
 3 16 -40.00 8.00 10.00 -11.32 9.11 10.00 0.00 8.00 10.00
 3 16 40.00 8.00 -10.00 0.00 8.00 -10.00 11.32 9.11 -10.00
 3 16 40.00 8.00 -6.00 0.00 8.00 -6.00 11.32 9.11 -6.00
 3 16 40.00 8.00 6.00 0.00 8.00 6.00 11.32 9.11 6.00
 3 16 40.00 8.00 10.00 0.00 8.00 10.00 11.32 9.11 10.00
 3 16 40.00 8.00 -10.00 11.32 9.11 -10.00 22.20 12.41 -10.00
 3 16 40.00 8.00 -6.00 11.32 9.11 -6.00 22.20 12.41 -6.00
 3 16 40.00 8.00 6.00 11.32 9.11 6.00 22.20 12.41 6.00
 3 16 40.00 8.00 10.00 11.32 9.11 10.00 22.20 12.41 10.00
 3 16 40.00 8.00 -10.00 22.20 12.41 -10.00 32.22 17.77 -10.00
 3 16 40.00 8.00 -6.00 22.20 12.41 -6.00 32.22 17.77 -6.00
 3 16 40.00 8.00 6.00 22.20 12.41 6.00 32.22 17.77 6.00
 3 16 40.00 8.00 10.00 22.20 12.41 10.00 32.22 17.77 10.00
 3 16 40.00 8.00 -10.00 32.22 17.77 -10.00 40 24 -10.00
 3 16 40.00 8.00 -6.00 32.22 17.77 -6.00 40 24 -6.00
 3 16 40.00 8.00 6.00 32.22 17.77 6.00 40 24 6.00
 3 16 40.00 8.00 10.00 32.22 17.77 10.00 40 24 10.00

 4 16 -40 24 -10.00 -32.22 17.77 -10.00 -32.22 17.77 -6.00 -40 24 -6.00
 4 16 -40 24 6.00 -32.22 17.77 6.00 -32.22 17.77 10.00 -40 24 10.00
 4 16 -32.22 17.77 -10.00 -22.20 12.41 -10.00 -22.20 12.41 -6.00 -32.22 17.77 -6.00
 5 24 -32.22 17.77 -10.00 -32.22 17.77 -6.00 -22.20 12.41 -10.00 -40 24 -10.00
 4 16 -32.22 17.77 6.00 -22.20 12.41 6.00 -22.20 12.41 10.00 -32.22 17.77 10.00
 5 24 -32.22 17.77 6.00 -32.22 17.77 10.00 -22.20 12.41 6.00 -40 24 6.00
 4 16 -22.20 12.41 -10.00 -11.32 9.11 -10.00 -11.32 9.11 -6.00 -22.20 12.41 -6.00
 5 24 -22.20 12.41 -10.00 -22.20 12.41 -6.00 -11.32 9.11 -10.00 -32.22 17.77 -10.00
 4 16 -22.20 12.41 6.00 -11.32 9.11 6.00 -11.32 9.11 10.00 -22.20 12.41 10.00
 5 24 -22.20 12.41 6.00 -22.20 12.41 10.00 -11.32 9.11 6.00 -32.22 17.77 6.00
 4 16 -11.32 9.11 -10.00 0.00 8.00 -10.00 0.00 8.00 -6.00 -11.32 9.11 -6.00
 5 24 -11.32 9.11 -10.00 -11.32 9.11 -6.00 0.00 8.00 -10.00 -22.20 12.41 -10.00
 4 16 -11.32 9.11 6.00 0.00 8.00 6.00 0.00 8.00 10.00 -11.32 9.11 10.00
 5 24 -11.32 9.11 6.00 -11.32 9.11 10.00 0.00 8.00 6.00 -22.20 12.41 6.00
 4 16 0.00 8.00 -10.00 11.32 9.11 -10.00 11.32 9.11 -6.00 0.00 8.00 -6.00
 5 24 0.00 8.00 -10.00 0.00 8.00 -6.00 11.32 9.11 -10.00 -11.32 9.11 -10.00
 4 16 0.00 8.00 6.00 11.32 9.11 6.00 11.32 9.11 10.00 0.00 8.00 10.00
 5 24 0.00 8.00 6.00 0.00 8.00 10.00 11.32 9.11 6.00 -11.32 9.11 6.00
 4 16 11.32 9.11 -10.00 22.20 12.41 -10.00 22.20 12.41 -6.00 11.32 9.11 -6.00
 5 24 11.32 9.11 -10.00 11.32 9.11 -6.00 22.20 12.41 -10.00 0.00 8.00 -10.00
 4 16 11.32 9.11 6.00 22.20 12.41 6.00 22.20 12.41 10.00 11.32 9.11 10.00
 5 24 11.32 9.11 6.00 11.32 9.11 10.00 22.20 12.41 6.00 0.00 8.00 6.00
 4 16 22.20 12.41 -10.00 32.22 17.77 -10.00 32.22 17.77 -6.00 22.20 12.41 -6.00
 5 24 22.20 12.41 -10.00 22.20 12.41 -6.00 32.22 17.77 -10.00 11.32 9.11 -10.00
 4 16 22.20 12.41 6.00 32.22 17.77 6.00 32.22 17.77 10.00 22.20 12.41 10.00
 5 24 22.20 12.41 6.00 22.20 12.41 10.00 32.22 17.77 6.00 11.32 9.11 6.00
 4 16 32.22 17.77 -10.00 40 24 -10.00 40 24 -6.00 32.22 17.77 -6.00
 5 24 32.22 17.77 -10.00 32.22 17.77 -6.00 40 24 -10.00 22.20 12.41 -10.00
 4 16 32.22 17.77 6.00 40 24 6.00 40 24 10.00 32.22 17.77 10.00
 5 24 32.22 17.77 6.00 32.22 17.77 10.00 40 24 6.00 22.20 12.41 6.00

 4 16 -40 24 6 -40 4 6 -40 4 -6 -40 24 -6
 4 16 40 24 6 40 4 6 40 4 -6 40 24 -6

 4 16 40 8 6 40 4 6 -40 4 6 -40 8 6
 4 16 40 8 -6 40 4 -6 -40 4 -6 -40 8 -6

 4 16 -60 0 10 -40 8 10 -40 24 10 -60 24 10
 4 16 60 0 10 40 8 10 40 24 10 60 24 10
 4 16 -60 0 -10 -40 8 -10 -40 24 -10 -60 24 -10
 4 16 60 0 -10 40 8 -10 40 24 -10 60 24 -10

 4 16 60 0 10 40 8 10 -40 8 10 -60 0 10
 4 16 60 0 -10 40 8 -10 -40 8 -10 -60 0 -10

 4 16 -60 0 10 -60 24 10 -60 24 -10 -60 0 -10
 4 16 60 0 10 60 24 10 60 24 -10 60 0 -10
 4 16 -60 0 10 60 0 10 60 0 -10 -60 0 -10

 1 16 -50 0 0 1 0 0 0 1 0 0 0 1 stud.dat
 1 16 -30 0 0 1 0 0 0 1 0 0 0 1 stud.dat
 1 16 -10 0 0 1 0 0 0 1 0 0 0 1 stud.dat
 1 16 10 0 0 1 0 0 0 1 0 0 0 1 stud.dat
 1 16 30 0 0 1 0 0 0 1 0 0 0 1 stud.dat
 1 16 50 0 0 1 0 0 0 1 0 0 0 1 stud.dat
0
