0 Rotor  2 Blade Helicopter Tail
0 Name: 3465.dat
0 Author: Christian M. Angele (c.m.angele@t-online.de)
0 Official LCad update 98-01

0 Date: 19971211
0
0 center
1 16 36 -8 0 0 -1 0 7.50 0 0 0 0 7.50 4-4edge.DAT
1 16 36 -8 0 0 -1 0 10 0 0 0 0 10 4-4edge.DAT
4 16 36 -0.50 0 36 -1.07 2.87 36 2 0 36 1.24 3.83
4 16 36 -1.07 2.87 36 -2.70 5.30 36 1.24 3.83 36 -0.93 7.07
4 16 36 -2.70 5.30 36 -5.13 6.93 36 -0.93 7.07 36 -4.17 9.24
4 16 36 -5.13 6.93 36 -8 7.50 36 -4.17 9.24 36 -8 10
4 16 36 -8 7.50 36 -10.87 6.93 36 -8 10 36 -11.83 9.24
4 16 36 -10.87 6.93 36 -13.30 5.30 36 -11.83 9.24 36 -15.07 7.07
4 16 36 -13.30 5.30 36 -14.93 2.87 36 -15.07 7.07 36 -17.24 3.83
4 16 36 -14.93 2.87 36 -15.50 0 36 -17.24 3.83 36 -18 0
4 16 36 -15.50 0 36 -14.93 -2.87 36 -18 0 36 -17.24 -3.83
4 16 36 -14.93 -2.87 36 -13.30 -5.30 36 -17.24 -3.83 36 -15.07 -7.07
4 16 36 -13.30 -5.30 36 -10.87 -6.93 36 -15.07 -7.07 36 -11.83 -9.24
4 16 36 -10.87 -6.93 36 -8 -7.50 36 -11.83 -9.24 36 -8 -10
4 16 36 -8 -7.50 36 -5.13 -6.93 36 -8 -10 36 -4.17 -9.24
4 16 36 -5.13 -6.93 36 -2.70 -5.30 36 -4.17 -9.24 36 -0.93 -7.07
4 16 36 -2.70 -5.30 36 -1.07 -2.87 36 -0.93 -7.07 36 1.24 -3.83
4 16 36 -1.07 -2.87 36 -0.50 0 36 1.24 -3.83 36 2 0
1 16 36 -8 0 0 16 0 7.50 0 0 0 0 7.50 4-4cyli.DAT
1 16 36 -8 0 0 16 0 10 0 0 0 0 10 4-4cyli.DAT
1 16 52 -8 0 0 -1 0 7.50 0 0 0 0 7.50 4-4edge.DAT
1 16 52 -8 0 0 -1 0 10 0 0 0 0 10 4-4edge.DAT
4 16 52 -0.50 0 52 -1.07 2.87 52 2 0 52 1.24 3.83
4 16 52 -1.07 2.87 52 -2.70 5.30 52 1.24 3.83 52 -0.93 7.07
4 16 52 -2.70 5.30 52 -5.13 6.93 52 -0.93 7.07 52 -4.17 9.24
4 16 52 -5.13 6.93 52 -8 7.50 52 -4.17 9.24 52 -8 10
4 16 52 -8 7.50 52 -10.87 6.93 52 -8 10 52 -11.83 9.24
4 16 52 -10.87 6.93 52 -13.30 5.30 52 -11.83 9.24 52 -15.07 7.07
4 16 52 -13.30 5.30 52 -14.93 2.87 52 -15.07 7.07 52 -17.24 3.83
4 16 52 -14.93 2.87 52 -15.50 0 52 -17.24 3.83 52 -18 0
4 16 52 -15.50 0 52 -14.93 -2.87 52 -18 0 52 -17.24 -3.83
4 16 52 -14.93 -2.87 52 -13.30 -5.30 52 -17.24 -3.83 52 -15.07 -7.07
4 16 52 -13.30 -5.30 52 -10.87 -6.93 52 -15.07 -7.07 52 -11.83 -9.24
4 16 52 -10.87 -6.93 52 -8 -7.50 52 -11.83 -9.24 52 -8 -10
4 16 52 -8 -7.50 52 -5.13 -6.93 52 -8 -10 52 -4.17 -9.24
4 16 52 -5.13 -6.93 52 -2.70 -5.30 52 -4.17 -9.24 52 -0.93 -7.07
4 16 52 -2.70 -5.30 52 -1.07 -2.87 52 -0.93 -7.07 52 1.24 -3.83
4 16 52 -1.07 -2.87 52 -0.50 0 52 1.24 -3.83 52 2 0
0
0 ~3465 wing
0 Date: 19971211
0
1 16 45.26 -7 32 3 -0.87 0 5.22 0.5 0 0 0 6 2-4edge.dat
1 16 48.74 -9 32 3 -0.87 0 5.22 0.5 0 0 0 6 2-4edge.dat
1 16 48.74 -9 32 3 -3.48 0 5.22 2 0 0 0 6 2-4cyli.dat
1 16 45.26 -7 32 3 -0.87 0 5.22 0.5 0 0 0 6 2-4disc.dat
1 16 48.74 -9 32 3 -0.87 0 5.22 0.5 0 0 0 6 2-4disc.dat
2 24 42.26 -12.22 32 42.26 -12.22 9
2 24 48.26 -1.78 32 48.26 -1.78 7.5
2 24 45.74 -14.22 32 45.74 -14.22 7.5
2 24 51.74 -3.78 32 51.74 -3.78 9
4 16 48.26 -1.78 32 48.26 -1.78 7.5 42.26 -12.22 32 42.26 -12.22 9
4 16 45.74 -14.22 32 45.74 -14.22 7.5 42.26 -12.22 32 42.26 -12.22 9
4 16 51.74 -3.78 32 51.74 -3.78 9 48.26 -1.78 32 48.26 -1.78 7.5
4 16 51.74 -3.78 32 51.74 -3.78 9 45.74 -14.22 32 45.74 -14.22 7.5
0
0 ~3465 wing
0 Date: 19971211
0
1 16 48.74 -7 -32 -3 0.87 0 5.22 0.5 0 0 0 -6 2-4edge.dat
1 16 45.26 -9 -32 -3 0.87 0 5.22 0.5 0 0 0 -6 2-4edge.dat
1 16 45.26 -9 -32 -3 3.48 0 5.22 2 0 0 0 -6 2-4cyli.dat
1 16 48.74 -7 -32 -3 0.87 0 5.22 0.5 0 0 0 -6 2-4disc.dat
1 16 45.26 -9 -32 -3 0.87 0 5.22 0.5 0 0 0 -6 2-4disc.dat
2 24 51.74 -12.22 -32 51.74 -12.22 -9
2 24 45.74 -1.78 -32 45.74 -1.78 -7.5
2 24 48.26 -14.22 -32 48.26 -14.22 -7.5
2 24 42.26 -3.78 -32 42.26 -3.78 -9
4 16 45.74 -1.78 -32 45.74 -1.78 -7.5 51.74 -12.22 -32 51.74 -12.22 -9
4 16 48.26 -14.22 -32 48.26 -14.22 -7.5 51.74 -12.22 -32 51.74 -12.22 -9
4 16 42.26 -3.78 -32 42.26 -3.78 -9 45.74 -1.78 -32 45.74 -1.78 -7.5
4 16 42.26 -3.78 -32 42.26 -3.78 -9 48.26 -14.22 -32 48.26 -14.22 -7.5
0