0 Wing  7 x 12 Left
0 Name: 3585.dat
0 Author: James Jessiman
0 Original LDraw Part - LDraw beta 0.27 Archive

 1 16 -100 4 50 1 0 0 0 -1 0 0 0 1 stud4.dat
 1 16 100 4 30 1 0 0 0 -1 0 0 0 1 stud4.dat
 1 16 80 4 30 1 0 0 0 -1 0 0 0 1 stud4.dat
 1 16 60 4 30 1 0 0 0 -1 0 0 0 1 stud4.dat
 1 16 40 4 30 1 0 0 0 -1 0 0 0 1 stud4.dat
 1 16 20 4 30 1 0 0 0 -1 0 0 0 1 stud4.dat
 1 16 0 4 30 1 0 0 0 -1 0 0 0 1 stud4.dat
 1 16 -20 4 30 1 0 0 0 -1 0 0 0 1 stud4.dat
 1 16 -40 4 30 1 0 0 0 -1 0 0 0 1 stud4.dat
 1 16 -60 4 30 1 0 0 0 -1 0 0 0 1 stud4.dat
 1 16 -80 4 30 1 0 0 0 -1 0 0 0 1 stud4.dat
 1 16 100 4 10 1 0 0 0 -1 0 0 0 1 stud4.dat
 1 16 80 4 10 1 0 0 0 -1 0 0 0 1 stud4.dat
 1 16 60 4 10 1 0 0 0 -1 0 0 0 1 stud4.dat
 1 16 40 4 10 1 0 0 0 -1 0 0 0 1 stud4.dat
 1 16 20 4 10 1 0 0 0 -1 0 0 0 1 stud4.dat
 1 16 0 4 10 1 0 0 0 -1 0 0 0 1 stud4.dat
 1 16 -20 4 10 1 0 0 0 -1 0 0 0 1 stud4.dat
 1 16 -40 4 10 1 0 0 0 -1 0 0 0 1 stud4.dat
 1 16 100 4 -10 1 0 0 0 -1 0 0 0 1 stud4.dat
 1 16 80 4 -10 1 0 0 0 -1 0 0 0 1 stud4.dat
 1 16 60 4 -10 1 0 0 0 -1 0 0 0 1 stud4.dat
 1 16 40 4 -10 1 0 0 0 -1 0 0 0 1 stud4.dat
 1 16 20 4 -10 1 0 0 0 -1 0 0 0 1 stud4.dat
 1 16 0 4 -10 1 0 0 0 -1 0 0 0 1 stud4.dat
 1 16 100 4 -30 1 0 0 0 -1 0 0 0 1 stud4.dat
 1 16 80 4 -30 1 0 0 0 -1 0 0 0 1 stud4.dat
 1 16 60 4 -30 1 0 0 0 -1 0 0 0 1 stud4.dat
 1 16 40 4 -30 1 0 0 0 -1 0 0 0 1 stud4.dat
 1 16 100 4 -50 1 0 0 0 -1 0 0 0 1 stud4.dat
 1 16 80 4 -50 1 0 0 0 -1 0 0 0 1 stud4.dat

 2 24 120 8 50 -80 8 50
 2 24 -80 8 50 -80 8 68
 2 24 -80 8 68 -100 8 70
 2 24 -100 8 70 -120 8 70
 2 24 -120 8 70 -120 8 44
 1 16 -110 8 39 -10 0 0 0 0 0 5 0 -10 1-4edge.dat
 2 24 -110 8 29 88 8 -70
 2 24 88 8 -70 120 8 -70
 2 24 120 8 -70 120 8 50

 2 24 116 8 46 -80 8 46
 1 16 -80 8 50 -4 0 0 0 0 0 0 0 -4 1-4edge.dat
 2 24 -84 8 50 -84 8 66
 2 24 -84 8 66 -116 8 66
 2 24 -116 8 66 -116 8 42
 1 16 -110 8 39 -6 0 0 0 0 0 3 0 -6 1-4edge.dat
 2 24 -110 8 33 88 8 -66
 2 24 88 8 -66 116 8 -66
 2 24 116 8 -66 116 8 46

 2 24 116 4 46 -80 4 46
 1 16 -80 4 50 -4 0 0 0 0 0 0 0 -4 1-4edge.dat
 2 24 -84 4 50 -84 4 66
 2 24 -84 4 66 -116 4 66
 2 24 -116 4 66 -116 4 42
 1 16 -110 4 39 -6 0 0 0 0 0 3 0 -6 1-4edge.dat
 2 24 -110 4 33 88 4 -66
 2 24 88 4 -66 116 4 -66
 2 24 116 4 -66 116 4 46

 2 24 100 4 50 -80 4 68
 2 24 -80 4 68 -80 4 50
 2 24 -80 4 50 100 4 50

 2 24 116 4 46 116 8 46
 2 24 -84 4 66 -84 8 66
 2 24 -116 4 66 -116 8 66
 2 24 88 4 -66 88 8 -66
 2 24 116 4 -66 116 8 -66

 2 24 100 4 50 100 0 50
 2 24 -80 4 68 -80 8 68
 2 24 -80 4 50 -80 8 50

 2 24 120 0 50 100 0 50
 2 24 100 0 50 -100 0 70
 2 24 -100 0 70 -120 0 70
 2 24 -120 0 70 -120 0 44
 1 16 -110 0 39 -10 0 0 0 0 0 5 0 -10 1-4edge.dat
 2 24 -110 0 29 88 0 -70
 2 24 88 0 -70 120 0 -70
 2 24 120 0 -70 120 0 50

 2 24 120 0 50 120 8 50
 2 24 -100 0 70 -100 8 70
 2 24 -120 0 70 -120 8 70
 2 24 88 0 -70 88 8 -70
 2 24 120 0 -70 120 8 -70

 4 16 120 8 50 116 8 46 -80 8 46 -80 8 50
 1 16 -80 8 50 -4 0 0 0 0 0 0 0 -4 1-4disc.dat
 4 16 -80 8 50 -84 8 50 -84 8 66 -80 8 68
 4 16 -80 8 68 -84 8 66 -116 8 66 -100 8 70
 3 16 -100 8 70 -116 8 66 -120 8 70
 4 16 -120 8 70 -116 8 66 -116 8 42 -120 8 44
 4 16 -120 8 44 -119.24 8 39.79 -115.54 8 39.47 -116 8 42
 4 16 -119.24 8 39.79 -117.07 8 35.47 -114.24 8 36.88 -115.54 8 39.47
 4 16 -117.07 8 35.47 -113.83 8 31.68 -112.30 8 34.61 -114.24 8 36.88
 4 16 -113.83 8 31.68 -110 8 29 -110 8 33 -112.30 8 34.61
 4 16 -110 8 29 -110 8 33 88 8 -66 88 8 -70
 4 16 88 8 -70 88 8 -66 116 8 -66 120 8 -70
 4 16 120 8 -70 116 8 -66 116 8 46 120 8 50

 1 16 -80 4 50 -4 0 0 0 0 0 0 0 -4 1-4ndis.dat
 1 16 -110 4 39 -6 0 0 0 0 0 3 0 -6 1-4disc.dat
 3 16 -84 4 66 -116 4 42 -116 4 66
 4 16 -84 4 66 -84 4 46 -110 4 39 -116 4 42
 4 16 116 4 46 -110 4 33 -110 4 39 -84 4 46
 4 16 116 4 46 116 4 -66 88 4 -66 -110 4 33
 3 16 100 4 50 -80 4 50 -80 4 68

 1 16 -110 0 39 -10 0 0 0 0 0 5 0 -10 1-4disc.dat
 3 16 -100 0 70 -120 0 44 -120 0 70
 4 16 -100 0 70 100 0 50 -110 0 39 -120 0 44
 4 16 120 0 50 -110 0 29 -110 0 39 100 0 50
 4 16 120 0 50 120 0 -70 88 0 -70 -110 0 29

 4 16 116 4 46 -80 4 46 -80 8 46 116 8 46
 1 16 -80 4 50 -4 0 0 0 4 0 0 0 -4 1-4cyli.dat
 4 16 -84 4 50 -84 4 66 -84 8 66 -84 8 50
 4 16 -84 4 66 -116 4 66 -116 8 66 -84 8 66
 4 16 -116 4 66 -116 4 42 -116 8 42 -116 8 66
 1 16 -110 4 39 -6 0 0 0 4 0 3 0 -6 1-4cyli.dat
 4 16 -110 4 33 88 4 -66 88 8 -66 -110 8 33
 4 16 88 4 -66 116 4 -66 116 8 -66 88 8 -66
 4 16 116 4 -66 116 4 46 116 8 46 116 8 -66

 4 16 120 0 50 100 0 50 100 4 50 120 8 50
 4 16 120 8 50 100 4 50 -80 4 50 -80 8 50
 4 16 -80 4 50 -80 4 68 -80 8 68 -80 8 50
 4 16 100 0 50 -100 0 70 -80 4 68 100 4 50
 4 16 -80 4 68 -100 0 70 -100 8 70 -80 8 68
 4 16 -100 0 70 -120 0 70 -120 8 70 -100 8 70
 4 16 -120 0 70 -120 0 44 -120 8 44 -120 8 70
 1 16 -110 0 39 -10 0 0 0 8 0 5 0 -10 1-4cyli.dat
 4 16 -110 0 29 88 0 -70 88 8 -70 -110 8 29
 4 16 88 0 -70 120 0 -70 120 8 -70 88 8 -70
 4 16 120 0 -70 120 0 50 120 8 50 120 8 -70

 1 16 -90 0 60 1 0 0 0 1 0 0 0 1 stud.dat
 1 16 -110 0 60 1 0 0 0 1 0 0 0 1 stud.dat
 1 16 110 0 40 1 0 0 0 1 0 0 0 1 stud.dat
 1 16 90 0 40 1 0 0 0 1 0 0 0 1 stud.dat
 1 16 70 0 40 1 0 0 0 1 0 0 0 1 stud.dat
 1 16 50 0 40 1 0 0 0 1 0 0 0 1 stud.dat
 1 16 30 0 40 1 0 0 0 1 0 0 0 1 stud.dat
 1 16 10 0 40 1 0 0 0 1 0 0 0 1 stud.dat
 1 16 -10 0 40 1 0 0 0 1 0 0 0 1 stud.dat
 1 16 -30 0 40 1 0 0 0 1 0 0 0 1 stud.dat
 1 16 -50 0 40 1 0 0 0 1 0 0 0 1 stud.dat
 1 16 -70 0 40 1 0 0 0 1 0 0 0 1 stud.dat
 1 16 -90 0 40 1 0 0 0 1 0 0 0 1 stud.dat
 1 16 -110 0 40 1 0 0 0 1 0 0 0 1 stud.dat
 1 16 110 0 20 1 0 0 0 1 0 0 0 1 stud.dat
 1 16 90 0 20 1 0 0 0 1 0 0 0 1 stud.dat
 1 16 70 0 20 1 0 0 0 1 0 0 0 1 stud.dat
 1 16 50 0 20 1 0 0 0 1 0 0 0 1 stud.dat
 1 16 30 0 20 1 0 0 0 1 0 0 0 1 stud.dat
 1 16 10 0 20 1 0 0 0 1 0 0 0 1 stud.dat
 1 16 -10 0 20 1 0 0 0 1 0 0 0 1 stud.dat
 1 16 -30 0 20 1 0 0 0 1 0 0 0 1 stud.dat
 1 16 -50 0 20 1 0 0 0 1 0 0 0 1 stud.dat
 1 16 -70 0 20 1 0 0 0 1 0 0 0 1 stud.dat
 1 16 110 0 0 1 0 0 0 1 0 0 0 1 stud.dat
 1 16 90 0 0 1 0 0 0 1 0 0 0 1 stud.dat
 1 16 70 0 0 1 0 0 0 1 0 0 0 1 stud.dat
 1 16 50 0 0 1 0 0 0 1 0 0 0 1 stud.dat
 1 16 30 0 0 1 0 0 0 1 0 0 0 1 stud.dat
 1 16 10 0 0 1 0 0 0 1 0 0 0 1 stud.dat
 1 16 -10 0 0 1 0 0 0 1 0 0 0 1 stud.dat
 1 16 -30 0 0 1 0 0 0 1 0 0 0 1 stud.dat
 1 16 110 0 -20 1 0 0 0 1 0 0 0 1 stud.dat
 1 16 90 0 -20 1 0 0 0 1 0 0 0 1 stud.dat
 1 16 70 0 -20 1 0 0 0 1 0 0 0 1 stud.dat
 1 16 50 0 -20 1 0 0 0 1 0 0 0 1 stud.dat
 1 16 30 0 -20 1 0 0 0 1 0 0 0 1 stud.dat
 1 16 10 0 -20 1 0 0 0 1 0 0 0 1 stud.dat
 1 16 110 0 -40 1 0 0 0 1 0 0 0 1 stud.dat
 1 16 90 0 -40 1 0 0 0 1 0 0 0 1 stud.dat
 1 16 70 0 -40 1 0 0 0 1 0 0 0 1 stud.dat
 1 16 50 0 -40 1 0 0 0 1 0 0 0 1 stud.dat
 1 16 110 0 -60 1 0 0 0 1 0 0 0 1 stud.dat
 1 16 90 0 -60 1 0 0 0 1 0 0 0 1 stud.dat
0
