0 Tail Plane Old

 1 16 0 4 -22 2 0 0 0 4 0 0 0 4 box5.dat
 1 16 0 4 10 1 0 0 0 -1 0 0 0 1 stud4.dat
 1 16 0 4 -10 1 0 0 0 -1 0 0 0 1 stud4.dat
 1 16 0 8 0 16 0 0 0 -4 0 0 0 26 box5.dat
 4 16 20 8 30 16 8 26 -16 8 26 -20 8 30
 4 16 20 8 -30 16 8 -26 -16 8 -26 -20 8 -30
 4 16 20 8 30 16 8 26 16 8 -26 20 8 -30
 4 16 -20 8 30 -16 8 26 -16 8 -26 -20 8 -30

 2 24 20 8 30 -20 8 30
 2 24 -20 8 30 -20 8 -30
 2 24 -20 8 -30 20 8 -30
 2 24 20 8 -30 20 8 30

 1 16 11 0 0 9 0 0 0 0 0 0 0 30 rect.dat
 1 16 -11 0 0 9 0 0 0 0 0 0 0 30 rect.dat

 2 24 20 0 30 20 8 30
 2 24 -20 0 30 -20 8 30
 2 24 20 0 -30 20 8 -30
 2 24 -20 0 -30 -20 8 -30

 2 24 2 0 -30 -2 0 -30

 1 16 0 -16 50 2 0 0 0 0 0 0 0 20 rect.dat

 2 24 2 0 30 2 -16 30
 2 24 -2 0 30 -2 -16 30

 2 24 2 -16 70 2 -70 74
 2 24 -2 -16 70 -2 -70 74

 1 16 2 -70 64 0 0 0 -10 0 0 0 0 10 1-4edge.dat
 1 16 -2 -70 64 0 0 0 -10 0 0 0 0 10 1-4edge.dat
 1 16 2 -50 64 0 0 0 -30 0 0 0 0 -30 1-8edge.dat
 1 16 -2 -50 64 0 0 0 -30 0 0 0 0 -30 1-8edge.dat

 2 24 2 -71 43 2 0 -30
 2 24 -2 -71 43 -2 0 -30

 4 16 20 8 30 20 0 30 -20 0 30 -20 8 30
 4 16 -20 8 30 -20 0 30 -20 0 -30 -20 8 -30
 4 16 -20 8 -30 -20 0 -30 20 0 -30 20 8 -30
 4 16 20 8 -30 20 0 -30 20 0 30 20 8 30

 4 16 2 0 30 2 -16 30 -2 -16 30 -2 0 30
 4 16 2 -16 70 2 -70 74 -2 -70 74 -2 -16 70
 1 16 2 -70 64 0 -4 0 -10 0 0 0 0 10 1-4cyli.dat
 1 16 2 -50 64 0 -4 0 -30 0 0 0 0 -30 1-8cyli.dat
 4 16 2 -71 43 2 0 -30 -2 0 -30 -2 -71 43

 1 16 2 -70 64 0 0 0 -10 0 0 0 0 10 1-4disc.dat
 1 16 2 -50 64 0 0 0 -30 0 0 0 0 -30 1-8disc.dat
 4 16 2 -16 70 2 -70 74 2 -71 43 2 -16 30
 3 16 2 -71 43 2 -16 30 2 0 -30
 3 16 2 0 -30 2 -16 30 2 0 30

 1 16 -2 -70 64 0 0 0 -10 0 0 0 0 10 1-4disc.dat
 1 16 -2 -50 64 0 0 0 -30 0 0 0 0 -30 1-8disc.dat
 4 16 -2 -16 70 -2 -70 74 -2 -71 43 -2 -16 30
 3 16 -2 -71 43 -2 -16 30 -2 0 -30
 3 16 -2 0 -30 -2 -16 30 -2 0 30

 1 16 10 0 20 1 0 0 0 1 0 0 0 1 stud.dat
 1 16 -10 0 20 1 0 0 0 1 0 0 0 1 stud.dat
 1 16 10 0 0 1 0 0 0 1 0 0 0 1 stud.dat
 1 16 -10 0 0 1 0 0 0 1 0 0 0 1 stud.dat
 1 16 10 0 -20 1 0 0 0 1 0 0 0 1 stud.dat
 1 16 -10 0 -20 1 0 0 0 1 0 0 0 1 stud.dat
