0 Flag on Flagpole

 1 16 0 24 0 6 0 0 0 0 0 0 0 6 4-4edge.dat
 1 16 0 24 0 8 0 0 0 0 0 0 0 8 4-4edge.dat
 1 16 0 19 0 8 0 0 0 0 0 0 0 8 4-4edge.dat
 1 16 0 19 0 10 0 0 0 0 0 0 0 10 4-4edge.dat
 1 16 0 4 0 6 0 0 0 0 0 0 0 6 4-4edge.dat
 1 16 0 0 0 10 0 0 0 0 0 0 0 10 4-4edge.dat
 1 16 0 0 0 1 0 0 0 1 0 0 0 1 stud.dat

 2 24 4 -5 2 2 -5 2
 2 24 2 -5 2 2 -5 4
 2 24 2 -5 4 -2 -5 4
 2 24 -2 -5 4 -2 -5 2
 2 24 -2 -5 2 -4 -5 2
 2 24 -4 -5 2 -4 -5 -2
 2 24 -4 -5 -2 -2 -5 -2
 2 24 -2 -5 -2 -2 -5 -4
 2 24 -2 -5 -4 2 -5 -4
 2 24 2 -5 -4 2 -5 -2
 2 24 2 -5 -2 4 -5 -2
 2 24 4 -5 -2 4 -5 2

 2 24 2 -108 64 -2 -108 64
 2 24 -2 -108 64 -2 -108 4
 2 24 -2 -108 4 2 -108 4
 2 24 2 -108 4 2 -108 64

 2 24 4 -156 2 2 -156 2
 2 24 2 -156 2 2 -156 64
 2 24 2 -156 64 -2 -156 64
 2 24 -2 -156 64 -2 -156 2
 2 24 -2 -156 2 -4 -156 2
 2 24 -4 -156 2 -4 -156 -2
 2 24 -4 -156 -2 -2 -156 -2
 2 24 -2 -156 -2 -2 -156 -4
 2 24 -2 -156 -4 2 -156 -4
 2 24 2 -156 -4 2 -156 -2
 2 24 2 -156 -2 4 -156 -2
 2 24 4 -156 -2 4 -156 2

 2 24 4 -5 2 4 -156 2
 2 24 2 -5 2 2 -156 2
 2 24 2 -5 4 2 -108 4
 2 24 -2 -5 4 -2 -108 4
 2 24 -2 -5 2 -2 -156 2
 2 24 -4 -5 2 -4 -156 2
 2 24 -4 -5 -2 -4 -156 -2
 2 24 -2 -5 -2 -2 -156 -2
 2 24 -2 -5 -4 -2 -156 -4
 2 24 2 -5 -4 2 -156 -4
 2 24 2 -5 -2 2 -156 -2
 2 24 4 -5 -2 4 -156 -2

 2 24 2 -108 64 2 -156 64
 2 24 -2 -108 64 -2 -156 64

 1 16 0 19 0 8 0 0 0 5 0 0 0 8 4-4cyli.dat
 1 16 0 19 0 10 0 0 0 0 0 0 0 10 4-4disc.dat
 1 16 0 4 0 6 0 0 0 0 0 0 0 6 4-4disc.dat
 1 16 0 4 0 6 0 0 0 20 0 0 0 6 4-4cyli.dat
 1 16 0 0 0 10 0 0 0 19 0 0 0 10 4-4cyli.dat
 1 16 0 0 0 10 0 0 0 0 0 0 0 10 4-4disc.dat

 4 16  4 -5  2  2 -5  2  2 -156  2  4 -156  2
 4 16  2 -5  2  2 -5  4  2 -156  4  2 -156  2
 4 16  2 -5  4 -2 -5  4 -2 -108  4  2 -108  4
 4 16 -2 -5  4 -2 -5  2 -2 -156  2 -2 -156  4
 4 16 -2 -5  2 -4 -5  2 -4 -156  2 -2 -156  2
 4 16 -4 -5  2 -4 -5 -2 -4 -156 -2 -4 -156  2
 4 16 -4 -5 -2 -2 -5 -2 -2 -156 -2 -4 -156 -2
 4 16 -2 -5 -2 -2 -5 -4 -2 -156 -4 -2 -156 -2
 4 16 -2 -5 -4  2 -5 -4  2 -156 -4 -2 -156 -4
 4 16  2 -5 -4  2 -5 -2  2 -156 -2  2 -156 -4
 4 16  2 -5 -2  4 -5 -2  4 -156 -2  2 -156 -2
 4 16  4 -5 -2  4 -5  2  4 -156  2  4 -156 -2

 4 16 2 -108 64 2 -156 64 -2 -156 64 -2 -108 64
 4 16 2 -108 4 2 -108 64 -2 -108 64 -2 -108 4
 4 16 2 -156 4 2 -156 64 -2 -156 64 -2 -156 4
 4 16 2 -108 4 2 -108 64 2 -156 64 2 -156 4
 4 16 -2 -108 4 -2 -108 64 -2 -156 64 -2 -156 4

 1 16 0 -156 0 6 0 0 0 0 0 0 0 6 4-4edge.dat
 1 16 0 -156 0 6 0 0 0 -4 0 0 0 6 4-8sphe.dat

 4 16 0 24 6 -2.30 24 5.54 -3.06 24 7.39 0 24 8
 4 16 -2.30 24 5.54 -4.24 24 4.24 -5.66 24 5.66 -3.06 24 7.39
 4 16 -4.24 24 4.24 -5.54 24 2.30 -7.39 24 3.06 -5.66 24 5.66
 4 16 -5.54 24 2.30 -6 24 0 -8 24 0 -7.39 24 3.06
 4 16 -6 24 0 -5.54 24 -2.30 -7.39 24 -3.06 -8 24 0
 4 16 -5.54 24 -2.30 -4.24 24 -4.24 -5.66 24 -5.66 -7.39 24 -3.06
 4 16 -4.24 24 -4.24 -2.30 24 -5.54 -3.06 24 -7.39 -5.66 24 -5.66
 4 16 -2.30 24 -5.54 0 24 -6 0 24 -8 -3.06 24 -7.39
 4 16 0 24 -6 2.30 24 -5.54 3.06 24 -7.39 0 24 -8
 4 16 2.30 24 -5.54 4.24 24 -4.24 5.66 24 -5.66 3.06 24 -7.39
 4 16 4.24 24 -4.24 5.54 24 -2.30 7.39 24 -3.06 5.66 24 -5.66
 4 16 5.54 24 -2.30 6 24 0 8 24 0 7.39 24 -3.06
 4 16 6 24 0 5.54 24 2.30 7.39 24 3.06 8 24 0
 4 16 5.54 24 2.30 4.24 24 4.24 5.66 24 5.66 7.39 24 3.06
 4 16 4.24 24 4.24 2.30 24 5.54 3.06 24 7.39 5.66 24 5.66
 4 16 2.30 24 5.54 0 24 6 0 24 8 3.06 24 7.39
