0 Tyre Large
0 Name: 36.dat
0 Author: James Jessiman
0 Original LDraw Part - LDraw beta 0.27 Archive

 2 24 41 0 6 40.21 -8 6
 2 24 41 0 -6 40.21 -8 -6
 2 24 44 0 7 43.15 -8.58 7
 2 24 44 0 -7 43.15 -8.58 -7
 2 24 44 0 9 43.15 -8.58 9
 2 24 44 0 -9 43.15 -8.58 -9
 2 24 46 0 9 45.12 -8.97 9
 2 24 46 0 -9 45.12 -8.97 -9
 2 24 48 0 9 47.08 -9.36 9
 2 24 48 0 -9 47.08 -9.36 -9
 2 24 50 0 9 49.04 -9.75 9
 2 24 50 0 -9 49.04 -9.75 -9
 2 24 52 0 9 51 -10.14 9
 2 24 52 0 -9 51 -10.14 -9
 2 24 53 0 0 51.98 -10.34 0
 4 16 41 0 6 40.21 -8 6 40.21 -8 -6 41 0 -6
 5 24 41 0 6 41 0 -6 40.21 -8 6 40.21 8 6
 4 16 44 0 7 43.15 -8.58 7 40.21 -8 6 41 0 6
 5 24 44 0 7 41 0 6 43.15 -8.58 7 43.15 8.58 7
 4 16 44 0 -7 43.15 -8.58 -7 40.21 -8 -6 41 0 -6
 5 24 44 0 -7 41 0 -6 43.15 -8.58 -7 43.15 8.58 -7
 4 16 44 0 9 43.15 -8.58 9 43.15 -8.58 7 44 0 7
 5 24 44 0 9 44 0 7 43.15 -8.58 9 43.15 8.58 9
 4 16 44 0 -9 43.15 -8.58 -9 43.15 -8.58 -7 44 0 -7
 5 24 44 0 -9 44 0 -7 43.15 -8.58 -9 43.15 8.58 -9
 4 16 44 0 9 43.15 -8.58 9 51 -10.14 9 52 0 9
 4 16 44 0 -9 43.15 -8.58 -9 51 -10.14 -9 52 0 -9
 4 16 52 0 9 51 -10.14 9 51.98 -10.34 0 53 0 0
 5 24 52 0 9 53 0 0 51 -10.14 9 51 10.14 9
 4 16 52 0 -9 51 -10.14 -9 51.98 -10.34 0 53 0 0
 5 24 52 0 -9 53 0 0 51 -10.14 -9 51 10.14 -9
 2 24 40.21 -8 6 37.88 -15.69 6
 2 24 40.21 -8 -6 37.88 -15.69 -6
 2 24 43.15 -8.58 7 40.65 -16.84 7
 2 24 43.15 -8.58 -7 40.65 -16.84 -7
 2 24 43.15 -8.58 9 40.65 -16.84 9
 2 24 43.15 -8.58 -9 40.65 -16.84 -9
 2 24 45.12 -8.97 9 42.50 -17.60 9
 2 24 45.12 -8.97 -9 42.50 -17.60 -9
 2 24 47.08 -9.36 9 44.35 -18.37 9
 2 24 47.08 -9.36 -9 44.35 -18.37 -9
 2 24 49.04 -9.75 9 46.19 -19.13 9
 2 24 49.04 -9.75 -9 46.19 -19.13 -9
 2 24 51 -10.14 9 48.04 -19.90 9
 2 24 51 -10.14 -9 48.04 -19.90 -9
 2 24 51.98 -10.34 0 48.97 -20.28 0
 4 16 40.21 -8 6 37.88 -15.69 6 37.88 -15.69 -6 40.21 -8 -6
 5 24 40.21 -8 6 40.21 -8 -6 37.88 -15.69 6 41 0 6
 4 16 43.15 -8.58 7 40.65 -16.84 7 37.88 -15.69 6 40.21 -8 6
 5 24 43.15 -8.58 7 40.21 -8 6 40.65 -16.84 7 44 0 7
 4 16 43.15 -8.58 -7 40.65 -16.84 -7 37.88 -15.69 -6 40.21 -8 -6
 5 24 43.15 -8.58 -7 40.21 -8 -6 40.65 -16.84 -7 44 0 -7
 4 16 43.15 -8.58 9 40.65 -16.84 9 40.65 -16.84 7 43.15 -8.58 7
 5 24 43.15 -8.58 9 43.15 -8.58 7 40.65 -16.84 9 44 0 9
 4 16 43.15 -8.58 -9 40.65 -16.84 -9 40.65 -16.84 -7 43.15 -8.58 -7
 5 24 43.15 -8.58 -9 43.15 -8.58 -7 40.65 -16.84 -9 44 0 -9
 4 16 43.15 -8.58 9 40.65 -16.84 9 48.04 -19.90 9 51 -10.14 9
 4 16 43.15 -8.58 -9 40.65 -16.84 -9 48.04 -19.90 -9 51 -10.14 -9
 4 16 51 -10.14 9 48.04 -19.90 9 48.97 -20.28 0 51.98 -10.34 0
 5 24 51 -10.14 9 51.98 -10.34 0 48.04 -19.90 9 52 0 9
 4 16 51 -10.14 -9 48.04 -19.90 -9 48.97 -20.28 0 51.98 -10.34 0
 5 24 51 -10.14 -9 51.98 -10.34 0 48.04 -19.90 -9 52 0 -9
 2 24 37.88 -15.69 6 34.09 -22.78 6
 2 24 37.88 -15.69 -6 34.09 -22.78 -6
 2 24 40.65 -16.84 7 36.58 -24.45 7
 2 24 40.65 -16.84 -7 36.58 -24.45 -7
 2 24 40.65 -16.84 9 36.58 -24.45 9
 2 24 40.65 -16.84 -9 36.58 -24.45 -9
 2 24 42.50 -17.60 9 38.25 -25.56 9
 2 24 42.50 -17.60 -9 38.25 -25.56 -9
 2 24 44.35 -18.37 9 39.91 -26.67 9
 2 24 44.35 -18.37 -9 39.91 -26.67 -9
 2 24 46.19 -19.13 9 41.57 -27.78 9
 2 24 46.19 -19.13 -9 41.57 -27.78 -9
 2 24 48.04 -19.90 9 43.24 -28.89 9
 2 24 48.04 -19.90 -9 43.24 -28.89 -9
 2 24 48.97 -20.28 0 44.07 -29.45 0
 4 16 37.88 -15.69 6 34.09 -22.78 6 34.09 -22.78 -6 37.88 -15.69 -6
 5 24 37.88 -15.69 6 37.88 -15.69 -6 34.09 -22.78 6 40.21 -8 6
 4 16 40.65 -16.84 7 36.58 -24.45 7 34.09 -22.78 6 37.88 -15.69 6
 5 24 40.65 -16.84 7 37.88 -15.69 6 36.58 -24.45 7 43.15 -8.58 7
 4 16 40.65 -16.84 -7 36.58 -24.45 -7 34.09 -22.78 -6 37.88 -15.69 -6
 5 24 40.65 -16.84 -7 37.88 -15.69 -6 36.58 -24.45 -7 43.15 -8.58 -7
 4 16 40.65 -16.84 9 36.58 -24.45 9 36.58 -24.45 7 40.65 -16.84 7
 5 24 40.65 -16.84 9 40.65 -16.84 7 36.58 -24.45 9 43.15 -8.58 9
 4 16 40.65 -16.84 -9 36.58 -24.45 -9 36.58 -24.45 -7 40.65 -16.84 -7
 5 24 40.65 -16.84 -9 40.65 -16.84 -7 36.58 -24.45 -9 43.15 -8.58 -9
 4 16 40.65 -16.84 9 36.58 -24.45 9 43.24 -28.89 9 48.04 -19.90 9
 4 16 40.65 -16.84 -9 36.58 -24.45 -9 43.24 -28.89 -9 48.04 -19.90 -9
 4 16 48.04 -19.90 9 43.24 -28.89 9 44.07 -29.45 0 48.97 -20.28 0
 5 24 48.04 -19.90 9 48.97 -20.28 0 43.24 -28.89 9 51 -10.14 9
 4 16 48.04 -19.90 -9 43.24 -28.89 -9 44.07 -29.45 0 48.97 -20.28 0
 5 24 48.04 -19.90 -9 48.97 -20.28 0 43.24 -28.89 -9 51 -10.14 -9
 2 24 34.09 -22.78 6 28.99 -28.99 6
 2 24 34.09 -22.78 -6 28.99 -28.99 -6
 2 24 36.58 -24.45 7 31.11 -31.11 7
 2 24 36.58 -24.45 -7 31.11 -31.11 -7
 2 24 36.58 -24.45 9 31.11 -31.11 9
 2 24 36.58 -24.45 -9 31.11 -31.11 -9
 2 24 38.25 -25.56 9 32.53 -32.53 9
 2 24 38.25 -25.56 -9 32.53 -32.53 -9
 2 24 39.91 -26.67 9 33.94 -33.94 9
 2 24 39.91 -26.67 -9 33.94 -33.94 -9
 2 24 41.57 -27.78 9 35.36 -35.36 9
 2 24 41.57 -27.78 -9 35.36 -35.36 -9
 2 24 43.24 -28.89 9 36.77 -36.77 9
 2 24 43.24 -28.89 -9 36.77 -36.77 -9
 2 24 44.07 -29.45 0 37.48 -37.48 0
 4 16 34.09 -22.78 6 28.99 -28.99 6 28.99 -28.99 -6 34.09 -22.78 -6
 5 24 34.09 -22.78 6 34.09 -22.78 -6 28.99 -28.99 6 37.88 -15.69 6
 4 16 36.58 -24.45 7 31.11 -31.11 7 28.99 -28.99 6 34.09 -22.78 6
 5 24 36.58 -24.45 7 34.09 -22.78 6 31.11 -31.11 7 40.65 -16.84 7
 4 16 36.58 -24.45 -7 31.11 -31.11 -7 28.99 -28.99 -6 34.09 -22.78 -6
 5 24 36.58 -24.45 -7 34.09 -22.78 -6 31.11 -31.11 -7 40.65 -16.84 -7
 4 16 36.58 -24.45 9 31.11 -31.11 9 31.11 -31.11 7 36.58 -24.45 7
 5 24 36.58 -24.45 9 36.58 -24.45 7 31.11 -31.11 9 40.65 -16.84 9
 4 16 36.58 -24.45 -9 31.11 -31.11 -9 31.11 -31.11 -7 36.58 -24.45 -7
 5 24 36.58 -24.45 -9 36.58 -24.45 -7 31.11 -31.11 -9 40.65 -16.84 -9
 4 16 36.58 -24.45 9 31.11 -31.11 9 36.77 -36.77 9 43.24 -28.89 9
 4 16 36.58 -24.45 -9 31.11 -31.11 -9 36.77 -36.77 -9 43.24 -28.89 -9
 4 16 43.24 -28.89 9 36.77 -36.77 9 37.48 -37.48 0 44.07 -29.45 0
 5 24 43.24 -28.89 9 44.07 -29.45 0 36.77 -36.77 9 48.04 -19.90 9
 4 16 43.24 -28.89 -9 36.77 -36.77 -9 37.48 -37.48 0 44.07 -29.45 0
 5 24 43.24 -28.89 -9 44.07 -29.45 0 36.77 -36.77 -9 48.04 -19.90 -9
 2 24 28.99 -28.99 6 22.78 -34.09 6
 2 24 28.99 -28.99 -6 22.78 -34.09 -6
 2 24 31.11 -31.11 7 24.45 -36.58 7
 2 24 31.11 -31.11 -7 24.45 -36.58 -7
 2 24 31.11 -31.11 9 24.45 -36.58 9
 2 24 31.11 -31.11 -9 24.45 -36.58 -9
 2 24 32.53 -32.53 9 25.56 -38.25 9
 2 24 32.53 -32.53 -9 25.56 -38.25 -9
 2 24 33.94 -33.94 9 26.67 -39.91 9
 2 24 33.94 -33.94 -9 26.67 -39.91 -9
 2 24 35.36 -35.36 9 27.78 -41.57 9
 2 24 35.36 -35.36 -9 27.78 -41.57 -9
 2 24 36.77 -36.77 9 28.89 -43.24 9
 2 24 36.77 -36.77 -9 28.89 -43.24 -9
 2 24 37.48 -37.48 0 29.45 -44.07 0
 4 16 28.99 -28.99 6 22.78 -34.09 6 22.78 -34.09 -6 28.99 -28.99 -6
 5 24 28.99 -28.99 6 28.99 -28.99 -6 22.78 -34.09 6 34.09 -22.78 6
 4 16 31.11 -31.11 7 24.45 -36.58 7 22.78 -34.09 6 28.99 -28.99 6
 5 24 31.11 -31.11 7 28.99 -28.99 6 24.45 -36.58 7 36.58 -24.45 7
 4 16 31.11 -31.11 -7 24.45 -36.58 -7 22.78 -34.09 -6 28.99 -28.99 -6
 5 24 31.11 -31.11 -7 28.99 -28.99 -6 24.45 -36.58 -7 36.58 -24.45 -7
 4 16 31.11 -31.11 9 24.45 -36.58 9 24.45 -36.58 7 31.11 -31.11 7
 5 24 31.11 -31.11 9 31.11 -31.11 7 24.45 -36.58 9 36.58 -24.45 9
 4 16 31.11 -31.11 -9 24.45 -36.58 -9 24.45 -36.58 -7 31.11 -31.11 -7
 5 24 31.11 -31.11 -9 31.11 -31.11 -7 24.45 -36.58 -9 36.58 -24.45 -9
 4 16 31.11 -31.11 9 24.45 -36.58 9 28.89 -43.24 9 36.77 -36.77 9
 4 16 31.11 -31.11 -9 24.45 -36.58 -9 28.89 -43.24 -9 36.77 -36.77 -9
 4 16 36.77 -36.77 9 28.89 -43.24 9 29.45 -44.07 0 37.48 -37.48 0
 5 24 36.77 -36.77 9 37.48 -37.48 0 28.89 -43.24 9 43.24 -28.89 9
 4 16 36.77 -36.77 -9 28.89 -43.24 -9 29.45 -44.07 0 37.48 -37.48 0
 5 24 36.77 -36.77 -9 37.48 -37.48 0 28.89 -43.24 -9 43.24 -28.89 -9
 2 24 22.78 -34.09 6 15.69 -37.88 6
 2 24 22.78 -34.09 -6 15.69 -37.88 -6
 2 24 24.45 -36.58 7 16.84 -40.65 7
 2 24 24.45 -36.58 -7 16.84 -40.65 -7
 2 24 24.45 -36.58 9 16.84 -40.65 9
 2 24 24.45 -36.58 -9 16.84 -40.65 -9
 2 24 25.56 -38.25 9 17.60 -42.50 9
 2 24 25.56 -38.25 -9 17.60 -42.50 -9
 2 24 26.67 -39.91 9 18.37 -44.35 9
 2 24 26.67 -39.91 -9 18.37 -44.35 -9
 2 24 27.78 -41.57 9 19.13 -46.19 9
 2 24 27.78 -41.57 -9 19.13 -46.19 -9
 2 24 28.89 -43.24 9 19.90 -48.04 9
 2 24 28.89 -43.24 -9 19.90 -48.04 -9
 2 24 29.45 -44.07 0 20.28 -48.97 0
 4 16 22.78 -34.09 6 15.69 -37.88 6 15.69 -37.88 -6 22.78 -34.09 -6
 5 24 22.78 -34.09 6 22.78 -34.09 -6 15.69 -37.88 6 28.99 -28.99 6
 4 16 24.45 -36.58 7 16.84 -40.65 7 15.69 -37.88 6 22.78 -34.09 6
 5 24 24.45 -36.58 7 22.78 -34.09 6 16.84 -40.65 7 31.11 -31.11 7
 4 16 24.45 -36.58 -7 16.84 -40.65 -7 15.69 -37.88 -6 22.78 -34.09 -6
 5 24 24.45 -36.58 -7 22.78 -34.09 -6 16.84 -40.65 -7 31.11 -31.11 -7
 4 16 24.45 -36.58 9 16.84 -40.65 9 16.84 -40.65 7 24.45 -36.58 7
 5 24 24.45 -36.58 9 24.45 -36.58 7 16.84 -40.65 9 31.11 -31.11 9
 4 16 24.45 -36.58 -9 16.84 -40.65 -9 16.84 -40.65 -7 24.45 -36.58 -7
 5 24 24.45 -36.58 -9 24.45 -36.58 -7 16.84 -40.65 -9 31.11 -31.11 -9
 4 16 24.45 -36.58 9 16.84 -40.65 9 19.90 -48.04 9 28.89 -43.24 9
 4 16 24.45 -36.58 -9 16.84 -40.65 -9 19.90 -48.04 -9 28.89 -43.24 -9
 4 16 28.89 -43.24 9 19.90 -48.04 9 20.28 -48.97 0 29.45 -44.07 0
 5 24 28.89 -43.24 9 29.45 -44.07 0 19.90 -48.04 9 36.77 -36.77 9
 4 16 28.89 -43.24 -9 19.90 -48.04 -9 20.28 -48.97 0 29.45 -44.07 0
 5 24 28.89 -43.24 -9 29.45 -44.07 0 19.90 -48.04 -9 36.77 -36.77 -9
 2 24 15.69 -37.88 6 8 -40.21 6
 2 24 15.69 -37.88 -6 8 -40.21 -6
 2 24 16.84 -40.65 7 8.58 -43.15 7
 2 24 16.84 -40.65 -7 8.58 -43.15 -7
 2 24 16.84 -40.65 9 8.58 -43.15 9
 2 24 16.84 -40.65 -9 8.58 -43.15 -9
 2 24 17.60 -42.50 9 8.97 -45.12 9
 2 24 17.60 -42.50 -9 8.97 -45.12 -9
 2 24 18.37 -44.35 9 9.36 -47.08 9
 2 24 18.37 -44.35 -9 9.36 -47.08 -9
 2 24 19.13 -46.19 9 9.75 -49.04 9
 2 24 19.13 -46.19 -9 9.75 -49.04 -9
 2 24 19.90 -48.04 9 10.14 -51 9
 2 24 19.90 -48.04 -9 10.14 -51 -9
 2 24 20.28 -48.97 0 10.34 -51.98 0
 4 16 15.69 -37.88 6 8 -40.21 6 8 -40.21 -6 15.69 -37.88 -6
 5 24 15.69 -37.88 6 15.69 -37.88 -6 8 -40.21 6 22.78 -34.09 6
 4 16 16.84 -40.65 7 8.58 -43.15 7 8 -40.21 6 15.69 -37.88 6
 5 24 16.84 -40.65 7 15.69 -37.88 6 8.58 -43.15 7 24.45 -36.58 7
 4 16 16.84 -40.65 -7 8.58 -43.15 -7 8 -40.21 -6 15.69 -37.88 -6
 5 24 16.84 -40.65 -7 15.69 -37.88 -6 8.58 -43.15 -7 24.45 -36.58 -7
 4 16 16.84 -40.65 9 8.58 -43.15 9 8.58 -43.15 7 16.84 -40.65 7
 5 24 16.84 -40.65 9 16.84 -40.65 7 8.58 -43.15 9 24.45 -36.58 9
 4 16 16.84 -40.65 -9 8.58 -43.15 -9 8.58 -43.15 -7 16.84 -40.65 -7
 5 24 16.84 -40.65 -9 16.84 -40.65 -7 8.58 -43.15 -9 24.45 -36.58 -9
 4 16 16.84 -40.65 9 8.58 -43.15 9 10.14 -51 9 19.90 -48.04 9
 4 16 16.84 -40.65 -9 8.58 -43.15 -9 10.14 -51 -9 19.90 -48.04 -9
 4 16 19.90 -48.04 9 10.14 -51 9 10.34 -51.98 0 20.28 -48.97 0
 5 24 19.90 -48.04 9 20.28 -48.97 0 10.14 -51 9 28.89 -43.24 9
 4 16 19.90 -48.04 -9 10.14 -51 -9 10.34 -51.98 0 20.28 -48.97 0
 5 24 19.90 -48.04 -9 20.28 -48.97 0 10.14 -51 -9 28.89 -43.24 -9
 2 24 8 -40.21 6 0 -41 6
 2 24 8 -40.21 -6 0 -41 -6
 2 24 8.58 -43.15 7 0 -44 7
 2 24 8.58 -43.15 -7 0 -44 -7
 2 24 8.58 -43.15 9 0 -44 9
 2 24 8.58 -43.15 -9 0 -44 -9
 2 24 8.97 -45.12 9 0 -46 9
 2 24 8.97 -45.12 -9 0 -46 -9
 2 24 9.36 -47.08 9 0 -48 9
 2 24 9.36 -47.08 -9 0 -48 -9
 2 24 9.75 -49.04 9 0 -50 9
 2 24 9.75 -49.04 -9 0 -50 -9
 2 24 10.14 -51 9 0 -52 9
 2 24 10.14 -51 -9 0 -52 -9
 2 24 10.34 -51.98 0 0 -53 0
 4 16 8 -40.21 6 0 -41 6 0 -41 -6 8 -40.21 -6
 5 24 8 -40.21 6 8 -40.21 -6 0 -41 6 15.69 -37.88 6
 4 16 8.58 -43.15 7 0 -44 7 0 -41 6 8 -40.21 6
 5 24 8.58 -43.15 7 8 -40.21 6 0 -44 7 16.84 -40.65 7
 4 16 8.58 -43.15 -7 0 -44 -7 0 -41 -6 8 -40.21 -6
 5 24 8.58 -43.15 -7 8 -40.21 -6 0 -44 -7 16.84 -40.65 -7
 4 16 8.58 -43.15 9 0 -44 9 0 -44 7 8.58 -43.15 7
 5 24 8.58 -43.15 9 8.58 -43.15 7 0 -44 9 16.84 -40.65 9
 4 16 8.58 -43.15 -9 0 -44 -9 0 -44 -7 8.58 -43.15 -7
 5 24 8.58 -43.15 -9 8.58 -43.15 -7 0 -44 -9 16.84 -40.65 -9
 4 16 8.58 -43.15 9 0 -44 9 0 -52 9 10.14 -51 9
 4 16 8.58 -43.15 -9 0 -44 -9 0 -52 -9 10.14 -51 -9
 4 16 10.14 -51 9 0 -52 9 0 -53 0 10.34 -51.98 0
 5 24 10.14 -51 9 10.34 -51.98 0 0 -52 9 19.90 -48.04 9
 4 16 10.14 -51 -9 0 -52 -9 0 -53 0 10.34 -51.98 0
 5 24 10.14 -51 -9 10.34 -51.98 0 0 -52 -9 19.90 -48.04 -9
 2 24 0 -41 6 -8 -40.21 6
 2 24 0 -41 -6 -8 -40.21 -6
 2 24 0 -44 7 -8.58 -43.15 7
 2 24 0 -44 -7 -8.58 -43.15 -7
 2 24 0 -44 9 -8.58 -43.15 9
 2 24 0 -44 -9 -8.58 -43.15 -9
 2 24 0 -46 9 -8.97 -45.12 9
 2 24 0 -46 -9 -8.97 -45.12 -9
 2 24 0 -48 9 -9.36 -47.08 9
 2 24 0 -48 -9 -9.36 -47.08 -9
 2 24 0 -50 9 -9.75 -49.04 9
 2 24 0 -50 -9 -9.75 -49.04 -9
 2 24 0 -52 9 -10.14 -51 9
 2 24 0 -52 -9 -10.14 -51 -9
 2 24 0 -53 0 -10.34 -51.98 0
 4 16 0 -41 6 -8 -40.21 6 -8 -40.21 -6 0 -41 -6
 5 24 0 -41 6 0 -41 -6 -8 -40.21 6 8 -40.21 6
 4 16 0 -44 7 -8.58 -43.15 7 -8 -40.21 6 0 -41 6
 5 24 0 -44 7 0 -41 6 -8.58 -43.15 7 8.58 -43.15 7
 4 16 0 -44 -7 -8.58 -43.15 -7 -8 -40.21 -6 0 -41 -6
 5 24 0 -44 -7 0 -41 -6 -8.58 -43.15 -7 8.58 -43.15 -7
 4 16 0 -44 9 -8.58 -43.15 9 -8.58 -43.15 7 0 -44 7
 5 24 0 -44 9 0 -44 7 -8.58 -43.15 9 8.58 -43.15 9
 4 16 0 -44 -9 -8.58 -43.15 -9 -8.58 -43.15 -7 0 -44 -7
 5 24 0 -44 -9 0 -44 -7 -8.58 -43.15 -9 8.58 -43.15 -9
 4 16 0 -44 9 -8.58 -43.15 9 -10.14 -51 9 0 -52 9
 4 16 0 -44 -9 -8.58 -43.15 -9 -10.14 -51 -9 0 -52 -9
 4 16 0 -52 9 -10.14 -51 9 -10.34 -51.98 0 0 -53 0
 5 24 0 -52 9 0 -53 0 -10.14 -51 9 10.14 -51 9
 4 16 0 -52 -9 -10.14 -51 -9 -10.34 -51.98 0 0 -53 0
 5 24 0 -52 -9 0 -53 0 -10.14 -51 -9 10.14 -51 -9
 2 24 -8 -40.21 6 -15.69 -37.88 6
 2 24 -8 -40.21 -6 -15.69 -37.88 -6
 2 24 -8.58 -43.15 7 -16.84 -40.65 7
 2 24 -8.58 -43.15 -7 -16.84 -40.65 -7
 2 24 -8.58 -43.15 9 -16.84 -40.65 9
 2 24 -8.58 -43.15 -9 -16.84 -40.65 -9
 2 24 -8.97 -45.12 9 -17.60 -42.50 9
 2 24 -8.97 -45.12 -9 -17.60 -42.50 -9
 2 24 -9.36 -47.08 9 -18.37 -44.35 9
 2 24 -9.36 -47.08 -9 -18.37 -44.35 -9
 2 24 -9.75 -49.04 9 -19.13 -46.19 9
 2 24 -9.75 -49.04 -9 -19.13 -46.19 -9
 2 24 -10.14 -51 9 -19.90 -48.04 9
 2 24 -10.14 -51 -9 -19.90 -48.04 -9
 2 24 -10.34 -51.98 0 -20.28 -48.97 0
 4 16 -8 -40.21 6 -15.69 -37.88 6 -15.69 -37.88 -6 -8 -40.21 -6
 5 24 -8 -40.21 6 -8 -40.21 -6 -15.69 -37.88 6 0 -41 6
 4 16 -8.58 -43.15 7 -16.84 -40.65 7 -15.69 -37.88 6 -8 -40.21 6
 5 24 -8.58 -43.15 7 -8 -40.21 6 -16.84 -40.65 7 0 -44 7
 4 16 -8.58 -43.15 -7 -16.84 -40.65 -7 -15.69 -37.88 -6 -8 -40.21 -6
 5 24 -8.58 -43.15 -7 -8 -40.21 -6 -16.84 -40.65 -7 0 -44 -7
 4 16 -8.58 -43.15 9 -16.84 -40.65 9 -16.84 -40.65 7 -8.58 -43.15 7
 5 24 -8.58 -43.15 9 -8.58 -43.15 7 -16.84 -40.65 9 0 -44 9
 4 16 -8.58 -43.15 -9 -16.84 -40.65 -9 -16.84 -40.65 -7 -8.58 -43.15 -7
 5 24 -8.58 -43.15 -9 -8.58 -43.15 -7 -16.84 -40.65 -9 0 -44 -9
 4 16 -8.58 -43.15 9 -16.84 -40.65 9 -19.90 -48.04 9 -10.14 -51 9
 4 16 -8.58 -43.15 -9 -16.84 -40.65 -9 -19.90 -48.04 -9 -10.14 -51 -9
 4 16 -10.14 -51 9 -19.90 -48.04 9 -20.28 -48.97 0 -10.34 -51.98 0
 5 24 -10.14 -51 9 -10.34 -51.98 0 -19.90 -48.04 9 0 -52 9
 4 16 -10.14 -51 -9 -19.90 -48.04 -9 -20.28 -48.97 0 -10.34 -51.98 0
 5 24 -10.14 -51 -9 -10.34 -51.98 0 -19.90 -48.04 -9 0 -52 -9
 2 24 -15.69 -37.88 6 -22.78 -34.09 6
 2 24 -15.69 -37.88 -6 -22.78 -34.09 -6
 2 24 -16.84 -40.65 7 -24.45 -36.58 7
 2 24 -16.84 -40.65 -7 -24.45 -36.58 -7
 2 24 -16.84 -40.65 9 -24.45 -36.58 9
 2 24 -16.84 -40.65 -9 -24.45 -36.58 -9
 2 24 -17.60 -42.50 9 -25.56 -38.25 9
 2 24 -17.60 -42.50 -9 -25.56 -38.25 -9
 2 24 -18.37 -44.35 9 -26.67 -39.91 9
 2 24 -18.37 -44.35 -9 -26.67 -39.91 -9
 2 24 -19.13 -46.19 9 -27.78 -41.57 9
 2 24 -19.13 -46.19 -9 -27.78 -41.57 -9
 2 24 -19.90 -48.04 9 -28.89 -43.24 9
 2 24 -19.90 -48.04 -9 -28.89 -43.24 -9
 2 24 -20.28 -48.97 0 -29.45 -44.07 0
 4 16 -15.69 -37.88 6 -22.78 -34.09 6 -22.78 -34.09 -6 -15.69 -37.88 -6
 5 24 -15.69 -37.88 6 -15.69 -37.88 -6 -22.78 -34.09 6 -8 -40.21 6
 4 16 -16.84 -40.65 7 -24.45 -36.58 7 -22.78 -34.09 6 -15.69 -37.88 6
 5 24 -16.84 -40.65 7 -15.69 -37.88 6 -24.45 -36.58 7 -8.58 -43.15 7
 4 16 -16.84 -40.65 -7 -24.45 -36.58 -7 -22.78 -34.09 -6 -15.69 -37.88 -6
 5 24 -16.84 -40.65 -7 -15.69 -37.88 -6 -24.45 -36.58 -7 -8.58 -43.15 -7
 4 16 -16.84 -40.65 9 -24.45 -36.58 9 -24.45 -36.58 7 -16.84 -40.65 7
 5 24 -16.84 -40.65 9 -16.84 -40.65 7 -24.45 -36.58 9 -8.58 -43.15 9
 4 16 -16.84 -40.65 -9 -24.45 -36.58 -9 -24.45 -36.58 -7 -16.84 -40.65 -7
 5 24 -16.84 -40.65 -9 -16.84 -40.65 -7 -24.45 -36.58 -9 -8.58 -43.15 -9
 4 16 -16.84 -40.65 9 -24.45 -36.58 9 -28.89 -43.24 9 -19.90 -48.04 9
 4 16 -16.84 -40.65 -9 -24.45 -36.58 -9 -28.89 -43.24 -9 -19.90 -48.04 -9
 4 16 -19.90 -48.04 9 -28.89 -43.24 9 -29.45 -44.07 0 -20.28 -48.97 0
 5 24 -19.90 -48.04 9 -20.28 -48.97 0 -28.89 -43.24 9 -10.14 -51 9
 4 16 -19.90 -48.04 -9 -28.89 -43.24 -9 -29.45 -44.07 0 -20.28 -48.97 0
 5 24 -19.90 -48.04 -9 -20.28 -48.97 0 -28.89 -43.24 -9 -10.14 -51 -9
 2 24 -22.78 -34.09 6 -28.99 -28.99 6
 2 24 -22.78 -34.09 -6 -28.99 -28.99 -6
 2 24 -24.45 -36.58 7 -31.11 -31.11 7
 2 24 -24.45 -36.58 -7 -31.11 -31.11 -7
 2 24 -24.45 -36.58 9 -31.11 -31.11 9
 2 24 -24.45 -36.58 -9 -31.11 -31.11 -9
 2 24 -25.56 -38.25 9 -32.53 -32.53 9
 2 24 -25.56 -38.25 -9 -32.53 -32.53 -9
 2 24 -26.67 -39.91 9 -33.94 -33.94 9
 2 24 -26.67 -39.91 -9 -33.94 -33.94 -9
 2 24 -27.78 -41.57 9 -35.36 -35.36 9
 2 24 -27.78 -41.57 -9 -35.36 -35.36 -9
 2 24 -28.89 -43.24 9 -36.77 -36.77 9
 2 24 -28.89 -43.24 -9 -36.77 -36.77 -9
 2 24 -29.45 -44.07 0 -37.48 -37.48 0
 4 16 -22.78 -34.09 6 -28.99 -28.99 6 -28.99 -28.99 -6 -22.78 -34.09 -6
 5 24 -22.78 -34.09 6 -22.78 -34.09 -6 -28.99 -28.99 6 -15.69 -37.88 6
 4 16 -24.45 -36.58 7 -31.11 -31.11 7 -28.99 -28.99 6 -22.78 -34.09 6
 5 24 -24.45 -36.58 7 -22.78 -34.09 6 -31.11 -31.11 7 -16.84 -40.65 7
 4 16 -24.45 -36.58 -7 -31.11 -31.11 -7 -28.99 -28.99 -6 -22.78 -34.09 -6
 5 24 -24.45 -36.58 -7 -22.78 -34.09 -6 -31.11 -31.11 -7 -16.84 -40.65 -7
 4 16 -24.45 -36.58 9 -31.11 -31.11 9 -31.11 -31.11 7 -24.45 -36.58 7
 5 24 -24.45 -36.58 9 -24.45 -36.58 7 -31.11 -31.11 9 -16.84 -40.65 9
 4 16 -24.45 -36.58 -9 -31.11 -31.11 -9 -31.11 -31.11 -7 -24.45 -36.58 -7
 5 24 -24.45 -36.58 -9 -24.45 -36.58 -7 -31.11 -31.11 -9 -16.84 -40.65 -9
 4 16 -24.45 -36.58 9 -31.11 -31.11 9 -36.77 -36.77 9 -28.89 -43.24 9
 4 16 -24.45 -36.58 -9 -31.11 -31.11 -9 -36.77 -36.77 -9 -28.89 -43.24 -9
 4 16 -28.89 -43.24 9 -36.77 -36.77 9 -37.48 -37.48 0 -29.45 -44.07 0
 5 24 -28.89 -43.24 9 -29.45 -44.07 0 -36.77 -36.77 9 -19.90 -48.04 9
 4 16 -28.89 -43.24 -9 -36.77 -36.77 -9 -37.48 -37.48 0 -29.45 -44.07 0
 5 24 -28.89 -43.24 -9 -29.45 -44.07 0 -36.77 -36.77 -9 -19.90 -48.04 -9
 2 24 -28.99 -28.99 6 -34.09 -22.78 6
 2 24 -28.99 -28.99 -6 -34.09 -22.78 -6
 2 24 -31.11 -31.11 7 -36.58 -24.45 7
 2 24 -31.11 -31.11 -7 -36.58 -24.45 -7
 2 24 -31.11 -31.11 9 -36.58 -24.45 9
 2 24 -31.11 -31.11 -9 -36.58 -24.45 -9
 2 24 -32.53 -32.53 9 -38.25 -25.56 9
 2 24 -32.53 -32.53 -9 -38.25 -25.56 -9
 2 24 -33.94 -33.94 9 -39.91 -26.67 9
 2 24 -33.94 -33.94 -9 -39.91 -26.67 -9
 2 24 -35.36 -35.36 9 -41.57 -27.78 9
 2 24 -35.36 -35.36 -9 -41.57 -27.78 -9
 2 24 -36.77 -36.77 9 -43.24 -28.89 9
 2 24 -36.77 -36.77 -9 -43.24 -28.89 -9
 2 24 -37.48 -37.48 0 -44.07 -29.45 0
 4 16 -28.99 -28.99 6 -34.09 -22.78 6 -34.09 -22.78 -6 -28.99 -28.99 -6
 5 24 -28.99 -28.99 6 -28.99 -28.99 -6 -34.09 -22.78 6 -22.78 -34.09 6
 4 16 -31.11 -31.11 7 -36.58 -24.45 7 -34.09 -22.78 6 -28.99 -28.99 6
 5 24 -31.11 -31.11 7 -28.99 -28.99 6 -36.58 -24.45 7 -24.45 -36.58 7
 4 16 -31.11 -31.11 -7 -36.58 -24.45 -7 -34.09 -22.78 -6 -28.99 -28.99 -6
 5 24 -31.11 -31.11 -7 -28.99 -28.99 -6 -36.58 -24.45 -7 -24.45 -36.58 -7
 4 16 -31.11 -31.11 9 -36.58 -24.45 9 -36.58 -24.45 7 -31.11 -31.11 7
 5 24 -31.11 -31.11 9 -31.11 -31.11 7 -36.58 -24.45 9 -24.45 -36.58 9
 4 16 -31.11 -31.11 -9 -36.58 -24.45 -9 -36.58 -24.45 -7 -31.11 -31.11 -7
 5 24 -31.11 -31.11 -9 -31.11 -31.11 -7 -36.58 -24.45 -9 -24.45 -36.58 -9
 4 16 -31.11 -31.11 9 -36.58 -24.45 9 -43.24 -28.89 9 -36.77 -36.77 9
 4 16 -31.11 -31.11 -9 -36.58 -24.45 -9 -43.24 -28.89 -9 -36.77 -36.77 -9
 4 16 -36.77 -36.77 9 -43.24 -28.89 9 -44.07 -29.45 0 -37.48 -37.48 0
 5 24 -36.77 -36.77 9 -37.48 -37.48 0 -43.24 -28.89 9 -28.89 -43.24 9
 4 16 -36.77 -36.77 -9 -43.24 -28.89 -9 -44.07 -29.45 0 -37.48 -37.48 0
 5 24 -36.77 -36.77 -9 -37.48 -37.48 0 -43.24 -28.89 -9 -28.89 -43.24 -9
 2 24 -34.09 -22.78 6 -37.88 -15.69 6
 2 24 -34.09 -22.78 -6 -37.88 -15.69 -6
 2 24 -36.58 -24.45 7 -40.65 -16.84 7
 2 24 -36.58 -24.45 -7 -40.65 -16.84 -7
 2 24 -36.58 -24.45 9 -40.65 -16.84 9
 2 24 -36.58 -24.45 -9 -40.65 -16.84 -9
 2 24 -38.25 -25.56 9 -42.50 -17.60 9
 2 24 -38.25 -25.56 -9 -42.50 -17.60 -9
 2 24 -39.91 -26.67 9 -44.35 -18.37 9
 2 24 -39.91 -26.67 -9 -44.35 -18.37 -9
 2 24 -41.57 -27.78 9 -46.19 -19.13 9
 2 24 -41.57 -27.78 -9 -46.19 -19.13 -9
 2 24 -43.24 -28.89 9 -48.04 -19.90 9
 2 24 -43.24 -28.89 -9 -48.04 -19.90 -9
 2 24 -44.07 -29.45 0 -48.97 -20.28 0
 4 16 -34.09 -22.78 6 -37.88 -15.69 6 -37.88 -15.69 -6 -34.09 -22.78 -6
 5 24 -34.09 -22.78 6 -34.09 -22.78 -6 -37.88 -15.69 6 -28.99 -28.99 6
 4 16 -36.58 -24.45 7 -40.65 -16.84 7 -37.88 -15.69 6 -34.09 -22.78 6
 5 24 -36.58 -24.45 7 -34.09 -22.78 6 -40.65 -16.84 7 -31.11 -31.11 7
 4 16 -36.58 -24.45 -7 -40.65 -16.84 -7 -37.88 -15.69 -6 -34.09 -22.78 -6
 5 24 -36.58 -24.45 -7 -34.09 -22.78 -6 -40.65 -16.84 -7 -31.11 -31.11 -7
 4 16 -36.58 -24.45 9 -40.65 -16.84 9 -40.65 -16.84 7 -36.58 -24.45 7
 5 24 -36.58 -24.45 9 -36.58 -24.45 7 -40.65 -16.84 9 -31.11 -31.11 9
 4 16 -36.58 -24.45 -9 -40.65 -16.84 -9 -40.65 -16.84 -7 -36.58 -24.45 -7
 5 24 -36.58 -24.45 -9 -36.58 -24.45 -7 -40.65 -16.84 -9 -31.11 -31.11 -9
 4 16 -36.58 -24.45 9 -40.65 -16.84 9 -48.04 -19.90 9 -43.24 -28.89 9
 4 16 -36.58 -24.45 -9 -40.65 -16.84 -9 -48.04 -19.90 -9 -43.24 -28.89 -9
 4 16 -43.24 -28.89 9 -48.04 -19.90 9 -48.97 -20.28 0 -44.07 -29.45 0
 5 24 -43.24 -28.89 9 -44.07 -29.45 0 -48.04 -19.90 9 -36.77 -36.77 9
 4 16 -43.24 -28.89 -9 -48.04 -19.90 -9 -48.97 -20.28 0 -44.07 -29.45 0
 5 24 -43.24 -28.89 -9 -44.07 -29.45 0 -48.04 -19.90 -9 -36.77 -36.77 -9
 2 24 -37.88 -15.69 6 -40.21 -8 6
 2 24 -37.88 -15.69 -6 -40.21 -8 -6
 2 24 -40.65 -16.84 7 -43.15 -8.58 7
 2 24 -40.65 -16.84 -7 -43.15 -8.58 -7
 2 24 -40.65 -16.84 9 -43.15 -8.58 9
 2 24 -40.65 -16.84 -9 -43.15 -8.58 -9
 2 24 -42.50 -17.60 9 -45.12 -8.97 9
 2 24 -42.50 -17.60 -9 -45.12 -8.97 -9
 2 24 -44.35 -18.37 9 -47.08 -9.36 9
 2 24 -44.35 -18.37 -9 -47.08 -9.36 -9
 2 24 -46.19 -19.13 9 -49.04 -9.75 9
 2 24 -46.19 -19.13 -9 -49.04 -9.75 -9
 2 24 -48.04 -19.90 9 -51 -10.14 9
 2 24 -48.04 -19.90 -9 -51 -10.14 -9
 2 24 -48.97 -20.28 0 -51.98 -10.34 0
 4 16 -37.88 -15.69 6 -40.21 -8 6 -40.21 -8 -6 -37.88 -15.69 -6
 5 24 -37.88 -15.69 6 -37.88 -15.69 -6 -40.21 -8 6 -34.09 -22.78 6
 4 16 -40.65 -16.84 7 -43.15 -8.58 7 -40.21 -8 6 -37.88 -15.69 6
 5 24 -40.65 -16.84 7 -37.88 -15.69 6 -43.15 -8.58 7 -36.58 -24.45 7
 4 16 -40.65 -16.84 -7 -43.15 -8.58 -7 -40.21 -8 -6 -37.88 -15.69 -6
 5 24 -40.65 -16.84 -7 -37.88 -15.69 -6 -43.15 -8.58 -7 -36.58 -24.45 -7
 4 16 -40.65 -16.84 9 -43.15 -8.58 9 -43.15 -8.58 7 -40.65 -16.84 7
 5 24 -40.65 -16.84 9 -40.65 -16.84 7 -43.15 -8.58 9 -36.58 -24.45 9
 4 16 -40.65 -16.84 -9 -43.15 -8.58 -9 -43.15 -8.58 -7 -40.65 -16.84 -7
 5 24 -40.65 -16.84 -9 -40.65 -16.84 -7 -43.15 -8.58 -9 -36.58 -24.45 -9
 4 16 -40.65 -16.84 9 -43.15 -8.58 9 -51 -10.14 9 -48.04 -19.90 9
 4 16 -40.65 -16.84 -9 -43.15 -8.58 -9 -51 -10.14 -9 -48.04 -19.90 -9
 4 16 -48.04 -19.90 9 -51 -10.14 9 -51.98 -10.34 0 -48.97 -20.28 0
 5 24 -48.04 -19.90 9 -48.97 -20.28 0 -51 -10.14 9 -43.24 -28.89 9
 4 16 -48.04 -19.90 -9 -51 -10.14 -9 -51.98 -10.34 0 -48.97 -20.28 0
 5 24 -48.04 -19.90 -9 -48.97 -20.28 0 -51 -10.14 -9 -43.24 -28.89 -9
 2 24 -40.21 -8 6 -41 0 6
 2 24 -40.21 -8 -6 -41 0 -6
 2 24 -43.15 -8.58 7 -44 0 7
 2 24 -43.15 -8.58 -7 -44 0 -7
 2 24 -43.15 -8.58 9 -44 0 9
 2 24 -43.15 -8.58 -9 -44 0 -9
 2 24 -45.12 -8.97 9 -46 0 9
 2 24 -45.12 -8.97 -9 -46 0 -9
 2 24 -47.08 -9.36 9 -48 0 9
 2 24 -47.08 -9.36 -9 -48 0 -9
 2 24 -49.04 -9.75 9 -50 0 9
 2 24 -49.04 -9.75 -9 -50 0 -9
 2 24 -51 -10.14 9 -52 0 9
 2 24 -51 -10.14 -9 -52 0 -9
 2 24 -51.98 -10.34 0 -53 0 0
 4 16 -40.21 -8 6 -41 0 6 -41 0 -6 -40.21 -8 -6
 5 24 -40.21 -8 6 -40.21 -8 -6 -41 0 6 -37.88 -15.69 6
 4 16 -43.15 -8.58 7 -44 0 7 -41 0 6 -40.21 -8 6
 5 24 -43.15 -8.58 7 -40.21 -8 6 -44 0 7 -40.65 -16.84 7
 4 16 -43.15 -8.58 -7 -44 0 -7 -41 0 -6 -40.21 -8 -6
 5 24 -43.15 -8.58 -7 -40.21 -8 -6 -44 0 -7 -40.65 -16.84 -7
 4 16 -43.15 -8.58 9 -44 0 9 -44 0 7 -43.15 -8.58 7
 5 24 -43.15 -8.58 9 -43.15 -8.58 7 -44 0 9 -40.65 -16.84 9
 4 16 -43.15 -8.58 -9 -44 0 -9 -44 0 -7 -43.15 -8.58 -7
 5 24 -43.15 -8.58 -9 -43.15 -8.58 -7 -44 0 -9 -40.65 -16.84 -9
 4 16 -43.15 -8.58 9 -44 0 9 -52 0 9 -51 -10.14 9
 4 16 -43.15 -8.58 -9 -44 0 -9 -52 0 -9 -51 -10.14 -9
 4 16 -51 -10.14 9 -52 0 9 -53 0 0 -51.98 -10.34 0
 5 24 -51 -10.14 9 -51.98 -10.34 0 -52 0 9 -48.04 -19.90 9
 4 16 -51 -10.14 -9 -52 0 -9 -53 0 0 -51.98 -10.34 0
 5 24 -51 -10.14 -9 -51.98 -10.34 0 -52 0 -9 -48.04 -19.90 -9
 2 24 -41 0 6 -40.21 8 6
 2 24 -41 0 -6 -40.21 8 -6
 2 24 -44 0 7 -43.15 8.58 7
 2 24 -44 0 -7 -43.15 8.58 -7
 2 24 -44 0 9 -43.15 8.58 9
 2 24 -44 0 -9 -43.15 8.58 -9
 2 24 -46 0 9 -45.12 8.97 9
 2 24 -46 0 -9 -45.12 8.97 -9
 2 24 -48 0 9 -47.08 9.36 9
 2 24 -48 0 -9 -47.08 9.36 -9
 2 24 -50 0 9 -49.04 9.75 9
 2 24 -50 0 -9 -49.04 9.75 -9
 2 24 -52 0 9 -51 10.14 9
 2 24 -52 0 -9 -51 10.14 -9
 2 24 -53 0 0 -51.98 10.34 0
 4 16 -41 0 6 -40.21 8 6 -40.21 8 -6 -41 0 -6
 5 24 -41 0 6 -41 0 -6 -40.21 8 6 -40.21 -8 6
 4 16 -44 0 7 -43.15 8.58 7 -40.21 8 6 -41 0 6
 5 24 -44 0 7 -41 0 6 -43.15 8.58 7 -43.15 -8.58 7
 4 16 -44 0 -7 -43.15 8.58 -7 -40.21 8 -6 -41 0 -6
 5 24 -44 0 -7 -41 0 -6 -43.15 8.58 -7 -43.15 -8.58 -7
 4 16 -44 0 9 -43.15 8.58 9 -43.15 8.58 7 -44 0 7
 5 24 -44 0 9 -44 0 7 -43.15 8.58 9 -43.15 -8.58 9
 4 16 -44 0 -9 -43.15 8.58 -9 -43.15 8.58 -7 -44 0 -7
 5 24 -44 0 -9 -44 0 -7 -43.15 8.58 -9 -43.15 -8.58 -9
 4 16 -44 0 9 -43.15 8.58 9 -51 10.14 9 -52 0 9
 4 16 -44 0 -9 -43.15 8.58 -9 -51 10.14 -9 -52 0 -9
 4 16 -52 0 9 -51 10.14 9 -51.98 10.34 0 -53 0 0
 5 24 -52 0 9 -53 0 0 -51 10.14 9 -51 -10.14 9
 4 16 -52 0 -9 -51 10.14 -9 -51.98 10.34 0 -53 0 0
 5 24 -52 0 -9 -53 0 0 -51 10.14 -9 -51 -10.14 -9
 2 24 -40.21 8 6 -37.88 15.69 6
 2 24 -40.21 8 -6 -37.88 15.69 -6
 2 24 -43.15 8.58 7 -40.65 16.84 7
 2 24 -43.15 8.58 -7 -40.65 16.84 -7
 2 24 -43.15 8.58 9 -40.65 16.84 9
 2 24 -43.15 8.58 -9 -40.65 16.84 -9
 2 24 -45.12 8.97 9 -42.50 17.60 9
 2 24 -45.12 8.97 -9 -42.50 17.60 -9
 2 24 -47.08 9.36 9 -44.35 18.37 9
 2 24 -47.08 9.36 -9 -44.35 18.37 -9
 2 24 -49.04 9.75 9 -46.19 19.13 9
 2 24 -49.04 9.75 -9 -46.19 19.13 -9
 2 24 -51 10.14 9 -48.04 19.90 9
 2 24 -51 10.14 -9 -48.04 19.90 -9
 2 24 -51.98 10.34 0 -48.97 20.28 0
 4 16 -40.21 8 6 -37.88 15.69 6 -37.88 15.69 -6 -40.21 8 -6
 5 24 -40.21 8 6 -40.21 8 -6 -37.88 15.69 6 -41 0 6
 4 16 -43.15 8.58 7 -40.65 16.84 7 -37.88 15.69 6 -40.21 8 6
 5 24 -43.15 8.58 7 -40.21 8 6 -40.65 16.84 7 -44 0 7
 4 16 -43.15 8.58 -7 -40.65 16.84 -7 -37.88 15.69 -6 -40.21 8 -6
 5 24 -43.15 8.58 -7 -40.21 8 -6 -40.65 16.84 -7 -44 0 -7
 4 16 -43.15 8.58 9 -40.65 16.84 9 -40.65 16.84 7 -43.15 8.58 7
 5 24 -43.15 8.58 9 -43.15 8.58 7 -40.65 16.84 9 -44 0 9
 4 16 -43.15 8.58 -9 -40.65 16.84 -9 -40.65 16.84 -7 -43.15 8.58 -7
 5 24 -43.15 8.58 -9 -43.15 8.58 -7 -40.65 16.84 -9 -44 0 -9
 4 16 -43.15 8.58 9 -40.65 16.84 9 -48.04 19.90 9 -51 10.14 9
 4 16 -43.15 8.58 -9 -40.65 16.84 -9 -48.04 19.90 -9 -51 10.14 -9
 4 16 -51 10.14 9 -48.04 19.90 9 -48.97 20.28 0 -51.98 10.34 0
 5 24 -51 10.14 9 -51.98 10.34 0 -48.04 19.90 9 -52 0 9
 4 16 -51 10.14 -9 -48.04 19.90 -9 -48.97 20.28 0 -51.98 10.34 0
 5 24 -51 10.14 -9 -51.98 10.34 0 -48.04 19.90 -9 -52 0 -9
 2 24 -37.88 15.69 6 -34.09 22.78 6
 2 24 -37.88 15.69 -6 -34.09 22.78 -6
 2 24 -40.65 16.84 7 -36.58 24.45 7
 2 24 -40.65 16.84 -7 -36.58 24.45 -7
 2 24 -40.65 16.84 9 -36.58 24.45 9
 2 24 -40.65 16.84 -9 -36.58 24.45 -9
 2 24 -42.50 17.60 9 -38.25 25.56 9
 2 24 -42.50 17.60 -9 -38.25 25.56 -9
 2 24 -44.35 18.37 9 -39.91 26.67 9
 2 24 -44.35 18.37 -9 -39.91 26.67 -9
 2 24 -46.19 19.13 9 -41.57 27.78 9
 2 24 -46.19 19.13 -9 -41.57 27.78 -9
 2 24 -48.04 19.90 9 -43.24 28.89 9
 2 24 -48.04 19.90 -9 -43.24 28.89 -9
 2 24 -48.97 20.28 0 -44.07 29.45 0
 4 16 -37.88 15.69 6 -34.09 22.78 6 -34.09 22.78 -6 -37.88 15.69 -6
 5 24 -37.88 15.69 6 -37.88 15.69 -6 -34.09 22.78 6 -40.21 8 6
 4 16 -40.65 16.84 7 -36.58 24.45 7 -34.09 22.78 6 -37.88 15.69 6
 5 24 -40.65 16.84 7 -37.88 15.69 6 -36.58 24.45 7 -43.15 8.58 7
 4 16 -40.65 16.84 -7 -36.58 24.45 -7 -34.09 22.78 -6 -37.88 15.69 -6
 5 24 -40.65 16.84 -7 -37.88 15.69 -6 -36.58 24.45 -7 -43.15 8.58 -7
 4 16 -40.65 16.84 9 -36.58 24.45 9 -36.58 24.45 7 -40.65 16.84 7
 5 24 -40.65 16.84 9 -40.65 16.84 7 -36.58 24.45 9 -43.15 8.58 9
 4 16 -40.65 16.84 -9 -36.58 24.45 -9 -36.58 24.45 -7 -40.65 16.84 -7
 5 24 -40.65 16.84 -9 -40.65 16.84 -7 -36.58 24.45 -9 -43.15 8.58 -9
 4 16 -40.65 16.84 9 -36.58 24.45 9 -43.24 28.89 9 -48.04 19.90 9
 4 16 -40.65 16.84 -9 -36.58 24.45 -9 -43.24 28.89 -9 -48.04 19.90 -9
 4 16 -48.04 19.90 9 -43.24 28.89 9 -44.07 29.45 0 -48.97 20.28 0
 5 24 -48.04 19.90 9 -48.97 20.28 0 -43.24 28.89 9 -51 10.14 9
 4 16 -48.04 19.90 -9 -43.24 28.89 -9 -44.07 29.45 0 -48.97 20.28 0
 5 24 -48.04 19.90 -9 -48.97 20.28 0 -43.24 28.89 -9 -51 10.14 -9
 2 24 -34.09 22.78 6 -28.99 28.99 6
 2 24 -34.09 22.78 -6 -28.99 28.99 -6
 2 24 -36.58 24.45 7 -31.11 31.11 7
 2 24 -36.58 24.45 -7 -31.11 31.11 -7
 2 24 -36.58 24.45 9 -31.11 31.11 9
 2 24 -36.58 24.45 -9 -31.11 31.11 -9
 2 24 -38.25 25.56 9 -32.53 32.53 9
 2 24 -38.25 25.56 -9 -32.53 32.53 -9
 2 24 -39.91 26.67 9 -33.94 33.94 9
 2 24 -39.91 26.67 -9 -33.94 33.94 -9
 2 24 -41.57 27.78 9 -35.36 35.36 9
 2 24 -41.57 27.78 -9 -35.36 35.36 -9
 2 24 -43.24 28.89 9 -36.77 36.77 9
 2 24 -43.24 28.89 -9 -36.77 36.77 -9
 2 24 -44.07 29.45 0 -37.48 37.48 0
 4 16 -34.09 22.78 6 -28.99 28.99 6 -28.99 28.99 -6 -34.09 22.78 -6
 5 24 -34.09 22.78 6 -34.09 22.78 -6 -28.99 28.99 6 -37.88 15.69 6
 4 16 -36.58 24.45 7 -31.11 31.11 7 -28.99 28.99 6 -34.09 22.78 6
 5 24 -36.58 24.45 7 -34.09 22.78 6 -31.11 31.11 7 -40.65 16.84 7
 4 16 -36.58 24.45 -7 -31.11 31.11 -7 -28.99 28.99 -6 -34.09 22.78 -6
 5 24 -36.58 24.45 -7 -34.09 22.78 -6 -31.11 31.11 -7 -40.65 16.84 -7
 4 16 -36.58 24.45 9 -31.11 31.11 9 -31.11 31.11 7 -36.58 24.45 7
 5 24 -36.58 24.45 9 -36.58 24.45 7 -31.11 31.11 9 -40.65 16.84 9
 4 16 -36.58 24.45 -9 -31.11 31.11 -9 -31.11 31.11 -7 -36.58 24.45 -7
 5 24 -36.58 24.45 -9 -36.58 24.45 -7 -31.11 31.11 -9 -40.65 16.84 -9
 4 16 -36.58 24.45 9 -31.11 31.11 9 -36.77 36.77 9 -43.24 28.89 9
 4 16 -36.58 24.45 -9 -31.11 31.11 -9 -36.77 36.77 -9 -43.24 28.89 -9
 4 16 -43.24 28.89 9 -36.77 36.77 9 -37.48 37.48 0 -44.07 29.45 0
 5 24 -43.24 28.89 9 -44.07 29.45 0 -36.77 36.77 9 -48.04 19.90 9
 4 16 -43.24 28.89 -9 -36.77 36.77 -9 -37.48 37.48 0 -44.07 29.45 0
 5 24 -43.24 28.89 -9 -44.07 29.45 0 -36.77 36.77 -9 -48.04 19.90 -9
 2 24 -28.99 28.99 6 -22.78 34.09 6
 2 24 -28.99 28.99 -6 -22.78 34.09 -6
 2 24 -31.11 31.11 7 -24.45 36.58 7
 2 24 -31.11 31.11 -7 -24.45 36.58 -7
 2 24 -31.11 31.11 9 -24.45 36.58 9
 2 24 -31.11 31.11 -9 -24.45 36.58 -9
 2 24 -32.53 32.53 9 -25.56 38.25 9
 2 24 -32.53 32.53 -9 -25.56 38.25 -9
 2 24 -33.94 33.94 9 -26.67 39.91 9
 2 24 -33.94 33.94 -9 -26.67 39.91 -9
 2 24 -35.36 35.36 9 -27.78 41.57 9
 2 24 -35.36 35.36 -9 -27.78 41.57 -9
 2 24 -36.77 36.77 9 -28.89 43.24 9
 2 24 -36.77 36.77 -9 -28.89 43.24 -9
 2 24 -37.48 37.48 0 -29.45 44.07 0
 4 16 -28.99 28.99 6 -22.78 34.09 6 -22.78 34.09 -6 -28.99 28.99 -6
 5 24 -28.99 28.99 6 -28.99 28.99 -6 -22.78 34.09 6 -34.09 22.78 6
 4 16 -31.11 31.11 7 -24.45 36.58 7 -22.78 34.09 6 -28.99 28.99 6
 5 24 -31.11 31.11 7 -28.99 28.99 6 -24.45 36.58 7 -36.58 24.45 7
 4 16 -31.11 31.11 -7 -24.45 36.58 -7 -22.78 34.09 -6 -28.99 28.99 -6
 5 24 -31.11 31.11 -7 -28.99 28.99 -6 -24.45 36.58 -7 -36.58 24.45 -7
 4 16 -31.11 31.11 9 -24.45 36.58 9 -24.45 36.58 7 -31.11 31.11 7
 5 24 -31.11 31.11 9 -31.11 31.11 7 -24.45 36.58 9 -36.58 24.45 9
 4 16 -31.11 31.11 -9 -24.45 36.58 -9 -24.45 36.58 -7 -31.11 31.11 -7
 5 24 -31.11 31.11 -9 -31.11 31.11 -7 -24.45 36.58 -9 -36.58 24.45 -9
 4 16 -31.11 31.11 9 -24.45 36.58 9 -28.89 43.24 9 -36.77 36.77 9
 4 16 -31.11 31.11 -9 -24.45 36.58 -9 -28.89 43.24 -9 -36.77 36.77 -9
 4 16 -36.77 36.77 9 -28.89 43.24 9 -29.45 44.07 0 -37.48 37.48 0
 5 24 -36.77 36.77 9 -37.48 37.48 0 -28.89 43.24 9 -43.24 28.89 9
 4 16 -36.77 36.77 -9 -28.89 43.24 -9 -29.45 44.07 0 -37.48 37.48 0
 5 24 -36.77 36.77 -9 -37.48 37.48 0 -28.89 43.24 -9 -43.24 28.89 -9
 2 24 -22.78 34.09 6 -15.69 37.88 6
 2 24 -22.78 34.09 -6 -15.69 37.88 -6
 2 24 -24.45 36.58 7 -16.84 40.65 7
 2 24 -24.45 36.58 -7 -16.84 40.65 -7
 2 24 -24.45 36.58 9 -16.84 40.65 9
 2 24 -24.45 36.58 -9 -16.84 40.65 -9
 2 24 -25.56 38.25 9 -17.60 42.50 9
 2 24 -25.56 38.25 -9 -17.60 42.50 -9
 2 24 -26.67 39.91 9 -18.37 44.35 9
 2 24 -26.67 39.91 -9 -18.37 44.35 -9
 2 24 -27.78 41.57 9 -19.13 46.19 9
 2 24 -27.78 41.57 -9 -19.13 46.19 -9
 2 24 -28.89 43.24 9 -19.90 48.04 9
 2 24 -28.89 43.24 -9 -19.90 48.04 -9
 2 24 -29.45 44.07 0 -20.28 48.97 0
 4 16 -22.78 34.09 6 -15.69 37.88 6 -15.69 37.88 -6 -22.78 34.09 -6
 5 24 -22.78 34.09 6 -22.78 34.09 -6 -15.69 37.88 6 -28.99 28.99 6
 4 16 -24.45 36.58 7 -16.84 40.65 7 -15.69 37.88 6 -22.78 34.09 6
 5 24 -24.45 36.58 7 -22.78 34.09 6 -16.84 40.65 7 -31.11 31.11 7
 4 16 -24.45 36.58 -7 -16.84 40.65 -7 -15.69 37.88 -6 -22.78 34.09 -6
 5 24 -24.45 36.58 -7 -22.78 34.09 -6 -16.84 40.65 -7 -31.11 31.11 -7
 4 16 -24.45 36.58 9 -16.84 40.65 9 -16.84 40.65 7 -24.45 36.58 7
 5 24 -24.45 36.58 9 -24.45 36.58 7 -16.84 40.65 9 -31.11 31.11 9
 4 16 -24.45 36.58 -9 -16.84 40.65 -9 -16.84 40.65 -7 -24.45 36.58 -7
 5 24 -24.45 36.58 -9 -24.45 36.58 -7 -16.84 40.65 -9 -31.11 31.11 -9
 4 16 -24.45 36.58 9 -16.84 40.65 9 -19.90 48.04 9 -28.89 43.24 9
 4 16 -24.45 36.58 -9 -16.84 40.65 -9 -19.90 48.04 -9 -28.89 43.24 -9
 4 16 -28.89 43.24 9 -19.90 48.04 9 -20.28 48.97 0 -29.45 44.07 0
 5 24 -28.89 43.24 9 -29.45 44.07 0 -19.90 48.04 9 -36.77 36.77 9
 4 16 -28.89 43.24 -9 -19.90 48.04 -9 -20.28 48.97 0 -29.45 44.07 0
 5 24 -28.89 43.24 -9 -29.45 44.07 0 -19.90 48.04 -9 -36.77 36.77 -9
 2 24 -15.69 37.88 6 -8 40.21 6
 2 24 -15.69 37.88 -6 -8 40.21 -6
 2 24 -16.84 40.65 7 -8.58 43.15 7
 2 24 -16.84 40.65 -7 -8.58 43.15 -7
 2 24 -16.84 40.65 9 -8.58 43.15 9
 2 24 -16.84 40.65 -9 -8.58 43.15 -9
 2 24 -17.60 42.50 9 -8.97 45.12 9
 2 24 -17.60 42.50 -9 -8.97 45.12 -9
 2 24 -18.37 44.35 9 -9.36 47.08 9
 2 24 -18.37 44.35 -9 -9.36 47.08 -9
 2 24 -19.13 46.19 9 -9.75 49.04 9
 2 24 -19.13 46.19 -9 -9.75 49.04 -9
 2 24 -19.90 48.04 9 -10.14 51 9
 2 24 -19.90 48.04 -9 -10.14 51 -9
 2 24 -20.28 48.97 0 -10.34 51.98 0
 4 16 -15.69 37.88 6 -8 40.21 6 -8 40.21 -6 -15.69 37.88 -6
 5 24 -15.69 37.88 6 -15.69 37.88 -6 -8 40.21 6 -22.78 34.09 6
 4 16 -16.84 40.65 7 -8.58 43.15 7 -8 40.21 6 -15.69 37.88 6
 5 24 -16.84 40.65 7 -15.69 37.88 6 -8.58 43.15 7 -24.45 36.58 7
 4 16 -16.84 40.65 -7 -8.58 43.15 -7 -8 40.21 -6 -15.69 37.88 -6
 5 24 -16.84 40.65 -7 -15.69 37.88 -6 -8.58 43.15 -7 -24.45 36.58 -7
 4 16 -16.84 40.65 9 -8.58 43.15 9 -8.58 43.15 7 -16.84 40.65 7
 5 24 -16.84 40.65 9 -16.84 40.65 7 -8.58 43.15 9 -24.45 36.58 9
 4 16 -16.84 40.65 -9 -8.58 43.15 -9 -8.58 43.15 -7 -16.84 40.65 -7
 5 24 -16.84 40.65 -9 -16.84 40.65 -7 -8.58 43.15 -9 -24.45 36.58 -9
 4 16 -16.84 40.65 9 -8.58 43.15 9 -10.14 51 9 -19.90 48.04 9
 4 16 -16.84 40.65 -9 -8.58 43.15 -9 -10.14 51 -9 -19.90 48.04 -9
 4 16 -19.90 48.04 9 -10.14 51 9 -10.34 51.98 0 -20.28 48.97 0
 5 24 -19.90 48.04 9 -20.28 48.97 0 -10.14 51 9 -28.89 43.24 9
 4 16 -19.90 48.04 -9 -10.14 51 -9 -10.34 51.98 0 -20.28 48.97 0
 5 24 -19.90 48.04 -9 -20.28 48.97 0 -10.14 51 -9 -28.89 43.24 -9
 2 24 -8 40.21 6 0 41 6
 2 24 -8 40.21 -6 0 41 -6
 2 24 -8.58 43.15 7 0 44 7
 2 24 -8.58 43.15 -7 0 44 -7
 2 24 -8.58 43.15 9 0 44 9
 2 24 -8.58 43.15 -9 0 44 -9
 2 24 -8.97 45.12 9 0 46 9
 2 24 -8.97 45.12 -9 0 46 -9
 2 24 -9.36 47.08 9 0 48 9
 2 24 -9.36 47.08 -9 0 48 -9
 2 24 -9.75 49.04 9 0 50 9
 2 24 -9.75 49.04 -9 0 50 -9
 2 24 -10.14 51 9 0 52 9
 2 24 -10.14 51 -9 0 52 -9
 2 24 -10.34 51.98 0 0 53 0
 4 16 -8 40.21 6 0 41 6 0 41 -6 -8 40.21 -6
 5 24 -8 40.21 6 -8 40.21 -6 0 41 6 -15.69 37.88 6
 4 16 -8.58 43.15 7 0 44 7 0 41 6 -8 40.21 6
 5 24 -8.58 43.15 7 -8 40.21 6 0 44 7 -16.84 40.65 7
 4 16 -8.58 43.15 -7 0 44 -7 0 41 -6 -8 40.21 -6
 5 24 -8.58 43.15 -7 -8 40.21 -6 0 44 -7 -16.84 40.65 -7
 4 16 -8.58 43.15 9 0 44 9 0 44 7 -8.58 43.15 7
 5 24 -8.58 43.15 9 -8.58 43.15 7 0 44 9 -16.84 40.65 9
 4 16 -8.58 43.15 -9 0 44 -9 0 44 -7 -8.58 43.15 -7
 5 24 -8.58 43.15 -9 -8.58 43.15 -7 0 44 -9 -16.84 40.65 -9
 4 16 -8.58 43.15 9 0 44 9 0 52 9 -10.14 51 9
 4 16 -8.58 43.15 -9 0 44 -9 0 52 -9 -10.14 51 -9
 4 16 -10.14 51 9 0 52 9 0 53 0 -10.34 51.98 0
 5 24 -10.14 51 9 -10.34 51.98 0 0 52 9 -19.90 48.04 9
 4 16 -10.14 51 -9 0 52 -9 0 53 0 -10.34 51.98 0
 5 24 -10.14 51 -9 -10.34 51.98 0 0 52 -9 -19.90 48.04 -9
 2 24 0 41 6 8 40.21 6
 2 24 0 41 -6 8 40.21 -6
 2 24 0 44 7 8.58 43.15 7
 2 24 0 44 -7 8.58 43.15 -7
 2 24 0 44 9 8.58 43.15 9
 2 24 0 44 -9 8.58 43.15 -9
 2 24 0 46 9 8.97 45.12 9
 2 24 0 46 -9 8.97 45.12 -9
 2 24 0 48 9 9.36 47.08 9
 2 24 0 48 -9 9.36 47.08 -9
 2 24 0 50 9 9.75 49.04 9
 2 24 0 50 -9 9.75 49.04 -9
 2 24 0 52 9 10.14 51 9
 2 24 0 52 -9 10.14 51 -9
 2 24 0 53 0 10.34 51.98 0
 4 16 0 41 6 8 40.21 6 8 40.21 -6 0 41 -6
 5 24 0 41 6 0 41 -6 8 40.21 6 -8 40.21 6
 4 16 0 44 7 8.58 43.15 7 8 40.21 6 0 41 6
 5 24 0 44 7 0 41 6 8.58 43.15 7 -8.58 43.15 7
 4 16 0 44 -7 8.58 43.15 -7 8 40.21 -6 0 41 -6
 5 24 0 44 -7 0 41 -6 8.58 43.15 -7 -8.58 43.15 -7
 4 16 0 44 9 8.58 43.15 9 8.58 43.15 7 0 44 7
 5 24 0 44 9 0 44 7 8.58 43.15 9 -8.58 43.15 9
 4 16 0 44 -9 8.58 43.15 -9 8.58 43.15 -7 0 44 -7
 5 24 0 44 -9 0 44 -7 8.58 43.15 -9 -8.58 43.15 -9
 4 16 0 44 9 8.58 43.15 9 10.14 51 9 0 52 9
 4 16 0 44 -9 8.58 43.15 -9 10.14 51 -9 0 52 -9
 4 16 0 52 9 10.14 51 9 10.34 51.98 0 0 53 0
 5 24 0 52 9 0 53 0 10.14 51 9 -10.14 51 9
 4 16 0 52 -9 10.14 51 -9 10.34 51.98 0 0 53 0
 5 24 0 52 -9 0 53 0 10.14 51 -9 -10.14 51 -9
 2 24 8 40.21 6 15.69 37.88 6
 2 24 8 40.21 -6 15.69 37.88 -6
 2 24 8.58 43.15 7 16.84 40.65 7
 2 24 8.58 43.15 -7 16.84 40.65 -7
 2 24 8.58 43.15 9 16.84 40.65 9
 2 24 8.58 43.15 -9 16.84 40.65 -9
 2 24 8.97 45.12 9 17.60 42.50 9
 2 24 8.97 45.12 -9 17.60 42.50 -9
 2 24 9.36 47.08 9 18.37 44.35 9
 2 24 9.36 47.08 -9 18.37 44.35 -9
 2 24 9.75 49.04 9 19.13 46.19 9
 2 24 9.75 49.04 -9 19.13 46.19 -9
 2 24 10.14 51 9 19.90 48.04 9
 2 24 10.14 51 -9 19.90 48.04 -9
 2 24 10.34 51.98 0 20.28 48.97 0
 4 16 8 40.21 6 15.69 37.88 6 15.69 37.88 -6 8 40.21 -6
 5 24 8 40.21 6 8 40.21 -6 15.69 37.88 6 0 41 6
 4 16 8.58 43.15 7 16.84 40.65 7 15.69 37.88 6 8 40.21 6
 5 24 8.58 43.15 7 8 40.21 6 16.84 40.65 7 0 44 7
 4 16 8.58 43.15 -7 16.84 40.65 -7 15.69 37.88 -6 8 40.21 -6
 5 24 8.58 43.15 -7 8 40.21 -6 16.84 40.65 -7 0 44 -7
 4 16 8.58 43.15 9 16.84 40.65 9 16.84 40.65 7 8.58 43.15 7
 5 24 8.58 43.15 9 8.58 43.15 7 16.84 40.65 9 0 44 9
 4 16 8.58 43.15 -9 16.84 40.65 -9 16.84 40.65 -7 8.58 43.15 -7
 5 24 8.58 43.15 -9 8.58 43.15 -7 16.84 40.65 -9 0 44 -9
 4 16 8.58 43.15 9 16.84 40.65 9 19.90 48.04 9 10.14 51 9
 4 16 8.58 43.15 -9 16.84 40.65 -9 19.90 48.04 -9 10.14 51 -9
 4 16 10.14 51 9 19.90 48.04 9 20.28 48.97 0 10.34 51.98 0
 5 24 10.14 51 9 10.34 51.98 0 19.90 48.04 9 0 52 9
 4 16 10.14 51 -9 19.90 48.04 -9 20.28 48.97 0 10.34 51.98 0
 5 24 10.14 51 -9 10.34 51.98 0 19.90 48.04 -9 0 52 -9
 2 24 15.69 37.88 6 22.78 34.09 6
 2 24 15.69 37.88 -6 22.78 34.09 -6
 2 24 16.84 40.65 7 24.45 36.58 7
 2 24 16.84 40.65 -7 24.45 36.58 -7
 2 24 16.84 40.65 9 24.45 36.58 9
 2 24 16.84 40.65 -9 24.45 36.58 -9
 2 24 17.60 42.50 9 25.56 38.25 9
 2 24 17.60 42.50 -9 25.56 38.25 -9
 2 24 18.37 44.35 9 26.67 39.91 9
 2 24 18.37 44.35 -9 26.67 39.91 -9
 2 24 19.13 46.19 9 27.78 41.57 9
 2 24 19.13 46.19 -9 27.78 41.57 -9
 2 24 19.90 48.04 9 28.89 43.24 9
 2 24 19.90 48.04 -9 28.89 43.24 -9
 2 24 20.28 48.97 0 29.45 44.07 0
 4 16 15.69 37.88 6 22.78 34.09 6 22.78 34.09 -6 15.69 37.88 -6
 5 24 15.69 37.88 6 15.69 37.88 -6 22.78 34.09 6 8 40.21 6
 4 16 16.84 40.65 7 24.45 36.58 7 22.78 34.09 6 15.69 37.88 6
 5 24 16.84 40.65 7 15.69 37.88 6 24.45 36.58 7 8.58 43.15 7
 4 16 16.84 40.65 -7 24.45 36.58 -7 22.78 34.09 -6 15.69 37.88 -6
 5 24 16.84 40.65 -7 15.69 37.88 -6 24.45 36.58 -7 8.58 43.15 -7
 4 16 16.84 40.65 9 24.45 36.58 9 24.45 36.58 7 16.84 40.65 7
 5 24 16.84 40.65 9 16.84 40.65 7 24.45 36.58 9 8.58 43.15 9
 4 16 16.84 40.65 -9 24.45 36.58 -9 24.45 36.58 -7 16.84 40.65 -7
 5 24 16.84 40.65 -9 16.84 40.65 -7 24.45 36.58 -9 8.58 43.15 -9
 4 16 16.84 40.65 9 24.45 36.58 9 28.89 43.24 9 19.90 48.04 9
 4 16 16.84 40.65 -9 24.45 36.58 -9 28.89 43.24 -9 19.90 48.04 -9
 4 16 19.90 48.04 9 28.89 43.24 9 29.45 44.07 0 20.28 48.97 0
 5 24 19.90 48.04 9 20.28 48.97 0 28.89 43.24 9 10.14 51 9
 4 16 19.90 48.04 -9 28.89 43.24 -9 29.45 44.07 0 20.28 48.97 0
 5 24 19.90 48.04 -9 20.28 48.97 0 28.89 43.24 -9 10.14 51 -9
 2 24 22.78 34.09 6 28.99 28.99 6
 2 24 22.78 34.09 -6 28.99 28.99 -6
 2 24 24.45 36.58 7 31.11 31.11 7
 2 24 24.45 36.58 -7 31.11 31.11 -7
 2 24 24.45 36.58 9 31.11 31.11 9
 2 24 24.45 36.58 -9 31.11 31.11 -9
 2 24 25.56 38.25 9 32.53 32.53 9
 2 24 25.56 38.25 -9 32.53 32.53 -9
 2 24 26.67 39.91 9 33.94 33.94 9
 2 24 26.67 39.91 -9 33.94 33.94 -9
 2 24 27.78 41.57 9 35.36 35.36 9
 2 24 27.78 41.57 -9 35.36 35.36 -9
 2 24 28.89 43.24 9 36.77 36.77 9
 2 24 28.89 43.24 -9 36.77 36.77 -9
 2 24 29.45 44.07 0 37.48 37.48 0
 4 16 22.78 34.09 6 28.99 28.99 6 28.99 28.99 -6 22.78 34.09 -6
 5 24 22.78 34.09 6 22.78 34.09 -6 28.99 28.99 6 15.69 37.88 6
 4 16 24.45 36.58 7 31.11 31.11 7 28.99 28.99 6 22.78 34.09 6
 5 24 24.45 36.58 7 22.78 34.09 6 31.11 31.11 7 16.84 40.65 7
 4 16 24.45 36.58 -7 31.11 31.11 -7 28.99 28.99 -6 22.78 34.09 -6
 5 24 24.45 36.58 -7 22.78 34.09 -6 31.11 31.11 -7 16.84 40.65 -7
 4 16 24.45 36.58 9 31.11 31.11 9 31.11 31.11 7 24.45 36.58 7
 5 24 24.45 36.58 9 24.45 36.58 7 31.11 31.11 9 16.84 40.65 9
 4 16 24.45 36.58 -9 31.11 31.11 -9 31.11 31.11 -7 24.45 36.58 -7
 5 24 24.45 36.58 -9 24.45 36.58 -7 31.11 31.11 -9 16.84 40.65 -9
 4 16 24.45 36.58 9 31.11 31.11 9 36.77 36.77 9 28.89 43.24 9
 4 16 24.45 36.58 -9 31.11 31.11 -9 36.77 36.77 -9 28.89 43.24 -9
 4 16 28.89 43.24 9 36.77 36.77 9 37.48 37.48 0 29.45 44.07 0
 5 24 28.89 43.24 9 29.45 44.07 0 36.77 36.77 9 19.90 48.04 9
 4 16 28.89 43.24 -9 36.77 36.77 -9 37.48 37.48 0 29.45 44.07 0
 5 24 28.89 43.24 -9 29.45 44.07 0 36.77 36.77 -9 19.90 48.04 -9
 2 24 28.99 28.99 6 34.09 22.78 6
 2 24 28.99 28.99 -6 34.09 22.78 -6
 2 24 31.11 31.11 7 36.58 24.45 7
 2 24 31.11 31.11 -7 36.58 24.45 -7
 2 24 31.11 31.11 9 36.58 24.45 9
 2 24 31.11 31.11 -9 36.58 24.45 -9
 2 24 32.53 32.53 9 38.25 25.56 9
 2 24 32.53 32.53 -9 38.25 25.56 -9
 2 24 33.94 33.94 9 39.91 26.67 9
 2 24 33.94 33.94 -9 39.91 26.67 -9
 2 24 35.36 35.36 9 41.57 27.78 9
 2 24 35.36 35.36 -9 41.57 27.78 -9
 2 24 36.77 36.77 9 43.24 28.89 9
 2 24 36.77 36.77 -9 43.24 28.89 -9
 2 24 37.48 37.48 0 44.07 29.45 0
 4 16 28.99 28.99 6 34.09 22.78 6 34.09 22.78 -6 28.99 28.99 -6
 5 24 28.99 28.99 6 28.99 28.99 -6 34.09 22.78 6 22.78 34.09 6
 4 16 31.11 31.11 7 36.58 24.45 7 34.09 22.78 6 28.99 28.99 6
 5 24 31.11 31.11 7 28.99 28.99 6 36.58 24.45 7 24.45 36.58 7
 4 16 31.11 31.11 -7 36.58 24.45 -7 34.09 22.78 -6 28.99 28.99 -6
 5 24 31.11 31.11 -7 28.99 28.99 -6 36.58 24.45 -7 24.45 36.58 -7
 4 16 31.11 31.11 9 36.58 24.45 9 36.58 24.45 7 31.11 31.11 7
 5 24 31.11 31.11 9 31.11 31.11 7 36.58 24.45 9 24.45 36.58 9
 4 16 31.11 31.11 -9 36.58 24.45 -9 36.58 24.45 -7 31.11 31.11 -7
 5 24 31.11 31.11 -9 31.11 31.11 -7 36.58 24.45 -9 24.45 36.58 -9
 4 16 31.11 31.11 9 36.58 24.45 9 43.24 28.89 9 36.77 36.77 9
 4 16 31.11 31.11 -9 36.58 24.45 -9 43.24 28.89 -9 36.77 36.77 -9
 4 16 36.77 36.77 9 43.24 28.89 9 44.07 29.45 0 37.48 37.48 0
 5 24 36.77 36.77 9 37.48 37.48 0 43.24 28.89 9 28.89 43.24 9
 4 16 36.77 36.77 -9 43.24 28.89 -9 44.07 29.45 0 37.48 37.48 0
 5 24 36.77 36.77 -9 37.48 37.48 0 43.24 28.89 -9 28.89 43.24 -9
 2 24 34.09 22.78 6 37.88 15.69 6
 2 24 34.09 22.78 -6 37.88 15.69 -6
 2 24 36.58 24.45 7 40.65 16.84 7
 2 24 36.58 24.45 -7 40.65 16.84 -7
 2 24 36.58 24.45 9 40.65 16.84 9
 2 24 36.58 24.45 -9 40.65 16.84 -9
 2 24 38.25 25.56 9 42.50 17.60 9
 2 24 38.25 25.56 -9 42.50 17.60 -9
 2 24 39.91 26.67 9 44.35 18.37 9
 2 24 39.91 26.67 -9 44.35 18.37 -9
 2 24 41.57 27.78 9 46.19 19.13 9
 2 24 41.57 27.78 -9 46.19 19.13 -9
 2 24 43.24 28.89 9 48.04 19.90 9
 2 24 43.24 28.89 -9 48.04 19.90 -9
 2 24 44.07 29.45 0 48.97 20.28 0
 4 16 34.09 22.78 6 37.88 15.69 6 37.88 15.69 -6 34.09 22.78 -6
 5 24 34.09 22.78 6 34.09 22.78 -6 37.88 15.69 6 28.99 28.99 6
 4 16 36.58 24.45 7 40.65 16.84 7 37.88 15.69 6 34.09 22.78 6
 5 24 36.58 24.45 7 34.09 22.78 6 40.65 16.84 7 31.11 31.11 7
 4 16 36.58 24.45 -7 40.65 16.84 -7 37.88 15.69 -6 34.09 22.78 -6
 5 24 36.58 24.45 -7 34.09 22.78 -6 40.65 16.84 -7 31.11 31.11 -7
 4 16 36.58 24.45 9 40.65 16.84 9 40.65 16.84 7 36.58 24.45 7
 5 24 36.58 24.45 9 36.58 24.45 7 40.65 16.84 9 31.11 31.11 9
 4 16 36.58 24.45 -9 40.65 16.84 -9 40.65 16.84 -7 36.58 24.45 -7
 5 24 36.58 24.45 -9 36.58 24.45 -7 40.65 16.84 -9 31.11 31.11 -9
 4 16 36.58 24.45 9 40.65 16.84 9 48.04 19.90 9 43.24 28.89 9
 4 16 36.58 24.45 -9 40.65 16.84 -9 48.04 19.90 -9 43.24 28.89 -9
 4 16 43.24 28.89 9 48.04 19.90 9 48.97 20.28 0 44.07 29.45 0
 5 24 43.24 28.89 9 44.07 29.45 0 48.04 19.90 9 36.77 36.77 9
 4 16 43.24 28.89 -9 48.04 19.90 -9 48.97 20.28 0 44.07 29.45 0
 5 24 43.24 28.89 -9 44.07 29.45 0 48.04 19.90 -9 36.77 36.77 -9
 2 24 37.88 15.69 6 40.21 8 6
 2 24 37.88 15.69 -6 40.21 8 -6
 2 24 40.65 16.84 7 43.15 8.58 7
 2 24 40.65 16.84 -7 43.15 8.58 -7
 2 24 40.65 16.84 9 43.15 8.58 9
 2 24 40.65 16.84 -9 43.15 8.58 -9
 2 24 42.50 17.60 9 45.12 8.97 9
 2 24 42.50 17.60 -9 45.12 8.97 -9
 2 24 44.35 18.37 9 47.08 9.36 9
 2 24 44.35 18.37 -9 47.08 9.36 -9
 2 24 46.19 19.13 9 49.04 9.75 9
 2 24 46.19 19.13 -9 49.04 9.75 -9
 2 24 48.04 19.90 9 51 10.14 9
 2 24 48.04 19.90 -9 51 10.14 -9
 2 24 48.97 20.28 0 51.98 10.34 0
 4 16 37.88 15.69 6 40.21 8 6 40.21 8 -6 37.88 15.69 -6
 5 24 37.88 15.69 6 37.88 15.69 -6 40.21 8 6 34.09 22.78 6
 4 16 40.65 16.84 7 43.15 8.58 7 40.21 8 6 37.88 15.69 6
 5 24 40.65 16.84 7 37.88 15.69 6 43.15 8.58 7 36.58 24.45 7
 4 16 40.65 16.84 -7 43.15 8.58 -7 40.21 8 -6 37.88 15.69 -6
 5 24 40.65 16.84 -7 37.88 15.69 -6 43.15 8.58 -7 36.58 24.45 -7
 4 16 40.65 16.84 9 43.15 8.58 9 43.15 8.58 7 40.65 16.84 7
 5 24 40.65 16.84 9 40.65 16.84 7 43.15 8.58 9 36.58 24.45 9
 4 16 40.65 16.84 -9 43.15 8.58 -9 43.15 8.58 -7 40.65 16.84 -7
 5 24 40.65 16.84 -9 40.65 16.84 -7 43.15 8.58 -9 36.58 24.45 -9
 4 16 40.65 16.84 9 43.15 8.58 9 51 10.14 9 48.04 19.90 9
 4 16 40.65 16.84 -9 43.15 8.58 -9 51 10.14 -9 48.04 19.90 -9
 4 16 48.04 19.90 9 51 10.14 9 51.98 10.34 0 48.97 20.28 0
 5 24 48.04 19.90 9 48.97 20.28 0 51 10.14 9 43.24 28.89 9
 4 16 48.04 19.90 -9 51 10.14 -9 51.98 10.34 0 48.97 20.28 0
 5 24 48.04 19.90 -9 48.97 20.28 0 51 10.14 -9 43.24 28.89 -9
 2 24 40.21 8 6 41 0 6
 2 24 40.21 8 -6 41 0 -6
 2 24 43.15 8.58 7 44 0 7
 2 24 43.15 8.58 -7 44 0 -7
 2 24 43.15 8.58 9 44 0 9
 2 24 43.15 8.58 -9 44 0 -9
 2 24 45.12 8.97 9 46 0 9
 2 24 45.12 8.97 -9 46 0 -9
 2 24 47.08 9.36 9 48 0 9
 2 24 47.08 9.36 -9 48 0 -9
 2 24 49.04 9.75 9 50 0 9
 2 24 49.04 9.75 -9 50 0 -9
 2 24 51 10.14 9 52 0 9
 2 24 51 10.14 -9 52 0 -9
 2 24 51.98 10.34 0 53 0 0
 4 16 40.21 8 6 41 0 6 41 0 -6 40.21 8 -6
 5 24 40.21 8 6 40.21 8 -6 41 0 6 37.88 15.69 6
 4 16 43.15 8.58 7 44 0 7 41 0 6 40.21 8 6
 5 24 43.15 8.58 7 40.21 8 6 44 0 7 40.65 16.84 7
 4 16 43.15 8.58 -7 44 0 -7 41 0 -6 40.21 8 -6
 5 24 43.15 8.58 -7 40.21 8 -6 44 0 -7 40.65 16.84 -7
 4 16 43.15 8.58 9 44 0 9 44 0 7 43.15 8.58 7
 5 24 43.15 8.58 9 43.15 8.58 7 44 0 9 40.65 16.84 9
 4 16 43.15 8.58 -9 44 0 -9 44 0 -7 43.15 8.58 -7
 5 24 43.15 8.58 -9 43.15 8.58 -7 44 0 -9 40.65 16.84 -9
 4 16 43.15 8.58 9 44 0 9 52 0 9 51 10.14 9
 4 16 43.15 8.58 -9 44 0 -9 52 0 -9 51 10.14 -9
 4 16 51 10.14 9 52 0 9 53 0 0 51.98 10.34 0
 5 24 51 10.14 9 51.98 10.34 0 52 0 9 48.04 19.90 9
 4 16 51 10.14 -9 52 0 -9 53 0 0 51.98 10.34 0
 5 24 51 10.14 -9 51.98 10.34 0 52 0 -9 48.04 19.90 -9
0
