0 Minifig Head with SW Darth Maul Pattern
0 Name: 3626bps8.dat
0 Author: Daniel Crichton (danielc@helio.co.uk)
0 LDRAW_ORG Part UPDATE 2002-02

0 KEYWORDS Star Wars, Episode One, Sith Lord, apprentice, villian
0 KEYWORDS Sith Infiltrator
0 CMDLINE -c0

1 16 0 0 0 1 0 0 0 1 0 0 0 1 s\3626bs01.dat
4 4 0 12.1042 -13 0.23494 11.8125 -12.9533 1.40964 12.25 -12.7195 0 13.5625 -13
4 4 0 12.1042 -13 -0.23494 11.8125 -12.9533 -1.40964 12.25 -12.7195 0 13.5625 -13
4 4 0.23494 11.8125 -12.9533 0.23494 10.6458 -12.9533 1.64458 10.6458 -12.6727 1.40964 12.25 -12.7195
4 4 -0.23494 11.8125 -12.9533 -0.23494 10.6458 -12.9533 -1.64458 10.6458 -12.6727 -1.40964 12.25 -12.7195
4 4 1.40964 12.25 -12.7195 1.64458 10.6458 -12.6727 2.3494 10.6458 -12.5325 2.19277 11.7396 -12.5637
4 4 -1.40964 12.25 -12.7195 -1.64458 10.6458 -12.6727 -2.3494 10.6458 -12.5325 -2.19277 11.7396 -12.5637
4 4 2.19277 11.7396 -12.5637 2.3494 10.6458 -12.5325 3.75904 11.375 -12.252 3.13253 11.8125 -12.3766
4 4 -2.19277 11.7396 -12.5637 -2.3494 10.6458 -12.5325 -3.75904 11.375 -12.252 -3.13253 11.8125 -12.3766
4 4 3.75904 11.375 -12.252 4.22892 11.0833 -12.1585 4.975 11.8983 -12.01 4.69879 15.0208 -12.065
4 4 -3.75904 11.375 -12.252 -4.22892 11.0833 -12.1585 -4.975 11.8983 -12.01 -4.69879 15.0208 -12.065
3 4 3.13253 11.8125 -12.3766 3.75904 11.375 -12.252 4.69879 15.0208 -12.065
3 4 -3.13253 11.8125 -12.3766 -3.75904 11.375 -12.252 -4.69879 15.0208 -12.065
3 4 4.975 11.8983 -12.01 6.89157 13.8542 -10.7293 4.975 14.8542 -12.01
3 4 -4.975 11.8983 -12.01 -6.89157 13.8542 -10.7293 -4.975 14.8542 -12.01
3 4 4.975 11.8983 -12.01 4.975 14.8542 -12.01 4.69879 15.0208 -12.065
3 4 -4.975 11.8983 -12.01 -4.975 14.8542 -12.01 -4.69879 15.0208 -12.065
3 4 0.23494 10.6458 -12.9533 0.783133 10.2083 -12.8442 1.64458 10.6458 -12.6727
3 4 -0.23494 10.6458 -12.9533 -0.783133 10.2083 -12.8442 -1.64458 10.6458 -12.6727
4 4 0.783133 10.2083 -12.8442 0.23494 9.33333 -12.9533 1.72289 9.1875 -12.6572 1.64458 10.6458 -12.6727
4 4 -0.783133 10.2083 -12.8442 -0.23494 9.33333 -12.9533 -1.72289 9.1875 -12.6572 -1.64458 10.6458 -12.6727
4 4 0.23494 9.33333 -12.9533 0.23494 4 -12.9533 1.40964 6.70833 -12.7195 1.72289 9.1875 -12.6572
4 4 -0.23494 9.33333 -12.9533 -0.23494 4 -12.9533 -1.40964 6.70833 -12.7195 -1.72289 9.1875 -12.6572
4 4 1.72289 9.1875 -12.6572 1.40964 6.70833 -12.7195 2.66265 8.60417 -12.4702 2.50602 9.04167 -12.5013
4 4 -1.72289 9.1875 -12.6572 -1.40964 6.70833 -12.7195 -2.66265 8.60417 -12.4702 -2.50602 9.04167 -12.5013
4 4 1.40964 6.70833 -12.7195 0.23494 4 -12.9533 2.50602 4 -12.5013 2.3494 6.125 -12.5325
4 4 -1.40964 6.70833 -12.7195 -0.23494 4 -12.9533 -2.50602 4 -12.5013 -2.3494 6.125 -12.5325
4 4 0.23494 4 -12.9533 2.19277 2.1875 -11.6253 3.13253 3.20833 -11.9668 2.50602 4 -12.5013
4 4 -0.23494 4 -12.9533 -2.19277 2.1875 -11.6253 -3.13253 3.20833 -11.9668 -2.50602 4 -12.5013
4 4 3.13253 3.20833 -11.9668 2.19277 2.1875 -11.6253 4.61609 2.1875 -11.1435 4.86155 3.42708 -11.7361
4 4 -3.13253 3.20833 -11.9668 -2.19277 2.1875 -11.6253 -4.61609 2.1875 -11.1435 -4.86155 3.42708 -11.7361
4 4 4.86155 3.42708 -11.7361 4.61609 2.1875 -11.1435 6.89157 2.1875 -9.6229 5.63855 3.5 -11.2614
4 4 -4.86155 3.42708 -11.7361 -4.61609 2.1875 -11.1435 -6.89157 2.1875 -9.6229 -5.63855 3.5 -11.2614
4 4 5.63855 3.5 -11.2614 6.89157 2.1875 -9.6229 7.51807 2.77083 -9.56031 6.26506 3.9375 -11.1098
4 4 -5.63855 3.5 -11.2614 -6.89157 2.1875 -9.6229 -7.51807 2.77083 -9.56031 -6.26506 3.9375 -11.1098
3 4 6.26506 3.9375 -11.1098 7.51807 2.77083 -9.56031 7.6747 3.79167 -10.0788
3 4 -6.26506 3.9375 -11.1098 -7.51807 2.77083 -9.56031 -7.6747 3.79167 -10.0788
4 4 3.44578 4 -12.3143 3.75904 3.35417 -11.9176 4.93058 3.77569 -11.9028 4.85542 4 -12.0338
4 4 -3.44578 4 -12.3143 -3.75904 3.35417 -11.9176 -4.93058 3.77569 -11.9028 -4.85542 4 -12.0338
3 4 3.44578 4 -12.3143 4.85542 4 -12.0338 4.38554 4.66667 -12.1273
3 4 -3.44578 4 -12.3143 -4.85542 4 -12.0338 -4.38554 4.66667 -12.1273
4 4 4.38554 4.66667 -12.1273 4.85542 4 -12.0338 4.975 4 -12.01 4.975 4.66667 -12.01
4 4 -4.38554 4.66667 -12.1273 -4.85542 4 -12.0338 -4.975 4 -12.01 -4.975 4.66667 -12.01
3 4 4.85542 4 -12.0338 4.93058 3.77569 -11.9028 4.975 4 -12.01
3 4 -4.85542 4 -12.0338 -4.93058 3.77569 -11.9028 -4.975 4 -12.01
3 4 4.975 4 -12.01 4.93058 3.77569 -11.9028 5.24699 4 -11.8282
3 4 -4.975 4 -12.01 -4.93058 3.77569 -11.9028 -5.24699 4 -11.8282
4 4 4.975 4 -12.01 5.24699 4 -11.8282 5.95181 4.66667 -11.3573 4.975 4.66667 -12.01
4 4 -4.975 4 -12.01 -5.24699 4 -11.8282 -5.95181 4.66667 -11.3573 -4.975 4.66667 -12.01
4 4 4.38554 4.66667 -12.1273 4.975 4.66667 -12.01 4.975 6.41667 -12.01 3.75904 5.83333 -12.252
4 4 -4.38554 4.66667 -12.1273 -4.975 4.66667 -12.01 -4.975 6.41667 -12.01 -3.75904 5.83333 -12.252
4 4 4.975 4.66667 -12.01 5.95181 4.66667 -11.3573 5.3253 6.85417 -11.7759 4.975 6.41667 -12.01
4 4 -4.975 4.66667 -12.01 -5.95181 4.66667 -11.3573 -5.3253 6.85417 -11.7759 -4.975 6.41667 -12.01
4 4 3.60241 8.16667 -12.2831 2.9759 5.97917 -12.4078 3.75904 5.83333 -12.252 4.975 6.41667 -12.01
4 4 -3.60241 8.16667 -12.2831 -2.9759 5.97917 -12.4078 -3.75904 5.83333 -12.252 -4.975 6.41667 -12.01
3 4 4.975 6.41667 -12.01 5.3253 6.85417 -11.7759 4.975 7.09281 -12.01
3 4 -4.975 6.41667 -12.01 -5.3253 6.85417 -11.7759 -4.975 7.09281 -12.01
3 4 3.60241 8.16667 -12.2831 4.975 6.41667 -12.01 4.975 7.09281 -12.01
3 4 -3.60241 8.16667 -12.2831 -4.975 6.41667 -12.01 -4.975 7.09281 -12.01
3 4 2.03614 6.70833 -12.5948 2.9759 5.97917 -12.4078 3.60241 8.16667 -12.2831
3 4 -2.03614 6.70833 -12.5948 -2.9759 5.97917 -12.4078 -3.60241 8.16667 -12.2831
3 4 5.3253 6.85417 -11.7759 5.95181 4.66667 -11.3573 5.95181 6.85417 -11.3573
3 4 -5.3253 6.85417 -11.7759 -5.95181 4.66667 -11.3573 -5.95181 6.85417 -11.3573
4 4 5.95181 6.85417 -11.3573 5.95181 4.66667 -11.3573 7.98795 4 -9.9966 8.92771 6.41667 -9.36861
4 4 -5.95181 6.85417 -11.3573 -5.95181 4.66667 -11.3573 -7.98795 4 -9.9966 -8.92771 6.41667 -9.36861
4 4 8.92771 6.41667 -9.36861 7.98795 4 -9.9966 9.192 5.31682 -9.192 9.192 5.92451 -9.192
4 4 -8.92771 6.41667 -9.36861 -7.98795 4 -9.9966 -9.192 5.31682 -9.192 -9.192 5.92451 -9.192
3 4 9.192 5.31682 -9.192 9.192 5.92451 -9.192 9.39759 5.54167 -8.88434
3 4 -9.192 5.31682 -9.192 -9.192 5.92451 -9.192 -9.39759 5.54167 -8.88434
3 4 7.98795 4 -9.9966 9.192 4 -9.192 9.192 5.31682 -9.192
3 4 -7.98795 4 -9.9966 -9.192 4 -9.192 -9.192 5.31682 -9.192
3 4 7.98795 4 -9.9966 9.192 4 -9.192 8.94383 3.3219 -8.94382
3 4 -7.98795 4 -9.9966 -9.192 4 -9.192 -8.94383 3.3219 -8.94382
4 4 8.94383 3.3219 -8.94382 10.3374 2.33333 -5.95527 10.8072 3.79167 -6.58454 10.6394 4 -7.02601
4 4 -8.94383 3.3219 -8.94382 -10.3374 2.33333 -5.95527 -10.8072 3.79167 -6.58454 -10.6394 4 -7.02601
4 4 10.6394 4 -7.02601 9.39759 5.54167 -8.88434 9.192 5.31682 -9.192 9.192 4 -9.192
4 4 -10.6394 4 -7.02601 -9.39759 5.54167 -8.88434 -9.192 5.31682 -9.192 -9.192 4 -9.192
3 4 8.94383 3.3219 -8.94382 10.6394 4 -7.02601 9.192 4 -9.192
3 4 -8.94383 3.3219 -8.94382 -10.6394 4 -7.02601 -9.192 4 -9.192
4 4 7.98795 4 -9.9966 7.98795 2.91667 -9.33533 8.61688 2.42856 -8.61688 8.94383 3.3219 -8.94382
4 4 -7.98795 4 -9.9966 -7.98795 2.91667 -9.33533 -8.61688 2.42856 -8.61688 -8.94383 3.3219 -8.94382
4 4 8.61688 2.42856 -8.61688 8.94383 3.3219 -8.94382 10.3374 2.33333 -5.95527 9.192 2.21484 -7.56098
4 4 -8.61688 2.42856 -8.61688 -8.94383 3.3219 -8.94382 -10.3374 2.33333 -5.95527 -9.192 2.21484 -7.56098
3 4 10.3374 2.33333 -5.95527 10.8072 2.625 -5.51861 10.8072 3.79167 -6.58454
3 4 -10.3374 2.33333 -5.95527 -10.8072 2.625 -5.51861 -10.8072 3.79167 -6.58454
3 4 10.8072 3.79167 -6.58454 10.6394 4 -7.02601 10.7078 4 -6.92371
3 4 -10.8072 3.79167 -6.58454 -10.6394 4 -7.02601 -10.7078 4 -6.92371
4 4 9.39759 5.54167 -8.88434 10.6394 4 -7.02601 10.7078 4 -6.92371 10.1807 5.10417 -7.71243
4 4 -9.39759 5.54167 -8.88434 -10.6394 4 -7.02601 -10.7078 4 -6.92371 -10.1807 5.10417 -7.71243
3 4 5.95181 6.85417 -11.3573 8.92771 6.41667 -9.36861 7.04819 8.45833 -10.6246
3 4 -5.95181 6.85417 -11.3573 -8.92771 6.41667 -9.36861 -7.04819 8.45833 -10.6246
4 4 7.04819 8.45833 -10.6246 8.92771 6.41667 -9.36861 9.192 7.97106 -9.192 7.36145 9.91667 -10.4153
4 4 -7.04819 8.45833 -10.6246 -8.92771 6.41667 -9.36861 -9.192 7.97106 -9.192 -7.36145 9.91667 -10.4153
3 4 7.36145 9.91667 -10.4153 9.192 9.26134 -9.192 9.192 7.97106 -9.192
3 4 -7.36145 9.91667 -10.4153 -9.192 9.26134 -9.192 -9.192 7.97106 -9.192
3 4 9.192 9.26134 -9.192 9.192 7.97106 -9.192 9.39759 9.1875 -8.88434
3 4 -9.192 9.26134 -9.192 -9.192 7.97106 -9.192 -9.39759 9.1875 -8.88434
4 4 8.61446 9.47917 -9.57794 9.192 9.26134 -9.192 9.192 11.7018 -9.192 6.73494 11.375 -10.8339
4 4 -8.61446 9.47917 -9.57794 -9.192 9.26134 -9.192 -9.192 11.7018 -9.192 -6.73494 11.375 -10.8339
4 4 9.192 9.26134 -9.192 9.39759 9.1875 -8.88434 10.0241 11.8125 -7.9468 9.192 11.7018 -9.192
4 4 -9.192 9.26134 -9.192 -9.39759 9.1875 -8.88434 -10.0241 11.8125 -7.9468 -9.192 11.7018 -9.192
4 4 6.73494 11.375 -10.8339 9.192 11.7018 -9.192 9.192 13.7069 -9.192 7.98795 14.5833 -9.9966
4 4 -6.73494 11.375 -10.8339 -9.192 11.7018 -9.192 -9.192 13.7069 -9.192 -7.98795 14.5833 -9.9966
3 4 7.98795 14.5833 -9.9966 9.192 13.7069 -9.192 8.61446 15.0208 -9.57794
3 4 -7.98795 14.5833 -9.9966 -9.192 13.7069 -9.192 -8.61446 15.0208 -9.57794
3 4 9.192 11.7018 -9.192 10.0241 11.8125 -7.9468 9.192 13.7069 -9.192
3 4 -9.192 11.7018 -9.192 -10.0241 11.8125 -7.9468 -9.192 13.7069 -9.192
4 4 7.36145 14.2917 -10.4153 8.61446 15.0208 -9.57794 4.975 16.7708 -12.01 4.975 15.4498 -12.01
4 4 -7.36145 14.2917 -10.4153 -8.61446 15.0208 -9.57794 -4.975 16.7708 -12.01 -4.975 15.4498 -12.01
3 4 4.975 16.7708 -12.01 4.69879 15.6042 -12.065 4.975 15.4498 -12.01
3 4 -4.975 16.7708 -12.01 -4.69879 15.6042 -12.065 -4.975 15.4498 -12.01
4 4 4.69879 15.6042 -12.065 4.975 16.7708 -12.01 2.19277 14.1458 -12.5637 2.81928 11.9583 -12.439
4 4 -4.69879 15.6042 -12.065 -4.975 16.7708 -12.01 -2.19277 14.1458 -12.5637 -2.81928 11.9583 -12.439
3 4 2.19277 14.1458 -12.5637 2.03614 12.8333 -12.5948 2.81928 11.9583 -12.439
3 4 -2.19277 14.1458 -12.5637 -2.03614 12.8333 -12.5948 -2.81928 11.9583 -12.439
4 4 2.03614 12.8333 -12.5948 1.40964 12.25 -12.7195 2.19277 11.7396 -12.5637 2.81928 11.9583 -12.439
4 4 -2.03614 12.8333 -12.5948 -1.40964 12.25 -12.7195 -2.19277 11.7396 -12.5637 -2.81928 11.9583 -12.439
3 4 2.03614 12.8333 -12.5948 2.19277 14.1458 -12.5637 1.56627 13.125 -12.6883
3 4 -2.03614 12.8333 -12.5948 -2.19277 14.1458 -12.5637 -1.56627 13.125 -12.6883
4 4 1.56627 13.125 -12.6883 2.19277 14.1458 -12.5637 0.783133 15.0208 -12.8442 0 14.5833 -13
4 4 -1.56627 13.125 -12.6883 -2.19277 14.1458 -12.5637 -0.783133 15.0208 -12.8442 0 14.5833 -13
3 4 0 14.5833 -13 0.783133 15.0208 -12.8442 0 15.0208 -13
3 4 0 14.5833 -13 -0.783133 15.0208 -12.8442 0 15.0208 -13
4 4 0 15.8958 -13 1.56627 15.8958 -12.6883 0.313253 16.3333 -12.9377 0 16.3333 -13
4 4 0 15.8958 -13 -1.56627 15.8958 -12.6883 -0.313253 16.3333 -12.9377 0 16.3333 -13
4 4 0.313253 16.3333 -12.9377 1.56627 15.8958 -12.6883 1.25301 16.7708 -12.7507 0.313253 17 -12.9377
4 4 -0.313253 16.3333 -12.9377 -1.56627 15.8958 -12.6883 -1.25301 16.7708 -12.7507 -0.313253 17 -12.9377
3 4 0.313253 17 -12.9377 1.25301 16.7708 -12.7507 1.25301 17 -12.7507
3 4 -0.313253 17 -12.9377 -1.25301 16.7708 -12.7507 -1.25301 17 -12.7507
4 4 0.313253 17 -12.9377 1.25301 17 -12.7507 2.50602 17.6458 -12.167 1.25301 17.7917 -12.3408
4 4 -0.313253 17 -12.9377 -1.25301 17 -12.7507 -2.50602 17.6458 -12.167 -1.25301 17.7917 -12.3408
4 4 1.25301 17.7917 -12.3408 2.50602 17.6458 -12.167 2.3494 18.8125 -11.5942 0.939759 18.8125 -11.8747
4 4 -1.25301 17.7917 -12.3408 -2.50602 17.6458 -12.167 -2.3494 18.8125 -11.5942 -0.939759 18.8125 -11.8747
4 4 0.939759 18.8125 -11.8747 0 18.8125 -12.0617 0 17.5 -12.7412 0.783133 17.9375 -12.3588
4 4 -0.939759 18.8125 -11.8747 0 18.8125 -12.0617 0 17.5 -12.7412 -0.783133 17.9375 -12.3588
1 14 3.8 10 -12.244 0 0.1708 0.679 -0.7 0 0 0 0.679 0.1708 4-4disc.dat
1 4 3.8 10 -12.244 0 0.0427 0.16975 -0.175 0 0 0 0.16975 0.0427 1-4ring4.dat
1 4 3.8 10 -12.244 0.16975 0.0427 0 0 0 0.175 0.0427 0.16975 0 1-4ring4.dat
1 4 3.8 10 -12.244 0 0.0427 -0.16975 0.175 0 0 0 0.16975 -0.0427 1-4ring4.dat
1 4 3.8 10 -12.244 -0.16975 0.0427 0 0 0 -0.175 -0.0427 0.16975 0 1-4ring4.dat
3 15 4.64875 10 -12.0305 4.8185 8.95 -11.9878 4.58416 9.66514 -12.0467
3 15 4.58416 9.66514 -12.0467 4.8185 8.95 -11.9878 4.40015 9.38129 -12.093
3 15 4.40015 9.38129 -12.093 4.8185 8.95 -11.9878 4.12482 9.19158 -12.1623
3 15 4.12482 9.19158 -12.1623 4.8185 8.95 -11.9878 3.8 9.125 -12.244
1 14 -3.8 10 -12.244 0 -0.1708 -0.679 -0.7 0 0 0 0.679 0.1708 4-4disc.dat
1 4 -3.8 10 -12.244 0 -0.0427 -0.16975 -0.175 0 0 0 0.16975 0.0427 1-4ring4.dat
1 4 -3.8 10 -12.244 -0.16975 -0.0427 0 0 0 0.175 0.0427 0.16975 0 1-4ring4.dat
1 4 -3.8 10 -12.244 0 -0.0427 0.16975 0.175 0 0 0 0.16975 -0.0427 1-4ring4.dat
1 4 -3.8 10 -12.244 0.16975 -0.0427 0 0 0 -0.175 -0.0427 0.16975 0 1-4ring4.dat
3 15 -4.64875 10 -12.0305 -4.8185 8.95 -11.9878 -4.58416 9.66514 -12.0467
3 15 -4.58416 9.66514 -12.0467 -4.8185 8.95 -11.9878 -4.40015 9.38129 -12.093
3 15 -4.40015 9.38129 -12.093 -4.8185 8.95 -11.9878 -4.12482 9.19158 -12.1623
3 15 -4.12482 9.19158 -12.1623 -4.8185 8.95 -11.9878 -3.8 9.125 -12.244
4 16 0 13.5625 -13 1.40964 12.25 -12.7195 1.56627 13.125 -12.6883 0 14.5833 -13
4 16 0 13.5625 -13 -1.40964 12.25 -12.7195 -1.56627 13.125 -12.6883 0 14.5833 -13
3 16 1.56627 13.135 -12.6883 1.40964 12.25 -12.7195 2.03614 12.8333 -12.5948
3 16 -1.56627 13.135 -12.6883 -1.40964 12.25 -12.7195 -2.03614 12.8333 -12.5948
4 16 0 12.1042 -13 0.23494 11.8125 -12.9533 0.23494 10.6458 -12.9533 0 10.6458 -13
4 16 0 12.1042 -13 -0.23494 11.8125 -12.9533 -0.23494 10.6458 -12.9533 0 10.6458 -13
4 16 0 10.6458 -13 0.23494 10.6458 -12.9533 0.783133 10.2083 -12.8442 0 10.2083 -13
4 16 0 10.6458 -13 -0.23494 10.6458 -12.9533 -0.783133 10.2083 -12.8442 0 10.2083 -13
4 16 0 10.2083 -13 0.783133 10.2083 -12.8442 0.23494 9.33333 -12.9533 0 9.33333 -13
4 16 0 10.2083 -13 -0.783133 10.2083 -12.8442 -0.23494 9.33333 -12.9533 0 9.33333 -13
4 16 0 9.33333 -13 0.23494 9.33333 -12.9533 0.23494 4 -12.9533 0 4 -13
4 16 0 9.33333 -13 -0.23494 9.33333 -12.9533 -0.23494 4 -12.9533 0 4 -13
4 16 0 4 -13 0.23494 4 -12.9533 2.19277 2.1875 -11.6253 0 2.1875 -12.062
4 16 0 4 -13 -0.23494 4 -12.9533 -2.19277 2.1875 -11.6253 0 2.1875 -12.062
4 16 0 2.1875 -12.062 2.19277 2.1875 -11.6253 4.415 1.172 -10.658 0 1.172 -11.536
4 16 0 2.1875 -12.062 -2.19277 2.1875 -11.6253 -4.415 1.172 -10.658 0 1.172 -11.536
3 16 4.415 1.172 -10.658 4.616 2.1875 -11.143 2.19277 2.1875 -11.6253
3 16 -4.415 1.172 -10.658 -4.616 2.1875 -11.143 -2.19277 2.1875 -11.6253
4 16 4.415 1.172 -10.658 4.616 2.1875 -11.143 6.89157 2.1875 -9.6229 8.157 1.172 -8.157
4 16 -4.415 1.172 -10.658 -4.616 2.1875 -11.143 -6.89157 2.1875 -9.6229 -8.157 1.172 -8.157
3 16 8.157 1.172 -8.157 6.89157 2.1875 -9.6229 7.51807 2.77083 -9.56031
3 16 -8.157 1.172 -8.157 -6.89157 2.1875 -9.6229 -7.51807 2.77083 -9.56031
4 16 7.51807 2.77083 -9.56031 7.98795 2.91667 -9.33533 8.61688 2.42856 -8.61688 8.157 1.172 -8.157
4 16 -7.51807 2.77083 -9.56031 -7.98795 2.91667 -9.33533 -8.61688 2.42856 -8.61688 -8.157 1.172 -8.157
4 16 7.51807 2.77083 -9.56031 7.98795 2.91667 -9.33533 7.98795 4 -9.9966 7.6747 3.79167 -10.0788
4 16 -7.51807 2.77083 -9.56031 -7.98795 2.91667 -9.33533 -7.98795 4 -9.9966 -7.6747 3.79167 -10.0788
4 16 7.98795 4 -9.9966 7.6747 3.79167 -10.0788 6.26506 3.9375 -11.1098 6.26506 4 -11.148
4 16 -7.98795 4 -9.9966 -7.6747 3.79167 -10.0788 -6.26506 3.9375 -11.1098 -6.26506 4 -11.148
4 16 6.26506 4 -11.148 6.26506 3.9375 -11.1098 5.63855 3.5 -11.2614 5.24699 4 -11.8282
4 16 -6.26506 4 -11.148 -6.26506 3.9375 -11.1098 -5.63855 3.5 -11.2614 -5.24699 4 -11.8282
4 16 5.24699 4 -11.8282 5.63855 3.5 -11.2614 4.86155 3.42708 -11.7361 4.93058 3.77569 -11.9028
4 16 -5.24699 4 -11.8282 -5.63855 3.5 -11.2614 -4.86155 3.42708 -11.7361 -4.93058 3.77569 -11.9028
3 16 4.93058 3.77569 -11.9028 4.86155 3.42708 -11.7361 3.75904 3.35417 -11.9176
3 16 -4.93058 3.77569 -11.9028 -4.86155 3.42708 -11.7361 -3.75904 3.35417 -11.9176
3 16 3.75904 3.35417 -11.9176 4.86155 3.42708 -11.7361 3.13253 3.20833 -11.9668
3 16 -3.75904 3.35417 -11.9176 -4.86155 3.42708 -11.7361 -3.13253 3.20833 -11.9668
4 16 3.75904 3.35417 -11.9176 3.13253 3.20833 -11.9668 2.50602 4 -12.5013 3.44578 4 -12.3143
4 16 -3.75904 3.35417 -11.9176 -3.13253 3.20833 -11.9668 -2.50602 4 -12.5013 -3.44578 4 -12.3143
4 16 2.50602 4 -12.5013 3.44578 4 -12.3143 4.38554 4.66667 -12.1273 3.75904 5.83333 -12.252
4 16 -2.50602 4 -12.5013 -3.44578 4 -12.3143 -4.38554 4.66667 -12.1273 -3.75904 5.83333 -12.252
4 16 2.50602 4 -12.5013 3.75904 5.83333 -12.252 2.9759 5.97917 -12.4078 2.3494 6.125 -12.5325
4 16 -2.50602 4 -12.5013 -3.75904 5.83333 -12.252 -2.9759 5.97917 -12.4078 -2.3494 6.125 -12.5325
3 16 5.24699 4 -11.8282 5.95181 4.66667 -11.3573 7.98795 4 -9.9966
3 16 -5.24699 4 -11.8282 -5.95181 4.66667 -11.3573 -7.98795 4 -9.9966
4 16 2.3494 6.125 -12.5325 2.9759 5.97917 -12.4078 2.03614 6.70833 -12.5948 1.40964 6.70833 -12.7195
4 16 -2.3494 6.125 -12.5325 -2.9759 5.97917 -12.4078 -2.03614 6.70833 -12.5948 -1.40964 6.70833 -12.7195
4 16 1.40964 6.70833 -12.7195 2.03614 6.70833 -12.5948 3.60241 8.16667 -12.2831 2.66265 8.60417 -12.4702
4 16 -1.40964 6.70833 -12.7195 -2.03614 6.70833 -12.5948 -3.60241 8.16667 -12.2831 -2.66265 8.60417 -12.4702
4 16 1.72289 9.1875 -12.6572 2.50602 9.04167 -12.5013 2.3494 10.6458 -12.5325 1.64458 10.6458 -12.6727
4 16 -1.72289 9.1875 -12.6572 -2.50602 9.04167 -12.5013 -2.3494 10.6458 -12.5325 -1.64458 10.6458 -12.6727
3 16 2.19277 11.7396 -12.5637 3.13253 11.8125 -12.3766 2.81928 11.9583 -12.439
3 16 -2.19277 11.7396 -12.5637 -3.13253 11.8125 -12.3766 -2.81928 11.9583 -12.439
4 16 2.81928 11.9583 -12.439 4.69879 15.6042 -12.065 4.69879 15.0208 -12.065 3.13253 11.8125 -12.3766
4 16 -2.81928 11.9583 -12.439 -4.69879 15.6042 -12.065 -4.69879 15.0208 -12.065 -3.13253 11.8125 -12.3766
4 16 4.69879 15.0208 -12.065 4.975 14.8542 -12.01 4.975 15.4498 -12.01 4.69879 15.6042 -12.065
4 16 -4.69879 15.0208 -12.065 -4.975 14.8542 -12.01 -4.975 15.4498 -12.01 -4.69879 15.6042 -12.065
4 16 4.975 15.4498 -12.01 4.975 14.8542 -12.01 6.89157 13.8542 -10.7293 7.36145 14.2917 -10.4153
4 16 -4.975 15.4498 -12.01 -4.975 14.8542 -12.01 -6.89157 13.8542 -10.7293 -7.36145 14.2917 -10.4153
4 16 0 16.3333 -13 0.313253 16.3333 -12.9377 0.313253 17 -12.9377 0 17 -13
4 16 0 16.3333 -13 -0.313253 16.3333 -12.9377 -0.313253 17 -12.9377 0 17 -13
3 16 0 17 -13 0.313253 17 -12.9377 0 17.5 -12.7412
3 16 0 17 -13 -0.313253 17 -12.9377 0 17.5 -12.7412
4 16 0 17.5 -12.7412 0.313253 17 -12.9377 1.25301 17.7917 -12.3408 0.783133 17.9375 -12.3588
4 16 0 17.5 -12.7412 -0.313253 17 -12.9377 -1.25301 17.7917 -12.3408 -0.783133 17.9375 -12.3588
3 16 0.783133 17.9375 -12.3588 1.25301 17.7917 -12.3408 0.939759 18.8125 -11.8747
3 16 -0.783133 17.9375 -12.3588 -1.25301 17.7917 -12.3408 -0.939759 18.8125 -11.8747
4 16 0 15.0208 -13 0.783133 15.0208 -12.8442 1.56627 15.8958 -12.6883 0 15.8958 -13
4 16 0 15.0208 -13 -0.783133 15.0208 -12.8442 -1.56627 15.8958 -12.6883 0 15.8958 -13
4 16 1.56627 15.8958 -12.6883 0.783133 15.0208 -12.8442 2.19277 14.1458 -12.5637 4.975 16.7708 -12.01
4 16 -1.56627 15.8958 -12.6883 -0.783133 15.0208 -12.8442 -2.19277 14.1458 -12.5637 -4.975 16.7708 -12.01
3 16 1.56627 15.8958 -12.6883 1.25301 16.7708 -12.7507 4.975 16.7708 -12.01
3 16 -1.56627 15.8958 -12.6883 -1.25301 16.7708 -12.7507 -4.975 16.7708 -12.01
4 16 4.975 16.7708 -12.01 4.975 17 -12.01 1.25301 17 -12.7507 1.25301 16.7708 -12.7507
4 16 -4.975 16.7708 -12.01 -4.975 17 -12.01 -1.25301 17 -12.7507 -1.25301 16.7708 -12.7507
3 16 1.25301 17 -12.7507 2.50602 17.6458 -12.167 4.975 17 -12.01
3 16 -1.25301 17 -12.7507 -2.50602 17.6458 -12.167 -4.975 17 -12.01
4 16 2.50602 17.6458 -12.167 4.975 17 -12.01 4.415 19.828 -10.658 2.3494 18.8125 -11.5942
4 16 -2.50602 17.6458 -12.167 -4.975 17 -12.01 -4.415 19.828 -10.658 -2.3494 18.8125 -11.5942
4 16 4.415 19.828 -10.658 4.975 17 -12.01 9.192 17 -9.192 8.157 19.828 -8.157
4 16 -4.415 19.828 -10.658 -4.975 17 -12.01 -9.192 17 -9.192 -8.157 19.828 -8.157
4 16 8.157 19.828 -8.157 9.192 17 -9.192 12.01 17 -4.975 10.658 19.828 -4.415
4 16 -8.157 19.828 -8.157 -9.192 17 -9.192 -12.01 17 -4.975 -10.658 19.828 -4.415
4 16 10.658 19.828 -4.415 12.01 17 -4.975 13 17 0 11.536 19.828 0
4 16 -10.658 19.828 -4.415 -12.01 17 -4.975 -13 17 0 -11.536 19.828 0
4 16 12.01 4 -4.975 12.01 17 -4.975 13 17 0 13 4 0
4 16 -12.01 4 -4.975 -12.01 17 -4.975 -13 17 0 -13 4 0
4 16 10.658 1.172 -4.415 12.01 4 -4.975 13 4 0 11.536 1.172 0
4 16 -10.658 1.172 -4.415 -12.01 4 -4.975 -13 4 0 -11.536 1.172 0
3 16 8.61688 2.42856 -8.61688 9.192 2.21484 -7.56098 8.157 1.172 -8.157
3 16 -8.61688 2.42856 -8.61688 -9.192 2.21484 -7.56098 -8.157 1.172 -8.157
4 16 8.157 1.172 -8.157 9.192 2.21484 -7.56098 10.3374 2.33333 -5.95527 10.658 1.172 -4.415
4 16 -8.157 1.172 -8.157 -9.192 2.21484 -7.56098 -10.3374 2.33333 -5.95527 -10.658 1.172 -4.415
4 16 10.3374 2.33333 -5.95527 10.658 1.172 -4.415 12.01 4 -4.975 10.8072 2.625 -5.51861
4 16 -10.3374 2.33333 -5.95527 -10.658 1.172 -4.415 -12.01 4 -4.975 -10.8072 2.625 -5.51861
3 16 10.8072 2.625 -5.51861 10.8072 3.79167 -6.58454 12.01 4 -4.975
3 16 -10.8072 2.625 -5.51861 -10.8072 3.79167 -6.58454 -12.01 4 -4.975
3 16 10.8072 3.79167 -6.58454 10.7078 4 -6.92371 12.01 4 -4.975
3 16 -10.8072 3.79167 -6.58454 -10.7078 4 -6.92371 -12.01 4 -4.975
4 16 0 18.8125 -12.0617 2.3494 18.8125 -11.5942 4.415 19.828 -10.658 0 19.828 -11.536
4 16 0 18.8125 -12.0617 -2.3494 18.8125 -11.5942 -4.415 19.828 -10.658 0 19.828 -11.536
4 16 4.975 16.7708 -12.01 8.61446 15.0208 -9.57794 9.192 17 -9.192 4.975 17 -12.01
4 16 -4.975 16.7708 -12.01 -8.61446 15.0208 -9.57794 -9.192 17 -9.192 -4.975 17 -12.01
3 16 9.192 17 -9.192 8.61446 15.0208 -9.57794 9.192 13.7069 -9.192
3 16 -9.192 17 -9.192 -8.61446 15.0208 -9.57794 -9.192 13.7069 -9.192
4 16 9.192 13.7069 -9.192 10.0241 11.8125 -7.9468 12.01 17 -4.975 9.192 17 -9.192
4 16 -9.192 13.7069 -9.192 -10.0241 11.8125 -7.9468 -12.01 17 -4.975 -9.192 17 -9.192
3 16 10.0241 11.8125 -7.9468 12.01 17 -4.975 12.01 4 -4.975
3 16 -10.0241 11.8125 -7.9468 -12.01 17 -4.975 -12.01 4 -4.975
3 16 10.0241 11.8125 -7.9468 9.39759 9.1875 -8.88434 12.01 4 -4.975
3 16 -10.0241 11.8125 -7.9468 -9.39759 9.1875 -8.88434 -12.01 4 -4.975
3 16 9.39759 9.1875 -8.88434 9.192 7.97106 -9.192 12.01 4 -4.975
3 16 -9.39759 9.1875 -8.88434 -9.192 7.97106 -9.192 -12.01 4 -4.975
3 16 9.192 7.97106 -9.192 8.92771 6.41667 -9.36861 9.192 5.92451 -9.192
3 16 -9.192 7.97106 -9.192 -8.92771 6.41667 -9.36861 -9.192 5.92451 -9.192
4 16 9.192 7.97106 -9.192 9.192 5.92451 -9.192 9.39759 5.54167 -8.88434 10.1807 5.10417 -7.71243
4 16 -9.192 7.97106 -9.192 -9.192 5.92451 -9.192 -9.39759 5.54167 -8.88434 -10.1807 5.10417 -7.71243
4 16 9.192 7.97106 -9.192 10.1807 5.10417 -7.71243 10.7078 4 -6.92371 12.01 4 -4.975
4 16 -9.192 7.97106 -9.192 -10.1807 5.10417 -7.71243 -10.7078 4 -6.92371 -12.01 4 -4.975
3 16 8.61446 15.0208 -9.57794 7.98795 14.5833 -9.9966 7.36145 14.2917 -10.4153
3 16 -8.61446 15.0208 -9.57794 -7.98795 14.5833 -9.9966 -7.36145 14.2917 -10.4153
4 16 7.98795 14.5833 -9.9966 7.36145 14.2917 -10.4153 6.89157 13.8542 -10.7293 6.73494 11.375 -10.8339
4 16 -7.98795 14.5833 -9.9966 -7.36145 14.2917 -10.4153 -6.89157 13.8542 -10.7293 -6.73494 11.375 -10.8339
3 16 6.89157 13.8542 -10.7293 4.975 11.8983 -12.01 6.73494 11.375 -10.8339
3 16 -6.89157 13.8542 -10.7293 -4.975 11.8983 -12.01 -6.73494 11.375 -10.8339
3 16 9.192 9.26134 -9.192 8.61446 9.47917 -9.57794 7.36145 9.91667 -10.4153
3 16 -9.192 9.26134 -9.192 -8.61446 9.47917 -9.57794 -7.36145 9.91667 -10.4153
3 16 7.36145 9.91667 -10.4153 8.61446 9.47917 -9.57794 6.73494 11.375 -10.8339
3 16 -7.36145 9.91667 -10.4153 -8.61446 9.47917 -9.57794 -6.73494 11.375 -10.8339
4 16 4.975 7.09281 -12.01 5.3253 6.85417 -11.7759 5.95181 6.85417 -11.3573 7.04819 8.45833 -10.6246
4 16 -4.975 7.09281 -12.01 -5.3253 6.85417 -11.7759 -5.95181 6.85417 -11.3573 -7.04819 8.45833 -10.6246
4 16 4.975 7.09281 -12.01 7.04819 8.45833 -10.6246 6.73494 11.375 -10.8339 4.975 11.8983 -12.01
4 16 -4.975 7.09281 -12.01 -7.04819 8.45833 -10.6246 -6.73494 11.375 -10.8339 -4.975 11.8983 -12.01
3 16 7.04819 8.45833 -10.6246 7.36145 9.91667 -10.4153 6.73494 11.375 -10.8339
3 16 -7.04819 8.45833 -10.6246 -7.36145 9.91667 -10.4153 -6.73494 11.375 -10.8339
4 16 3.60241 8.16667 -12.2831 2.66265 8.60417 -12.4702 2.50602 9.04167 -12.5013 2.3494 10.6458 -12.5325
4 16 -3.60241 8.16667 -12.2831 -2.66265 8.60417 -12.4702 -2.50602 9.04167 -12.5013 -2.3494 10.6458 -12.5325
3 16 4.975 7.09281 -12.01 4.975 11.8983 -12.01 4.8185 8.95 -11.9878
3 16 -4.975 7.09281 -12.01 -4.975 11.8983 -12.01 -4.8185 8.95 -11.9878
3 16 4.975 7.09281 -12.01 3.60241 8.16667 -12.2831 4.8185 8.95 -11.9878
3 16 -4.975 7.09281 -12.01 -3.60241 8.16667 -12.2831 -4.8185 8.95 -11.9878
3 16 3.60241 8.16667 -12.2831 4.8185 8.95 -11.9878 3.8 9.125 -12.244
3 16 -3.60241 8.16667 -12.2831 -4.8185 8.95 -11.9878 -3.8 9.125 -12.244
4 16 4.8185 8.95 -11.9878 4.975 11.8983 -12.01 4.58416 10.3349 -12.0468 4.64875 10 -12.0305
4 16 -4.8185 8.95 -11.9878 -4.975 11.8983 -12.01 -4.58416 10.3349 -12.0468 -4.64875 10 -12.0305
3 16 4.58416 10.3349 -12.0468 4.40015 10.6187 -12.093 4.975 11.8983 -12.01
3 16 -4.58416 10.3349 -12.0468 -4.40015 10.6187 -12.093 -4.975 11.8983 -12.01
3 16 4.40015 10.6187 -12.093 4.975 11.8983 -12.01 4.12482 10.8084 -12.1623
3 16 -4.40015 10.6187 -12.093 -4.975 11.8983 -12.01 -4.12482 10.8084 -12.1623
3 16 4.12482 10.8084 -12.1623 4.975 11.8983 -12.01 4.22892 11.0833 -12.1585
3 16 -4.12482 10.8084 -12.1623 -4.975 11.8983 -12.01 -4.22892 11.0833 -12.1585
4 16 4.12482 10.8084 -12.1623 4.22892 11.0833 -12.1585 3.75904 11.375 -12.252 3.8 10.875 -12.244
4 16 -4.12482 10.8084 -12.1623 -4.22892 11.0833 -12.1585 -3.75904 11.375 -12.252 -3.8 10.875 -12.244
3 16 3.8 10.875 -12.244 3.75904 11.375 -12.252 3.47518 10.8084 -12.3257
3 16 -3.8 10.875 -12.244 -3.75904 11.375 -12.252 -3.47518 10.8084 -12.3257
3 16 3.75904 11.375 -12.252 3.47518 10.8084 -12.3257 2.3494 10.6458 -12.5325
3 16 -3.75904 11.375 -12.252 -3.47518 10.8084 -12.3257 -2.3494 10.6458 -12.5325
3 16 3.47518 10.8084 -12.3257 2.3494 10.6458 -12.5325 3.19985 10.6187 -12.395
3 16 -3.47518 10.8084 -12.3257 -2.3494 10.6458 -12.5325 -3.19985 10.6187 -12.395
3 16 3.19985 10.6187 -12.395 2.3494 10.6458 -12.5325 3.01584 10.3349 -12.4412
3 16 -3.19985 10.6187 -12.395 -2.3494 10.6458 -12.5325 -3.01584 10.3349 -12.4412
3 16 2.3494 10.6458 -12.5325 3.01584 10.3349 -12.4412 2.95125 10 -12.4575
3 16 -2.3494 10.6458 -12.5325 -3.01584 10.3349 -12.4412 -2.95125 10 -12.4575
3 16 2.3494 10.6458 -12.5325 2.95125 10 -12.4575 3.01584 9.66514 -12.4412
3 16 -2.3494 10.6458 -12.5325 -2.95125 10 -12.4575 -3.01584 9.66514 -12.4412
3 16 2.3494 10.6458 -12.5325 3.01584 9.66514 -12.4412 3.60241 8.16667 -12.2831
3 16 -2.3494 10.6458 -12.5325 -3.01584 9.66514 -12.4412 -3.60241 8.16667 -12.2831
3 16 3.60241 8.16667 -12.2831 3.01584 9.66514 -12.4412 3.19985 9.38129 -12.395
3 16 -3.60241 8.16667 -12.2831 -3.01584 9.66514 -12.4412 -3.19985 9.38129 -12.395
3 16 3.60241 8.16667 -12.2831 3.19985 9.38129 -12.395 3.47518 9.19159 -12.3257
3 16 -3.60241 8.16667 -12.2831 -3.19985 9.38129 -12.395 -3.47518 9.19159 -12.3257
3 16 3.60241 8.16667 -12.2831 3.47518 9.19159 -12.3257 3.8 9.125 -12.244
3 16 -3.60241 8.16667 -12.2831 -3.47518 9.19159 -12.3257 -3.8 9.125 -12.244
5 24 0 4 -13 0 1.172 -11.536 -4.975 4 -12.010 4.975 4 -12.010
5 24 -4.975 4 -12.010 -4.415 1.172 -10.658 0 4 -13 -9.192 4 -9.192
5 24 4.975 4 -12.010 4.415 1.172 -10.658 0 4 -13 9.192 4 -9.192
5 24 -9.192 4 -9.192 -8.157 1.172 -8.157 -4.975 4 -12.010 -12.010 4 -4.975
5 24 9.192 4 -9.192 8.157 1.172 -8.157 4.975 4 -12.010 12.010 4 -4.975
5 24 -12.010 4 -4.975 -10.658 1.172 -4.415 -9.192 4 -9.192 -13 4 0 
5 24 12.010 4 -4.975 10.658 1.172 -4.415 9.192 4 -9.192 13 4 0 
5 24 0 4 -13 0 17 -13 -4.975 4 -12.010 4.975 4 -12.010
5 24 -4.975 4 -12.010 -4.975 17 -12.010 0 4 -13 -9.192 4 -9.192
5 24 4.975 4 -12.010 4.975 17 -12.010 0 4 -13 9.192 4 -9.192
5 24 -9.192 4 -9.192 -9.192 17 -9.192 -4.975 4 -12.010 -12.010 4 -4.975
5 24 9.192 4 -9.192 9.192 17 -9.192 4.975 4 -12.010 12.010 4 -4.975
5 24 -12.010 4 -4.975 -12.010 17 -4.975 -9.192 4 -9.192 -13 4 0 
5 24 12.010 4 -4.975 12.010 17 -4.975 9.192 4 -9.192 13 4 0 
5 24 0 17 -13 0 19.828 -11.536 -4.975 17 -12.010 4.975 17 -12.010
5 24 -4.975 17 -12.010 -4.415 19.828 -10.658 0 17 -13 -9.192 17 -9.192
5 24 4.975 17 -12.010 4.415 19.828 -10.658 0 17 -13 9.192 17 -9.192
5 24 -9.192 17 -9.192 -8.157 19.828 -8.157 -4.975 17 -12.010 -12.010 17 -4.975
5 24 9.192 17 -9.192 8.157 19.828 -8.157 4.975 17 -12.010 12.010 17 -4.975
5 24 -12.010 17 -4.975 -10.658 19.828 -4.415 -9.192 17 -9.192 -13 17 0 
5 24 12.010 17 -4.975 10.658 19.828 -4.415 9.192 17 -9.192 13 17 0 
0
