0 Minifig Head with Adventurers Mummy Pattern
0 Name: 3626bpa2.dat
0 Author: Franklin W. Cain
0 LDRAW_ORG Part UPDATE 2002-04

0 CMDLINE -c7
0 KEYWORDS face, eyebrows, scars, sutures, Adventurers, Egypt, Egyptian
0 KEYWORDS archeology, ancient, pyramid, ruins, crypt, Nile, Cairo, Giza
0 KEYWORDS King Tut, pharaoh, mummy, corpse, undead, walking dead

 1 16 0 0 0 1 0 0 0 1 0 0 0 1 s\3626bs01.dat
0
0 sutures in scalp
0
 4 0 0 4.875 -13 0 5.125 -13 -0.500 5.125 -12.901 -0.500 4.875 -12.901
 4 0 0 4.875 -13 0 5.125 -13 0.500 5.125 -12.901 0.500 4.875 -12.901
 2 0 0 5 -13 -0.625 5 -12.876
 2 0 0 5 -13 0.625 5 -12.876
0
 4 16 0 4 -13 0 4.875 -13 -0.500 4.875 -12.901 -0.500 4 -12.901
 4 16 0 4 -13 0 4.875 -13 0.500 4.875 -12.901 0.500 4 -12.901
 4 16 0 5.125 -13 0 6 -13 -0.500 6 -12.901 -0.500 5.125 -12.901
 4 16 0 5.125 -13 0 6 -13 0.500 6 -12.901 0.500 5.125 -12.901
0
 4 0 -0.500 4.625 -12.901 -0.500 5.375 -12.901 -0.750 5.375 -12.851 -0.750 4.625 -12.851
 4 0 0.500 4.625 -12.901 0.500 5.375 -12.901 0.750 5.375 -12.851 0.750 4.625 -12.851
 2 0 -0.625 4.625 -12.876 -0.625 5.375 -12.876
 2 0 0.625 4.625 -12.876 0.625 5.375 -12.876
0
 4 16 -0.500 4 -12.901 -0.500 4.625 -12.901 -0.750 4.625 -12.851 -0.750 4 -12.851
 4 16 0.500 4 -12.901 0.500 4.625 -12.901 0.750 4.625 -12.851 0.750 4 -12.851
 4 16 -0.500 5.375 -12.901 -0.500 6 -12.901 -0.750 6 -12.851 -0.750 5.375 -12.851
 4 16 0.500 5.375 -12.901 0.500 6 -12.901 0.750 6 -12.851 0.750 5.375 -12.851
0
 4 0 -0.750 4.875 -12.851 -0.750 5.125 -12.851 -1.750 5.015 -12.652 -1.750 4.765 -12.652
 4 0 0.750 4.875 -12.851 0.750 5.125 -12.851 1.750 5.015 -12.652 1.750 4.765 -12.652
 2 0 -0.625 5 -12.876 -1.875 4.875 -12.627
 2 0 0.625 5 -12.876 1.875 4.875 -12.627
0
 4 16 -0.750 4 -12.851 -0.750 4.875 -12.851 -1.750 4.765 -12.652 -1.750 4 -12.652
 4 16 0.750 4 -12.851 0.750 4.875 -12.851 1.750 4.765 -12.652 1.750 4 -12.652
 4 16 -0.750 5.125 -12.851 -0.750 6 -12.851 -1.750 6 -12.652 -1.750 5.015 -12.652
 4 16 0.750 5.125 -12.851 0.750 6 -12.851 1.750 6 -12.652 1.750 5.015 -12.652
0
 4 0 -1.750 4.500 -12.652 -1.750 5.250 -12.652 -2 5.250 -12.602 -2 4.500 -12.602
 4 0 1.750 4.500 -12.652 1.750 5.250 -12.652 2 5.250 -12.602 2 4.500 -12.602
 2 0 -1.875 4.500 -12.627 -1.875 5.250 -12.627
 2 0 1.875 4.500 -12.627 1.875 5.250 -12.627
0
 4 16 -1.750 4 -12.652 -1.750 4.500 -12.652 -2 4.500 -12.602 -2 4 -12.602
 4 16 1.750 4 -12.652 1.750 4.500 -12.652 2 4.500 -12.602 2 4 -12.602
 4 16 -1.750 5.250 -12.652 -1.750 6 -12.652 -2 6 -12.602 -2 5.250 -12.602
 4 16 1.750 5.250 -12.652 1.750 6 -12.652 2 6 -12.602 2 5.250 -12.602
0
 3 0 -2 4.730 -12.602 -2.992 4.603 -12.405 -3.058 4.837 -12.391
 3 0 2 4.730 -12.602 2.992 4.603 -12.405 3.058 4.837 -12.391
 3 0 -2 4.730 -12.602 -2 4.980 -12.602 -3.058 4.837 -12.391
 3 0 2 4.730 -12.602 2 4.980 -12.602 3.058 4.837 -12.391
 2 0 -1.875 4.875 -12.627 -3.125 4.690 -12.378
 2 0 1.875 4.875 -12.627 3.125 4.690 -12.378
0
 3 16 -2 4.500 -12.602 -2.925 4.370 -12.418 -2.992 4.603 -12.405
 3 16 2 4.500 -12.602 2.925 4.370 -12.418 2.992 4.603 -12.405
 3 16 -2 4.500 -12.602 -2 4.730 -12.602 -2.992 4.603 -12.405
 3 16 2 4.500 -12.602 2 4.730 -12.602 2.992 4.603 -12.405
 3 16 -2 4.980 -12.602 -3.058 4.837 -12.391 -3.125 5.070 -12.378
 3 16 2 4.980 -12.602 3.058 4.837 -12.391 3.125 5.070 -12.378
 3 16 -2 4.980 -12.602 -2 5.250 -12.602 -3.125 5.070 -12.378
 3 16 2 4.980 -12.602 2 5.250 -12.602 3.125 5.070 -12.378
 4 16 -2 4 -12.602 -2 4.500 -12.602 -2.925 4.370 -12.418 -2.925 4 -12.418
 4 16 2 4 -12.602 2 4.500 -12.602 2.925 4.370 -12.418 2.925 4 -12.418
 4 16 -2 5.250 -12.602 -2 6 -12.602 -3.125 6 -12.378 -3.125 5.070 -12.378
 4 16 2 5.250 -12.602 2 6 -12.602 3.125 6 -12.378 3.125 5.070 -12.378
0
 3 0 -2.925 4.370 -12.418 -3.125 4.310 -12.378 -3.125 5.070 -12.378
 3 0 2.925 4.370 -12.418 3.125 4.310 -12.378 3.125 5.070 -12.378
 3 0 -3.125 4.310 -12.378 -3.125 5.070 -12.378 -3.325 5.010 -12.338
 3 0 3.125 4.310 -12.378 3.125 5.070 -12.378 3.325 5.010 -12.338
 2 0 -3.025 4.340 -12.398 -3.225 5.040 -12.358
 2 0 3.025 4.340 -12.398 3.225 5.040 -12.358
0
 4 16 -2.925 4 -12.418 -2.925 4.370 -12.418 -3.125 4.310 -12.378 -3.125 4 -12.378
 4 16 2.925 4 -12.418 2.925 4.370 -12.418 3.125 4.310 -12.378 3.125 4 -12.378
 4 16 -3.125 5.070 -12.378 -3.125 6 -12.378 -3.325 6 -12.338 -3.325 5.010 -12.338
 4 16 3.125 5.070 -12.378 3.125 6 -12.378 3.325 6 -12.338 3.325 5.010 -12.338
0
 3 0 -3.192 4.543 -12.365 -4.242 4.283 -12.156 -4.308 4.517 -12.143
 3 0 3.192 4.543 -12.365 4.242 4.283 -12.156 4.308 4.517 -12.143
 3 0 -3.192 4.543 -12.365 -3.258 4.777 -12.352 -4.308 4.517 -12.143
 3 0 3.192 4.543 -12.365 3.258 4.777 -12.352 4.308 4.517 -12.143
 2 0 -3.125 4.690 -12.378 -4.375 4.375 -12.129
 2 0 3.125 4.690 -12.378 4.375 4.375 -12.129
0
 3 16 -3.125 4.310 -12.378 -4.175 4.050 -12.169 -4.242 4.283 -12.156
 3 16 3.125 4.310 -12.378 4.175 4.050 -12.169 4.242 4.283 -12.156
 3 16 -3.125 4.310 -12.378 -3.192 4.543 -12.365 -4.242 4.283 -12.156
 3 16 3.125 4.310 -12.378 3.192 4.543 -12.365 4.242 4.283 -12.156
 3 16 -3.258 4.777 -12.352 -4.308 4.517 -12.143 -4.375 4.750 -12.129
 3 16 3.258 4.777 -12.352 4.308 4.517 -12.143 4.375 4.750 -12.129
 3 16 -3.258 4.777 -12.352 -3.325 5.010 -12.338 -4.375 4.750 -12.129
 3 16 3.258 4.777 -12.352 3.325 5.010 -12.338 4.375 4.750 -12.129
 4 16 -3.125 4 -12.378 -3.125 4.310 -12.378 -4.175 4.050 -12.169 -4.175 4 -12.169
 4 16 3.125 4 -12.378 3.125 4.310 -12.378 4.175 4.050 -12.169 4.175 4 -12.169
 4 16 -3.325 5.010 -12.338 -3.325 6 -12.338 -4.375 6 -12.129 -4.375 4.750 -12.129
 4 16 3.325 5.010 -12.338 3.325 6 -12.338 4.375 6 -12.129 4.375 4.750 -12.129
0
 3 0 -4.175 4.050 -12.169 -4.375 4 -12.129 -4.375 4.750 -12.129
 3 0 4.175 4.050 -12.169 4.375 4 -12.129 4.375 4.750 -12.129
 3 0 -4.375 4 -12.129 -4.375 4.750 -12.129 -4.575 4.700 -12.090
 3 0 4.375 4 -12.129 4.375 4.750 -12.129 4.575 4.700 -12.090
 2 0 -4.275 4.025 -12.149 -4.475 4.725 -12.109
 2 0 4.275 4.025 -12.149 4.475 4.725 -12.109
0
 3 16 -4.175 4 -12.169 -4.175 4.050 -12.169 -4.375 4 -12.129
 3 16 4.175 4 -12.169 4.175 4.050 -12.169 4.375 4 -12.129
 4 16 -4.375 4.750 -12.129 -4.575 4.700 -12.090 -4.575 6 -12.090 -4.375 6 -12.129
 4 16 4.375 4.750 -12.129 4.575 4.700 -12.090 4.575 6 -12.090 4.375 6 -12.129
0
 3 0 -4.900 4 -12.025 -4.442 4.233 -12.116 -4.975 4.100 -12.010
 3 0 4.900 4 -12.025 4.442 4.233 -12.116 4.975 4.100 -12.010
 3 0 -4.442 4.233 -12.116 -4.508 4.467 -12.103 -4.975 4.100 -12.010
 3 0 4.442 4.233 -12.116 4.508 4.467 -12.103 4.975 4.100 -12.010
 3 0 -4.508 4.467 -12.103 -4.975 4.100 -12.010 -4.975 4.200 -12.010
 3 0 4.508 4.467 -12.103 4.975 4.100 -12.010 4.975 4.200 -12.010
 2 0 -4.375 4.375 -12.129 -4.975 4.100 -12.010
 2 0 4.375 4.375 -12.129 4.975 4.100 -12.010
0
 3 16 -4.375 4 -12.129 -4.442 4.233 -12.116 -4.900 4 -12.025
 3 16 4.375 4 -12.129 4.442 4.233 -12.116 4.900 4 -12.025
 3 16 -4.900 4 -12.025 -4.975 4 -12.010 -4.975 4.100 -12.010
 3 16 4.900 4 -12.025 4.975 4 -12.010 4.975 4.100 -12.010
 3 16 -4.508 4.467 -12.103 -4.575 4.700 -12.090 -4.975 4.200 -12.010
 3 16 4.508 4.467 -12.103 4.575 4.700 -12.090 4.975 4.200 -12.010
 4 16 -4.575 4.700 -12.090 -4.575 6 -12.090 -4.975 6 -12.010 -4.975 4.200 -12.010
 4 16 4.575 4.700 -12.090 4.575 6 -12.090 4.975 6 -12.010 4.975 4.200 -12.010
0
0 eyes & eyebrows
0
 3 16 -3.975 8.750 -12.209 -2.975 9 -12.408 -3.975 9 -12.209
 3 16 3.975 8.750 -12.209 2.975 9 -12.408 3.975 9 -12.209
 4 16 -3.975 8.750 -12.209 -4.975 8.750 -12.010 -4.975 9 -12.010 -3.975 9 -12.209
 4 16 3.975 8.750 -12.209 4.975 8.750 -12.010 4.975 9 -12.010 3.975 9 -12.209
 3 16 -2.975 9 -12.408 -2.250 10 -12.553 -2.975 11 -12.408
 3 16 2.975 9 -12.408 2.250 10 -12.553 2.975 11 -12.408
 3 16 -2.975 11 -12.408 -3.975 11 -12.209 -3.975 11.250 -12.209
 3 16 2.975 11 -12.408 3.975 11 -12.209 3.975 11.250 -12.209
 4 16 -3.975 11 -12.209 -4.975 11 -12.010 -4.975 11.250 -12.010 -3.975 11.250 -12.209
 4 16 3.975 11 -12.209 4.975 11 -12.010 4.975 11.250 -12.010 3.975 11.250 -12.209
0
 3 16 -4.975 8.750 -12.010 -4.975 9 -12.010 -5.975 9 -11.342
 3 16 4.975 8.750 -12.010 4.975 9 -12.010 5.975 9 -11.342
 3 16 -5.975 9 -11.342 -6.750 10 -10.824 -5.975 11 -11.342
 3 16 5.975 9 -11.342 6.750 10 -10.824 5.975 11 -11.342
 3 16 -4.975 11 -12.010 -5.975 11 -11.342 -4.975 11.250 -12.010
 3 16 4.975 11 -12.010 5.975 11 -11.342 4.975 11.250 -12.010
0
 3 4 -2.850 8.800 -12.433 -2 10 -12.602 -2.250 10 -12.553
 3 4 2.850 8.800 -12.433 2 10 -12.602 2.250 10 -12.553
 3 4 -2.850 8.800 -12.433 -2.975 9 -12.408 -2.250 10 -12.553
 3 4 2.850 8.800 -12.433 2.975 9 -12.408 2.250 10 -12.553
 2 4 -2.125 10 -12.577 -2.912 8.900 -12.421
 2 4 2.125 10 -12.577 2.912 8.900 -12.421
 3 4 -2 10 -12.602 -2.250 10 -12.553 -2.850 11.200 -12.433
 3 4 2 10 -12.602 2.250 10 -12.553 2.850 11.200 -12.433
 3 4 -2.250 10 -12.553 -2.975 11 -12.408 -2.850 11.200 -12.433
 3 4 2.250 10 -12.553 2.975 11 -12.408 2.850 11.200 -12.433
 2 4 -2.125 10 -12.577 -2.912 11.100 -12.421
 2 4 2.125 10 -12.577 2.912 11.100 -12.421
 3 4 -3.975 8.500 -12.209 -2.850 8.800 -12.433 -2.975 9 -12.408
 3 4 3.975 8.500 -12.209 2.850 8.800 -12.433 2.975 9 -12.408
 3 4 -3.975 8.500 -12.209 -3.975 8.750 -12.209 -2.975 9 -12.408
 3 4 3.975 8.500 -12.209 3.975 8.750 -12.209 2.975 9 -12.408
 2 4 -2.912 8.900 -12.421 -3.975 8.625 -12.209
 2 4 2.912 8.900 -12.421 3.975 8.625 -12.209
 3 4 -2.975 11 -12.408 -2.850 11.200 -12.433 -3.975 11.500 -12.209
 3 4 2.975 11 -12.408 2.850 11.200 -12.433 3.975 11.500 -12.209
 3 4 -2.975 11 -12.408 -3.975 11.250 -12.209 -3.975 11.500 -12.209
 3 4 2.975 11 -12.408 3.975 11.250 -12.209 3.975 11.500 -12.209
 2 4 -2.912 11.100 -12.421 -3.975 11.375 -12.209
 2 4 2.912 11.100 -12.421 3.975 11.375 -12.209
 4 4 -3.975 8.500 -12.209 -4.975 8.500 -12.010 -4.975 8.750 -12.010 -3.975 8.750 -12.209
 4 4 3.975 8.500 -12.209 4.975 8.500 -12.010 4.975 8.750 -12.010 3.975 8.750 -12.209
 2 4 -3.975 8.625 -12.209 -4.975 8.625 -12.010
 2 4 3.975 8.625 -12.209 4.975 8.625 -12.010
 4 4 -3.975 11.250 -12.209 -4.975 11.250 -12.010 -4.975 11.500 -12.010 -3.975 11.500 -12.209
 4 4 3.975 11.250 -12.209 4.975 11.250 -12.010 4.975 11.500 -12.010 3.975 11.500 -12.209
 2 4 -3.975 11.375 -12.209 -4.975 11.375 -12.010
 2 4 3.975 11.375 -12.209 4.975 11.375 -12.010
0
 3 4 -4.975 8.500 -12.010 -4.975 8.750 -12.010 -6.100 8.800 -11.258
 3 4 4.975 8.500 -12.010 4.975 8.750 -12.010 6.100 8.800 -11.258
 3 4 -4.975 8.750 -12.010 -6.100 8.800 -11.258 -5.975 9 -11.342
 3 4 4.975 8.750 -12.010 6.100 8.800 -11.258 5.975 9 -11.342
 2 4 -4.975 8.625 -12.010 -6.038 8.900 -11.300
 2 4 4.975 8.625 -12.010 6.038 8.900 -11.300
 3 4 -6.100 11.200 -11.258 -4.975 11.250 -12.010 -4.975 11.500 -12.010
 3 4 6.100 11.200 -11.258 4.975 11.250 -12.010 4.975 11.500 -12.010
 3 4 -6.100 11.200 -11.258 -5.975 11 -11.342 -4.975 11.250 -12.010
 3 4 6.100 11.200 -11.258 5.975 11 -11.342 4.975 11.250 -12.010
 2 4 -4.975 11.375 -12.010 -6.038 11.100 -11.300
 2 4 4.975 11.375 -12.010 6.038 11.100 -11.300
 3 4 -6.100 8.800 -11.258 -5.975 9 -11.342 -7 10 -10.657
 3 4 6.100 8.800 -11.258 5.975 9 -11.342 7 10 -10.657
 3 4 -5.975 9 -11.342 -6.750 10 -10.824 -7 10 -10.657
 3 4 5.975 9 -11.342 6.750 10 -10.824 7 10 -10.657
 2 4 -6.038 8.900 -11.300 -6.875 10 -10.740
 2 4 6.038 8.900 -11.300 6.875 10 -10.740
 3 4 -7 10 -10.657 -5.975 11 -11.342 -6.100 11.200 -11.258
 3 4 7 10 -10.657 5.975 11 -11.342 6.100 11.200 -11.258
 3 4 -6.750 10 -10.824 -7 10 -10.657 -5.975 11 -11.342
 3 4 6.750 10 -10.824 7 10 -10.657 5.975 11 -11.342
 2 4 -6.038 11.100 -11.300 -6.875 10 -10.740
 2 4 6.038 11.100 -11.300 6.875 10 -10.740
0
 3 16 0 8.500 -13 -2 10 -12.602 0 11.500 -13
 3 16 0 8.500 -13 2 10 -12.602 0 11.500 -13
 3 16 0 8.500 -13 -2.850 8.800 -12.433 -2 10 -12.602
 3 16 0 8.500 -13 2.850 8.800 -12.433 2 10 -12.602
 3 16 -3.975 8.500 -12.209 -2.850 8.800 -12.433 0 8.500 -13
 3 16 3.975 8.500 -12.209 2.850 8.800 -12.433 0 8.500 -13
 3 16 -2 10 -12.602 -2.850 11.200 -12.433 0 11.500 -13
 3 16 2 10 -12.602 2.850 11.200 -12.433 0 11.500 -13
 3 16 0 11.500 -13 -2.850 11.200 -12.433 -3.975 11.500 -12.209
 3 16 0 11.500 -13 2.850 11.200 -12.433 3.975 11.500 -12.209
0
 3 16 -4.975 8.500 -12.010 -6.100 8.800 -11.258 -9.192 8.500 -9.192
 3 16 4.975 8.500 -12.010 6.100 8.800 -11.258 9.192 8.500 -9.192
 3 16 -4.975 11.500 -12.010 -6.100 11.200 -11.258 -9.192 11.500 -9.192
 3 16 4.975 11.500 -12.010 6.100 11.200 -11.258 9.192 11.500 -9.192
 3 16 -6.100 8.800 -11.258 -7 10 -10.657 -9.192 8.500 -9.192
 3 16 6.100 8.800 -11.258 7 10 -10.657 9.192 8.500 -9.192
 3 16 -6.100 11.200 -11.258 -7 10 -10.657 -9.192 11.500 -9.192
 3 16 6.100 11.200 -11.258 7 10 -10.657 9.192 11.500 -9.192
 3 16 -7 10 -10.657 -9.192 8.500 -9.192 -9.192 11.500 -9.192
 3 16 7 10 -10.657 9.192 8.500 -9.192 9.192 11.500 -9.192
0
 3 0 -2 8.250 -12.602 -2 8.500 -12.602 -2.250 8.500 -12.553
 3 0 2 8.250 -12.602 2 8.500 -12.602 2.250 8.500 -12.553
0
 4 16 0 6 -13 0 8.500 -13 -2 8.500 -12.602 -2 6 -12.602
 4 16 0 6 -13 0 8.500 -13 2 8.500 -12.602 2 6 -12.602
0
 4 16 -4.975 4 -12.010 -4.975 6 -12.010 -9.192 6 -9.192 -9.192 4 -9.192
 4 16 4.975 4 -12.010 4.975 6 -12.010 9.192 6 -9.192 9.192 4 -9.192
 4 16 -7 6 -10.657 -7 8.500 -10.657 -9.192 8.500 -9.192 -9.192 6 -9.192
 4 16 7 6 -10.657 7 8.500 -10.657 9.192 8.500 -9.192 9.192 6 -9.192
0
0 (right)
0
 1 0 -3.975 10 -12.209 1 0 0 0 0 1 -0.199 1 0 4-4disc.dat
 1 16 -3.975 10 -12.209 1 0 0 0 0 1 -0.199 1 0 4-4ndis.dat
0
 4 16 -4.975 9 -12.010 -5.975 9 -11.342 -5.975 11 -11.342 -4.975 11 -12.010
0
 3 0 -2 8.250 -12.602 -2.250 8.500 -12.553 -4.975 7 -12.010
 3 0 -2.250 8.500 -12.553 -4.975 7 -12.010 -4.975 7.375 -12.010
 2 0 -2 8.500 -12.602 -4.975 7.188 -12.010
0
 3 0 -4.975 7 -12.010 -4.975 7.375 -12.010 -7 8.250 -10.657
 3 0 -4.975 7.375 -12.010 -7 8.250 -10.657 -6.750 8.500 -10.824
 3 0 -7 8.250 -10.657 -6.750 8.500 -10.824 -7 8.500 -10.657
 2 0 -4.975 7.188 -12.010 -7 8.500 -10.657
0
 4 16 -2 6 -12.602 -2 8.250 -12.602 -4.975 7 -12.010 -4.975 6 -12.010
 3 16 -2.250 8.500 -12.553 -4.975 7.375 -12.010 -4.975 8.500 -12.010
0
 4 16 -4.975 6 -12.010 -4.975 7 -12.010 -7 8.250 -10.657 -7 6 -10.657
 3 16 -4.975 7.375 -12.010 -4.975 8.500 -12.010 -6.750 8.500 -10.824
0
0 (left)
0
 4 16 2.975 9 -12.408 3.975 9 -12.209 3.975 11 -12.209 2.975 11 -12.408
0
 1 0 4.975 10 -12.010 0 0 -1 1 0 0 0 1 -0.199 2-4disc.dat
 1 16 4.975 10 -12.010 0 0 -1 1 0 0 0 1 -0.199 2-4ndis.dat
0
 1 0 4.975 10 -12.010 0 0 1 1 0 0 0 1 0.668 2-4disc.dat
 1 16 4.975 10 -12.010 0 0 1 1 0 0 0 1 0.668 2-4ndis.dat
0
 3 0 2 8.250 -12.602 2.250 8.500 -12.553 4.975 6 -12.010
 3 0 2.250 8.500 -12.553 4.975 6 -12.010 4.975 6.375 -12.010
 2 0 2 8.500 -12.602 4.975 6.188 -12.010
0
 3 0 4.975 6 -12.010 4.975 6.375 -12.010 7 7.250 -10.657
 3 0 4.975 6.375 -12.010 7 7.250 -10.657 6.750 7.500 -10.824
 3 0 7 7.250 -10.657 6.750 7.500 -10.824 7 7.500 -10.657
 2 0 4.975 6.188 -12.010 7 7.500 -10.657
0
 3 16 2 6 -12.602 2 8.250 -12.602 4.975 6 -12.010
 3 16 2.250 8.500 -12.553 4.975 6.375 -12.010 4.975 8.500 -12.010
0
 3 16 4.975 6 -12.010 7 6 -10.657 7 7.250 -10.657
 3 16 4.975 6.375 -12.010 4.975 7.500 -12.010 6.750 7.500 -10.824
 4 16 4.975 7.500 -12.010 4.975 8.500 -12.010 7 8.500 -10.657 7 7.500 -10.657
0
0 nostrils
0
 4 16 0 11.500 -13 0 12.500 -13 -4.975 12.500 -12.010 -4.975 11.500 -12.010
 4 16 0 11.500 -13 0 12.500 -13 4.975 12.500 -12.010 4.975 11.500 -12.010
 4 16 0 12.500 -13 0 13.500 -13 -0.750 13.500 -12.851 -0.750 12.500 -12.851
 4 16 0 12.500 -13 0 13.500 -13 0.750 13.500 -12.851 0.750 12.500 -12.851
 4 0 -0.750 12.500 -12.851 -0.750 13.500 -12.851 -1 13.500 -12.801 -1 12.500 -12.801
 4 0 0.750 12.500 -12.851 0.750 13.500 -12.851 1 13.500 -12.801 1 12.500 -12.801
 2 0 -0.875 12.500 -12.826 -0.875 13.500 -12.826
 2 0 0.875 12.500 -12.826 0.875 13.500 -12.826
 4 16 -1 12.500 -12.801 -1 13.500 -12.801 -4.975 13.500 -12.010 -4.975 12.500 -12.010
 4 16 1 12.500 -12.801 1 13.500 -12.801 4.975 13.500 -12.010 4.975 12.500 -12.010
 4 16 0 13.500 -13 0 14.125 -13 -4.975 14.125 -12.010 -4.975 13.500 -12.010
 4 16 0 13.500 -13 0 14.125 -13 4.975 14.125 -12.010 4.975 13.500 -12.010
0
0 mouth
0
 4 0 0 15.250 -13 0 15.750 -13 -0.625 15.750 -12.876 -0.625 15.250 -12.876
 4 0 0 15.250 -13 0 15.750 -13 0.625 15.750 -12.876 0.625 15.250 -12.876
 2 0 0 15.500 -13 -0.750 15.500 -12.851
 2 0 0 15.500 -13 0.750 15.500 -12.851
 4 0 -0.625 14.750 -12.876 -0.625 16.250 -12.876 -0.875 16.250 -12.826 -0.875 14.750 -12.826
 4 0 0.625 14.750 -12.876 0.625 16.250 -12.876 0.875 16.250 -12.826 0.875 14.750 -12.826
 2 0 -0.750 14.750 -12.851 -0.750 16.250 -12.851
 2 0 0.750 14.750 -12.851 0.750 16.250 -12.851
 3 0 -0.875 15.250 -12.826 -0.875 15.750 -12.826 -2.042 15.146 -12.594
 3 0 0.875 15.250 -12.826 0.875 15.750 -12.826 2.042 15.146 -12.594
 3 0 -0.875 15.750 -12.826 -2.042 15.146 -12.594 -2.208 15.667 -12.561
 3 0 0.875 15.750 -12.826 2.042 15.146 -12.594 2.208 15.667 -12.561
 2 0 -0.750 15.500 -12.851 -2.250 15.375 -12.552
 2 0 0.750 15.500 -12.851 2.250 15.375 -12.552
 3 0 -1.875 14.625 -12.627 -2.125 14.562 -12.577 -2.375 16.188 -12.527
 3 0 1.875 14.625 -12.627 2.125 14.562 -12.577 2.375 16.188 -12.527
 3 0 -2.125 14.562 -12.577 -2.375 16.188 -12.527 -2.625 16.125 -12.478
 3 0 2.125 14.562 -12.577 2.375 16.188 -12.527 2.625 16.125 -12.478
 2 0 -2 14.594 -12.602 -2.500 16.156 -12.503
 2 0 2 14.594 -12.602 2.500 16.156 -12.503
 3 0 -2.291 15.083 -12.544 -2.459 15.604 -12.511 -3.542 14.717 -12.295
 3 0 2.291 15.083 -12.544 2.459 15.604 -12.511 3.542 14.717 -12.295
 3 0 -2.459 15.604 -12.511 -3.542 14.717 -12.295 -3.708 15.133 -12.262
 3 0 2.459 15.604 -12.511 3.542 14.717 -12.295 3.708 15.133 -12.262
 2 0 -2.250 15.375 -12.552 -3.750 14.875 -12.254
 2 0 2.250 15.375 -12.552 3.750 14.875 -12.254
 3 0 -3.375 14.300 -12.328 -3.625 14.200 -12.279 -3.875 15.550 -12.229
 3 0 3.375 14.300 -12.328 3.625 14.200 -12.279 3.875 15.550 -12.229
 3 0 -3.625 14.200 -12.279 -3.875 15.550 -12.229 -4.125 15.450 -12.179
 3 0 3.625 14.200 -12.279 3.875 15.550 -12.229 4.125 15.450 -12.179
 2 0 -3.500 14.250 -12.304 -4 15.500 -12.204
 2 0 3.500 14.250 -12.304 4 15.500 -12.204
 3 0 -3.792 14.617 -12.245 -3.958 15.033 -12.212 -4.750 14.125 -12.055
 3 0 3.792 14.617 -12.245 3.958 15.033 -12.212 4.750 14.125 -12.055
 3 0 -3.958 15.033 -12.212 -4.750 14.125 -12.055 -4.975 14.500 -12.010
 3 0 3.958 15.033 -12.212 4.750 14.125 -12.055 4.975 14.500 -12.010
 3 0 -4.750 14.125 -12.055 -4.975 14.250 -12.010 -4.975 14.500 -12.010
 3 0 4.750 14.125 -12.055 4.975 14.250 -12.010 4.975 14.500 -12.010
 2 0 -3.750 14.875 -12.254 -4.975 14.250 -12.010
 2 0 3.750 14.875 -12.254 4.975 14.250 -12.010
0
 4 16 0 14.750 -13 0 15.250 -13 -0.625 15.250 -12.876 -0.625 14.750 -12.876
 4 16 0 14.750 -13 0 15.250 -13 0.625 15.250 -12.876 0.625 14.750 -12.876
 4 16 0 15.750 -13 0 16.250 -13 -0.625 16.250 -12.876 -0.625 15.750 -12.876
 4 16 0 15.750 -13 0 16.250 -13 0.625 16.250 -12.876 0.625 15.750 -12.876
 4 16 0 14.125 -13 0 14.750 -13 -0.875 14.750 -12.826 -0.875 14.125 -12.826
 4 16 0 14.125 -13 0 14.750 -13 0.875 14.750 -12.826 0.875 14.125 -12.826
 3 16 -0.875 15.250 -12.826 -1.875 14.625 -12.627 -2.042 15.146 -12.594
 3 16 0.875 15.250 -12.826 1.875 14.625 -12.627 2.042 15.146 -12.594
 4 16 -0.875 14.125 -12.826 -0.875 15.250 -12.826 -1.875 14.625 -12.627 -1.875 14.125 -12.627
 4 16 0.875 14.125 -12.826 0.875 15.250 -12.826 1.875 14.625 -12.627 1.875 14.125 -12.627
 4 16 -1.875 14.125 -12.627 -1.875 14.625 -12.627 -2.125 14.562 -12.577 -2.125 14.125 -12.577
 4 16 1.875 14.125 -12.627 1.875 14.625 -12.627 2.125 14.562 -12.577 2.125 14.125 -12.577
 4 16 -0.875 15.750 -12.826 -0.875 16.250 -12.826 -2.208 16.250 -12.561 -2.208 15.667 -12.561
 4 16 0.875 15.750 -12.826 0.875 16.250 -12.826 2.208 16.250 -12.561 2.208 15.667 -12.561
 4 16 -2.208 15.667 -12.561 -2.208 16.250 -12.561 -2.375 16.250 -12.527 -2.375 16.188 -12.527
 4 16 2.208 15.667 -12.561 2.208 16.250 -12.561 2.375 16.250 -12.527 2.375 16.188 -12.527
 4 16 -2.375 16.188 -12.527 -2.375 16.250 -12.527 -2.625 16.250 -12.478 -2.625 16.125 -12.478
 4 16 2.375 16.188 -12.527 2.375 16.250 -12.527 2.625 16.250 -12.478 2.625 16.125 -12.478
 3 16 -2.291 15.083 -12.544 -3.375 14.300 -12.328 -3.542 14.717 -12.295
 3 16 2.291 15.083 -12.544 3.375 14.300 -12.328 3.542 14.717 -12.295
 3 16 -2.125 14.562 -12.577 -2.291 15.083 -12.544 -3.375 14.300 -12.328
 3 16 2.125 14.562 -12.577 2.291 15.083 -12.544 3.375 14.300 -12.328
 4 16 -2.125 14.125 -12.577 -2.125 14.562 -12.577 -3.375 14.300 -12.328 -3.375 14.125 -12.328
 4 16 2.125 14.125 -12.577 2.125 14.562 -12.577 3.375 14.300 -12.328 3.375 14.125 -12.328
 3 16 -2.459 15.604 -12.511 -2.625 16.125 -12.478 -3.708 15.133 -12.262
 3 16 2.459 15.604 -12.511 2.625 16.125 -12.478 3.708 15.133 -12.262
 3 16 -2.625 16.125 -12.478 -3.708 15.133 -12.262 -3.875 15.550 -12.229
 3 16 2.625 16.125 -12.478 3.708 15.133 -12.262 3.875 15.550 -12.229
 4 16 -2.625 16.125 -12.478 -2.625 16.250 -12.478 -3.875 16.250 -12.229 -3.875 15.550 -12.229
 4 16 2.625 16.125 -12.478 2.625 16.250 -12.478 3.875 16.250 -12.229 3.875 15.550 -12.229
 4 16 -3.375 14.125 -12.328 -3.375 14.300 -12.328 -3.625 14.200 -12.279 -3.625 14.125 -12.279
 4 16 3.375 14.125 -12.328 3.375 14.300 -12.328 3.625 14.200 -12.279 3.625 14.125 -12.279
 4 16 -3.875 15.550 -12.229 -3.875 16.250 -12.229 -4.125 16.250 -12.179 -4.125 15.450 -12.179
 4 16 3.875 15.550 -12.229 3.875 16.250 -12.229 4.125 16.250 -12.179 4.125 15.450 -12.179
 3 16 -3.625 14.200 -12.279 -3.792 14.617 -12.245 -4.750 14.125 -12.055
 3 16 3.625 14.200 -12.279 3.792 14.617 -12.245 4.750 14.125 -12.055
 3 16 -3.625 14.125 -12.279 -3.625 14.200 -12.279 -4.750 14.125 -12.055
 3 16 3.625 14.125 -12.279 3.625 14.200 -12.279 4.750 14.125 -12.055
 3 16 -3.958 15.033 -12.212 -4.125 15.450 -12.179 -4.975 14.500 -12.010
 3 16 3.958 15.033 -12.212 4.125 15.450 -12.179 4.975 14.500 -12.010
 4 16 -4.125 15.450 -12.179 -4.125 16.250 -12.179 -4.975 16.250 -12.010 -4.975 14.500 -12.010
 4 16 4.125 15.450 -12.179 4.125 16.250 -12.179 4.975 16.250 -12.010 4.975 14.500 -12.010
 3 16 -4.750 14.125 -12.055 -4.975 14.125 -12.010 -4.975 14.250 -12.010
 3 16 4.750 14.125 -12.055 4.975 14.125 -12.010 4.975 14.250 -12.010
0
0 remainder of file
0
 4 16 0 16.250 -13 0 17 -13 -4.975 17 -12.010 -4.975 16.250 -12.010
 4 16 0 16.250 -13 0 17 -13 4.975 17 -12.010 4.975 16.250 -12.010
 4 16 -4.975 11.500 -12.010 -4.975 17 -12.010 -9.192 17 -9.192 -9.192 11.500 -9.192
 4 16 4.975 11.500 -12.010 4.975 17 -12.010 9.192 17 -9.192 9.192 11.500 -9.192
 4 16 -9.192 4 -9.192 -9.192 17 -9.192 -12.010 17 -4.975 -12.010 4 -4.975
 4 16 9.192 4 -9.192 9.192 17 -9.192 12.010 17 -4.975 12.010 4 -4.975
 4 16 -12.010 4 -4.975 -12.010 17 -4.975 -13 17 0 -13 4 0
 4 16 12.010 4 -4.975 12.010 17 -4.975 13 17 0 13 4 0
0
 4 16 0 4 -13 -4.975 4 -12.010 -4.415 1.172 -10.658 0 1.172 -11.536
 4 16 0 4 -13 4.975 4 -12.010 4.415 1.172 -10.658 0 1.172 -11.536
 4 16 0 17 -13 -4.975 17 -12.010 -4.415 19.828 -10.658 0 19.828 -11.536
 4 16 0 17 -13 4.975 17 -12.010 4.415 19.828 -10.658 0 19.828 -11.536
 4 16 -4.975 4 -12.010 -9.192 4 -9.192 -8.157 1.172 -8.157 -4.415 1.172 -10.658
 4 16 4.975 4 -12.010 9.192 4 -9.192 8.157 1.172 -8.157 4.415 1.172 -10.658
 4 16 -4.975 17 -12.010 -9.192 17 -9.192 -8.157 19.828 -8.157 -4.415 19.828 -10.658
 4 16 4.975 17 -12.010 9.192 17 -9.192 8.157 19.828 -8.157 4.415 19.828 -10.658
 4 16 -9.192 4 -9.192 -12.010 4 -4.975 -10.658 1.172 -4.415 -8.157 1.172 -8.157
 4 16 9.192 4 -9.192 12.010 4 -4.975 10.658 1.172 -4.415 8.157 1.172 -8.157
 4 16 -9.192 17 -9.192 -12.010 17 -4.975 -10.658 19.828 -4.415 -8.157 19.828 -8.157
 4 16 9.192 17 -9.192 12.010 17 -4.975 10.658 19.828 -4.415 8.157 19.828 -8.157
 4 16 -12.010 4 -4.975 -13 4 0 -11.536 1.172 0 -10.658 1.172 -4.415
 4 16 12.010 4 -4.975 13 4 0 11.536 1.172 0 10.658 1.172 -4.415
 4 16 -12.010 17 -4.975 -13 17 0 -11.536 19.828 0 -10.658 19.828 -4.415
 4 16 12.010 17 -4.975 13 17 0 11.536 19.828 0 10.658 19.828 -4.415
0
 5 24 0 4 -13 -4.975 4 -12.010 0 1.172 -11.536 0 17 -13
 5 24 0 4 -13 4.975 4 -12.010 0 1.172 -11.536 0 17 -13
 5 24 0 17 -13 -4.975 17 -12.010 0 19.828 -11.536 0 4 -13
 5 24 0 17 -13 4.975 17 -12.010 0 19.828 -11.536 0 4 -13
 5 24 -9.192 4 -9.192 -4.975 4 -12.010 -8.157 1.172 -8.157 -9.192 17 -9.192
 5 24 9.192 4 -9.192 4.975 4 -12.010 8.157 1.172 -8.157 9.192 17 -9.192
 5 24 -9.192 17 -9.192 -4.975 17 -12.010 -8.157 19.828 -8.157 -9.192 4 -9.192
 5 24 9.192 17 -9.192 4.975 17 -12.010 8.157 19.828 -8.157 9.192 4 -9.192
 5 24 -9.192 4 -9.192 -12.010 4 -4.975 -8.157 1.172 -8.157 -9.192 17 -9.192
 5 24 9.192 4 -9.192 12.010 4 -4.975 8.157 1.172 -8.157 9.192 17 -9.192
 5 24 -9.192 17 -9.192 -12.010 17 -4.975 -8.157 19.828 -8.157 -9.192 4 -9.192
 5 24 9.192 17 -9.192 12.010 17 -4.975 8.157 19.828 -8.157 9.192 4 -9.192
 5 24 -13 17 0 -12.010 17 -4.975 -11.536 19.828 0 -13 4 0
 5 24 13 17 0 12.010 17 -4.975 11.536 19.828 0 13 4 0
 5 24 -13 4 0 -12.010 4 -4.975 -11.536 1.172 0 -13 17 0
 5 24 13 4 0 12.010 4 -4.975 11.536 1.172 0 13 17 0
0
 5 24 0 4 -13 0 17 -13 -4.975 4 -12.010 4.975 4 -12.010
 5 24 -4.975 4 -12.010 -4.975 17 -12.010 0 4 -13 -9.192 4 -9.192
 5 24 4.975 4 -12.010 4.975 17 -12.010 0 4 -13 9.192 4 -9.192
 5 24 -9.192 4 -9.192 -9.192 17 -9.192 -4.975 4 -12.010 -12.010 4 -4.975
 5 24 9.192 4 -9.192 9.192 17 -9.192 4.975 4 -12.010 12.010 4 -4.975
 5 24 -12.010 4 -4.975 -12.010 17 -4.975 -9.192 4 -9.192 -13 4 0
 5 24 12.010 4 -4.975 12.010 17 -4.975 9.192 4 -9.192 13 4 0
 5 24 -13 4 0 -13 17 0 -12.010 4 -4.975 -12.010 4 4.975
 5 24 13 4 0 13 17 0 12.010 4 -4.975 12.010 4 4.975
0
 5 24 0 4 -13 0 1.172 -11.536 -4.975 4 -12.010 4.975 4 -12.010
 5 24 0 17 -13 0 19.828 -11.536 -4.975 17 -12.010 4.975 17 -12.010
 5 24 -4.975 4 -12.010 -4.415 1.172 -10.658 0 4 -13 -9.192 4 -9.192
 5 24 4.975 4 -12.010 4.415 1.172 -10.658 0 4 -13 9.192 4 -9.192
 5 24 -4.975 17 -12.010 -4.415 19.828 -10.658 0 17 -13 -9.192 17 -9.192
 5 24 4.975 17 -12.010 4.415 19.828 -10.658 0 17 -13 9.192 17 -9.192
 5 24 -9.192 4 -9.192 -8.157 1.172 -8.157 -4.975 4 -12.010 -12.010 4 -4.975
 5 24 9.192 4 -9.192 8.157 1.172 -8.157 4.975 4 -12.010 12.010 4 -4.975
 5 24 -9.192 17 -9.192 -8.157 19.828 -8.157 -4.975 17 -12.010 -12.010 17 -4.975
 5 24 9.192 17 -9.192 8.157 19.828 -8.157 4.975 17 -12.010 12.010 17 -4.975
 5 24 -12.010 4 -4.975 -10.658 1.172 -4.415 -9.192 4 -9.192 -13 4 0
 5 24 12.010 4 -4.975 10.658 1.172 -4.415 9.192 4 -9.192 13 4 0
 5 24 -12.010 17 -4.975 -10.658 19.828 -4.415 -9.192 17 -9.192 -13 17 0
 5 24 12.010 17 -4.975 10.658 19.828 -4.415 9.192 17 -9.192 13 17 0
 5 24 -13 4 0 -11.536 1.172 0 -12.010 4 -4.975 -12.010 4 4.975
 5 24 13 4 0 11.536 1.172 0 12.010 4 -4.975 12.010 4 4.975
 5 24 -13 17 0 -11.536 19.828 0 -12.010 17 -4.975 -12.010 17 4.975
 5 24 13 17 0 11.536 19.828 0 12.010 17 -4.975 12.010 17 4.975
0
0 COMMENT end of file
