0 Minifig Head with Standard Grin and Eyebrows Pattern
0 Name: 3626bp05.dat
0 Author: Chris Dee (chris_w_dee@hotmail.com)
0 Official LCad update 99-04

4 16 -11.536 1.172 0 -13 4 0 -12.01 4 -4.975 -10.658 1.172 -4.415
4 16 -10.658 1.172 -4.415 -12.01 4 -4.975 -9.192 4 -9.192 -8.157 1.172 -8.157
4 16 -8.157 1.172 -8.157 -9.192 4 -9.192 -4.975 4 -12.01 -4.415 1.172 -10.658
4 16 -4.415 1.172 -10.658 -4.975 4 -12.01 0 4 -13 0 1.172 -11.536
4 16 0 1.172 -11.536 0 4 -13 4.975 4 -12.01 4.415 1.172 -10.658
4 16 4.415 1.172 -10.658 4.975 4 -12.01 9.192 4 -9.192 8.157 1.172 -8.157
4 16 8.157 1.172 -8.157 9.192 4 -9.192 12.01 4 -4.975 10.658 1.172 -4.415
4 16 10.658 1.172 -4.415 12.01 4 -4.975 13 4 0 11.536 1.172 0
5 24 -10.658 1.172 -4.415 -12.01 4 -4.975 -8.157 1.172 -8.157 -11.536 1.172 0
5 24 -8.157 1.172 -8.157 -9.192 4 -9.192 -4.415 1.172 -10.658 -10.658 1.172 -4.415
5 24 -4.415 1.172 -10.658 -4.975 4 -12.01 0 1.172 -11.536 -8.157 1.172 -8.157
5 24 0 1.172 -11.536 0 4 -13 4.415 1.172 -10.658 -4.415 1.172 -10.658
5 24 4.415 1.172 -10.658 4.975 4 -12.01 8.157 1.172 -8.157 0 1.172 -11.536
5 24 8.157 1.172 -8.157 9.192 4 -9.192 10.658 1.172 -4.415 4.415 1.172 -10.658
5 24 10.658 1.172 -4.415 12.01 4 -4.975 11.536 1.172 0 8.157 1.172 -8.157

4 16 -13 4 0 -13 17 0 -12.01 17 -4.975 -12.01 4 -4.975
4 16 -12.01 4 -4.975 -12.01 17 -4.975 -9.192 17 -9.192 -9.192 4 -9.192
4 16 -4.975 4 -12.01 -4.975 7.05 -12.01 -9.192 7.05 -9.192 -9.192 4 -9.192
4 16 -4.975 8.25 -12.01 -4.975 17 -12.01 -9.192 17 -9.192 -9.192 8.25 -9.192
4 0 -4.975 7.05 -12.01 -4.975 7.8 -12.01 -5.6 8.25 -11.593 -6 7.7 -11.326
4 16 -6 7.05 -11.326 -6 8.25 -11.326 -9.192 8.25 -9.193 -9.192 7.05 -9.193
3 16 -6 7.7 -11.326 -6 8.25 -11.326 -5.6 8.25 -11.593
3 16 -5.6 8.25 -11.593 -4.975 8.25 -12.01 -4.975 7.8 -12.01
3 16 -4.975 7.05 -12.01 -6 7.05 -11.326 -6 7.7 -11.326
4 16 -4.975 4 -12.01 -4.975 6.75 -12.01 0 6.75 -13 0 4 -13
4 16 0 4 -13 0 6.75 -13 4.975 6.75 -12.01 4.975 4 -12.01
4 16 -4.975 8.25 -12.01 -4.975 8.75 -12.01 0 8.75 -13 0 8.25 -13
4 16 0 8.25 -13 0 8.75 -13 4.975 8.75 -12.01 4.975 8.25 -12.01

4 0 4.975 7.05 -12.01 4.975 7.8 -12.01 3.5 7.5 -12.304 3.5 6.75 -12.304
4 0 3.5 6.75 -12.304 3.5 7.5 -12.304 2.025 7.8 -12.597 2.025 7.05 -12.597
4 0 2.025 7.05 -12.597 2.025 7.8 -12.597 1.4 8.25 -12.722 1 7.7 -12.801
4 16 0 6.75 -13 0 8.25 -13 1 8.25 -12.801 1 6.75 -12.801
4 16 1 6.75 -12.801 1 7.7 -12.801 2.025 7.05 -12.597 2.025 6.75 -12.597
3 16 2.025 6.75 -12.597 2.025 7.05 -12.597 3.5 6.75 -12.304
3 16 3.5 6.75 -12.304 4.975 6.75 -12.01 4.975 7.05 -12.01
3 16 1 7.7 -12.801 1 8.25 -12.801 1.4 8.25 -12.722
3 16 1.4 8.25 -12.722 2.025 8.25 -12.597 2.025 7.8 -12.597
4 16 2.025 7.8 -12.597 2.025 8.25 -12.597 3.5 8.25 -12.304 3.5 7.5 -12.304
4 16 3.5 7.5 -12.304 3.5 8.25 -12.304 4.975 8.25 -12.01 4.975 7.8 -12.01

4 0 -4.975 7.05 -12.01 -4.975 7.8 -12.01 -3.5 7.5 -12.304 -3.5 6.75 -12.304
4 0 -3.5 6.75 -12.304 -3.5 7.5 -12.304 -2.025 7.8 -12.597 -2.025 7.05 -12.597
4 0 -2.025 7.05 -12.597 -2.025 7.8 -12.597 -1.4 8.25 -12.722 -1 7.7 -12.801
4 16 0 6.75 -13 0 8.25 -13 -1 8.25 -12.801 -1 6.75 -12.801
4 16 -1 6.75 -12.801 -1 7.7 -12.801 -2.025 7.05 -12.597 -2.025 6.75 -12.597
3 16 -2.025 6.75 -12.597 -2.025 7.05 -12.597 -3.5 6.75 -12.304
3 16 -3.5 6.75 -12.304 -4.975 6.75 -12.01 -4.975 7.05 -12.01
3 16 -1 7.7 -12.801 -1 8.25 -12.801 -1.4 8.25 -12.722
3 16 -1.4 8.25 -12.722 -2.025 8.25 -12.597 -2.025 7.8 -12.597
4 16 -2.025 7.8 -12.597 -2.025 8.25 -12.597 -3.5 8.25 -12.304 -3.5 7.5 -12.304
4 16 -3.5 7.5 -12.304 -3.5 8.25 -12.304 -4.975 8.25 -12.01 -4.975 7.8 -12.01

4 16 4.75 8.75 -12.055 4.975 8.75 -12.01 4.975 11.25 -12.01 4.75 11.25 -12.055
1 0 3.5 10 -12.304 1.25 0.244 0 0 0 -1.25 0.244 1 0 4-4disc.dat
1 16 3.5 10 -12.304 1.25 0.244 0 0 0 -1.25 0.244 1 0 4-4ndis.dat
4 16 0 8.75 -13 2.25 8.75 -12.552 2.25 11.25 -12.552 0 11.25 -13
4 16 0 8.75 -13 -2.25 8.75 -12.552 -2.25 11.25 -12.552 0 11.25 -13
1 0 -3.5 10 -12.304 1.25 -0.244 0 0 0 -1.25 -0.244 1 0 4-4disc.dat
1 16 -3.5 10 -12.304 1.25 -0.244 0 0 0 -1.25 -0.244 1 0 4-4ndis.dat
4 16 -4.75 8.75 -12.055 -4.975 8.75 -12.01 -4.975 11.25 -12.01 -4.75 11.25 -12.055
4 16 -4.975 11.25 -12.01 -4.975 14.2 -12.01 0 14.2 -13 0 11.25 -13
4 16 0 11.25 -13 0 14.2 -13 4.975 14.2 -12.01 4.975 11.25 -12.01
4 16 0 15 -13 0 14.2 -13 1.75 14.2 -12.652 1.75 14.75 -12.652
3 16 1.75 14.75 -12.652 1.75 14.2 -12.652 3 14.2 -12.403
3 16 3 14.2 -12.403 3.5 14.5 -12.304 3.5 14.2 -12.304
4 16 3.5 14.2 -12.304 4.975 14.2 -12.01 4.975 16 -12.01 3.5 16 -12.304
4 16 3.5 15 -12.304 4.975 16 -12.01 1.75 16 -12.652 1.75 15.75 -12.652
3 16 1.75 15.75 -12.652 1.75 16 -12.652 0 16 -13
4 0 0 16 -13 0 15 -13 1.75 14.75 -12.652 1.75 15.75 -12.652
4 0 1.75 15.75 -12.652 1.75 14.75 -12.652 3 14.2 -12.403 3.5 15 -12.304
3 0 3.5 15 -12.304 3 14.2 -12.403 3.5 14.5 -12.304
4 16 0 15 -13 0 14.2 -13 -1.75 14.2 -12.652 -1.75 14.75 -12.652
3 16 -1.75 14.75 -12.652 -1.75 14.2 -12.652 -3 14.2 -12.403
3 16 -3 14.2 -12.403 -3.5 14.5 -12.304 -3.5 14.2 -12.304
4 16 -3.5 14.2 -12.304 -4.975 14.2 -12.01 -4.975 16 -12.01 -3.5 16 -12.304
4 16 -3.5 15 -12.304 -4.975 16 -12.01 -1.75 16 -12.652 -1.75 15.75 -12.652
3 16 -1.75 15.75 -12.652 -1.75 16 -12.652 0 16 -13
4 0 0 16 -13 0 15 -13 -1.75 14.75 -12.652 -1.75 15.75 -12.652
4 0 -1.75 15.75 -12.652 -1.75 14.75 -12.652 -3 14.2 -12.403 -3.5 15 -12.304
3 0 -3.5 15 -12.304 -3 14.2 -12.403 -3.5 14.5 -12.304
4 16 -4.975 16 -12.01 -4.975 17 -12.01 0 17 -13 0 16 -13
4 16 0 16 -13 0 17 -13 4.975 17 -12.01 4.975 16 -12.01

4 16 4.975 4 -12.01 4.975 7.05 -12.01 9.192 7.05 -9.192 9.192 4 -9.192
4 16 4.975 8.25 -12.01 4.975 17 -12.01 9.192 17 -9.192 9.192 8.25 -9.192
4 0 4.975 7.05 -12.01 4.975 7.8 -12.01 5.6 8.25 -11.593 6 7.7 -11.326
4 16 6 7.05 -11.326 6 8.25 -11.326 9.192 8.25 -9.193 9.192 7.05 -9.193
3 16 6 7.7 -11.326 6 8.25 -11.326 5.6 8.25 -11.593
3 16 5.6 8.25 -11.593 4.975 8.25 -12.01 4.975 7.8 -12.01
3 16 4.975 7.05 -12.01 6 7.05 -11.326 6 7.7 -11.326

4 16 9.192 4 -9.192 9.192 17 -9.192 12.01 17 -4.975 12.01 4 -4.975
4 16 12.01 4 -4.975 12.01 17 -4.975 13 17 0 13 4 0

5 24 -12.01 4 -4.975 -12.01 17 -4.975 -9.192 4 -9.192 -13 4 0
5 24 -9.192 4 -9.192 -9.192 17 -9.192 -4.975 4 -12.01 -12.01 4 -4.975
5 24 -4.975 4 -12.01 -4.975 17 -12.01 0 4 -13 -9.192 4 -9.192
5 24 0 4 -13 0 17 -13 4.975 4 -12.01 -4.975 4 -12.01
5 24 4.975 4 -12.01 4.975 17 -12.01 9.192 4 -9.192 0 4 -13
5 24 9.192 4 -9.192 9.192 17 -9.192 12.01 4 -4.975 4.975 4 -12.01
5 24 12.01 4 -4.975 12.01 17 -4.975 13 4 0 9.192 4 -9.192

4 16 -11.536 19.828 0 -13 17 0 -12.01 17 -4.975 -10.658 19.828 -4.415
4 16 -10.658 19.828 -4.415 -12.01 17 -4.975 -9.192 17 -9.192 -8.157 19.828 -8.157
4 16 -8.157 19.828 -8.157 -9.192 17 -9.192 -4.975 17 -12.01 -4.415 19.828 -10.658
4 16 -4.415 19.828 -10.658 -4.975 17 -12.01 0 17 -13 0 19.828 -11.536
4 16 0 19.828 -11.536 0 17 -13 4.975 17 -12.01 4.415 19.828 -10.658
4 16 4.415 19.828 -10.658 4.975 17 -12.01 9.192 17 -9.192 8.157 19.828 -8.157
4 16 8.157 19.828 -8.157 9.192 17 -9.192 12.01 17 -4.975 10.658 19.828 -4.415
4 16 10.658 19.828 -4.415 12.01 17 -4.975 13 17 0 11.536 19.828 0
5 24 -10.658 19.828 -4.415 -12.01 17 -4.975 -8.157 19.828 -8.157 -11.536 19.828 0
5 24 -8.157 19.828 -8.157 -9.192 17 -9.192 -4.415 19.828 -10.658 -10.658 19.828 -4.415
5 24 -4.415 19.828 -10.658 -4.975 17 -12.01 0 19.828 -11.536 -8.157 19.828 -8.157
5 24 0 19.828 -11.536 0 17 -13 4.415 19.828 -10.658 -4.415 19.828 -10.658
5 24 4.415 19.828 -10.658 4.975 17 -12.01 8.157 19.828 -8.157 0 19.828 -11.536
5 24 8.157 19.828 -8.157 9.192 17 -9.192 10.658 19.828 -4.415 4.415 19.828 -10.658
5 24 10.658 19.828 -4.415 12.01 17 -4.975 11.536 19.828 0 8.157 19.828 -8.157

1 16 0 0 0 1 0 0 0 1 0 0 0 1 s\3626bs01.dat
0