0 Minifig Head with Standard Woman Pattern
0 Name: 3626bp02.dat
0 Author: Tore Eriksson
0 Modified March-1999 by : Chris Dee (chris_w_dee@hotmail.com)
0 Official LCad update 99-03

4 16 -11.536 1.172 0 -13 4 0 -12.01 4 -4.975 -10.658 1.172 -4.415
4 16 -10.658 1.172 -4.415 -12.01 4 -4.975 -9.192 4 -9.192 -8.157 1.172 -8.157
4 16 -8.157 1.172 -8.157 -9.192 4 -9.192 -4.975 4 -12.01 -4.415 1.172 -10.658
4 16 -4.415 1.172 -10.658 -4.975 4 -12.01 0 4 -13 0 1.172 -11.536
4 16 0 1.172 -11.536 0 4 -13 4.975 4 -12.01 4.415 1.172 -10.658
4 16 4.415 1.172 -10.658 4.975 4 -12.01 9.192 4 -9.192 8.157 1.172 -8.157
4 16 8.157 1.172 -8.157 9.192 4 -9.192 12.01 4 -4.975 10.658 1.172 -4.415
4 16 10.658 1.172 -4.415 12.01 4 -4.975 13 4 0 11.536 1.172 0

5 24 -10.658 1.172 -4.415 -12.01 4 -4.975 -8.157 1.172 -8.157 -11.536 1.172 0
5 24 -8.157 1.172 -8.157 -9.192 4 -9.192 -4.415 1.172 -10.658 -10.658 1.172 -4.415
5 24 -4.415 1.172 -10.658 -4.975 4 -12.01 0 1.172 -11.536 -8.157 1.172 -8.157
5 24 0 1.172 -11.536 0 4 -13 4.415 1.172 -10.658 -4.415 1.172 -10.658
5 24 4.415 1.172 -10.658 4.975 4 -12.01 8.157 1.172 -8.157 0 1.172 -11.536
5 24 8.157 1.172 -8.157 9.192 4 -9.192 10.658 1.172 -4.415 4.415 1.172 -10.658
5 24 10.658 1.172 -4.415 12.01 4 -4.975 11.536 1.172 0 8.157 1.172 -8.157

4 16 -13 4 0 -13 17 0 -12.01 17 -4.975 -12.01 4 -4.975
4 16 -12.01 4 -4.975 -12.01 17 -4.975 -9.192 17 -9.192 -9.192 4 -9.192
4 16 -4.975 4 -12.01 -4.975 9.2 -12.01 -9.192 9.2 -9.192 -9.192 4 -9.192
3 0 -4.975 9.2 -12.01 -4.975 10.7 -12.01 -5.5 9.8 -11.659
4 16 -4.975 9.2 -12.01 -9.192 9.2 -9.192 -9.192 9.8 -9.192 -5.5 9.8 -11.659
4 16 -5.5 9.8 -11.659 -9.192 9.8 -9.192 -9.192 10.7 -9.192 -4.975 10.7 -12.01
4 16 -4.975 10.7 -12.01 -4.975 17 -12.01 -9.192 17 -9.192 -9.192 10.7 -9.192

4 16 -4.975 4 -12.01 -4.975 8.75 -12.01 0 8.75 -13 0 4 -13

3 0 -2.25 10.25 -12.552 -2.75 10.8 -12.453 -2.75 9.5 -12.453
4 0 -2.75 9.5 -12.453 -2.75 10.8 -12.453 -3 11 -12.403 -3 9.1 -12.403
4 0 -3 9.1 -12.403 -3 11 -12.403 -3.25 11.1 -12.353 -3.25 8.9 -12.353
4 0 -3.25 8.9 -12.353 -3.25 11.1 -12.353 -3.5 11.2 -12.304 -3.5 8.8 -12.304
4 0 -3.5 8.8 -12.304 -3.5 11.2 -12.304 -3.75 11.25 -12.254 -3.75 8.75 -12.254 
4 0 -3.75 8.75 -12.254 -3.75 11.25 -12.254 -4 11.2 -12.204 -4 8.8 -12.204
4 0 -4 8.8 -12.204 -4 11.2 -12.204 -4.25 11.1 -12.154 -4.25 8.9 -12.154
4 0 -4.25 8.9 -12.154 -4.25 11.1 -12.154 -4.5 11 -12.105 -4.5  9 -12.105
4 0 -4.5 9 -12.105 -4.5 11 -12.105 -4.975 10.7 -12.01 -4.975 9.2 -12.01

4 16 0 8.75 -13 0 11.25 -13 -2.25 11.25 -12.552 -2.25 8.75 -12.552
4 16 -2.25 8.75 -12.552 -2.25 10.25 -12.552 -2.75 9.5 -12.453 -2.75 8.75 -12.453
4 16 -2.75 8.75 -12.453 -2.75 9.5 -12.453 -3 9.1 -12.403 -3 8.75 -12.403
4 16 -3 8.75 -12.403 -3 9.1 -12.403 -3.25 8.9 -12.353 -3.25 8.75 -12.353
4 16 -3.25 8.75 -12.353 -3.25 8.9 -12.353 -3.5 8.8 -12.304 -3.5 8.75 -12.304
3 16 -3.5 8.75 -12.304 -3.5 8.8 -12.304 -3.75 8.75 -12.254
3 16 -3.75 8.75 -12.254 -4 8.8 -12.204 -4 8.75 -12.204
4 16 -4 8.75 -12.204 -4 8.8 -12.204 -4.25 8.9 -12.154 -4.25 8.75 -12.154
4 16 -4.25 8.75 -12.154 -4.25 8.9 -12.154 -4.5 9 -12.105 -4.5 8.75 -12.105
4 16 -4.5 8.75 -12.105 -4.5 9 -12.105 -4.975 9.2 -12.010 -4.975 8.75 -12.010
4 16 -2.25 10.25 -12.552 -2.25 11.25 -12.552 -2.75 11.25 -12.453 -2.75 10.8 -12.453
4 16 -2.75 10.8 -12.453 -2.75 11.25 -12.453 -3 11.25 -12.403 -3 11 -12.403
4 16 -3 11 -12.403 -3 11.25 -12.403 -3.25 11.25 -12.353 -3.25 11.1 -12.353
4 16 -3.25 11.1 -12.353 -3.25 11.25 -12.353 -3.5 11.25 -12.304 -3.5 11.2 -12.304
3 16 -3.5 11.2 -12.304 -3.5 11.25 -12.304 -3.75 11.25 -12.254
3 16 -3.75 11.25 -12.254 -4 11.25 -12.204 -4 11.2 -12.204
4 16 -4 11.2 -12.204 -4 11.25 -12.204 -4.25 11.25 -12.154 -4.25 11.1 -12.154
4 16 -4.25 11.1 -12.154 -4.25 11.25 -12.154 -4.5 11.25 -12.105 -4.5 11 -12.105
4 16 -4.5 11 -12.105 -4.5 11.25 -12.105 -4.975 11.25 -12.01 -4.975 10.7 -12.01

4 16 -4.975 11.25 -12.01 -4.975 13.25 -12.01 0 13.25 -13 0 11.25 -13
3 16 0 13.25 -13 0.5 13.25 -12.901 0 13.5 -13
4 16 0.5 13.25 -12.901 4.975 13.25 -12.010 4.975 13.75 -12.010 1 13.75 -12.801
3 16 1 13.75 -12.801 2 13.75 -12.602 2 14 -12.602
4 16 2 13.75 -12.602 4.975 13.75 -12.01 4.975 14 -12.01 2 14 -12.602
4 16 3 14 -12.403 4.975 14 -12.01 4.975 15 -12.01 1.75 15 -12.652
4 4 0 13.5 -13 0 14 -13 0.5 14 -12.901 0.5 13.25 -12.901
4 4 0.5 13.25 -12.901 0.5 14 -12.901 1 14 -12.801 1 13.75 -12.801
3 4 1 13.75 -12.801 1 14 -12.801 2 14 -12.602
4 4 3 14 -12.403 0 14 -13 0 15 -13 1.75 15 -12.652

4 16 4.975 4 -12.01 4.975 8.75 -12.01 0 8.75 -13 0 4 -13
3 0 2.25 10.25 -12.552 2.75 10.8 -12.453 2.75 9.5 -12.453
4 0 2.75 9.5 -12.453 2.75 10.8 -12.453 3 11 -12.403 3 9.1 -12.403
4 0 3 9.1 -12.403 3 11 -12.403 3.25 11.1 -12.353 3.25 8.9 -12.353
4 0 3.25 8.9 -12.353 3.25 11.1 -12.353 3.5 11.2 -12.304 3.5 8.8 -12.304
4 0 3.5 8.8 -12.304 3.5 11.2 -12.304 3.75 11.25 -12.254 3.75 8.75 -12.254 
4 0 3.75 8.75 -12.254 3.75 11.25 -12.254 4 11.2 -12.204 4 8.8 -12.204
4 0 4 8.8 -12.204 4 11.2 -12.204 4.25 11.1 -12.154 4.25 8.9 -12.154
4 0 4.25 8.9 -12.154 4.25 11.1 -12.154 4.5 11 -12.105 4.5  9 -12.105
4 0 4.5 9 -12.105 4.5 11 -12.105 4.975 10.7 -12.01 4.975 9.2 -12.01

4 16 0 8.75 -13 0 11.25 -13 2.25 11.25 -12.552 2.25 8.75 -12.552
4 16 2.25 8.75 -12.552 2.25 10.25 -12.552 2.75 9.5 -12.453 2.75 8.75 -12.453
4 16 2.75 8.75 -12.453 2.75 9.5 -12.453 3 9.1 -12.403 3 8.75 -12.403
4 16 3 8.75 -12.403 3 9.1 -12.403 3.25 8.9 -12.353 3.25 8.75 -12.353
4 16 3.25 8.75 -12.353 3.25 8.9 -12.353 3.5 8.8 -12.304 3.5 8.75 -12.304
3 16 3.5 8.75 -12.304 3.5 8.8 -12.304 3.75 8.75 -12.254
3 16 3.75 8.75 -12.254 4 8.8 -12.204 4 8.75 -12.204
4 16 4 8.75 -12.204 4 8.8 -12.204 4.25 8.9 -12.154 4.25 8.75 -12.154
4 16 4.25 8.75 -12.154 4.25 8.9 -12.154 4.5 9 -12.105 4.5 8.75 -12.105
4 16 4.5 8.75 -12.105 4.5 9 -12.105 4.975 9.2 -12.010 4.975 8.75 -12.010
4 16 2.25 10.25 -12.552 2.25 11.25 -12.552 2.75 11.25 -12.453 2.75 10.8 -12.453
4 16 2.75 10.8 -12.453 2.75 11.25 -12.453 3 11.25 -12.403 3 11 -12.403
4 16 3 11 -12.403 3 11.25 -12.403 3.25 11.25 -12.353 3.25 11.1 -12.353
4 16 3.25 11.1 -12.353 3.25 11.25 -12.353 3.5 11.25 -12.304 3.5 11.2 -12.304
3 16 3.5 11.2 -12.304 3.5 11.25 -12.304 3.75 11.25 -12.254
3 16 3.75 11.25 -12.254 4 11.25 -12.204 4 11.2 -12.204
4 16 4 11.2 -12.204 4 11.25 -12.204 4.25 11.25 -12.154 4.25 11.1 -12.154
4 16 4.25 11.1 -12.154 4.25 11.25 -12.154 4.5 11.25 -12.105 4.5 11 -12.105
4 16 4.5 11 -12.105 4.5 11.25 -12.105 4.975 11.25 -12.01 4.975 10.7 -12.01

4 16 4.975 11.25 -12.01 4.975 13.25 -12.01 0 13.25 -13 0 11.25 -13
3 16 0 13.25 -13 -0.5 13.25 -12.901 0 13.5 -13
4 16 -0.5 13.25 -12.901 -4.975 13.25 -12.010 -4.975 13.75 -12.010 -1 13.75 -12.801
3 16 -1 13.75 -12.801 -2 13.75 -12.602 -2 14 -12.602
4 16 -2 13.75 -12.602 -4.975 13.75 -12.01 -4.975 14 -12.01 -2 14 -12.602
4 16 -3 14 -12.403 -4.975 14 -12.01 -4.975 15 -12.01 -1.75 15 -12.652
4 4 0 13.5 -13 0 14 -13 -0.5 14 -12.901 -0.5 13.25 -12.901
4 4 -0.5 13.25 -12.901 -0.5 14 -12.901 -1 14 -12.801 -1 13.75 -12.801
3 4 -1 13.75 -12.801 -1 14 -12.801 -2 14 -12.602
4 4 -3 14 -12.403 0 14 -13 0 15 -13 -1.75 15 -12.652
4 16 -4.975 15 -12.01 -4.975 17 -12.01 0 17 -13 0 15 -13
4 16 0 15 -13 0 17 -13 4.975 17 -12.01 4.975 15 -12.01

4 16 4.975 4 -12.01 4.975 9.2 -12.01 9.192 9.2 -9.192 9.192 4 -9.192
3 0 4.975 9.2 -12.01 4.975 10.7 -12.01 5.5 9.8 -11.659
4 16 4.975 9.2 -12.01 9.192 9.2 -9.192 9.192 9.8 -9.192 5.5 9.8 -11.659
4 16 5.5 9.8 -11.659 9.192 9.8 -9.192 9.192 10.7 -9.192 4.975 10.7 -12.01
4 16 4.975 10.7 -12.01 4.975 17 -12.01 9.192 17 -9.192 9.192 10.7 -9.192

4 16 9.192 4 -9.192 9.192 17 -9.192 12.01 17 -4.975 12.01 4 -4.975
4 16 12.01 4 -4.975 12.01 17 -4.975 13 17 0 13 4 0

4 16 -11.536 19.828 0 -13 17 0 -12.01 17 -4.975 -10.658 19.828 -4.415
4 16 -10.658 19.828 -4.415 -12.01 17 -4.975 -9.192 17 -9.192 -8.157 19.828 -8.157
4 16 -8.157 19.828 -8.157 -9.192 17 -9.192 -4.975 17 -12.01 -4.415 19.828 -10.658
4 16 -4.415 19.828 -10.658 -4.975 17 -12.01 0 17 -13 0 19.828 -11.536
4 16 0 19.828 -11.536 0 17 -13 4.975 17 -12.01 4.415 19.828 -10.658
4 16 4.415 19.828 -10.658 4.975 17 -12.01 9.192 17 -9.192 8.157 19.828 -8.157
4 16 8.157 19.828 -8.157 9.192 17 -9.192 12.01 17 -4.975 10.658 19.828 -4.415
4 16 10.658 19.828 -4.415 12.01 17 -4.975 13 17 0 11.536 19.828 0

5 24 -10.658 19.828 -4.415 -12.01 17 -4.975 -8.157 19.828 -8.157 -11.536 19.828 0
5 24 -8.157 19.828 -8.157 -9.192 17 -9.192 -4.415 19.828 -10.658 -10.658 19.828 -4.415
5 24 -4.415 19.828 -10.658 -4.975 17 -12.01 0 19.828 -11.536 -8.157 19.828 -8.157
5 24 0 19.828 -11.536 0 17 -13 4.415 19.828 -10.658 -4.415 19.828 -10.658
5 24 4.415 19.828 -10.658 4.975 17 -12.01 8.157 19.828 -8.157 0 19.828 -11.536
5 24 8.157 19.828 -8.157 9.192 17 -9.192 10.658 19.828 -4.415 4.415 19.828 -10.658
5 24 10.658 19.828 -4.415 12.01 17 -4.975 11.536 19.828 0 8.157 19.828 -8.157

1 16 0 0 0 1 0 0 0 1 0 0 0 1 s\3626bs01.dat
0