0 Plate  2 x  4 with Articulated Joint
0 Name: 3639.dat
0 Author: James Jessiman
0 Original LDraw Part - LDraw beta 0.27 Archive

 1 16 0 4 20 1 0 0 0 -1 0 0 0 1 stud4.dat
 1 16 0 4 0 1 0 0 0 -1 0 0 0 1 stud4.dat
 1 16 0 4 -20 1 0 0 0 -1 0 0 0 1 stud4.dat
 1 16 0 8 0 16 0 0 0 -4 0 0 0 36 box5.dat
 4 16 20 8 40 16 8 36 -16 8 36 -20 8 40
 4 16 20 8 -40 16 8 -36 -16 8 -36 -20 8 -40
 4 16 20 8 40 16 8 36 16 8 -36 20 8 -40
 4 16 -20 8 40 -16 8 36 -16 8 -36 -20 8 -40

 2 24 4 20 -60 4 20 -40
 2 24 4 20 -40 -4 20 -40
 2 24 -4 20 -40 -4 20 -60

 2 24 20 8 40 -20 8 40
 2 24 -20 8 40 -20 8 -44
 2 24 -20 8 -40 20 8 -40
 2 24 20 8 -44 20 8 40

 2 24 4 6 -60 4 6 -56
 2 24 4 6 -56 -4 6 -56
 2 24 -4 6 -56 -4 6 -60

 2 24 4 2 -60 4 2 -56
 2 24 4 2 -56 -4 2 -56
 2 24 -4 2 -56 -4 2 -60

 2 24 20 0 40 -20 0 40
 2 24 -20 0 40 -20 0 -44
 2 24 -20 0 -40 20 0 -40
 2 24 20 0 -44 20 0 40

 2 24 4 -12 -60 4 -12 -40
 2 24 4 -12 -40 -4 -12 -40
 2 24 -4 -12 -40 -4 -12 -60

 2 24 20 0 40 20 8 40
 2 24 -20 0 40 -20 8 40

 2 24 20 0 -44 20 8 -44
 2 24 -20 0 -44 -20 8 -44
 2 24 4 -12 -44 4 20 -44
 2 24 -4 -12 -44 -4 20 -44

 2 24 4 2 -56 4 6 -56
 2 24 -4 2 -56 -4 6 -56

 2 24 4 20 -40 20 8 -40
 2 24 -4 20 -40 -20 8 -40
 2 24 4 -12 -40 20 0 -40
 2 24 -4 -12 -40 -20 0 -40

 2 24 4 20 -44 20 8 -44
 2 24 -4 20 -44 -20 8 -44
 2 24 4 -12 -44 20 0 -44
 2 24 -4 -12 -44 -20 0 -44

 1 16 0 24 -60 4 0 0 0 0 0 0 0 4 4-4edge.dat
 1 16 0 20 -60 4 0 0 0 0 0 0 0 4 2-4edge.dat
 1 16 0 6 -60 4 0 0 0 0 0 0 0 -4 2-4edge.dat
 1 16 0 2 -60 4 0 0 0 0 0 0 0 -4 2-4edge.dat
 1 16 0 -12 -60 4 0 0 0 0 0 0 0 4 2-4edge.dat
 1 16 0 -16 -60 4 0 0 0 0 0 0 0 4 4-4edge.dat

 1 16 0 24 -60 4 0 0 0 0 0 0 0 4 4-4disc.dat
 1 16 0 20 -60 4 0 0 0 0 0 0 0 4 2-4ndis.dat
 4 16 4 20 -40 4 20 -56 -4 20 -56 -4 20 -40
 1 16 0 6 -60 4 0 0 0 0 0 0 0 -4 2-4disc.dat
 4 16 4 6 -56 4 6 -60 -4 6 -60 -4 6 -56
 1 16 0 2 -60 4 0 0 0 0 0 0 0 -4 2-4disc.dat
 4 16 4 2 -56 4 2 -60 -4 2 -60 -4 2 -56
 4 16 20 0 40 20 0 -40 -20 0 -40 -20 0 40
 1 16 0 -12 -60 4 0 0 0 0 0 0 0 4 2-4ndis.dat
 4 16 4 -12 -40 4 -12 -56 -4 -12 -56 -4 -12 -40
 1 16 0 -16 -60 4 0 0 0 0 0 0 0 4 4-4disc.dat

 4 16 20 8 40 20 0 40 -20 0 40 -20 8 40
 4 16 4 20 -40 20 8 -40 -20 8 -40 -4 20 -40
 4 16 20 0 -40 4 -12 -40 -4 -12 -40 -20 0 -40
 4 16 4 20 -44 20 8 -44 20 0 -44 4 -12 -44
 4 16 -4 20 -44 -20 8 -44 -20 0 -44 -4 -12 -44
 4 16 4 6 -56 4 2 -56 -4 2 -56 -4 6 -56

 4 16 20 8 40 20 0 40 20 0 -44 20 8 -44
 4 16 4 20 -44 4 6 -56 4 6 -60 4 20 -60
 4 16 4 20 -44 4 6 -56 4 2 -56 4 -12 -44
 4 16 4 -12 -44 4 2 -56 4 2 -60 4 -12 -60
 4 16 -4 20 -44 -4 6 -56 -4 6 -60 -4 20 -60
 4 16 -4 20 -44 -4 6 -56 -4 2 -56 -4 -12 -44
 4 16 -4 -12 -44 -4 2 -56 -4 2 -60 -4 -12 -60
 4 16 -20 8 40 -20 0 40 -20 0 -44 -20 8 -44

 4 16 20 8 -40 20 8 -44 4 20 -44 4 20 -40
 4 16 -20 8 -40 -20 8 -44 -4 20 -44 -4 20 -40
 4 16 20 0 -40 20 0 -44 4 -12 -44 4 -12 -40
 4 16 -20 0 -40 -20 0 -44 -4 -12 -44 -4 -12 -40

 1 16 0 20 -60 4 0 0 0 4 0 0 0 4 2-4cyli.dat
 1 16 0 6 -60 4 0 0 0 18 0 0 0 -4 2-4cyli.dat
 1 16 0 -16 -60 4 0 0 0 18 0 0 0 -4 2-4cyli.dat
 1 16 0 -16 -60 4 0 0 0 4 0 0 0 4 2-4cyli.dat

 1 16 10 0 30 1 0 0 0 1 0 0 0 1 stud.dat
 1 16 -10 0 30 1 0 0 0 1 0 0 0 1 stud.dat
 1 16 10 0 10 1 0 0 0 1 0 0 0 1 stud.dat
 1 16 -10 0 10 1 0 0 0 1 0 0 0 1 stud.dat
 1 16 10 0 -10 1 0 0 0 1 0 0 0 1 stud.dat
 1 16 -10 0 -10 1 0 0 0 1 0 0 0 1 stud.dat
 1 16 10 0 -30 1 0 0 0 1 0 0 0 1 stud.dat
 1 16 -10 0 -30 1 0 0 0 1 0 0 0 1 stud.dat
0
