0 Technic Gear 40 Tooth (needs work)
0 Name: 3649.dat
0 Author: James Jessiman
0 Original LDraw Part - LDraw beta 0.27 Archive

 1 16 -10 -30 -8 6 0 0 0 0 6 0 0 0 4-4edge.dat
 1 16 10 -30 -8 6 0 0 0 0 6 0 0 0 4-4edge.dat
 1 16 -30 -10 -8 6 0 0 0 0 6 0 0 0 4-4edge.dat
 1 16 -10 -10 -8 6 0 0 0 0 6 0 0 0 4-4edge.dat
 1 16 10 -10 -8 6 0 0 0 0 6 0 0 0 4-4edge.dat
 1 16 30 -10 -8 6 0 0 0 0 6 0 0 0 4-4edge.dat
 1 16 -30 10 -8 6 0 0 0 0 6 0 0 0 4-4edge.dat
 1 16 -10 10 -8 6 0 0 0 0 6 0 0 0 4-4edge.dat
 1 16 10 10 -8 6 0 0 0 0 6 0 0 0 4-4edge.dat
 1 16 30 10 -8 6 0 0 0 0 6 0 0 0 4-4edge.dat
 1 16 -10 30 -8 6 0 0 0 0 6 0 0 0 4-4edge.dat
 1 16 10 30 -8 6 0 0 0 0 6 0 0 0 4-4edge.dat
 1 16 -10 -30 8 6 0 0 0 0 6 0 0 0 4-4edge.dat
 1 16 10 -30 8 6 0 0 0 0 6 0 0 0 4-4edge.dat
 1 16 -30 -10 8 6 0 0 0 0 6 0 0 0 4-4edge.dat
 1 16 -10 -10 8 6 0 0 0 0 6 0 0 0 4-4edge.dat
 1 16 10 -10 8 6 0 0 0 0 6 0 0 0 4-4edge.dat
 1 16 30 -10 8 6 0 0 0 0 6 0 0 0 4-4edge.dat
 1 16 -30 10 8 6 0 0 0 0 6 0 0 0 4-4edge.dat
 1 16 -10 10 8 6 0 0 0 0 6 0 0 0 4-4edge.dat
 1 16 10 10 8 6 0 0 0 0 6 0 0 0 4-4edge.dat
 1 16 30 10 8 6 0 0 0 0 6 0 0 0 4-4edge.dat
 1 16 -10 30 8 6 0 0 0 0 6 0 0 0 4-4edge.dat
 1 16 10 30 8 6 0 0 0 0 6 0 0 0 4-4edge.dat
 1 16 -10 -30 -8 6 0 0 0 0 6 0 16 0 4-4cyli.dat
 1 16 10 -30 -8 6 0 0 0 0 6 0 16 0 4-4cyli.dat
 1 16 -30 -10 -8 6 0 0 0 0 6 0 16 0 4-4cyli.dat
 1 16 -10 -10 -8 6 0 0 0 0 6 0 16 0 4-4cyli.dat
 1 16 10 -10 -8 6 0 0 0 0 6 0 16 0 4-4cyli.dat
 1 16 30 -10 -8 6 0 0 0 0 6 0 16 0 4-4cyli.dat
 1 16 -30 10 -8 6 0 0 0 0 6 0 16 0 4-4cyli.dat
 1 16 -10 10 -8 6 0 0 0 0 6 0 16 0 4-4cyli.dat
 1 16 10 10 -8 6 0 0 0 0 6 0 16 0 4-4cyli.dat
 1 16 30 10 -8 6 0 0 0 0 6 0 16 0 4-4cyli.dat
 1 16 -10 30 -8 6 0 0 0 0 6 0 16 0 4-4cyli.dat
 1 16 10 30 -8 6 0 0 0 0 6 0 16 0 4-4cyli.dat

 2 24 52.99 1.04 -6 52.99 1.04 6
 2 24 52.99 -1.04 -6 52.99 -1.04 6
 2 24 46.92 2.77 -6 46.92 2.77 6
 2 24 46.92 -2.77 -6 46.92 -2.77 6
 2 24 46.92 2.77 -6 52.99 1.04 -6
 2 24 52.99 1.04 -6 52.99 -1.04 -6
 2 24 52.99 -1.04 -6 46.92 -2.77 -6
 2 24 46.92 -2.77 -6 46.77 -4.61 -6
 2 24 46.92 2.77 6 52.99 1.04 6
 2 24 52.99 1.04 6 52.99 -1.04 6
 2 24 52.99 -1.04 6 46.92 -2.77 6
 2 24 46.92 -2.77 6 46.77 -4.61 6
 2 24 45 0 -6 44.45 -7.04 -6
 2 24 45 0 -2 44.45 -7.04 -2
 2 24 45 0 2 44.45 -7.04 2
 2 24 45 0 6 44.45 -7.04 6
 4 16 46.92 2.77 -6 52.99 1.04 -6 52.99 1.04 6 46.92 2.77 6
 4 16 52.99 1.04 -6 52.99 -1.04 -6 52.99 -1.04 6 52.99 1.04 6
 4 16 52.99 -1.04 -6 46.92 -2.77 -6 46.92 -2.77 6 52.99 -1.04 6
 4 16 46.92 -2.77 -6 46.77 -4.61 -6 46.77 -4.61 6 46.92 -2.77 6
 4 16 46.92 2.77 -6 52.99 1.04 -6 52.99 -1.04 -6 46.92 -2.77 -6
 4 16 46.92 2.77 6 52.99 1.04 6 52.99 -1.04 6 46.92 -2.77 6
 4 16 46.92 2.77 -6 45 0 -6 44.45 -7.04 -6 46.92 -2.77 -6
 4 16 46.92 2.77 6 45 0 6 44.45 -7.04 6 46.92 -2.77 6
 4 16 46.92 -2.77 -6 44.45 -7.04 -6 44.45 -7.04 -6 46.77 -4.61 -6
 4 16 46.92 -2.77 6 44.45 -7.04 6 44.45 -7.04 6 46.77 -4.61 6
 4 16 45 0 -6 44.45 -7.04 -6 44.45 -7.04 6 45 0 6
 2 24 52.50 -7.26 -6 52.50 -7.26 6
 2 24 52.17 -9.32 -6 52.17 -9.32 6
 2 24 46.77 -4.61 -6 46.77 -4.61 6
 2 24 45.91 -10.07 -6 45.91 -10.07 6
 2 24 46.77 -4.61 -6 52.50 -7.26 -6
 2 24 52.50 -7.26 -6 52.17 -9.32 -6
 2 24 52.17 -9.32 -6 45.91 -10.07 -6
 2 24 45.91 -10.07 -6 45.48 -11.87 -6
 2 24 46.77 -4.61 6 52.50 -7.26 6
 2 24 52.50 -7.26 6 52.17 -9.32 6
 2 24 52.17 -9.32 6 45.91 -10.07 6
 2 24 45.91 -10.07 6 45.48 -11.87 6
 2 24 44.45 -7.04 -6 42.80 -13.91 -6
 2 24 44.45 -7.04 -2 42.80 -13.91 -2
 2 24 44.45 -7.04 2 42.80 -13.91 2
 2 24 44.45 -7.04 6 42.80 -13.91 6
 4 16 46.77 -4.61 -6 52.50 -7.26 -6 52.50 -7.26 6 46.77 -4.61 6
 4 16 52.50 -7.26 -6 52.17 -9.32 -6 52.17 -9.32 6 52.50 -7.26 6
 4 16 52.17 -9.32 -6 45.91 -10.07 -6 45.91 -10.07 6 52.17 -9.32 6
 4 16 45.91 -10.07 -6 45.48 -11.87 -6 45.48 -11.87 6 45.91 -10.07 6
 4 16 46.77 -4.61 -6 52.50 -7.26 -6 52.17 -9.32 -6 45.91 -10.07 -6
 4 16 46.77 -4.61 6 52.50 -7.26 6 52.17 -9.32 6 45.91 -10.07 6
 4 16 46.77 -4.61 -6 44.45 -7.04 -6 42.80 -13.91 -6 45.91 -10.07 -6
 4 16 46.77 -4.61 6 44.45 -7.04 6 42.80 -13.91 6 45.91 -10.07 6
 4 16 45.91 -10.07 -6 42.80 -13.91 -6 42.80 -13.91 -6 45.48 -11.87 -6
 4 16 45.91 -10.07 6 42.80 -13.91 6 42.80 -13.91 6 45.48 -11.87 6
 4 16 44.45 -7.04 -6 42.80 -13.91 -6 42.80 -13.91 6 44.45 -7.04 6
 2 24 50.72 -15.39 -6 50.72 -15.39 6
 2 24 50.07 -17.36 -6 50.07 -17.36 6
 2 24 45.48 -11.87 -6 45.48 -11.87 6
 2 24 43.77 -17.13 -6 43.77 -17.13 6
 2 24 45.48 -11.87 -6 50.72 -15.39 -6
 2 24 50.72 -15.39 -6 50.07 -17.36 -6
 2 24 50.07 -17.36 -6 43.77 -17.13 -6
 2 24 43.77 -17.13 -6 43.06 -18.84 -6
 2 24 45.48 -11.87 6 50.72 -15.39 6
 2 24 50.72 -15.39 6 50.07 -17.36 6
 2 24 50.07 -17.36 6 43.77 -17.13 6
 2 24 43.77 -17.13 6 43.06 -18.84 6
 2 24 42.80 -13.91 -6 40.10 -20.43 -6
 2 24 42.80 -13.91 -2 40.10 -20.43 -2
 2 24 42.80 -13.91 2 40.10 -20.43 2
 2 24 42.80 -13.91 6 40.10 -20.43 6
 4 16 45.48 -11.87 -6 50.72 -15.39 -6 50.72 -15.39 6 45.48 -11.87 6
 4 16 50.72 -15.39 -6 50.07 -17.36 -6 50.07 -17.36 6 50.72 -15.39 6
 4 16 50.07 -17.36 -6 43.77 -17.13 -6 43.77 -17.13 6 50.07 -17.36 6
 4 16 43.77 -17.13 -6 43.06 -18.84 -6 43.06 -18.84 6 43.77 -17.13 6
 4 16 45.48 -11.87 -6 50.72 -15.39 -6 50.07 -17.36 -6 43.77 -17.13 -6
 4 16 45.48 -11.87 6 50.72 -15.39 6 50.07 -17.36 6 43.77 -17.13 6
 4 16 45.48 -11.87 -6 42.80 -13.91 -6 40.10 -20.43 -6 43.77 -17.13 -6
 4 16 45.48 -11.87 6 42.80 -13.91 6 40.10 -20.43 6 43.77 -17.13 6
 4 16 43.77 -17.13 -6 40.10 -20.43 -6 40.10 -20.43 -6 43.06 -18.84 -6
 4 16 43.77 -17.13 6 40.10 -20.43 6 40.10 -20.43 6 43.06 -18.84 6
 4 16 42.80 -13.91 -6 40.10 -20.43 -6 40.10 -20.43 6 42.80 -13.91 6
 2 24 47.69 -23.13 -6 47.69 -23.13 6
 2 24 46.74 -24.98 -6 46.74 -24.98 6
 2 24 43.06 -18.84 -6 43.06 -18.84 6
 2 24 40.55 -23.77 -6 40.55 -23.77 6
 2 24 43.06 -18.84 -6 47.69 -23.13 -6
 2 24 47.69 -23.13 -6 46.74 -24.98 -6
 2 24 46.74 -24.98 -6 40.55 -23.77 -6
 2 24 40.55 -23.77 -6 39.58 -25.34 -6
 2 24 43.06 -18.84 6 47.69 -23.13 6
 2 24 47.69 -23.13 6 46.74 -24.98 6
 2 24 46.74 -24.98 6 40.55 -23.77 6
 2 24 40.55 -23.77 6 39.58 -25.34 6
 2 24 40.10 -20.43 -6 36.41 -26.45 -6
 2 24 40.10 -20.43 -2 36.41 -26.45 -2
 2 24 40.10 -20.43 2 36.41 -26.45 2
 2 24 40.10 -20.43 6 36.41 -26.45 6
 4 16 43.06 -18.84 -6 47.69 -23.13 -6 47.69 -23.13 6 43.06 -18.84 6
 4 16 47.69 -23.13 -6 46.74 -24.98 -6 46.74 -24.98 6 47.69 -23.13 6
 4 16 46.74 -24.98 -6 40.55 -23.77 -6 40.55 -23.77 6 46.74 -24.98 6
 4 16 40.55 -23.77 -6 39.58 -25.34 -6 39.58 -25.34 6 40.55 -23.77 6
 4 16 43.06 -18.84 -6 47.69 -23.13 -6 46.74 -24.98 -6 40.55 -23.77 -6
 4 16 43.06 -18.84 6 47.69 -23.13 6 46.74 -24.98 6 40.55 -23.77 6
 4 16 43.06 -18.84 -6 40.10 -20.43 -6 36.41 -26.45 -6 40.55 -23.77 -6
 4 16 43.06 -18.84 6 40.10 -20.43 6 36.41 -26.45 6 40.55 -23.77 6
 4 16 40.55 -23.77 -6 36.41 -26.45 -6 36.41 -26.45 -6 39.58 -25.34 -6
 4 16 40.55 -23.77 6 36.41 -26.45 6 36.41 -26.45 6 39.58 -25.34 6
 4 16 40.10 -20.43 -6 36.41 -26.45 -6 36.41 -26.45 6 40.10 -20.43 6
 2 24 43.48 -30.30 -6 43.48 -30.30 6
 2 24 42.26 -31.99 -6 42.26 -31.99 6
 2 24 39.58 -25.34 -6 39.58 -25.34 6
 2 24 36.33 -29.82 -6 36.33 -29.82 6
 2 24 39.58 -25.34 -6 43.48 -30.30 -6
 2 24 43.48 -30.30 -6 42.26 -31.99 -6
 2 24 42.26 -31.99 -6 36.33 -29.82 -6
 2 24 36.33 -29.82 -6 35.13 -31.22 -6
 2 24 39.58 -25.34 6 43.48 -30.30 6
 2 24 43.48 -30.30 6 42.26 -31.99 6
 2 24 42.26 -31.99 6 36.33 -29.82 6
 2 24 36.33 -29.82 6 35.13 -31.22 6
 2 24 36.41 -26.45 -6 31.82 -31.82 -6
 2 24 36.41 -26.45 -2 31.82 -31.82 -2
 2 24 36.41 -26.45 2 31.82 -31.82 2
 2 24 36.41 -26.45 6 31.82 -31.82 6
 4 16 39.58 -25.34 -6 43.48 -30.30 -6 43.48 -30.30 6 39.58 -25.34 6
 4 16 43.48 -30.30 -6 42.26 -31.99 -6 42.26 -31.99 6 43.48 -30.30 6
 4 16 42.26 -31.99 -6 36.33 -29.82 -6 36.33 -29.82 6 42.26 -31.99 6
 4 16 36.33 -29.82 -6 35.13 -31.22 -6 35.13 -31.22 6 36.33 -29.82 6
 4 16 39.58 -25.34 -6 43.48 -30.30 -6 42.26 -31.99 -6 36.33 -29.82 -6
 4 16 39.58 -25.34 6 43.48 -30.30 6 42.26 -31.99 6 36.33 -29.82 6
 4 16 39.58 -25.34 -6 36.41 -26.45 -6 31.82 -31.82 -6 36.33 -29.82 -6
 4 16 39.58 -25.34 6 36.41 -26.45 6 31.82 -31.82 6 36.33 -29.82 6
 4 16 36.33 -29.82 -6 31.82 -31.82 -6 31.82 -31.82 -6 35.13 -31.22 -6
 4 16 36.33 -29.82 6 31.82 -31.82 6 31.82 -31.82 6 35.13 -31.22 6
 4 16 36.41 -26.45 -6 31.82 -31.82 -6 31.82 -31.82 6 36.41 -26.45 6
 2 24 38.21 -36.73 -6 38.21 -36.73 6
 2 24 36.73 -38.21 -6 36.73 -38.21 6
 2 24 35.13 -31.22 -6 35.13 -31.22 6
 2 24 31.22 -35.13 -6 31.22 -35.13 6
 2 24 35.13 -31.22 -6 38.21 -36.73 -6
 2 24 38.21 -36.73 -6 36.73 -38.21 -6
 2 24 36.73 -38.21 -6 31.22 -35.13 -6
 2 24 31.22 -35.13 -6 29.82 -36.33 -6
 2 24 35.13 -31.22 6 38.21 -36.73 6
 2 24 38.21 -36.73 6 36.73 -38.21 6
 2 24 36.73 -38.21 6 31.22 -35.13 6
 2 24 31.22 -35.13 6 29.82 -36.33 6
 2 24 31.82 -31.82 -6 26.45 -36.41 -6
 2 24 31.82 -31.82 -2 26.45 -36.41 -2
 2 24 31.82 -31.82 2 26.45 -36.41 2
 2 24 31.82 -31.82 6 26.45 -36.41 6
 4 16 35.13 -31.22 -6 38.21 -36.73 -6 38.21 -36.73 6 35.13 -31.22 6
 4 16 38.21 -36.73 -6 36.73 -38.21 -6 36.73 -38.21 6 38.21 -36.73 6
 4 16 36.73 -38.21 -6 31.22 -35.13 -6 31.22 -35.13 6 36.73 -38.21 6
 4 16 31.22 -35.13 -6 29.82 -36.33 -6 29.82 -36.33 6 31.22 -35.13 6
 4 16 35.13 -31.22 -6 38.21 -36.73 -6 36.73 -38.21 -6 31.22 -35.13 -6
 4 16 35.13 -31.22 6 38.21 -36.73 6 36.73 -38.21 6 31.22 -35.13 6
 4 16 35.13 -31.22 -6 31.82 -31.82 -6 26.45 -36.41 -6 31.22 -35.13 -6
 4 16 35.13 -31.22 6 31.82 -31.82 6 26.45 -36.41 6 31.22 -35.13 6
 4 16 31.22 -35.13 -6 26.45 -36.41 -6 26.45 -36.41 -6 29.82 -36.33 -6
 4 16 31.22 -35.13 6 26.45 -36.41 6 26.45 -36.41 6 29.82 -36.33 6
 4 16 31.82 -31.82 -6 26.45 -36.41 -6 26.45 -36.41 6 31.82 -31.82 6
 2 24 31.99 -42.26 -6 31.99 -42.26 6
 2 24 30.30 -43.48 -6 30.30 -43.48 6
 2 24 29.82 -36.33 -6 29.82 -36.33 6
 2 24 25.34 -39.58 -6 25.34 -39.58 6
 2 24 29.82 -36.33 -6 31.99 -42.26 -6
 2 24 31.99 -42.26 -6 30.30 -43.48 -6
 2 24 30.30 -43.48 -6 25.34 -39.58 -6
 2 24 25.34 -39.58 -6 23.77 -40.55 -6
 2 24 29.82 -36.33 6 31.99 -42.26 6
 2 24 31.99 -42.26 6 30.30 -43.48 6
 2 24 30.30 -43.48 6 25.34 -39.58 6
 2 24 25.34 -39.58 6 23.77 -40.55 6
 2 24 26.45 -36.41 -6 20.43 -40.10 -6
 2 24 26.45 -36.41 -2 20.43 -40.10 -2
 2 24 26.45 -36.41 2 20.43 -40.10 2
 2 24 26.45 -36.41 6 20.43 -40.10 6
 4 16 29.82 -36.33 -6 31.99 -42.26 -6 31.99 -42.26 6 29.82 -36.33 6
 4 16 31.99 -42.26 -6 30.30 -43.48 -6 30.30 -43.48 6 31.99 -42.26 6
 4 16 30.30 -43.48 -6 25.34 -39.58 -6 25.34 -39.58 6 30.30 -43.48 6
 4 16 25.34 -39.58 -6 23.77 -40.55 -6 23.77 -40.55 6 25.34 -39.58 6
 4 16 29.82 -36.33 -6 31.99 -42.26 -6 30.30 -43.48 -6 25.34 -39.58 -6
 4 16 29.82 -36.33 6 31.99 -42.26 6 30.30 -43.48 6 25.34 -39.58 6
 4 16 29.82 -36.33 -6 26.45 -36.41 -6 20.43 -40.10 -6 25.34 -39.58 -6
 4 16 29.82 -36.33 6 26.45 -36.41 6 20.43 -40.10 6 25.34 -39.58 6
 4 16 25.34 -39.58 -6 20.43 -40.10 -6 20.43 -40.10 -6 23.77 -40.55 -6
 4 16 25.34 -39.58 6 20.43 -40.10 6 20.43 -40.10 6 23.77 -40.55 6
 4 16 26.45 -36.41 -6 20.43 -40.10 -6 20.43 -40.10 6 26.45 -36.41 6
 2 24 24.98 -46.74 -6 24.98 -46.74 6
 2 24 23.13 -47.69 -6 23.13 -47.69 6
 2 24 23.77 -40.55 -6 23.77 -40.55 6
 2 24 18.84 -43.06 -6 18.84 -43.06 6
 2 24 23.77 -40.55 -6 24.98 -46.74 -6
 2 24 24.98 -46.74 -6 23.13 -47.69 -6
 2 24 23.13 -47.69 -6 18.84 -43.06 -6
 2 24 18.84 -43.06 -6 17.13 -43.77 -6
 2 24 23.77 -40.55 6 24.98 -46.74 6
 2 24 24.98 -46.74 6 23.13 -47.69 6
 2 24 23.13 -47.69 6 18.84 -43.06 6
 2 24 18.84 -43.06 6 17.13 -43.77 6
 2 24 20.43 -40.10 -6 13.91 -42.80 -6
 2 24 20.43 -40.10 -2 13.91 -42.80 -2
 2 24 20.43 -40.10 2 13.91 -42.80 2
 2 24 20.43 -40.10 6 13.91 -42.80 6
 4 16 23.77 -40.55 -6 24.98 -46.74 -6 24.98 -46.74 6 23.77 -40.55 6
 4 16 24.98 -46.74 -6 23.13 -47.69 -6 23.13 -47.69 6 24.98 -46.74 6
 4 16 23.13 -47.69 -6 18.84 -43.06 -6 18.84 -43.06 6 23.13 -47.69 6
 4 16 18.84 -43.06 -6 17.13 -43.77 -6 17.13 -43.77 6 18.84 -43.06 6
 4 16 23.77 -40.55 -6 24.98 -46.74 -6 23.13 -47.69 -6 18.84 -43.06 -6
 4 16 23.77 -40.55 6 24.98 -46.74 6 23.13 -47.69 6 18.84 -43.06 6
 4 16 23.77 -40.55 -6 20.43 -40.10 -6 13.91 -42.80 -6 18.84 -43.06 -6
 4 16 23.77 -40.55 6 20.43 -40.10 6 13.91 -42.80 6 18.84 -43.06 6
 4 16 18.84 -43.06 -6 13.91 -42.80 -6 13.91 -42.80 -6 17.13 -43.77 -6
 4 16 18.84 -43.06 6 13.91 -42.80 6 13.91 -42.80 6 17.13 -43.77 6
 4 16 20.43 -40.10 -6 13.91 -42.80 -6 13.91 -42.80 6 20.43 -40.10 6
 2 24 17.36 -50.07 -6 17.36 -50.07 6
 2 24 15.39 -50.72 -6 15.39 -50.72 6
 2 24 17.13 -43.77 -6 17.13 -43.77 6
 2 24 11.87 -45.48 -6 11.87 -45.48 6
 2 24 17.13 -43.77 -6 17.36 -50.07 -6
 2 24 17.36 -50.07 -6 15.39 -50.72 -6
 2 24 15.39 -50.72 -6 11.87 -45.48 -6
 2 24 11.87 -45.48 -6 10.07 -45.91 -6
 2 24 17.13 -43.77 6 17.36 -50.07 6
 2 24 17.36 -50.07 6 15.39 -50.72 6
 2 24 15.39 -50.72 6 11.87 -45.48 6
 2 24 11.87 -45.48 6 10.07 -45.91 6
 2 24 13.91 -42.80 -6 7.04 -44.45 -6
 2 24 13.91 -42.80 -2 7.04 -44.45 -2
 2 24 13.91 -42.80 2 7.04 -44.45 2
 2 24 13.91 -42.80 6 7.04 -44.45 6
 4 16 17.13 -43.77 -6 17.36 -50.07 -6 17.36 -50.07 6 17.13 -43.77 6
 4 16 17.36 -50.07 -6 15.39 -50.72 -6 15.39 -50.72 6 17.36 -50.07 6
 4 16 15.39 -50.72 -6 11.87 -45.48 -6 11.87 -45.48 6 15.39 -50.72 6
 4 16 11.87 -45.48 -6 10.07 -45.91 -6 10.07 -45.91 6 11.87 -45.48 6
 4 16 17.13 -43.77 -6 17.36 -50.07 -6 15.39 -50.72 -6 11.87 -45.48 -6
 4 16 17.13 -43.77 6 17.36 -50.07 6 15.39 -50.72 6 11.87 -45.48 6
 4 16 17.13 -43.77 -6 13.91 -42.80 -6 7.04 -44.45 -6 11.87 -45.48 -6
 4 16 17.13 -43.77 6 13.91 -42.80 6 7.04 -44.45 6 11.87 -45.48 6
 4 16 11.87 -45.48 -6 7.04 -44.45 -6 7.04 -44.45 -6 10.07 -45.91 -6
 4 16 11.87 -45.48 6 7.04 -44.45 6 7.04 -44.45 6 10.07 -45.91 6
 4 16 13.91 -42.80 -6 7.04 -44.45 -6 7.04 -44.45 6 13.91 -42.80 6
 2 24 9.32 -52.17 -6 9.32 -52.17 6
 2 24 7.26 -52.50 -6 7.26 -52.50 6
 2 24 10.07 -45.91 -6 10.07 -45.91 6
 2 24 4.61 -46.77 -6 4.61 -46.77 6
 2 24 10.07 -45.91 -6 9.32 -52.17 -6
 2 24 9.32 -52.17 -6 7.26 -52.50 -6
 2 24 7.26 -52.50 -6 4.61 -46.77 -6
 2 24 4.61 -46.77 -6 2.77 -46.92 -6
 2 24 10.07 -45.91 6 9.32 -52.17 6
 2 24 9.32 -52.17 6 7.26 -52.50 6
 2 24 7.26 -52.50 6 4.61 -46.77 6
 2 24 4.61 -46.77 6 2.77 -46.92 6
 2 24 7.04 -44.45 -6 0 -45 -6
 2 24 7.04 -44.45 -2 0 -45 -2
 2 24 7.04 -44.45 2 0 -45 2
 2 24 7.04 -44.45 6 0 -45 6
 4 16 10.07 -45.91 -6 9.32 -52.17 -6 9.32 -52.17 6 10.07 -45.91 6
 4 16 9.32 -52.17 -6 7.26 -52.50 -6 7.26 -52.50 6 9.32 -52.17 6
 4 16 7.26 -52.50 -6 4.61 -46.77 -6 4.61 -46.77 6 7.26 -52.50 6
 4 16 4.61 -46.77 -6 2.77 -46.92 -6 2.77 -46.92 6 4.61 -46.77 6
 4 16 10.07 -45.91 -6 9.32 -52.17 -6 7.26 -52.50 -6 4.61 -46.77 -6
 4 16 10.07 -45.91 6 9.32 -52.17 6 7.26 -52.50 6 4.61 -46.77 6
 4 16 10.07 -45.91 -6 7.04 -44.45 -6 0 -45 -6 4.61 -46.77 -6
 4 16 10.07 -45.91 6 7.04 -44.45 6 0 -45 6 4.61 -46.77 6
 4 16 4.61 -46.77 -6 0 -45 -6 0 -45 -6 2.77 -46.92 -6
 4 16 4.61 -46.77 6 0 -45 6 0 -45 6 2.77 -46.92 6
 4 16 7.04 -44.45 -6 0 -45 -6 0 -45 6 7.04 -44.45 6
 2 24 1.04 -52.99 -6 1.04 -52.99 6
 2 24 -1.04 -52.99 -6 -1.04 -52.99 6
 2 24 2.77 -46.92 -6 2.77 -46.92 6
 2 24 -2.77 -46.92 -6 -2.77 -46.92 6
 2 24 2.77 -46.92 -6 1.04 -52.99 -6
 2 24 1.04 -52.99 -6 -1.04 -52.99 -6
 2 24 -1.04 -52.99 -6 -2.77 -46.92 -6
 2 24 -2.77 -46.92 -6 -4.61 -46.77 -6
 2 24 2.77 -46.92 6 1.04 -52.99 6
 2 24 1.04 -52.99 6 -1.04 -52.99 6
 2 24 -1.04 -52.99 6 -2.77 -46.92 6
 2 24 -2.77 -46.92 6 -4.61 -46.77 6
 2 24 0 -45 -6 -7.04 -44.45 -6
 2 24 0 -45 -2 -7.04 -44.45 -2
 2 24 0 -45 2 -7.04 -44.45 2
 2 24 0 -45 6 -7.04 -44.45 6
 4 16 2.77 -46.92 -6 1.04 -52.99 -6 1.04 -52.99 6 2.77 -46.92 6
 4 16 1.04 -52.99 -6 -1.04 -52.99 -6 -1.04 -52.99 6 1.04 -52.99 6
 4 16 -1.04 -52.99 -6 -2.77 -46.92 -6 -2.77 -46.92 6 -1.04 -52.99 6
 4 16 -2.77 -46.92 -6 -4.61 -46.77 -6 -4.61 -46.77 6 -2.77 -46.92 6
 4 16 2.77 -46.92 -6 1.04 -52.99 -6 -1.04 -52.99 -6 -2.77 -46.92 -6
 4 16 2.77 -46.92 6 1.04 -52.99 6 -1.04 -52.99 6 -2.77 -46.92 6
 4 16 2.77 -46.92 -6 0 -45 -6 -7.04 -44.45 -6 -2.77 -46.92 -6
 4 16 2.77 -46.92 6 0 -45 6 -7.04 -44.45 6 -2.77 -46.92 6
 4 16 -2.77 -46.92 -6 -7.04 -44.45 -6 -7.04 -44.45 -6 -4.61 -46.77 -6
 4 16 -2.77 -46.92 6 -7.04 -44.45 6 -7.04 -44.45 6 -4.61 -46.77 6
 4 16 0 -45 -6 -7.04 -44.45 -6 -7.04 -44.45 6 0 -45 6
 2 24 -7.26 -52.50 -6 -7.26 -52.50 6
 2 24 -9.32 -52.17 -6 -9.32 -52.17 6
 2 24 -4.61 -46.77 -6 -4.61 -46.77 6
 2 24 -10.07 -45.91 -6 -10.07 -45.91 6
 2 24 -4.61 -46.77 -6 -7.26 -52.50 -6
 2 24 -7.26 -52.50 -6 -9.32 -52.17 -6
 2 24 -9.32 -52.17 -6 -10.07 -45.91 -6
 2 24 -10.07 -45.91 -6 -11.87 -45.48 -6
 2 24 -4.61 -46.77 6 -7.26 -52.50 6
 2 24 -7.26 -52.50 6 -9.32 -52.17 6
 2 24 -9.32 -52.17 6 -10.07 -45.91 6
 2 24 -10.07 -45.91 6 -11.87 -45.48 6
 2 24 -7.04 -44.45 -6 -13.91 -42.80 -6
 2 24 -7.04 -44.45 -2 -13.91 -42.80 -2
 2 24 -7.04 -44.45 2 -13.91 -42.80 2
 2 24 -7.04 -44.45 6 -13.91 -42.80 6
 4 16 -4.61 -46.77 -6 -7.26 -52.50 -6 -7.26 -52.50 6 -4.61 -46.77 6
 4 16 -7.26 -52.50 -6 -9.32 -52.17 -6 -9.32 -52.17 6 -7.26 -52.50 6
 4 16 -9.32 -52.17 -6 -10.07 -45.91 -6 -10.07 -45.91 6 -9.32 -52.17 6
 4 16 -10.07 -45.91 -6 -11.87 -45.48 -6 -11.87 -45.48 6 -10.07 -45.91 6
 4 16 -4.61 -46.77 -6 -7.26 -52.50 -6 -9.32 -52.17 -6 -10.07 -45.91 -6
 4 16 -4.61 -46.77 6 -7.26 -52.50 6 -9.32 -52.17 6 -10.07 -45.91 6
 4 16 -4.61 -46.77 -6 -7.04 -44.45 -6 -13.91 -42.80 -6 -10.07 -45.91 -6
 4 16 -4.61 -46.77 6 -7.04 -44.45 6 -13.91 -42.80 6 -10.07 -45.91 6
 4 16 -10.07 -45.91 -6 -13.91 -42.80 -6 -13.91 -42.80 -6 -11.87 -45.48 -6
 4 16 -10.07 -45.91 6 -13.91 -42.80 6 -13.91 -42.80 6 -11.87 -45.48 6
 4 16 -7.04 -44.45 -6 -13.91 -42.80 -6 -13.91 -42.80 6 -7.04 -44.45 6
 2 24 -15.39 -50.72 -6 -15.39 -50.72 6
 2 24 -17.36 -50.07 -6 -17.36 -50.07 6
 2 24 -11.87 -45.48 -6 -11.87 -45.48 6
 2 24 -17.13 -43.77 -6 -17.13 -43.77 6
 2 24 -11.87 -45.48 -6 -15.39 -50.72 -6
 2 24 -15.39 -50.72 -6 -17.36 -50.07 -6
 2 24 -17.36 -50.07 -6 -17.13 -43.77 -6
 2 24 -17.13 -43.77 -6 -18.84 -43.06 -6
 2 24 -11.87 -45.48 6 -15.39 -50.72 6
 2 24 -15.39 -50.72 6 -17.36 -50.07 6
 2 24 -17.36 -50.07 6 -17.13 -43.77 6
 2 24 -17.13 -43.77 6 -18.84 -43.06 6
 2 24 -13.91 -42.80 -6 -20.43 -40.10 -6
 2 24 -13.91 -42.80 -2 -20.43 -40.10 -2
 2 24 -13.91 -42.80 2 -20.43 -40.10 2
 2 24 -13.91 -42.80 6 -20.43 -40.10 6
 4 16 -11.87 -45.48 -6 -15.39 -50.72 -6 -15.39 -50.72 6 -11.87 -45.48 6
 4 16 -15.39 -50.72 -6 -17.36 -50.07 -6 -17.36 -50.07 6 -15.39 -50.72 6
 4 16 -17.36 -50.07 -6 -17.13 -43.77 -6 -17.13 -43.77 6 -17.36 -50.07 6
 4 16 -17.13 -43.77 -6 -18.84 -43.06 -6 -18.84 -43.06 6 -17.13 -43.77 6
 4 16 -11.87 -45.48 -6 -15.39 -50.72 -6 -17.36 -50.07 -6 -17.13 -43.77 -6
 4 16 -11.87 -45.48 6 -15.39 -50.72 6 -17.36 -50.07 6 -17.13 -43.77 6
 4 16 -11.87 -45.48 -6 -13.91 -42.80 -6 -20.43 -40.10 -6 -17.13 -43.77 -6
 4 16 -11.87 -45.48 6 -13.91 -42.80 6 -20.43 -40.10 6 -17.13 -43.77 6
 4 16 -17.13 -43.77 -6 -20.43 -40.10 -6 -20.43 -40.10 -6 -18.84 -43.06 -6
 4 16 -17.13 -43.77 6 -20.43 -40.10 6 -20.43 -40.10 6 -18.84 -43.06 6
 4 16 -13.91 -42.80 -6 -20.43 -40.10 -6 -20.43 -40.10 6 -13.91 -42.80 6
 2 24 -23.13 -47.69 -6 -23.13 -47.69 6
 2 24 -24.98 -46.74 -6 -24.98 -46.74 6
 2 24 -18.84 -43.06 -6 -18.84 -43.06 6
 2 24 -23.77 -40.55 -6 -23.77 -40.55 6
 2 24 -18.84 -43.06 -6 -23.13 -47.69 -6
 2 24 -23.13 -47.69 -6 -24.98 -46.74 -6
 2 24 -24.98 -46.74 -6 -23.77 -40.55 -6
 2 24 -23.77 -40.55 -6 -25.34 -39.58 -6
 2 24 -18.84 -43.06 6 -23.13 -47.69 6
 2 24 -23.13 -47.69 6 -24.98 -46.74 6
 2 24 -24.98 -46.74 6 -23.77 -40.55 6
 2 24 -23.77 -40.55 6 -25.34 -39.58 6
 2 24 -20.43 -40.10 -6 -26.45 -36.41 -6
 2 24 -20.43 -40.10 -2 -26.45 -36.41 -2
 2 24 -20.43 -40.10 2 -26.45 -36.41 2
 2 24 -20.43 -40.10 6 -26.45 -36.41 6
 4 16 -18.84 -43.06 -6 -23.13 -47.69 -6 -23.13 -47.69 6 -18.84 -43.06 6
 4 16 -23.13 -47.69 -6 -24.98 -46.74 -6 -24.98 -46.74 6 -23.13 -47.69 6
 4 16 -24.98 -46.74 -6 -23.77 -40.55 -6 -23.77 -40.55 6 -24.98 -46.74 6
 4 16 -23.77 -40.55 -6 -25.34 -39.58 -6 -25.34 -39.58 6 -23.77 -40.55 6
 4 16 -18.84 -43.06 -6 -23.13 -47.69 -6 -24.98 -46.74 -6 -23.77 -40.55 -6
 4 16 -18.84 -43.06 6 -23.13 -47.69 6 -24.98 -46.74 6 -23.77 -40.55 6
 4 16 -18.84 -43.06 -6 -20.43 -40.10 -6 -26.45 -36.41 -6 -23.77 -40.55 -6
 4 16 -18.84 -43.06 6 -20.43 -40.10 6 -26.45 -36.41 6 -23.77 -40.55 6
 4 16 -23.77 -40.55 -6 -26.45 -36.41 -6 -26.45 -36.41 -6 -25.34 -39.58 -6
 4 16 -23.77 -40.55 6 -26.45 -36.41 6 -26.45 -36.41 6 -25.34 -39.58 6
 4 16 -20.43 -40.10 -6 -26.45 -36.41 -6 -26.45 -36.41 6 -20.43 -40.10 6
 2 24 -30.30 -43.48 -6 -30.30 -43.48 6
 2 24 -31.99 -42.26 -6 -31.99 -42.26 6
 2 24 -25.34 -39.58 -6 -25.34 -39.58 6
 2 24 -29.82 -36.33 -6 -29.82 -36.33 6
 2 24 -25.34 -39.58 -6 -30.30 -43.48 -6
 2 24 -30.30 -43.48 -6 -31.99 -42.26 -6
 2 24 -31.99 -42.26 -6 -29.82 -36.33 -6
 2 24 -29.82 -36.33 -6 -31.22 -35.13 -6
 2 24 -25.34 -39.58 6 -30.30 -43.48 6
 2 24 -30.30 -43.48 6 -31.99 -42.26 6
 2 24 -31.99 -42.26 6 -29.82 -36.33 6
 2 24 -29.82 -36.33 6 -31.22 -35.13 6
 2 24 -26.45 -36.41 -6 -31.82 -31.82 -6
 2 24 -26.45 -36.41 -2 -31.82 -31.82 -2
 2 24 -26.45 -36.41 2 -31.82 -31.82 2
 2 24 -26.45 -36.41 6 -31.82 -31.82 6
 4 16 -25.34 -39.58 -6 -30.30 -43.48 -6 -30.30 -43.48 6 -25.34 -39.58 6
 4 16 -30.30 -43.48 -6 -31.99 -42.26 -6 -31.99 -42.26 6 -30.30 -43.48 6
 4 16 -31.99 -42.26 -6 -29.82 -36.33 -6 -29.82 -36.33 6 -31.99 -42.26 6
 4 16 -29.82 -36.33 -6 -31.22 -35.13 -6 -31.22 -35.13 6 -29.82 -36.33 6
 4 16 -25.34 -39.58 -6 -30.30 -43.48 -6 -31.99 -42.26 -6 -29.82 -36.33 -6
 4 16 -25.34 -39.58 6 -30.30 -43.48 6 -31.99 -42.26 6 -29.82 -36.33 6
 4 16 -25.34 -39.58 -6 -26.45 -36.41 -6 -31.82 -31.82 -6 -29.82 -36.33 -6
 4 16 -25.34 -39.58 6 -26.45 -36.41 6 -31.82 -31.82 6 -29.82 -36.33 6
 4 16 -29.82 -36.33 -6 -31.82 -31.82 -6 -31.82 -31.82 -6 -31.22 -35.13 -6
 4 16 -29.82 -36.33 6 -31.82 -31.82 6 -31.82 -31.82 6 -31.22 -35.13 6
 4 16 -26.45 -36.41 -6 -31.82 -31.82 -6 -31.82 -31.82 6 -26.45 -36.41 6
 2 24 -36.73 -38.21 -6 -36.73 -38.21 6
 2 24 -38.21 -36.73 -6 -38.21 -36.73 6
 2 24 -31.22 -35.13 -6 -31.22 -35.13 6
 2 24 -35.13 -31.22 -6 -35.13 -31.22 6
 2 24 -31.22 -35.13 -6 -36.73 -38.21 -6
 2 24 -36.73 -38.21 -6 -38.21 -36.73 -6
 2 24 -38.21 -36.73 -6 -35.13 -31.22 -6
 2 24 -35.13 -31.22 -6 -36.33 -29.82 -6
 2 24 -31.22 -35.13 6 -36.73 -38.21 6
 2 24 -36.73 -38.21 6 -38.21 -36.73 6
 2 24 -38.21 -36.73 6 -35.13 -31.22 6
 2 24 -35.13 -31.22 6 -36.33 -29.82 6
 2 24 -31.82 -31.82 -6 -36.41 -26.45 -6
 2 24 -31.82 -31.82 -2 -36.41 -26.45 -2
 2 24 -31.82 -31.82 2 -36.41 -26.45 2
 2 24 -31.82 -31.82 6 -36.41 -26.45 6
 4 16 -31.22 -35.13 -6 -36.73 -38.21 -6 -36.73 -38.21 6 -31.22 -35.13 6
 4 16 -36.73 -38.21 -6 -38.21 -36.73 -6 -38.21 -36.73 6 -36.73 -38.21 6
 4 16 -38.21 -36.73 -6 -35.13 -31.22 -6 -35.13 -31.22 6 -38.21 -36.73 6
 4 16 -35.13 -31.22 -6 -36.33 -29.82 -6 -36.33 -29.82 6 -35.13 -31.22 6
 4 16 -31.22 -35.13 -6 -36.73 -38.21 -6 -38.21 -36.73 -6 -35.13 -31.22 -6
 4 16 -31.22 -35.13 6 -36.73 -38.21 6 -38.21 -36.73 6 -35.13 -31.22 6
 4 16 -31.22 -35.13 -6 -31.82 -31.82 -6 -36.41 -26.45 -6 -35.13 -31.22 -6
 4 16 -31.22 -35.13 6 -31.82 -31.82 6 -36.41 -26.45 6 -35.13 -31.22 6
 4 16 -35.13 -31.22 -6 -36.41 -26.45 -6 -36.41 -26.45 -6 -36.33 -29.82 -6
 4 16 -35.13 -31.22 6 -36.41 -26.45 6 -36.41 -26.45 6 -36.33 -29.82 6
 4 16 -31.82 -31.82 -6 -36.41 -26.45 -6 -36.41 -26.45 6 -31.82 -31.82 6
 2 24 -42.26 -31.99 -6 -42.26 -31.99 6
 2 24 -43.48 -30.30 -6 -43.48 -30.30 6
 2 24 -36.33 -29.82 -6 -36.33 -29.82 6
 2 24 -39.58 -25.34 -6 -39.58 -25.34 6
 2 24 -36.33 -29.82 -6 -42.26 -31.99 -6
 2 24 -42.26 -31.99 -6 -43.48 -30.30 -6
 2 24 -43.48 -30.30 -6 -39.58 -25.34 -6
 2 24 -39.58 -25.34 -6 -40.55 -23.77 -6
 2 24 -36.33 -29.82 6 -42.26 -31.99 6
 2 24 -42.26 -31.99 6 -43.48 -30.30 6
 2 24 -43.48 -30.30 6 -39.58 -25.34 6
 2 24 -39.58 -25.34 6 -40.55 -23.77 6
 2 24 -36.41 -26.45 -6 -40.10 -20.43 -6
 2 24 -36.41 -26.45 -2 -40.10 -20.43 -2
 2 24 -36.41 -26.45 2 -40.10 -20.43 2
 2 24 -36.41 -26.45 6 -40.10 -20.43 6
 4 16 -36.33 -29.82 -6 -42.26 -31.99 -6 -42.26 -31.99 6 -36.33 -29.82 6
 4 16 -42.26 -31.99 -6 -43.48 -30.30 -6 -43.48 -30.30 6 -42.26 -31.99 6
 4 16 -43.48 -30.30 -6 -39.58 -25.34 -6 -39.58 -25.34 6 -43.48 -30.30 6
 4 16 -39.58 -25.34 -6 -40.55 -23.77 -6 -40.55 -23.77 6 -39.58 -25.34 6
 4 16 -36.33 -29.82 -6 -42.26 -31.99 -6 -43.48 -30.30 -6 -39.58 -25.34 -6
 4 16 -36.33 -29.82 6 -42.26 -31.99 6 -43.48 -30.30 6 -39.58 -25.34 6
 4 16 -36.33 -29.82 -6 -36.41 -26.45 -6 -40.10 -20.43 -6 -39.58 -25.34 -6
 4 16 -36.33 -29.82 6 -36.41 -26.45 6 -40.10 -20.43 6 -39.58 -25.34 6
 4 16 -39.58 -25.34 -6 -40.10 -20.43 -6 -40.10 -20.43 -6 -40.55 -23.77 -6
 4 16 -39.58 -25.34 6 -40.10 -20.43 6 -40.10 -20.43 6 -40.55 -23.77 6
 4 16 -36.41 -26.45 -6 -40.10 -20.43 -6 -40.10 -20.43 6 -36.41 -26.45 6
 2 24 -46.74 -24.98 -6 -46.74 -24.98 6
 2 24 -47.69 -23.13 -6 -47.69 -23.13 6
 2 24 -40.55 -23.77 -6 -40.55 -23.77 6
 2 24 -43.06 -18.84 -6 -43.06 -18.84 6
 2 24 -40.55 -23.77 -6 -46.74 -24.98 -6
 2 24 -46.74 -24.98 -6 -47.69 -23.13 -6
 2 24 -47.69 -23.13 -6 -43.06 -18.84 -6
 2 24 -43.06 -18.84 -6 -43.77 -17.13 -6
 2 24 -40.55 -23.77 6 -46.74 -24.98 6
 2 24 -46.74 -24.98 6 -47.69 -23.13 6
 2 24 -47.69 -23.13 6 -43.06 -18.84 6
 2 24 -43.06 -18.84 6 -43.77 -17.13 6
 2 24 -40.10 -20.43 -6 -42.80 -13.91 -6
 2 24 -40.10 -20.43 -2 -42.80 -13.91 -2
 2 24 -40.10 -20.43 2 -42.80 -13.91 2
 2 24 -40.10 -20.43 6 -42.80 -13.91 6
 4 16 -40.55 -23.77 -6 -46.74 -24.98 -6 -46.74 -24.98 6 -40.55 -23.77 6
 4 16 -46.74 -24.98 -6 -47.69 -23.13 -6 -47.69 -23.13 6 -46.74 -24.98 6
 4 16 -47.69 -23.13 -6 -43.06 -18.84 -6 -43.06 -18.84 6 -47.69 -23.13 6
 4 16 -43.06 -18.84 -6 -43.77 -17.13 -6 -43.77 -17.13 6 -43.06 -18.84 6
 4 16 -40.55 -23.77 -6 -46.74 -24.98 -6 -47.69 -23.13 -6 -43.06 -18.84 -6
 4 16 -40.55 -23.77 6 -46.74 -24.98 6 -47.69 -23.13 6 -43.06 -18.84 6
 4 16 -40.55 -23.77 -6 -40.10 -20.43 -6 -42.80 -13.91 -6 -43.06 -18.84 -6
 4 16 -40.55 -23.77 6 -40.10 -20.43 6 -42.80 -13.91 6 -43.06 -18.84 6
 4 16 -43.06 -18.84 -6 -42.80 -13.91 -6 -42.80 -13.91 -6 -43.77 -17.13 -6
 4 16 -43.06 -18.84 6 -42.80 -13.91 6 -42.80 -13.91 6 -43.77 -17.13 6
 4 16 -40.10 -20.43 -6 -42.80 -13.91 -6 -42.80 -13.91 6 -40.10 -20.43 6
 2 24 -50.07 -17.36 -6 -50.07 -17.36 6
 2 24 -50.72 -15.39 -6 -50.72 -15.39 6
 2 24 -43.77 -17.13 -6 -43.77 -17.13 6
 2 24 -45.48 -11.87 -6 -45.48 -11.87 6
 2 24 -43.77 -17.13 -6 -50.07 -17.36 -6
 2 24 -50.07 -17.36 -6 -50.72 -15.39 -6
 2 24 -50.72 -15.39 -6 -45.48 -11.87 -6
 2 24 -45.48 -11.87 -6 -45.91 -10.07 -6
 2 24 -43.77 -17.13 6 -50.07 -17.36 6
 2 24 -50.07 -17.36 6 -50.72 -15.39 6
 2 24 -50.72 -15.39 6 -45.48 -11.87 6
 2 24 -45.48 -11.87 6 -45.91 -10.07 6
 2 24 -42.80 -13.91 -6 -44.45 -7.04 -6
 2 24 -42.80 -13.91 -2 -44.45 -7.04 -2
 2 24 -42.80 -13.91 2 -44.45 -7.04 2
 2 24 -42.80 -13.91 6 -44.45 -7.04 6
 4 16 -43.77 -17.13 -6 -50.07 -17.36 -6 -50.07 -17.36 6 -43.77 -17.13 6
 4 16 -50.07 -17.36 -6 -50.72 -15.39 -6 -50.72 -15.39 6 -50.07 -17.36 6
 4 16 -50.72 -15.39 -6 -45.48 -11.87 -6 -45.48 -11.87 6 -50.72 -15.39 6
 4 16 -45.48 -11.87 -6 -45.91 -10.07 -6 -45.91 -10.07 6 -45.48 -11.87 6
 4 16 -43.77 -17.13 -6 -50.07 -17.36 -6 -50.72 -15.39 -6 -45.48 -11.87 -6
 4 16 -43.77 -17.13 6 -50.07 -17.36 6 -50.72 -15.39 6 -45.48 -11.87 6
 4 16 -43.77 -17.13 -6 -42.80 -13.91 -6 -44.45 -7.04 -6 -45.48 -11.87 -6
 4 16 -43.77 -17.13 6 -42.80 -13.91 6 -44.45 -7.04 6 -45.48 -11.87 6
 4 16 -45.48 -11.87 -6 -44.45 -7.04 -6 -44.45 -7.04 -6 -45.91 -10.07 -6
 4 16 -45.48 -11.87 6 -44.45 -7.04 6 -44.45 -7.04 6 -45.91 -10.07 6
 4 16 -42.80 -13.91 -6 -44.45 -7.04 -6 -44.45 -7.04 6 -42.80 -13.91 6
 2 24 -52.17 -9.32 -6 -52.17 -9.32 6
 2 24 -52.50 -7.26 -6 -52.50 -7.26 6
 2 24 -45.91 -10.07 -6 -45.91 -10.07 6
 2 24 -46.77 -4.61 -6 -46.77 -4.61 6
 2 24 -45.91 -10.07 -6 -52.17 -9.32 -6
 2 24 -52.17 -9.32 -6 -52.50 -7.26 -6
 2 24 -52.50 -7.26 -6 -46.77 -4.61 -6
 2 24 -46.77 -4.61 -6 -46.92 -2.77 -6
 2 24 -45.91 -10.07 6 -52.17 -9.32 6
 2 24 -52.17 -9.32 6 -52.50 -7.26 6
 2 24 -52.50 -7.26 6 -46.77 -4.61 6
 2 24 -46.77 -4.61 6 -46.92 -2.77 6
 2 24 -44.45 -7.04 -6 -45 0 -6
 2 24 -44.45 -7.04 -2 -45 0 -2
 2 24 -44.45 -7.04 2 -45 0 2
 2 24 -44.45 -7.04 6 -45 0 6
 4 16 -45.91 -10.07 -6 -52.17 -9.32 -6 -52.17 -9.32 6 -45.91 -10.07 6
 4 16 -52.17 -9.32 -6 -52.50 -7.26 -6 -52.50 -7.26 6 -52.17 -9.32 6
 4 16 -52.50 -7.26 -6 -46.77 -4.61 -6 -46.77 -4.61 6 -52.50 -7.26 6
 4 16 -46.77 -4.61 -6 -46.92 -2.77 -6 -46.92 -2.77 6 -46.77 -4.61 6
 4 16 -45.91 -10.07 -6 -52.17 -9.32 -6 -52.50 -7.26 -6 -46.77 -4.61 -6
 4 16 -45.91 -10.07 6 -52.17 -9.32 6 -52.50 -7.26 6 -46.77 -4.61 6
 4 16 -45.91 -10.07 -6 -44.45 -7.04 -6 -45 0 -6 -46.77 -4.61 -6
 4 16 -45.91 -10.07 6 -44.45 -7.04 6 -45 0 6 -46.77 -4.61 6
 4 16 -46.77 -4.61 -6 -45 0 -6 -45 0 -6 -46.92 -2.77 -6
 4 16 -46.77 -4.61 6 -45 0 6 -45 0 6 -46.92 -2.77 6
 4 16 -44.45 -7.04 -6 -45 0 -6 -45 0 6 -44.45 -7.04 6
 2 24 -52.99 -1.04 -6 -52.99 -1.04 6
 2 24 -52.99 1.04 -6 -52.99 1.04 6
 2 24 -46.92 -2.77 -6 -46.92 -2.77 6
 2 24 -46.92 2.77 -6 -46.92 2.77 6
 2 24 -46.92 -2.77 -6 -52.99 -1.04 -6
 2 24 -52.99 -1.04 -6 -52.99 1.04 -6
 2 24 -52.99 1.04 -6 -46.92 2.77 -6
 2 24 -46.92 2.77 -6 -46.77 4.61 -6
 2 24 -46.92 -2.77 6 -52.99 -1.04 6
 2 24 -52.99 -1.04 6 -52.99 1.04 6
 2 24 -52.99 1.04 6 -46.92 2.77 6
 2 24 -46.92 2.77 6 -46.77 4.61 6
 2 24 -45 0 -6 -44.45 7.04 -6
 2 24 -45 0 -2 -44.45 7.04 -2
 2 24 -45 0 2 -44.45 7.04 2
 2 24 -45 0 6 -44.45 7.04 6
 4 16 -46.92 -2.77 -6 -52.99 -1.04 -6 -52.99 -1.04 6 -46.92 -2.77 6
 4 16 -52.99 -1.04 -6 -52.99 1.04 -6 -52.99 1.04 6 -52.99 -1.04 6
 4 16 -52.99 1.04 -6 -46.92 2.77 -6 -46.92 2.77 6 -52.99 1.04 6
 4 16 -46.92 2.77 -6 -46.77 4.61 -6 -46.77 4.61 6 -46.92 2.77 6
 4 16 -46.92 -2.77 -6 -52.99 -1.04 -6 -52.99 1.04 -6 -46.92 2.77 -6
 4 16 -46.92 -2.77 6 -52.99 -1.04 6 -52.99 1.04 6 -46.92 2.77 6
 4 16 -46.92 -2.77 -6 -45 0 -6 -44.45 7.04 -6 -46.92 2.77 -6
 4 16 -46.92 -2.77 6 -45 0 6 -44.45 7.04 6 -46.92 2.77 6
 4 16 -46.92 2.77 -6 -44.45 7.04 -6 -44.45 7.04 -6 -46.77 4.61 -6
 4 16 -46.92 2.77 6 -44.45 7.04 6 -44.45 7.04 6 -46.77 4.61 6
 4 16 -45 0 -6 -44.45 7.04 -6 -44.45 7.04 6 -45 0 6
 2 24 -52.50 7.26 -6 -52.50 7.26 6
 2 24 -52.17 9.32 -6 -52.17 9.32 6
 2 24 -46.77 4.61 -6 -46.77 4.61 6
 2 24 -45.91 10.07 -6 -45.91 10.07 6
 2 24 -46.77 4.61 -6 -52.50 7.26 -6
 2 24 -52.50 7.26 -6 -52.17 9.32 -6
 2 24 -52.17 9.32 -6 -45.91 10.07 -6
 2 24 -45.91 10.07 -6 -45.48 11.87 -6
 2 24 -46.77 4.61 6 -52.50 7.26 6
 2 24 -52.50 7.26 6 -52.17 9.32 6
 2 24 -52.17 9.32 6 -45.91 10.07 6
 2 24 -45.91 10.07 6 -45.48 11.87 6
 2 24 -44.45 7.04 -6 -42.80 13.91 -6
 2 24 -44.45 7.04 -2 -42.80 13.91 -2
 2 24 -44.45 7.04 2 -42.80 13.91 2
 2 24 -44.45 7.04 6 -42.80 13.91 6
 4 16 -46.77 4.61 -6 -52.50 7.26 -6 -52.50 7.26 6 -46.77 4.61 6
 4 16 -52.50 7.26 -6 -52.17 9.32 -6 -52.17 9.32 6 -52.50 7.26 6
 4 16 -52.17 9.32 -6 -45.91 10.07 -6 -45.91 10.07 6 -52.17 9.32 6
 4 16 -45.91 10.07 -6 -45.48 11.87 -6 -45.48 11.87 6 -45.91 10.07 6
 4 16 -46.77 4.61 -6 -52.50 7.26 -6 -52.17 9.32 -6 -45.91 10.07 -6
 4 16 -46.77 4.61 6 -52.50 7.26 6 -52.17 9.32 6 -45.91 10.07 6
 4 16 -46.77 4.61 -6 -44.45 7.04 -6 -42.80 13.91 -6 -45.91 10.07 -6
 4 16 -46.77 4.61 6 -44.45 7.04 6 -42.80 13.91 6 -45.91 10.07 6
 4 16 -45.91 10.07 -6 -42.80 13.91 -6 -42.80 13.91 -6 -45.48 11.87 -6
 4 16 -45.91 10.07 6 -42.80 13.91 6 -42.80 13.91 6 -45.48 11.87 6
 4 16 -44.45 7.04 -6 -42.80 13.91 -6 -42.80 13.91 6 -44.45 7.04 6
 2 24 -50.72 15.39 -6 -50.72 15.39 6
 2 24 -50.07 17.36 -6 -50.07 17.36 6
 2 24 -45.48 11.87 -6 -45.48 11.87 6
 2 24 -43.77 17.13 -6 -43.77 17.13 6
 2 24 -45.48 11.87 -6 -50.72 15.39 -6
 2 24 -50.72 15.39 -6 -50.07 17.36 -6
 2 24 -50.07 17.36 -6 -43.77 17.13 -6
 2 24 -43.77 17.13 -6 -43.06 18.84 -6
 2 24 -45.48 11.87 6 -50.72 15.39 6
 2 24 -50.72 15.39 6 -50.07 17.36 6
 2 24 -50.07 17.36 6 -43.77 17.13 6
 2 24 -43.77 17.13 6 -43.06 18.84 6
 2 24 -42.80 13.91 -6 -40.10 20.43 -6
 2 24 -42.80 13.91 -2 -40.10 20.43 -2
 2 24 -42.80 13.91 2 -40.10 20.43 2
 2 24 -42.80 13.91 6 -40.10 20.43 6
 4 16 -45.48 11.87 -6 -50.72 15.39 -6 -50.72 15.39 6 -45.48 11.87 6
 4 16 -50.72 15.39 -6 -50.07 17.36 -6 -50.07 17.36 6 -50.72 15.39 6
 4 16 -50.07 17.36 -6 -43.77 17.13 -6 -43.77 17.13 6 -50.07 17.36 6
 4 16 -43.77 17.13 -6 -43.06 18.84 -6 -43.06 18.84 6 -43.77 17.13 6
 4 16 -45.48 11.87 -6 -50.72 15.39 -6 -50.07 17.36 -6 -43.77 17.13 -6
 4 16 -45.48 11.87 6 -50.72 15.39 6 -50.07 17.36 6 -43.77 17.13 6
 4 16 -45.48 11.87 -6 -42.80 13.91 -6 -40.10 20.43 -6 -43.77 17.13 -6
 4 16 -45.48 11.87 6 -42.80 13.91 6 -40.10 20.43 6 -43.77 17.13 6
 4 16 -43.77 17.13 -6 -40.10 20.43 -6 -40.10 20.43 -6 -43.06 18.84 -6
 4 16 -43.77 17.13 6 -40.10 20.43 6 -40.10 20.43 6 -43.06 18.84 6
 4 16 -42.80 13.91 -6 -40.10 20.43 -6 -40.10 20.43 6 -42.80 13.91 6
 2 24 -47.69 23.13 -6 -47.69 23.13 6
 2 24 -46.74 24.98 -6 -46.74 24.98 6
 2 24 -43.06 18.84 -6 -43.06 18.84 6
 2 24 -40.55 23.77 -6 -40.55 23.77 6
 2 24 -43.06 18.84 -6 -47.69 23.13 -6
 2 24 -47.69 23.13 -6 -46.74 24.98 -6
 2 24 -46.74 24.98 -6 -40.55 23.77 -6
 2 24 -40.55 23.77 -6 -39.58 25.34 -6
 2 24 -43.06 18.84 6 -47.69 23.13 6
 2 24 -47.69 23.13 6 -46.74 24.98 6
 2 24 -46.74 24.98 6 -40.55 23.77 6
 2 24 -40.55 23.77 6 -39.58 25.34 6
 2 24 -40.10 20.43 -6 -36.41 26.45 -6
 2 24 -40.10 20.43 -2 -36.41 26.45 -2
 2 24 -40.10 20.43 2 -36.41 26.45 2
 2 24 -40.10 20.43 6 -36.41 26.45 6
 4 16 -43.06 18.84 -6 -47.69 23.13 -6 -47.69 23.13 6 -43.06 18.84 6
 4 16 -47.69 23.13 -6 -46.74 24.98 -6 -46.74 24.98 6 -47.69 23.13 6
 4 16 -46.74 24.98 -6 -40.55 23.77 -6 -40.55 23.77 6 -46.74 24.98 6
 4 16 -40.55 23.77 -6 -39.58 25.34 -6 -39.58 25.34 6 -40.55 23.77 6
 4 16 -43.06 18.84 -6 -47.69 23.13 -6 -46.74 24.98 -6 -40.55 23.77 -6
 4 16 -43.06 18.84 6 -47.69 23.13 6 -46.74 24.98 6 -40.55 23.77 6
 4 16 -43.06 18.84 -6 -40.10 20.43 -6 -36.41 26.45 -6 -40.55 23.77 -6
 4 16 -43.06 18.84 6 -40.10 20.43 6 -36.41 26.45 6 -40.55 23.77 6
 4 16 -40.55 23.77 -6 -36.41 26.45 -6 -36.41 26.45 -6 -39.58 25.34 -6
 4 16 -40.55 23.77 6 -36.41 26.45 6 -36.41 26.45 6 -39.58 25.34 6
 4 16 -40.10 20.43 -6 -36.41 26.45 -6 -36.41 26.45 6 -40.10 20.43 6
 2 24 -43.48 30.30 -6 -43.48 30.30 6
 2 24 -42.26 31.99 -6 -42.26 31.99 6
 2 24 -39.58 25.34 -6 -39.58 25.34 6
 2 24 -36.33 29.82 -6 -36.33 29.82 6
 2 24 -39.58 25.34 -6 -43.48 30.30 -6
 2 24 -43.48 30.30 -6 -42.26 31.99 -6
 2 24 -42.26 31.99 -6 -36.33 29.82 -6
 2 24 -36.33 29.82 -6 -35.13 31.22 -6
 2 24 -39.58 25.34 6 -43.48 30.30 6
 2 24 -43.48 30.30 6 -42.26 31.99 6
 2 24 -42.26 31.99 6 -36.33 29.82 6
 2 24 -36.33 29.82 6 -35.13 31.22 6
 2 24 -36.41 26.45 -6 -31.82 31.82 -6
 2 24 -36.41 26.45 -2 -31.82 31.82 -2
 2 24 -36.41 26.45 2 -31.82 31.82 2
 2 24 -36.41 26.45 6 -31.82 31.82 6
 4 16 -39.58 25.34 -6 -43.48 30.30 -6 -43.48 30.30 6 -39.58 25.34 6
 4 16 -43.48 30.30 -6 -42.26 31.99 -6 -42.26 31.99 6 -43.48 30.30 6
 4 16 -42.26 31.99 -6 -36.33 29.82 -6 -36.33 29.82 6 -42.26 31.99 6
 4 16 -36.33 29.82 -6 -35.13 31.22 -6 -35.13 31.22 6 -36.33 29.82 6
 4 16 -39.58 25.34 -6 -43.48 30.30 -6 -42.26 31.99 -6 -36.33 29.82 -6
 4 16 -39.58 25.34 6 -43.48 30.30 6 -42.26 31.99 6 -36.33 29.82 6
 4 16 -39.58 25.34 -6 -36.41 26.45 -6 -31.82 31.82 -6 -36.33 29.82 -6
 4 16 -39.58 25.34 6 -36.41 26.45 6 -31.82 31.82 6 -36.33 29.82 6
 4 16 -36.33 29.82 -6 -31.82 31.82 -6 -31.82 31.82 -6 -35.13 31.22 -6
 4 16 -36.33 29.82 6 -31.82 31.82 6 -31.82 31.82 6 -35.13 31.22 6
 4 16 -36.41 26.45 -6 -31.82 31.82 -6 -31.82 31.82 6 -36.41 26.45 6
 2 24 -38.21 36.73 -6 -38.21 36.73 6
 2 24 -36.73 38.21 -6 -36.73 38.21 6
 2 24 -35.13 31.22 -6 -35.13 31.22 6
 2 24 -31.22 35.13 -6 -31.22 35.13 6
 2 24 -35.13 31.22 -6 -38.21 36.73 -6
 2 24 -38.21 36.73 -6 -36.73 38.21 -6
 2 24 -36.73 38.21 -6 -31.22 35.13 -6
 2 24 -31.22 35.13 -6 -29.82 36.33 -6
 2 24 -35.13 31.22 6 -38.21 36.73 6
 2 24 -38.21 36.73 6 -36.73 38.21 6
 2 24 -36.73 38.21 6 -31.22 35.13 6
 2 24 -31.22 35.13 6 -29.82 36.33 6
 2 24 -31.82 31.82 -6 -26.45 36.41 -6
 2 24 -31.82 31.82 -2 -26.45 36.41 -2
 2 24 -31.82 31.82 2 -26.45 36.41 2
 2 24 -31.82 31.82 6 -26.45 36.41 6
 4 16 -35.13 31.22 -6 -38.21 36.73 -6 -38.21 36.73 6 -35.13 31.22 6
 4 16 -38.21 36.73 -6 -36.73 38.21 -6 -36.73 38.21 6 -38.21 36.73 6
 4 16 -36.73 38.21 -6 -31.22 35.13 -6 -31.22 35.13 6 -36.73 38.21 6
 4 16 -31.22 35.13 -6 -29.82 36.33 -6 -29.82 36.33 6 -31.22 35.13 6
 4 16 -35.13 31.22 -6 -38.21 36.73 -6 -36.73 38.21 -6 -31.22 35.13 -6
 4 16 -35.13 31.22 6 -38.21 36.73 6 -36.73 38.21 6 -31.22 35.13 6
 4 16 -35.13 31.22 -6 -31.82 31.82 -6 -26.45 36.41 -6 -31.22 35.13 -6
 4 16 -35.13 31.22 6 -31.82 31.82 6 -26.45 36.41 6 -31.22 35.13 6
 4 16 -31.22 35.13 -6 -26.45 36.41 -6 -26.45 36.41 -6 -29.82 36.33 -6
 4 16 -31.22 35.13 6 -26.45 36.41 6 -26.45 36.41 6 -29.82 36.33 6
 4 16 -31.82 31.82 -6 -26.45 36.41 -6 -26.45 36.41 6 -31.82 31.82 6
 2 24 -31.99 42.26 -6 -31.99 42.26 6
 2 24 -30.30 43.48 -6 -30.30 43.48 6
 2 24 -29.82 36.33 -6 -29.82 36.33 6
 2 24 -25.34 39.58 -6 -25.34 39.58 6
 2 24 -29.82 36.33 -6 -31.99 42.26 -6
 2 24 -31.99 42.26 -6 -30.30 43.48 -6
 2 24 -30.30 43.48 -6 -25.34 39.58 -6
 2 24 -25.34 39.58 -6 -23.77 40.55 -6
 2 24 -29.82 36.33 6 -31.99 42.26 6
 2 24 -31.99 42.26 6 -30.30 43.48 6
 2 24 -30.30 43.48 6 -25.34 39.58 6
 2 24 -25.34 39.58 6 -23.77 40.55 6
 2 24 -26.45 36.41 -6 -20.43 40.10 -6
 2 24 -26.45 36.41 -2 -20.43 40.10 -2
 2 24 -26.45 36.41 2 -20.43 40.10 2
 2 24 -26.45 36.41 6 -20.43 40.10 6
 4 16 -29.82 36.33 -6 -31.99 42.26 -6 -31.99 42.26 6 -29.82 36.33 6
 4 16 -31.99 42.26 -6 -30.30 43.48 -6 -30.30 43.48 6 -31.99 42.26 6
 4 16 -30.30 43.48 -6 -25.34 39.58 -6 -25.34 39.58 6 -30.30 43.48 6
 4 16 -25.34 39.58 -6 -23.77 40.55 -6 -23.77 40.55 6 -25.34 39.58 6
 4 16 -29.82 36.33 -6 -31.99 42.26 -6 -30.30 43.48 -6 -25.34 39.58 -6
 4 16 -29.82 36.33 6 -31.99 42.26 6 -30.30 43.48 6 -25.34 39.58 6
 4 16 -29.82 36.33 -6 -26.45 36.41 -6 -20.43 40.10 -6 -25.34 39.58 -6
 4 16 -29.82 36.33 6 -26.45 36.41 6 -20.43 40.10 6 -25.34 39.58 6
 4 16 -25.34 39.58 -6 -20.43 40.10 -6 -20.43 40.10 -6 -23.77 40.55 -6
 4 16 -25.34 39.58 6 -20.43 40.10 6 -20.43 40.10 6 -23.77 40.55 6
 4 16 -26.45 36.41 -6 -20.43 40.10 -6 -20.43 40.10 6 -26.45 36.41 6
 2 24 -24.98 46.74 -6 -24.98 46.74 6
 2 24 -23.13 47.69 -6 -23.13 47.69 6
 2 24 -23.77 40.55 -6 -23.77 40.55 6
 2 24 -18.84 43.06 -6 -18.84 43.06 6
 2 24 -23.77 40.55 -6 -24.98 46.74 -6
 2 24 -24.98 46.74 -6 -23.13 47.69 -6
 2 24 -23.13 47.69 -6 -18.84 43.06 -6
 2 24 -18.84 43.06 -6 -17.13 43.77 -6
 2 24 -23.77 40.55 6 -24.98 46.74 6
 2 24 -24.98 46.74 6 -23.13 47.69 6
 2 24 -23.13 47.69 6 -18.84 43.06 6
 2 24 -18.84 43.06 6 -17.13 43.77 6
 2 24 -20.43 40.10 -6 -13.91 42.80 -6
 2 24 -20.43 40.10 -2 -13.91 42.80 -2
 2 24 -20.43 40.10 2 -13.91 42.80 2
 2 24 -20.43 40.10 6 -13.91 42.80 6
 4 16 -23.77 40.55 -6 -24.98 46.74 -6 -24.98 46.74 6 -23.77 40.55 6
 4 16 -24.98 46.74 -6 -23.13 47.69 -6 -23.13 47.69 6 -24.98 46.74 6
 4 16 -23.13 47.69 -6 -18.84 43.06 -6 -18.84 43.06 6 -23.13 47.69 6
 4 16 -18.84 43.06 -6 -17.13 43.77 -6 -17.13 43.77 6 -18.84 43.06 6
 4 16 -23.77 40.55 -6 -24.98 46.74 -6 -23.13 47.69 -6 -18.84 43.06 -6
 4 16 -23.77 40.55 6 -24.98 46.74 6 -23.13 47.69 6 -18.84 43.06 6
 4 16 -23.77 40.55 -6 -20.43 40.10 -6 -13.91 42.80 -6 -18.84 43.06 -6
 4 16 -23.77 40.55 6 -20.43 40.10 6 -13.91 42.80 6 -18.84 43.06 6
 4 16 -18.84 43.06 -6 -13.91 42.80 -6 -13.91 42.80 -6 -17.13 43.77 -6
 4 16 -18.84 43.06 6 -13.91 42.80 6 -13.91 42.80 6 -17.13 43.77 6
 4 16 -20.43 40.10 -6 -13.91 42.80 -6 -13.91 42.80 6 -20.43 40.10 6
 2 24 -17.36 50.07 -6 -17.36 50.07 6
 2 24 -15.39 50.72 -6 -15.39 50.72 6
 2 24 -17.13 43.77 -6 -17.13 43.77 6
 2 24 -11.87 45.48 -6 -11.87 45.48 6
 2 24 -17.13 43.77 -6 -17.36 50.07 -6
 2 24 -17.36 50.07 -6 -15.39 50.72 -6
 2 24 -15.39 50.72 -6 -11.87 45.48 -6
 2 24 -11.87 45.48 -6 -10.07 45.91 -6
 2 24 -17.13 43.77 6 -17.36 50.07 6
 2 24 -17.36 50.07 6 -15.39 50.72 6
 2 24 -15.39 50.72 6 -11.87 45.48 6
 2 24 -11.87 45.48 6 -10.07 45.91 6
 2 24 -13.91 42.80 -6 -7.04 44.45 -6
 2 24 -13.91 42.80 -2 -7.04 44.45 -2
 2 24 -13.91 42.80 2 -7.04 44.45 2
 2 24 -13.91 42.80 6 -7.04 44.45 6
 4 16 -17.13 43.77 -6 -17.36 50.07 -6 -17.36 50.07 6 -17.13 43.77 6
 4 16 -17.36 50.07 -6 -15.39 50.72 -6 -15.39 50.72 6 -17.36 50.07 6
 4 16 -15.39 50.72 -6 -11.87 45.48 -6 -11.87 45.48 6 -15.39 50.72 6
 4 16 -11.87 45.48 -6 -10.07 45.91 -6 -10.07 45.91 6 -11.87 45.48 6
 4 16 -17.13 43.77 -6 -17.36 50.07 -6 -15.39 50.72 -6 -11.87 45.48 -6
 4 16 -17.13 43.77 6 -17.36 50.07 6 -15.39 50.72 6 -11.87 45.48 6
 4 16 -17.13 43.77 -6 -13.91 42.80 -6 -7.04 44.45 -6 -11.87 45.48 -6
 4 16 -17.13 43.77 6 -13.91 42.80 6 -7.04 44.45 6 -11.87 45.48 6
 4 16 -11.87 45.48 -6 -7.04 44.45 -6 -7.04 44.45 -6 -10.07 45.91 -6
 4 16 -11.87 45.48 6 -7.04 44.45 6 -7.04 44.45 6 -10.07 45.91 6
 4 16 -13.91 42.80 -6 -7.04 44.45 -6 -7.04 44.45 6 -13.91 42.80 6
 2 24 -9.32 52.17 -6 -9.32 52.17 6
 2 24 -7.26 52.50 -6 -7.26 52.50 6
 2 24 -10.07 45.91 -6 -10.07 45.91 6
 2 24 -4.61 46.77 -6 -4.61 46.77 6
 2 24 -10.07 45.91 -6 -9.32 52.17 -6
 2 24 -9.32 52.17 -6 -7.26 52.50 -6
 2 24 -7.26 52.50 -6 -4.61 46.77 -6
 2 24 -4.61 46.77 -6 -2.77 46.92 -6
 2 24 -10.07 45.91 6 -9.32 52.17 6
 2 24 -9.32 52.17 6 -7.26 52.50 6
 2 24 -7.26 52.50 6 -4.61 46.77 6
 2 24 -4.61 46.77 6 -2.77 46.92 6
 2 24 -7.04 44.45 -6 0 45 -6
 2 24 -7.04 44.45 -2 0 45 -2
 2 24 -7.04 44.45 2 0 45 2
 2 24 -7.04 44.45 6 0 45 6
 4 16 -10.07 45.91 -6 -9.32 52.17 -6 -9.32 52.17 6 -10.07 45.91 6
 4 16 -9.32 52.17 -6 -7.26 52.50 -6 -7.26 52.50 6 -9.32 52.17 6
 4 16 -7.26 52.50 -6 -4.61 46.77 -6 -4.61 46.77 6 -7.26 52.50 6
 4 16 -4.61 46.77 -6 -2.77 46.92 -6 -2.77 46.92 6 -4.61 46.77 6
 4 16 -10.07 45.91 -6 -9.32 52.17 -6 -7.26 52.50 -6 -4.61 46.77 -6
 4 16 -10.07 45.91 6 -9.32 52.17 6 -7.26 52.50 6 -4.61 46.77 6
 4 16 -10.07 45.91 -6 -7.04 44.45 -6 0 45 -6 -4.61 46.77 -6
 4 16 -10.07 45.91 6 -7.04 44.45 6 0 45 6 -4.61 46.77 6
 4 16 -4.61 46.77 -6 0 45 -6 0 45 -6 -2.77 46.92 -6
 4 16 -4.61 46.77 6 0 45 6 0 45 6 -2.77 46.92 6
 4 16 -7.04 44.45 -6 0 45 -6 0 45 6 -7.04 44.45 6
 2 24 -1.04 52.99 -6 -1.04 52.99 6
 2 24 1.04 52.99 -6 1.04 52.99 6
 2 24 -2.77 46.92 -6 -2.77 46.92 6
 2 24 2.77 46.92 -6 2.77 46.92 6
 2 24 -2.77 46.92 -6 -1.04 52.99 -6
 2 24 -1.04 52.99 -6 1.04 52.99 -6
 2 24 1.04 52.99 -6 2.77 46.92 -6
 2 24 2.77 46.92 -6 4.61 46.77 -6
 2 24 -2.77 46.92 6 -1.04 52.99 6
 2 24 -1.04 52.99 6 1.04 52.99 6
 2 24 1.04 52.99 6 2.77 46.92 6
 2 24 2.77 46.92 6 4.61 46.77 6
 2 24 0 45 -6 7.04 44.45 -6
 2 24 0 45 -2 7.04 44.45 -2
 2 24 0 45 2 7.04 44.45 2
 2 24 0 45 6 7.04 44.45 6
 4 16 -2.77 46.92 -6 -1.04 52.99 -6 -1.04 52.99 6 -2.77 46.92 6
 4 16 -1.04 52.99 -6 1.04 52.99 -6 1.04 52.99 6 -1.04 52.99 6
 4 16 1.04 52.99 -6 2.77 46.92 -6 2.77 46.92 6 1.04 52.99 6
 4 16 2.77 46.92 -6 4.61 46.77 -6 4.61 46.77 6 2.77 46.92 6
 4 16 -2.77 46.92 -6 -1.04 52.99 -6 1.04 52.99 -6 2.77 46.92 -6
 4 16 -2.77 46.92 6 -1.04 52.99 6 1.04 52.99 6 2.77 46.92 6
 4 16 -2.77 46.92 -6 0 45 -6 7.04 44.45 -6 2.77 46.92 -6
 4 16 -2.77 46.92 6 0 45 6 7.04 44.45 6 2.77 46.92 6
 4 16 2.77 46.92 -6 7.04 44.45 -6 7.04 44.45 -6 4.61 46.77 -6
 4 16 2.77 46.92 6 7.04 44.45 6 7.04 44.45 6 4.61 46.77 6
 4 16 0 45 -6 7.04 44.45 -6 7.04 44.45 6 0 45 6
 2 24 7.26 52.50 -6 7.26 52.50 6
 2 24 9.32 52.17 -6 9.32 52.17 6
 2 24 4.61 46.77 -6 4.61 46.77 6
 2 24 10.07 45.91 -6 10.07 45.91 6
 2 24 4.61 46.77 -6 7.26 52.50 -6
 2 24 7.26 52.50 -6 9.32 52.17 -6
 2 24 9.32 52.17 -6 10.07 45.91 -6
 2 24 10.07 45.91 -6 11.87 45.48 -6
 2 24 4.61 46.77 6 7.26 52.50 6
 2 24 7.26 52.50 6 9.32 52.17 6
 2 24 9.32 52.17 6 10.07 45.91 6
 2 24 10.07 45.91 6 11.87 45.48 6
 2 24 7.04 44.45 -6 13.91 42.80 -6
 2 24 7.04 44.45 -2 13.91 42.80 -2
 2 24 7.04 44.45 2 13.91 42.80 2
 2 24 7.04 44.45 6 13.91 42.80 6
 4 16 4.61 46.77 -6 7.26 52.50 -6 7.26 52.50 6 4.61 46.77 6
 4 16 7.26 52.50 -6 9.32 52.17 -6 9.32 52.17 6 7.26 52.50 6
 4 16 9.32 52.17 -6 10.07 45.91 -6 10.07 45.91 6 9.32 52.17 6
 4 16 10.07 45.91 -6 11.87 45.48 -6 11.87 45.48 6 10.07 45.91 6
 4 16 4.61 46.77 -6 7.26 52.50 -6 9.32 52.17 -6 10.07 45.91 -6
 4 16 4.61 46.77 6 7.26 52.50 6 9.32 52.17 6 10.07 45.91 6
 4 16 4.61 46.77 -6 7.04 44.45 -6 13.91 42.80 -6 10.07 45.91 -6
 4 16 4.61 46.77 6 7.04 44.45 6 13.91 42.80 6 10.07 45.91 6
 4 16 10.07 45.91 -6 13.91 42.80 -6 13.91 42.80 -6 11.87 45.48 -6
 4 16 10.07 45.91 6 13.91 42.80 6 13.91 42.80 6 11.87 45.48 6
 4 16 7.04 44.45 -6 13.91 42.80 -6 13.91 42.80 6 7.04 44.45 6
 2 24 15.39 50.72 -6 15.39 50.72 6
 2 24 17.36 50.07 -6 17.36 50.07 6
 2 24 11.87 45.48 -6 11.87 45.48 6
 2 24 17.13 43.77 -6 17.13 43.77 6
 2 24 11.87 45.48 -6 15.39 50.72 -6
 2 24 15.39 50.72 -6 17.36 50.07 -6
 2 24 17.36 50.07 -6 17.13 43.77 -6
 2 24 17.13 43.77 -6 18.84 43.06 -6
 2 24 11.87 45.48 6 15.39 50.72 6
 2 24 15.39 50.72 6 17.36 50.07 6
 2 24 17.36 50.07 6 17.13 43.77 6
 2 24 17.13 43.77 6 18.84 43.06 6
 2 24 13.91 42.80 -6 20.43 40.10 -6
 2 24 13.91 42.80 -2 20.43 40.10 -2
 2 24 13.91 42.80 2 20.43 40.10 2
 2 24 13.91 42.80 6 20.43 40.10 6
 4 16 11.87 45.48 -6 15.39 50.72 -6 15.39 50.72 6 11.87 45.48 6
 4 16 15.39 50.72 -6 17.36 50.07 -6 17.36 50.07 6 15.39 50.72 6
 4 16 17.36 50.07 -6 17.13 43.77 -6 17.13 43.77 6 17.36 50.07 6
 4 16 17.13 43.77 -6 18.84 43.06 -6 18.84 43.06 6 17.13 43.77 6
 4 16 11.87 45.48 -6 15.39 50.72 -6 17.36 50.07 -6 17.13 43.77 -6
 4 16 11.87 45.48 6 15.39 50.72 6 17.36 50.07 6 17.13 43.77 6
 4 16 11.87 45.48 -6 13.91 42.80 -6 20.43 40.10 -6 17.13 43.77 -6
 4 16 11.87 45.48 6 13.91 42.80 6 20.43 40.10 6 17.13 43.77 6
 4 16 17.13 43.77 -6 20.43 40.10 -6 20.43 40.10 -6 18.84 43.06 -6
 4 16 17.13 43.77 6 20.43 40.10 6 20.43 40.10 6 18.84 43.06 6
 4 16 13.91 42.80 -6 20.43 40.10 -6 20.43 40.10 6 13.91 42.80 6
 2 24 23.13 47.69 -6 23.13 47.69 6
 2 24 24.98 46.74 -6 24.98 46.74 6
 2 24 18.84 43.06 -6 18.84 43.06 6
 2 24 23.77 40.55 -6 23.77 40.55 6
 2 24 18.84 43.06 -6 23.13 47.69 -6
 2 24 23.13 47.69 -6 24.98 46.74 -6
 2 24 24.98 46.74 -6 23.77 40.55 -6
 2 24 23.77 40.55 -6 25.34 39.58 -6
 2 24 18.84 43.06 6 23.13 47.69 6
 2 24 23.13 47.69 6 24.98 46.74 6
 2 24 24.98 46.74 6 23.77 40.55 6
 2 24 23.77 40.55 6 25.34 39.58 6
 2 24 20.43 40.10 -6 26.45 36.41 -6
 2 24 20.43 40.10 -2 26.45 36.41 -2
 2 24 20.43 40.10 2 26.45 36.41 2
 2 24 20.43 40.10 6 26.45 36.41 6
 4 16 18.84 43.06 -6 23.13 47.69 -6 23.13 47.69 6 18.84 43.06 6
 4 16 23.13 47.69 -6 24.98 46.74 -6 24.98 46.74 6 23.13 47.69 6
 4 16 24.98 46.74 -6 23.77 40.55 -6 23.77 40.55 6 24.98 46.74 6
 4 16 23.77 40.55 -6 25.34 39.58 -6 25.34 39.58 6 23.77 40.55 6
 4 16 18.84 43.06 -6 23.13 47.69 -6 24.98 46.74 -6 23.77 40.55 -6
 4 16 18.84 43.06 6 23.13 47.69 6 24.98 46.74 6 23.77 40.55 6
 4 16 18.84 43.06 -6 20.43 40.10 -6 26.45 36.41 -6 23.77 40.55 -6
 4 16 18.84 43.06 6 20.43 40.10 6 26.45 36.41 6 23.77 40.55 6
 4 16 23.77 40.55 -6 26.45 36.41 -6 26.45 36.41 -6 25.34 39.58 -6
 4 16 23.77 40.55 6 26.45 36.41 6 26.45 36.41 6 25.34 39.58 6
 4 16 20.43 40.10 -6 26.45 36.41 -6 26.45 36.41 6 20.43 40.10 6
 2 24 30.30 43.48 -6 30.30 43.48 6
 2 24 31.99 42.26 -6 31.99 42.26 6
 2 24 25.34 39.58 -6 25.34 39.58 6
 2 24 29.82 36.33 -6 29.82 36.33 6
 2 24 25.34 39.58 -6 30.30 43.48 -6
 2 24 30.30 43.48 -6 31.99 42.26 -6
 2 24 31.99 42.26 -6 29.82 36.33 -6
 2 24 29.82 36.33 -6 31.22 35.13 -6
 2 24 25.34 39.58 6 30.30 43.48 6
 2 24 30.30 43.48 6 31.99 42.26 6
 2 24 31.99 42.26 6 29.82 36.33 6
 2 24 29.82 36.33 6 31.22 35.13 6
 2 24 26.45 36.41 -6 31.82 31.82 -6
 2 24 26.45 36.41 -2 31.82 31.82 -2
 2 24 26.45 36.41 2 31.82 31.82 2
 2 24 26.45 36.41 6 31.82 31.82 6
 4 16 25.34 39.58 -6 30.30 43.48 -6 30.30 43.48 6 25.34 39.58 6
 4 16 30.30 43.48 -6 31.99 42.26 -6 31.99 42.26 6 30.30 43.48 6
 4 16 31.99 42.26 -6 29.82 36.33 -6 29.82 36.33 6 31.99 42.26 6
 4 16 29.82 36.33 -6 31.22 35.13 -6 31.22 35.13 6 29.82 36.33 6
 4 16 25.34 39.58 -6 30.30 43.48 -6 31.99 42.26 -6 29.82 36.33 -6
 4 16 25.34 39.58 6 30.30 43.48 6 31.99 42.26 6 29.82 36.33 6
 4 16 25.34 39.58 -6 26.45 36.41 -6 31.82 31.82 -6 29.82 36.33 -6
 4 16 25.34 39.58 6 26.45 36.41 6 31.82 31.82 6 29.82 36.33 6
 4 16 29.82 36.33 -6 31.82 31.82 -6 31.82 31.82 -6 31.22 35.13 -6
 4 16 29.82 36.33 6 31.82 31.82 6 31.82 31.82 6 31.22 35.13 6
 4 16 26.45 36.41 -6 31.82 31.82 -6 31.82 31.82 6 26.45 36.41 6
 2 24 36.73 38.21 -6 36.73 38.21 6
 2 24 38.21 36.73 -6 38.21 36.73 6
 2 24 31.22 35.13 -6 31.22 35.13 6
 2 24 35.13 31.22 -6 35.13 31.22 6
 2 24 31.22 35.13 -6 36.73 38.21 -6
 2 24 36.73 38.21 -6 38.21 36.73 -6
 2 24 38.21 36.73 -6 35.13 31.22 -6
 2 24 35.13 31.22 -6 36.33 29.82 -6
 2 24 31.22 35.13 6 36.73 38.21 6
 2 24 36.73 38.21 6 38.21 36.73 6
 2 24 38.21 36.73 6 35.13 31.22 6
 2 24 35.13 31.22 6 36.33 29.82 6
 2 24 31.82 31.82 -6 36.41 26.45 -6
 2 24 31.82 31.82 -2 36.41 26.45 -2
 2 24 31.82 31.82 2 36.41 26.45 2
 2 24 31.82 31.82 6 36.41 26.45 6
 4 16 31.22 35.13 -6 36.73 38.21 -6 36.73 38.21 6 31.22 35.13 6
 4 16 36.73 38.21 -6 38.21 36.73 -6 38.21 36.73 6 36.73 38.21 6
 4 16 38.21 36.73 -6 35.13 31.22 -6 35.13 31.22 6 38.21 36.73 6
 4 16 35.13 31.22 -6 36.33 29.82 -6 36.33 29.82 6 35.13 31.22 6
 4 16 31.22 35.13 -6 36.73 38.21 -6 38.21 36.73 -6 35.13 31.22 -6
 4 16 31.22 35.13 6 36.73 38.21 6 38.21 36.73 6 35.13 31.22 6
 4 16 31.22 35.13 -6 31.82 31.82 -6 36.41 26.45 -6 35.13 31.22 -6
 4 16 31.22 35.13 6 31.82 31.82 6 36.41 26.45 6 35.13 31.22 6
 4 16 35.13 31.22 -6 36.41 26.45 -6 36.41 26.45 -6 36.33 29.82 -6
 4 16 35.13 31.22 6 36.41 26.45 6 36.41 26.45 6 36.33 29.82 6
 4 16 31.82 31.82 -6 36.41 26.45 -6 36.41 26.45 6 31.82 31.82 6
 2 24 42.26 31.99 -6 42.26 31.99 6
 2 24 43.48 30.30 -6 43.48 30.30 6
 2 24 36.33 29.82 -6 36.33 29.82 6
 2 24 39.58 25.34 -6 39.58 25.34 6
 2 24 36.33 29.82 -6 42.26 31.99 -6
 2 24 42.26 31.99 -6 43.48 30.30 -6
 2 24 43.48 30.30 -6 39.58 25.34 -6
 2 24 39.58 25.34 -6 40.55 23.77 -6
 2 24 36.33 29.82 6 42.26 31.99 6
 2 24 42.26 31.99 6 43.48 30.30 6
 2 24 43.48 30.30 6 39.58 25.34 6
 2 24 39.58 25.34 6 40.55 23.77 6
 2 24 36.41 26.45 -6 40.10 20.43 -6
 2 24 36.41 26.45 -2 40.10 20.43 -2
 2 24 36.41 26.45 2 40.10 20.43 2
 2 24 36.41 26.45 6 40.10 20.43 6
 4 16 36.33 29.82 -6 42.26 31.99 -6 42.26 31.99 6 36.33 29.82 6
 4 16 42.26 31.99 -6 43.48 30.30 -6 43.48 30.30 6 42.26 31.99 6
 4 16 43.48 30.30 -6 39.58 25.34 -6 39.58 25.34 6 43.48 30.30 6
 4 16 39.58 25.34 -6 40.55 23.77 -6 40.55 23.77 6 39.58 25.34 6
 4 16 36.33 29.82 -6 42.26 31.99 -6 43.48 30.30 -6 39.58 25.34 -6
 4 16 36.33 29.82 6 42.26 31.99 6 43.48 30.30 6 39.58 25.34 6
 4 16 36.33 29.82 -6 36.41 26.45 -6 40.10 20.43 -6 39.58 25.34 -6
 4 16 36.33 29.82 6 36.41 26.45 6 40.10 20.43 6 39.58 25.34 6
 4 16 39.58 25.34 -6 40.10 20.43 -6 40.10 20.43 -6 40.55 23.77 -6
 4 16 39.58 25.34 6 40.10 20.43 6 40.10 20.43 6 40.55 23.77 6
 4 16 36.41 26.45 -6 40.10 20.43 -6 40.10 20.43 6 36.41 26.45 6
 2 24 46.74 24.98 -6 46.74 24.98 6
 2 24 47.69 23.13 -6 47.69 23.13 6
 2 24 40.55 23.77 -6 40.55 23.77 6
 2 24 43.06 18.84 -6 43.06 18.84 6
 2 24 40.55 23.77 -6 46.74 24.98 -6
 2 24 46.74 24.98 -6 47.69 23.13 -6
 2 24 47.69 23.13 -6 43.06 18.84 -6
 2 24 43.06 18.84 -6 43.77 17.13 -6
 2 24 40.55 23.77 6 46.74 24.98 6
 2 24 46.74 24.98 6 47.69 23.13 6
 2 24 47.69 23.13 6 43.06 18.84 6
 2 24 43.06 18.84 6 43.77 17.13 6
 2 24 40.10 20.43 -6 42.80 13.91 -6
 2 24 40.10 20.43 -2 42.80 13.91 -2
 2 24 40.10 20.43 2 42.80 13.91 2
 2 24 40.10 20.43 6 42.80 13.91 6
 4 16 40.55 23.77 -6 46.74 24.98 -6 46.74 24.98 6 40.55 23.77 6
 4 16 46.74 24.98 -6 47.69 23.13 -6 47.69 23.13 6 46.74 24.98 6
 4 16 47.69 23.13 -6 43.06 18.84 -6 43.06 18.84 6 47.69 23.13 6
 4 16 43.06 18.84 -6 43.77 17.13 -6 43.77 17.13 6 43.06 18.84 6
 4 16 40.55 23.77 -6 46.74 24.98 -6 47.69 23.13 -6 43.06 18.84 -6
 4 16 40.55 23.77 6 46.74 24.98 6 47.69 23.13 6 43.06 18.84 6
 4 16 40.55 23.77 -6 40.10 20.43 -6 42.80 13.91 -6 43.06 18.84 -6
 4 16 40.55 23.77 6 40.10 20.43 6 42.80 13.91 6 43.06 18.84 6
 4 16 43.06 18.84 -6 42.80 13.91 -6 42.80 13.91 -6 43.77 17.13 -6
 4 16 43.06 18.84 6 42.80 13.91 6 42.80 13.91 6 43.77 17.13 6
 4 16 40.10 20.43 -6 42.80 13.91 -6 42.80 13.91 6 40.10 20.43 6
 2 24 50.07 17.36 -6 50.07 17.36 6
 2 24 50.72 15.39 -6 50.72 15.39 6
 2 24 43.77 17.13 -6 43.77 17.13 6
 2 24 45.48 11.87 -6 45.48 11.87 6
 2 24 43.77 17.13 -6 50.07 17.36 -6
 2 24 50.07 17.36 -6 50.72 15.39 -6
 2 24 50.72 15.39 -6 45.48 11.87 -6
 2 24 45.48 11.87 -6 45.91 10.07 -6
 2 24 43.77 17.13 6 50.07 17.36 6
 2 24 50.07 17.36 6 50.72 15.39 6
 2 24 50.72 15.39 6 45.48 11.87 6
 2 24 45.48 11.87 6 45.91 10.07 6
 2 24 42.80 13.91 -6 44.45 7.04 -6
 2 24 42.80 13.91 -2 44.45 7.04 -2
 2 24 42.80 13.91 2 44.45 7.04 2
 2 24 42.80 13.91 6 44.45 7.04 6
 4 16 43.77 17.13 -6 50.07 17.36 -6 50.07 17.36 6 43.77 17.13 6
 4 16 50.07 17.36 -6 50.72 15.39 -6 50.72 15.39 6 50.07 17.36 6
 4 16 50.72 15.39 -6 45.48 11.87 -6 45.48 11.87 6 50.72 15.39 6
 4 16 45.48 11.87 -6 45.91 10.07 -6 45.91 10.07 6 45.48 11.87 6
 4 16 43.77 17.13 -6 50.07 17.36 -6 50.72 15.39 -6 45.48 11.87 -6
 4 16 43.77 17.13 6 50.07 17.36 6 50.72 15.39 6 45.48 11.87 6
 4 16 43.77 17.13 -6 42.80 13.91 -6 44.45 7.04 -6 45.48 11.87 -6
 4 16 43.77 17.13 6 42.80 13.91 6 44.45 7.04 6 45.48 11.87 6
 4 16 45.48 11.87 -6 44.45 7.04 -6 44.45 7.04 -6 45.91 10.07 -6
 4 16 45.48 11.87 6 44.45 7.04 6 44.45 7.04 6 45.91 10.07 6
 4 16 42.80 13.91 -6 44.45 7.04 -6 44.45 7.04 6 42.80 13.91 6
 2 24 52.17 9.32 -6 52.17 9.32 6
 2 24 52.50 7.26 -6 52.50 7.26 6
 2 24 45.91 10.07 -6 45.91 10.07 6
 2 24 46.77 4.61 -6 46.77 4.61 6
 2 24 45.91 10.07 -6 52.17 9.32 -6
 2 24 52.17 9.32 -6 52.50 7.26 -6
 2 24 52.50 7.26 -6 46.77 4.61 -6
 2 24 46.77 4.61 -6 46.92 2.77 -6
 2 24 45.91 10.07 6 52.17 9.32 6
 2 24 52.17 9.32 6 52.50 7.26 6
 2 24 52.50 7.26 6 46.77 4.61 6
 2 24 46.77 4.61 6 46.92 2.77 6
 2 24 44.45 7.04 -6 45 0 -6
 2 24 44.45 7.04 -2 45 0 -2
 2 24 44.45 7.04 2 45 0 2
 2 24 44.45 7.04 6 45 0 6
 4 16 45.91 10.07 -6 52.17 9.32 -6 52.17 9.32 6 45.91 10.07 6
 4 16 52.17 9.32 -6 52.50 7.26 -6 52.50 7.26 6 52.17 9.32 6
 4 16 52.50 7.26 -6 46.77 4.61 -6 46.77 4.61 6 52.50 7.26 6
 4 16 46.77 4.61 -6 46.92 2.77 -6 46.92 2.77 6 46.77 4.61 6
 4 16 45.91 10.07 -6 52.17 9.32 -6 52.50 7.26 -6 46.77 4.61 -6
 4 16 45.91 10.07 6 52.17 9.32 6 52.50 7.26 6 46.77 4.61 6
 4 16 45.91 10.07 -6 44.45 7.04 -6 45 0 -6 46.77 4.61 -6
 4 16 45.91 10.07 6 44.45 7.04 6 45 0 6 46.77 4.61 6
 4 16 46.77 4.61 -6 45 0 -6 45 0 -6 46.92 2.77 -6
 4 16 46.77 4.61 6 45 0 6 45 0 6 46.92 2.77 6
 4 16 44.45 7.04 -6 45 0 -6 45 0 6 44.45 7.04 6
0
