0 Slope Brick 45  2 x  2 Inverted with Computer Screen Pattern
0 Name: 3660p01.dat
0 Author: (part):      James Jessiman
0 Author: (pattern):   Thomas Burger
0 Author: (placement): Bram Lambrecht
0 Official LCad update 99-01

1 16 0 4 0 1 0 0 0 -5 0 0 0 1 stud3.dat

1 16 0 24 0 16 0 0 0 -20 0 0 0 6 box5.dat

4 16 20 24 10 16 24 6 -16 24 6 -20 24 10
4 16 -20 24 10 -16 24 6 -16 24 -6 -20 24 -10
4 16 -20 24 -10 -16 24 -6 16 24 -6 20 24 -10
4 16 20 24 -10 16 24 -6 16 24 6 20 24 10

2 24 20 24 -10 20 24 10
2 24 20 24 -10 -20 24 -10
2 24 20 24 10 -20 24 10
2 24 -20 24 -10 -20 24 10

2 24 20 0 -30 20 4 -30
2 24 20 4 -30 20 24 -10
2 24 20 0 10 20 24 10
2 24 -20 0 -30 -20 4 -30
2 24 -20 4 -30 -20 24 -10
2 24 -20 0 10 -20 24 10

2 24 20 4 -30 -20 4 -30
2 24 20 0 -30 20 0 10
2 24 20 0 -30 -20 0 -30
2 24 20 0 10 -20 0 10
2 24 -20 0 -30 -20 0 10

2 24 18 20 -10 -18 20 -10
2 24 -18 20 -10 -18 4 -26
2 24 -18 4 -26 18 4 -26
2 24 18 4 -26 18 20 -10
2 24 18 0 -10 -18 0 -10
2 24 -18 0 -10 -18 0 -26
2 24 -18 0 -26 18 0 -26
2 24 18 0 -26 18 0 -10
2 24 18 0 -10 18 20 -10
2 24 -18 0 -10 -18 20 -10
2 24 -18 0 -26 -18 4 -26
2 24 18 0 -26 18 4 -26

1 16 10 10 -20 4 0 0 0 0 4 0 0 4 4-4edge.dat
1 16 -10 10 -20 4 0 0 0 0 4 0 0 4 4-4edge.dat
1 16 10 10 -20 6 0 0 0 0 6 0 0 6 4-4edge.dat
1 16 -10 10 -20 6 0 0 0 0 6 0 0 6 4-4edge.dat
1 16 10 6 -20 0 0 4 0 4 0 -4 0 0 2-4cyls.dat
1 16 10 6 -20 0 0 -4 0 4 0 -4 0 0 2-4cyls.dat
1 16 -10 6 -20 0 0 4 0 4 0 -4 0 0 2-4cyls.dat
1 16 -10 6 -20 0 0 -4 0 4 0 -4 0 0 2-4cyls.dat
1 16 10 4 -20 0 0 6 0 6 0 -6 0 0 2-4cyls.dat
1 16 10 4 -20 0 0 -6 0 6 0 -6 0 0 2-4cyls.dat
1 16 -10 4 -20 0 0 6 0 6 0 -6 0 0 2-4cyls.dat
1 16 -10 4 -20 0 0 -6 0 6 0 -6 0 0 2-4cyls.dat

1 16 10 0 -20 4 0 0 0 6 0 0 0 4 4-4cyli.dat
1 16 -10 0 -20 4 0 0 0 6 0 0 0 4 4-4cyli.dat
1 16 10 0 -20 6 0 0 0 4 0 0 0 6 4-4cyli.dat
1 16 -10 0 -20 6 0 0 0 4 0 0 0 6 4-4cyli.dat

4 16 20 24 -10 20 4 -30 20 0 10 20 24 10
4 16 20 24 10 20 0 10 -20 0 10 -20 24 10
4 16 -20 24 -10 -20 4 -30 -20 0 10 -20 24 10
3 16 20 0 -30 20 4 -30 20 0 10
4 16 20 0 -30 20 4 -30 -20 4 -30 -20 0 -30
3 16 -20 0 -30 -20 4 -30 -20 0 10

4 16 18 20 -10 18 4 -26 -18 4 -26 -18 20 -10
4 16 18 20 -10 18 0 -10 18 0 -26 18 4 -26
4 16 -18 20 -10 -18 0 -10 -18 0 -26 -18 4 -26
4 16 18 20 -10 18 0 -10 -18 0 -10 -18 20 -10
4 16 18 4 -26 18 0 -26 -18 0 -26 -18 4 -26

4 16 20 0 10 18 0 -10 -18 0 -10 -20 0 10
4 16 -20 0 10 -18 0 -10 -18 0 -26 -20 0 -30
4 16 -20 0 -30 -18 0 -26 18 0 -26 20 0 -30
4 16 20 0 -30 18 0 -26 18 0 -10 20 0 10

1 16 10 0 0 1 0 0 0 1 0 0 0 1 stud.dat
1 16 10 0 -20 1 0 0 0 1 0 0 0 1 stud2a.dat
1 16 -10 0 0 1 0 0 0 1 0 0 0 1 stud.dat
1 16 -10 0 -20 1 0 0 0 1 0 0 0 1 stud2a.dat
4 16 -20 4 -30 -19.3 4.71 -29.29 -19.2 23.36 -10.64 -20 24 -10
4 16 -20 24 -10 -19.2 23.36 -10.64 19.3 23.29 -10.71 20 24 -10
4 16 20 24 -10 19.3 23.29 -10.71 19.3 4.71 -29.29 20 4 -30
4 16 -20 4 -30 -19.3 4.71 -29.29 19.3 4.71 -29.29 20 4 -30
4 2 4 22.43 -11.57 4.7 21.93 -12.07 4.8 5.57 -28.43 4.1 5.14 -28.86
4 2 -17.1 22.36 -11.64 4 22.43 -11.57 4.1 5.14 -28.86 -17.7 5.07 -28.93
4 2 -17.7 5.07 -28.93 -18.4 5.5 -28.5 -18.3 21.79 -12.21 -17.1 22.36 -11.64
4 4 12 9.64 -24.36 16 9.64 -24.36 16 6.79 -27.21 12 6.79 -27.21
4 2 12 15.36 -18.64 16 15.36 -18.64 16 12.5 -21.5 12 12.5 -21.5
4 14 12 21.07 -12.93 16 21.07 -12.93 16 18.21 -15.79 12 18.21 -15.79
3 15 -16 21.07 -12.93 0 21.07 -12.93 -16 21.07 -12.93
3 15 -16 19.71 -14.29 0 19.71 -14.29 -16 19.71 -14.29
3 15 -16 18.21 -15.79 0 18.21 -15.79 -16 18.21 -15.79
3 15 -16 16.86 -17.14 0 16.86 -17.14 -16 16.86 -17.14
3 15 -16 15.36 -18.64 0 15.36 -18.64 -16 15.36 -18.64
3 15 -16 14 -20 0 14 -20 -16 14 -20
3 15 -16 12.5 -21.5 0 12.5 -21.5 -16 12.5 -21.5
3 15 -16 11.14 -22.86 0 11.14 -22.86 -16 11.14 -22.86
3 15 -16 9.64 -24.36 0 9.64 -24.36 -16 9.64 -24.36
3 15 -16 8.29 -25.71 0 8.29 -25.71 -16 8.29 -25.71
3 15 -16 6.79 -27.21 0 6.79 -27.21 -16 6.79 -27.21
4 15 -19.2 23.36 -10.64 -18.3 21.79 -12.21 -18.4 5.5 -28.5 -19.3 4.71 -29.29
3 15 -19.2 23.36 -10.64 -17.1 22.36 -11.64 -18.3 21.79 -12.21
4 15 -19.2 23.36 -10.64 19.3 23.29 -10.71 4 22.43 -11.57 -17.1 22.36 -11.64
3 15 -19.3 4.71 -29.29 -18.4 5.5 -28.5 -17.7 5.07 -28.93
4 15 -19.3 4.71 -29.29 -17.7 5.07 -28.93 4.1 5.14 -28.86 19.3 4.71 -29.29
3 15 19.3 23.29 -10.71 4 22.43 -11.57 4.7 21.93 -12.07
3 15 19.3 4.71 -29.29 4.1 5.14 -28.86 4.8 5.57 -28.43
4 15 4.7 21.93 -12.07 12 21.07 -12.93 12 6.79 -27.21 4.8 5.57 -28.43
4 15 19.3 4.71 -29.29 16 6.79 -27.21 16 21.07 -12.93 19.3 23.29 -10.71
4 15 4.7 21.93 -12.07 12 21.07 -12.93 16 21.07 -12.93 19.3 23.29 -10.71
4 15 4.8 5.57 -28.43 12 6.79 -27.21 16 6.79 -27.21 19.3 4.71 -29.29
2 24 12 21.07 -12.93 16 21.07 -12.93
2 24 16 21.07 -12.93 16 18.21 -15.79
2 24 16 18.21 -15.79 12 18.21 -15.79
2 24 12 18.21 -15.79 12 21.07 -12.93
4 15 12 18.21 -15.79 16 18.21 -15.79 16 15.36 -18.64 12 15.36 -18.64
2 24 12 15.36 -18.64 16 15.36 -18.64
2 24 16 15.36 -18.64 16 12.5 -21.5
2 24 16 12.5 -21.5 12 12.5 -21.5
2 24 12 12.5 -21.5 12 15.36 -18.64
4 15 12 12.5 -21.5 16 12.5 -21.5 16 9.64 -24.36 12 9.64 -24.36
4 15 12 12.5 -21.5 16 12.5 -21.5 16 9.64 -24.36 12 9.64 -24.36
2 24 12 9.64 -24.36 16 9.64 -24.36
2 24 16 9.64 -24.36 16 6.79 -27.21
2 24 16 6.79 -27.21 12 6.79 -27.21
2 24 12 6.79 -27.21 12 9.64 -24.36
2 24 4.7 21.93 -12.07 4.8 5.57 -28.43
2 24 4.7 21.93 -12.07 4 22.43 -11.57
2 24 4 22.43 -11.57 -17.1 22.36 -11.64
2 24 -17.1 22.36 -11.64 -18.3 21.79 -12.21
2 24 -18.3 21.79 -12.21 -18.4 5.5 -28.5
2 24 -18.4 5.5 -28.5 -17.7 5.07 -28.93
2 24 -17.7 5.07 -28.93 4.1 5.14 -28.86
2 24 4.1 5.14 -28.86 4.8 5.57 -28.43
0