0 Slope Brick 45  2 x  2 Inverted

 1 16 0 4 0 1 0 0 0 -5 0 0 0 1 stud3.dat

 1 16 0 24 0 16 0 0 0 -20 0 0 0 6 box5.dat

 4 16 20 24 10 16 24 6 -16 24 6 -20 24 10
 4 16 -20 24 10 -16 24 6 -16 24 -6 -20 24 -10
 4 16 -20 24 -10 -16 24 -6 16 24 -6 20 24 -10
 4 16 20 24 -10 16 24 -6 16 24 6 20 24 10

 2 24  20 24 -10  20 24  10
 2 24  20 24 -10 -20 24 -10
 2 24  20 24  10 -20 24  10
 2 24 -20 24 -10 -20 24  10

 2 24  20  0 -30  20  4 -30
 2 24  20  4 -30  20 24 -10
 2 24  20  0  10  20 24  10
 2 24 -20  0 -30 -20  4 -30
 2 24 -20  4 -30 -20 24 -10
 2 24 -20  0  10 -20 24  10

 2 24  20  4 -30 -20  4 -30
 2 24  20  0 -30  20  0  10
 2 24  20  0 -30 -20  0 -30
 2 24  20  0  10 -20  0  10
 2 24 -20  0 -30 -20  0  10

 2 24 18 20 -10 -18 20 -10
 2 24 -18 20 -10 -18 4 -26
 2 24 -18 4 -26 18 4 -26
 2 24 18 4 -26 18 20 -10
 2 24 18 0 -10 -18 0 -10
 2 24 -18 0 -10 -18 0 -26
 2 24 -18 0 -26 18 0 -26
 2 24 18 0 -26 18 0 -10
 2 24 18 0 -10 18 20 -10
 2 24 -18 0 -10 -18 20 -10
 2 24 -18 0 -26 -18 4 -26
 2 24 18 0 -26 18 4 -26

 1 16 10 10 -20 4 0 0 0 0 4 0 0 4 4-4edge.dat
 1 16 -10 10 -20 4 0 0 0 0 4 0 0 4 4-4edge.dat
 1 16 10 10 -20 6 0 0 0 0 6 0 0 6 4-4edge.dat
 1 16 -10 10 -20 6 0 0 0 0 6 0 0 6 4-4edge.dat
 1 16 10 6 -20 0 0 4 0 4 0 -4 0 0 2-4cyls.dat
 1 16 10 6 -20 0 0 -4 0 4 0 -4 0 0 2-4cyls.dat
 1 16 -10 6 -20 0 0 4 0 4 0 -4 0 0 2-4cyls.dat
 1 16 -10 6 -20 0 0 -4 0 4 0 -4 0 0 2-4cyls.dat
 1 16 10 4 -20 0 0 6 0 6 0 -6 0 0 2-4cyls.dat
 1 16 10 4 -20 0 0 -6 0 6 0 -6 0 0 2-4cyls.dat
 1 16 -10 4 -20 0 0 6 0 6 0 -6 0 0 2-4cyls.dat
 1 16 -10 4 -20 0 0 -6 0 6 0 -6 0 0 2-4cyls.dat

 1 16 10 0 -20 4 0 0 0 6 0 0 0 4 4-4cyli.dat
 1 16 -10 0 -20 4 0 0 0 6 0 0 0 4 4-4cyli.dat
 1 16 10 0 -20 6 0 0 0 4 0 0 0 6 4-4cyli.dat
 1 16 -10 0 -20 6 0 0 0 4 0 0 0 6 4-4cyli.dat

 4 16  20 24 -10  20  4 -30  20  0  10  20 24  10
 4 16  20 24 -10  20  4 -30 -20  4 -30 -20 24 -10
 4 16  20 24  10  20  0  10 -20  0  10 -20 24  10
 4 16 -20 24 -10 -20  4 -30 -20  0  10 -20 24  10
 3 16  20  0 -30  20  4 -30  20  0  10
 4 16  20  0 -30  20  4 -30 -20  4 -30 -20  0 -30
 3 16 -20  0 -30 -20  4 -30 -20  0  10

 4 16 18 20 -10 18 4 -26 -18 4 -26 -18 20 -10
 4 16 18 20 -10 18 0 -10 18 0 -26 18 4 -26
 4 16 -18 20 -10 -18 0 -10 -18 0 -26 -18 4 -26
 4 16 18 20 -10 18 0 -10 -18 0 -10 -18 20 -10
 4 16 18 4 -26 18 0 -26 -18 0 -26 -18 4 -26

 4 16 20 0 10 18 0 -10 -18 0 -10 -20 0 10
 4 16 -20 0 10 -18 0 -10 -18 0 -26 -20 0 -30
 4 16 -20 0 -30 -18 0 -26 18 0 -26 20 0 -30
 4 16 20 0 -30 18 0 -26 18 0 -10 20 0 10

 1 16 10 0 0 1 0 0 0 1 0 0 0 1 stud.dat
 1 16 10 0 -20 1 0 0 0 1 0 0 0 1 stud2a.dat
 1 16 -10 0 0 1 0 0 0 1 0 0 0 1 stud.dat
 1 16 -10 0 -20 1 0 0 0 1 0 0 0 1 stud2a.dat
