0 Slope Brick 65  2 x  2 x  2 with Witch's Dress Pattern
0 Name: 3678p01.dat
0 Author: Jaco van der Molen
0 LDRAW_ORG Part UPDATE 2002-06

0 2002-06-21 MS: modified to use subpart

0 Red
3 4 13.5 48 10 9 44 10 0 48 10
3 4 9 44 10 5.5 39.5 10 0 48 10
3 4 5.5 39.5 10 3.5 33.5 10 0 48 10
3 4 3.5 33.5 10 0 12 10 0 48 10
3 4 -13.5 48 10 -9 44 10 0 48 10
3 4 -9 44 10 -5.5 39.5 10 0 48 10
3 4 -5.5 39.5 10 -3.5 33.5 10 0 48 10
3 4 -3.5 33.5 10 0 12 10 0 48 10
0 Grey Large
3 7 20 46.2 10 16.3 44.6 10 20 41.7 10
4 7 16.3 44.6 10 13.7 42.2 10 15.5 39 10 20 41.7 10
3 7 13.7 42.2 10 11.3 38 10 15.5 39 10
3 7 11.3 38 10 8.7 29.7 10 15.5 39 10
3 7 -20 46.2 10 -16.3 44.6 10 -20 41.7 10
4 7 -16.3 44.6 10 -13.7 42.2 10 -15.5 39 10 -20 41.7 10
3 7 -13.7 42.2 10 -11.3 38 10 -15.5 39 10
3 7 -11.3 38 10 -8.7 29.7 10 -15.5 39 10
0 Grey Small
3 7 20 34.5 10 18 33.6 10 20 32 10
4 7 18 33.6 10 16.5 32.3 10 17.5 30.4 10 20 32 10
3 7 16.5 32.3 10 15.1 29.9 10 17.5 30.4 10
3 7 15.1 29.9 10 13.6 25.2 10 17.5 30.4 10
3 7 -20 34.5 10 -18 33.6 10 -20 32 10
4 7 -18 33.6 10 -16.5 32.3 10 -17.5 30.4 10 -20 32 10
3 7 -16.5 32.3 10 -15.1 29.9 10 -17.5 30.4 10
3 7 -15.1 29.9 10 -13.6 25.2 10 -17.5 30.4 10
0 Fill
4 16 20 48 10 13.5 48 10 16.3 44.6 10 20 46.2 10
4 16 13.5 48 10 9 44 10 13.7 42.2 10 16.3 44.6 10
4 16 9 44 10 5.5 39.5 10 11.3 38 10 13.7 42.2 10
4 16 5.5 39.5 10 3.5 33.5 10 8.7 29.7 10 11.3 38 10
4 16 20 41.7 10 15.5 39 10 18 33.6 10 20 34.5 10
3 16 15.5 39 10 16.5 32.3 10 18 33.6 10
3 16 15.5 39 10 8.7 29.7 10 16.5 32.3 10
3 16 16.5 32.3 10 8.7 29.7 10 15.1 29.9 10
3 16 15.1 29.9 10 8.7 29.7 10 13.6 25.2 10
4 16 20 32 10 17.5 30.4 10 13.6 25.2 10 20 0 10
3 16 8.7 29.7 10 20 0 10 13.6 25.2 10
4 16 3.5 33.5 10 0 12 10 20 0 10 8.7 29.7 10
3 16 0 12 10 0 0 10 20 0 10
4 16 -20 48 10 -13.5 48 10 -16.3 44.6 10 -20 46.2 10
4 16 -13.5 48 10 -9 44 10 -13.7 42.2 10 -16.3 44.6 10
4 16 -9 44 10 -5.5 39.5 10 -11.3 38 10 -13.7 42.2 10
4 16 -5.5 39.5 10 -3.5 33.5 10 -8.7 29.7 10 -11.3 38 10
4 16 -20 41.7 10 -15.5 39 10 -18 33.6 10 -20 34.5 10
3 16 -15.5 39 10 -16.5 32.3 10 -18 33.6 10
3 16 -15.5 39 10 -8.7 29.7 10 -16.5 32.3 10
3 16 -16.5 32.3 10 -8.7 29.7 10 -15.1 29.9 10
3 16 -15.1 29.9 10 -8.7 29.7 10 -13.6 25.2 10
4 16 -20 32 10 -17.5 30.4 10 -13.6 25.2 10 -20 0 10
3 16 -8.7 29.7 10 -20 0 10 -13.6 25.2 10
4 16 -3.5 33.5 10 0 12 10 -20 0 10 -8.7 29.7 10
3 16 0 12 10 0 0 10 -20 0 10
1 16 0 0 0 1 0 0 0 1 0 0 0 1 s\3678s01.DAT
4 16 20 44 -30 20 0 -10 -20 0 -10 -20 44 -30
0
