0 Technic Link Chain
0 Name: 3711.dat
0 Author: Fredrik Glöckner
0 Official LCad update 99-02

 1 16 -7.5 0 16 0 -1 0 5 0 0 0 0 5 2-4disc.dat
 1 16 7.5 0 16 0 -1 0 5 0 0 0 0 5 2-4disc.dat
 1 16 -6 0 16 0 -1 0 5 0 0 0 0 5 2-4disc.dat
 1 16 6 0 16 0 -1 0 5 0 0 0 0 5 2-4disc.dat
 1 16 -7.5 0 16 0 -1 0 5 0 0 0 0 5 2-4edge.dat
 1 16 7.5 0 16 0 -1 0 5 0 0 0 0 5 2-4edge.dat
 1 16 -6 0 16 0 -1 0 5 0 0 0 0 5 2-4edge.dat
 1 16 6 0 16 0 -1 0 5 0 0 0 0 5 2-4edge.dat
 1 16 -6 0 16 0 -1.5 0 5 0 0 0 0 5 2-4cyli.dat
 1 16 7.5 0 16 0 -1.5 0 5 0 0 0 0 5 2-4cyli.dat
 1 16 -7.5 0 16 0 -2.5 0 1.5 0 0 0 0 1.5 4-4cyli.dat
 1 16 10 0 16 0 -2.5 0 1.5 0 0 0 0 1.5 4-4cyli.dat
 1 16 -7.5 0 16 0 -1 0 1.5 0 0 0 0 1.5 4-4edge.dat
 1 16 10 0 16 0 -1 0 1.5 0 0 0 0 1.5 4-4edge.dat
 1 16 -10 0 16 0 -1 0 1.5 0 0 0 0 1.5 4-4edge.dat
 1 16 7.5 0 16 0 -1 0 1.5 0 0 0 0 1.5 4-4edge.dat
 1 16 -10 0 16 0 -1 0 1.5 0 0 0 0 1.5 4-4disc.dat
 1 16 10 0 16 0 -1 0 1.5 0 0 0 0 1.5 4-4disc.dat
 1 16 6 0 16 0 -12 0 2.13 0 0 0 0 2.13 4-4cyli.dat
 1 16 -6 0 16 0 -1 0 2.13 0 0 0 0 2.13 4-4edge.dat
 1 16 6 0 16 0 -1 0 2.13 0 0 0 0 2.13 4-4edge.dat
 1 16 6 0 8 0 -12 0 1.5 0 0 0 0 1.5 4-4cyli.dat
 1 16 -6 0 8 0 -1 0 1.5 0 0 0 0 1.5 4-4edge.dat
 1 16 6 0 8 0 -1 0 1.5 0 0 0 0 1.5 4-4edge.dat
 4 16 -7.5 -5 16 -7.5 -5 8 -7.5 5 8 -7.5 5 16 
 4 16 -6 -5 16 -6 -5 6 -6 5 6 -6 5 16 
 2 24 -6 -5 16 -6 -5 6 
 2 24 -7.5 -5 16 -7.5 -5 8 
 2 24 -6 5 16 -6 5 6 
 2 24 -7.5 5 16 -7.5 5 8 
 4 16 6 -5 16 6 -5 6 6 5 6 6 5 16 
 4 16 7.5 -5 16 7.5 -5 8 7.5 5 8 7.5 5 16 
 2 24 6 -5 16 6 -5 6 
 2 24 7.5 -5 16 7.5 -5 8 
 2 24 6 5 16 6 5 6 
 2 24 7.5 5 16 7.5 5 8 
 4 16 -6 -5 6 -7.5 -5 6 -7.5 5 6 -6 5 6 
 2 24 -6 -5 6 -7.5 -5 6 
 2 24 -6 5 6 -7.5 5 6 
 2 24 -6 -5 6 -6 5 6 
 4 16 6 -5 6 7.5 -5 6 7.5 5 6 6 5 6 
 2 24 6 -5 6 7.5 -5 6 
 2 24 6 5 6 7.5 5 6 
 2 24 6 -5 6 6 5 6 
 2 24 -7.5 -5 6 -7.5 5 6 
 2 24 -7.5 -5 8 -7.5 5 8 
 2 24 7.5 -5 6 7.5 5 6 
 2 24 7.5 -5 8 7.5 5 8 
 4 16 -7.5 -5 8 -10 -5 8 -10 5 8 -7.5 5 8 
 2 24 -7.5 -5 8 -10 -5 8 
 2 24 -10 -5 8 -10 5 8 
 2 24 -10 5 8 -7.5 5 8 
 4 16 7.5 -5 8 10 -5 8 10 5 8 7.5 5 8 
 2 24 7.5 -5 8 10 -5 8 
 2 24 10 -5 8 10 5 8 
 2 24 10 5 8 7.5 5 8 
 4 16 -7.5 -5 16 -7.5 -5 6 -6 -5 6 -6 -5 16 
 4 16 7.5 -5 16 7.5 -5 6 6 -5 6 6 -5 16 
 4 16 -7.5 -5 8 -7.5 -5 0 -10 -5 0 -10 -5 8 
 4 16 7.5 -5 8 7.5 -5 0 10 -5 0 10 -5 8 
 4 16 -7.5 5 16 -7.5 5 6 -6 5 6 -6 5 16 
 4 16 7.5 5 16 7.5 5 6 6 5 6 6 5 16 
 4 16 -7.5 5 8 -7.5 5 3.753 -10 5 3.753 -10 5 8 
 4 16 7.5 5 8 7.5 5 3.753 10 5 3.753 10 5 8 
 4 16 -7.5 -5 6 -7.5 -5 3.753 -7.5 5 3.753 -7.5 5 6 
 2 24 -7.5 -5 6 -7.5 -5 0 
 4 16 7.5 -5 6 7.5 -5 3.753 7.5 5 3.753 7.5 5 6 
 2 24 7.5 -5 6 7.5 -5 0 
 4 16 -10 -5 8 -10 -5 3.753 -10 5 3.753 -10 5 8 
 2 24 -10 -5 8 -10 -5 0 
 4 16 10 -5 8 10 -5 3.753 10 5 3.753 10 5 8 
 2 24 10 -5 8 10 -5 0 
 1 16 -7.5 0 0 0 -1 0 0.75 0 -1.299 1.299 0 0.75 2-4ndis.dat
 1 16 7.5 0 0 0 -1 0 0.75 0 -1.299 1.299 0 0.75 2-4ndis.dat
 1 16 -10 0 0 0 -1 0 0.75 0 -1.299 1.299 0 0.75 2-4ndis.dat
 1 16 10 0 0 0 -1 0 0.75 0 -1.299 1.299 0 0.75 2-4ndis.dat
 1 16 -7.5 0 0 0 -1 0 0.75 0 -1.299 1.299 0 0.75 2-4edge.dat
 1 16 7.5 0 0 0 -1 0 0.75 0 -1.299 1.299 0 0.75 2-4edge.dat
 1 16 -10 0 0 0 -1 0 0.75 0 -1.299 1.299 0 0.75 2-4edge.dat
 1 16 10 0 0 0 -1 0 0.75 0 -1.299 1.299 0 0.75 2-4edge.dat
 1 16 -7.5 0 0 0 -2.5 0 0.75 0 -1.299 1.299 0 0.75 2-4cyli.dat
 1 16 10 0 0 0 -2.5 0 0.75 0 -1.299 1.299 0 0.75 2-4cyli.dat
 1 16 -7.5 0 0 0 -1 0 0.75 0 -1.299 -1.299 0 -0.75 2-4edge.dat
 1 16 7.5 0 0 0 -1 0 0.75 0 -1.299 -1.299 0 -0.75 2-4edge.dat
 1 16 -10 0 0 0 -1 0 0.75 0 -1.299 -1.299 0 -0.75 2-4edge.dat
 1 16 10 0 0 0 -1 0 0.75 0 -1.299 -1.299 0 -0.75 2-4edge.dat
 1 16 -7.5 0 0 0 -2.5 0 0.75 0 -1.299 -1.299 0 -0.75 2-4cyli.dat
 1 16 10 0 0 0 -2.5 0 0.75 0 -1.299 -1.299 0 -0.75 2-4cyli.dat
 1 16 -7.5 0 0 0 -1 0 0.25 0 -0.433 -0.433 0 -0.25 2-4ring3.dat
 1 16 7.5 0 0 0 -1 0 0.25 0 -0.433 -0.433 0 -0.25 2-4ring3.dat
 1 16 -10 0 0 0 -1 0 0.25 0 -0.433 -0.433 0 -0.25 2-4ring3.dat
 1 16 10 0 0 0 -1 0 0.25 0 -0.433 -0.433 0 -0.25 2-4ring3.dat
 1 16 -7.5 0 0 0 -1 0 0.333 0 -0.5773 -0.5773 0 -0.333 2-4ring3.dat
 1 16 7.5 0 0 0 -1 0 0.333 0 -0.5773 -0.5773 0 -0.333 2-4ring3.dat
 1 16 -10 0 0 0 -1 0 0.333 0 -0.5773 -0.5773 0 -0.333 2-4ring3.dat
 1 16 10 0 0 0 -1 0 0.333 0 -0.5773 -0.5773 0 -0.333 2-4ring3.dat
 1 16 -7.5 0 0 0 -1 0 0.444 0 -0.7698 -0.7698 0 -0.444 2-4ring3.dat
 1 16 7.5 0 0 0 -1 0 0.444 0 -0.7698 -0.7698 0 -0.444 2-4ring3.dat
 1 16 -10 0 0 0 -1 0 0.444 0 -0.7698 -0.7698 0 -0.444 2-4ring3.dat
 1 16 10 0 0 0 -1 0 0.444 0 -0.7698 -0.7698 0 -0.444 2-4ring3.dat
 1 16 -7.5 0 0 0 -1 0 0.592 0 -1.0264 -1.0264 0 -0.592 2-4ring3.dat
 1 16 7.5 0 0 0 -1 0 0.592 0 -1.0264 -1.0264 0 -0.592 2-4ring3.dat
 1 16 -10 0 0 0 -1 0 0.592 0 -1.0264 -1.0264 0 -0.592 2-4ring3.dat
 1 16 10 0 0 0 -1 0 0.592 0 -1.0264 -1.0264 0 -0.592 2-4ring3.dat
 1 16 -7.5 0 0 0 -1 0 0.625 0 -1.0825 -1.0825 0 -0.625 2-4ring3.dat
 1 16 7.5 0 0 0 -1 0 0.625 0 -1.0825 -1.0825 0 -0.625 2-4ring3.dat
 1 16 -10 0 0 0 -1 0 0.625 0 -1.0825 -1.0825 0 -0.625 2-4ring3.dat
 1 16 10 0 0 0 -1 0 0.625 0 -1.0825 -1.0825 0 -0.625 2-4ring3.dat
 2 24 7.5 0.75 1.299 7.5 5 3.753
 2 24 -7.5 0.75 1.299 -7.5 5 3.753
 2 24 10 0.75 1.299 10 5 3.753
 2 24 -10 0.75 1.299 -10 5 3.753
 2 24 7.5 5 3.753 7.5 5 6
 2 24 -7.5 5 3.753 -7.5 5 6
 2 24 10 5 3.753 10 5 8
 2 24 -10 5 3.753 -10 5 8
 3 16 -10 0.75 1.299 -10 5 3.753 -10 -3.5 3.753
 3 16 10 0.75 1.299 10 5 3.753 10 -3.5 3.753
 3 16 -7.5 0.75 1.299 -7.5 5 3.753 -7.5 -3.5 3.753
 3 16 7.5 0.75 1.299 7.5 5 3.753 7.5 -3.5 3.753
 4 16 -10 -0.549 2.049 -10 -2.049 -0.549 -10 -5 5.66 -10 -5 0 
 4 16 10 -0.549 2.049 10 -2.049 -0.549 10 -5 5.66 10 -5 0 
 4 16 -7.5 -0.549 2.049 -7.5 -2.049 -0.549 -7.5 -5 5.66 -7.5 -5 0 
 4 16 7.5 -0.549 2.049 7.5 -2.049 -0.549 7.5 -5 5.66 7.5 -5 0
 4 16 10 0.75 1.299 10 5 3.753 7.5 5 3.753 7.5 0.75 1.299
 4 16 -10 0.75 1.299 -10 5 3.753 -7.5 5 3.753 -7.5 0.75 1.299
 2 24 10 5 3.753 7.5 5 3.753
 2 24 -10 5 3.753 -7.5 5 3.753
 2 24 10 0.75 1.299 7.5 0.75 1.299
 2 24 -10 0.75 1.299 -7.5 0.75 1.299
 1 16 -7.5 0 0 0 -2.5 0 0 0 -5 -5 0 0 1-4cyli.dat
 1 16 10 0 0 0 -2.5 0 0 0 -5 -5 0 0 1-4cyli.dat
 1 16 -7.5 0 0 0 -1 0 0 0 -5 -5 0 0 1-4edge.dat
 1 16 7.5 0 0 0 -1 0 0 0 -5 -5 0 0 1-4edge.dat
 1 16 -10 0 0 0 -1 0 0 0 -5 -5 0 0 1-4edge.dat
 1 16 10 0 0 0 -1 0 0 0 -5 -5 0 0 1-4edge.dat
 1 16 -7.5 0 0 0 -2.5 0 2.5 0 -4.33 -4.33 0 -2.5 1-4cyli.dat
 1 16 10 0 0 0 -2.5 0 2.5 0 -4.33 -4.33 0 -2.5 1-4cyli.dat
 1 16 -7.5 0 0 0 -1 0 2.5 0 -4.33 -4.33 0 -2.5 1-4edge.dat
 1 16 7.5 0 0 0 -1 0 2.5 0 -4.33 -4.33 0 -2.5 1-4edge.dat
 1 16 -10 0 0 0 -1 0 2.5 0 -4.33 -4.33 0 -2.5 1-4edge.dat
 1 16 10 0 0 0 -1 0 2.5 0 -4.33 -4.33 0 -2.5 1-4edge.dat
 3 16 -10 0.75 -1.299 -10 2.5 -4.33 -10 4.431 -3.424 
 3 16 10 0.75 -1.299 10 2.5 -4.33 10 4.431 -3.424 
 3 16 -7.5 0.75 -1.299 -7.5 2.5 -4.33 -7.5 4.431 -3.424 
 3 16 7.5 0.75 -1.299 7.5 2.5 -4.33 7.5 4.431 -3.424
 4 16 -10 2.5 -4.33 -10 4.431 -3.424 -7.5 4.431 -3.424 -7.5 2.5 -4.33
 4 16 10 2.5 -4.33 10 4.431 -3.424 7.5 4.431 -3.424 7.5 2.5 -4.33
 4 16 -10 0.75 -1.299 -10 2.5 -4.33 -7.5 2.5 -4.33 -7.5 0.75 -1.299
 4 16 10 0.75 -1.299 10 2.5 -4.33 7.5 2.5 -4.33 7.5 0.75 -1.299
 2 24 -10 0.75 -1.299 -10 4.431 -3.424 
 2 24 10 0.75 -1.299 10 4.431 -3.424 
 2 24 -7.5 0.75 -1.299 -7.5 4.431 -3.424 
 2 24 7.5 0.75 -1.299 7.5 4.431 -3.424 
 2 24 -10 2.5 -4.33 -10 4.431 -3.424 
 2 24 10 2.5 -4.33 10 4.431 -3.424 
 2 24 -7.5 2.5 -4.33 -7.5 4.431 -3.424 
 2 24 7.5 2.5 -4.33 7.5 4.431 -3.424
 2 24 -10 0.75 -1.299 -7.5 0.75 -1.299
 2 24 -10 4.431 -3.424 -7.5 4.431 -3.424
 2 24 10 0.75 -1.299 7.5 0.75 -1.299
 2 24 10 4.431 -3.424 7.5 4.431 -3.424
0
