0 Technic Plate  2 x  8 with Holes
0 Name: 3738.dat
0 Author: James Jessiman
0 Original LDraw Part - LDraw beta 0.27 Archive

 1 16 60 4 0 1 0 0 0 -1 0 0 0 1 stud4a.dat
 1 16 40 4 0 1 0 0 0 -1 0 0 0 1 stud4a.dat
 1 16 20 4 0 1 0 0 0 -1 0 0 0 1 stud4a.dat
 1 16 0 4 0 1 0 0 0 -1 0 0 0 1 stud4a.dat
 1 16 -20 4 0 1 0 0 0 -1 0 0 0 1 stud4a.dat
 1 16 -40 4 0 1 0 0 0 -1 0 0 0 1 stud4a.dat
 1 16 -60 4 0 1 0 0 0 -1 0 0 0 1 stud4a.dat

 1 16 60 4 0 8 0 0 0 0 0 0 0 8 4-4edge.dat
 1 16 40 4 0 8 0 0 0 0 0 0 0 8 4-4edge.dat
 1 16 20 4 0 8 0 0 0 0 0 0 0 8 4-4edge.dat
 1 16 0 4 0 8 0 0 0 0 0 0 0 8 4-4edge.dat
 1 16 -20 4 0 8 0 0 0 0 0 0 0 8 4-4edge.dat
 1 16 -40 4 0 8 0 0 0 0 0 0 0 8 4-4edge.dat
 1 16 -60 4 0 8 0 0 0 0 0 0 0 8 4-4edge.dat

 2 24 76 8 16 -76 8 16
 2 24 -76 8 16 -76 8 -16
 2 24 -76 8 -16 76 8 -16
 2 24 76 8 -16 76 8 16

 2 24 80 8 20 -80 8 20
 2 24 -80 8 20 -80 8 -20
 2 24 -80 8 -20 80 8 -20
 2 24 80 8 -20 80 8 20

 2 24 76 4 16 -76 4 16
 2 24 -76 4 16 -76 4 -16
 2 24 -76 4 -16 76 4 -16
 2 24 76 4 -16 76 4 16

 2 24 76 4 16 76 8 16
 2 24 -76 4 16 -76 8 16
 2 24 -76 4 -16 -76 8 -16
 2 24 76 4 -16 76 8 -16

 2 24 80 0 20 -80 0 20
 2 24 -80 0 20 -80 0 -20
 2 24 -80 0 -20 80 0 -20
 2 24 80 0 -20 80 0 20

 2 24 80 0 20 80 8 20
 2 24 -80 0 20 -80 8 20
 2 24 -80 0 -20 -80 8 -20
 2 24 80 0 -20 80 8 -20

 1 16 60 0 0 6 0 0 0 0 0 0 0 6 4-4edge.dat
 1 16 40 0 0 6 0 0 0 0 0 0 0 6 4-4edge.dat
 1 16 20 0 0 6 0 0 0 0 0 0 0 6 4-4edge.dat
 1 16 0 0 0 6 0 0 0 0 0 0 0 6 4-4edge.dat
 1 16 -20 0 0 6 0 0 0 0 0 0 0 6 4-4edge.dat
 1 16 -40 0 0 6 0 0 0 0 0 0 0 6 4-4edge.dat
 1 16 -60 0 0 6 0 0 0 0 0 0 0 6 4-4edge.dat

 1 16 60 0 0 6 0 0 0 4 0 0 0 6 4-4cyli.dat
 1 16 40 0 0 6 0 0 0 4 0 0 0 6 4-4cyli.dat
 1 16 20 0 0 6 0 0 0 4 0 0 0 6 4-4cyli.dat
 1 16 0 0 0 6 0 0 0 4 0 0 0 6 4-4cyli.dat
 1 16 -20 0 0 6 0 0 0 4 0 0 0 6 4-4cyli.dat
 1 16 -40 0 0 6 0 0 0 4 0 0 0 6 4-4cyli.dat
 1 16 -60 0 0 6 0 0 0 4 0 0 0 6 4-4cyli.dat

 4 16 80 8 20 76 8 16 -76 8 16 -80 8 20
 4 16 -80 8 20 -76 8 16 -76 8 -16 -80 8 -20
 4 16 -80 8 -20 -76 8 -16 76 8 -16 80 8 -20
 4 16 80 8 -20 76 8 -16 76 8 16 80 8 20

 4 16 76 8 16 76 4 16 -76 4 16 -76 8 16
 4 16 -76 8 16 -76 4 16 -76 4 -16 -76 8 -16
 4 16 -76 8 -16 -76 4 -16 76 4 -16 76 8 -16
 4 16 76 8 -16 76 4 -16 76 4 16 76 8 16

 1 16 60 4 0 8 0 0 0 0 0 0 0 8 4-4ndis.dat
 1 16 40 4 0 8 0 0 0 0 0 0 0 8 4-4ndis.dat
 1 16 20 4 0 8 0 0 0 0 0 0 0 8 4-4ndis.dat
 1 16 0 4 0 8 0 0 0 0 0 0 0 8 4-4ndis.dat
 1 16 -20 4 0 8 0 0 0 0 0 0 0 8 4-4ndis.dat
 1 16 -40 4 0 8 0 0 0 0 0 0 0 8 4-4ndis.dat
 1 16 -60 4 0 8 0 0 0 0 0 0 0 8 4-4ndis.dat

 4 16 76 4 16 68 4 8 -68 4 8 -76 4 16
 4 16 -76 4 16 -68 4 8 -68 4 -8 -76 4 -16
 4 16 -76 4 -16 -68 4 -8 68 4 -8 76 4 -16
 4 16 76 4 -16 68 4 -8 68 4 8 76 4 16
 4 16 52 4 8 52 4 -8 48 4 -8 48 4 8
 4 16 32 4 8 32 4 -8 28 4 -8 28 4 8
 4 16 12 4 8 12 4 -8 8 4 -8 8 4 8
 4 16 -8 4 8 -8 4 -8 -12 4 -8 -12 4 8
 4 16 -28 4 8 -28 4 -8 -32 4 -8 -32 4 8
 4 16 -48 4 8 -48 4 -8 -52 4 -8 -52 4 8

 4 16 80 8 20 80 0 20 -80 0 20 -80 8 20
 4 16 -80 8 20 -80 0 20 -80 0 -20 -80 8 -20
 4 16 -80 8 -20 -80 0 -20 80 0 -20 80 8 -20
 4 16 80 8 -20 80 0 -20 80 0 20 80 8 20

 1 16 60 0 0 6 0 0 0 0 0 0 0 6 4-4ndis.dat
 1 16 40 0 0 6 0 0 0 0 0 0 0 6 4-4ndis.dat
 1 16 20 0 0 6 0 0 0 0 0 0 0 6 4-4ndis.dat
 1 16 0 0 0 6 0 0 0 0 0 0 0 6 4-4ndis.dat
 1 16 -20 0 0 6 0 0 0 0 0 0 0 6 4-4ndis.dat
 1 16 -40 0 0 6 0 0 0 0 0 0 0 6 4-4ndis.dat
 1 16 -60 0 0 6 0 0 0 0 0 0 0 6 4-4ndis.dat

 4 16 80 0 20 66 0 6 -66 0 6 -80 0 20
 4 16 -80 0 20 -66 0 6 -66 0 -6 -80 0 -20
 4 16 -80 0 -20 -66 0 -6 66 0 -6 80 0 -20
 4 16 80 0 -20 66 0 -6 66 0 6 80 0 20
 4 16 54 0 6 54 0 -6 46 0 -6 46 0 6
 4 16 34 0 6 34 0 -6 26 0 -6 26 0 6
 4 16 14 0 6 14 0 -6 6 0 -6 6 0 6
 4 16 -6 0 6 -6 0 -6 -14 0 -6 -14 0 6
 4 16 -26 0 6 -26 0 -6 -34 0 -6 -34 0 6
 4 16 -46 0 6 -46 0 -6 -54 0 -6 -54 0 6

 1 16 70 0 10 1 0 0 0 1 0 0 0 1 stud.dat
 1 16 50 0 10 1 0 0 0 1 0 0 0 1 stud.dat
 1 16 30 0 10 1 0 0 0 1 0 0 0 1 stud.dat
 1 16 10 0 10 1 0 0 0 1 0 0 0 1 stud.dat
 1 16 -10 0 10 1 0 0 0 1 0 0 0 1 stud.dat
 1 16 -30 0 10 1 0 0 0 1 0 0 0 1 stud.dat
 1 16 -50 0 10 1 0 0 0 1 0 0 0 1 stud.dat
 1 16 -70 0 10 1 0 0 0 1 0 0 0 1 stud.dat
 1 16 70 0 -10 1 0 0 0 1 0 0 0 1 stud.dat
 1 16 50 0 -10 1 0 0 0 1 0 0 0 1 stud.dat
 1 16 30 0 -10 1 0 0 0 1 0 0 0 1 stud.dat
 1 16 10 0 -10 1 0 0 0 1 0 0 0 1 stud.dat
 1 16 -10 0 -10 1 0 0 0 1 0 0 0 1 stud.dat
 1 16 -30 0 -10 1 0 0 0 1 0 0 0 1 stud.dat
 1 16 -50 0 -10 1 0 0 0 1 0 0 0 1 stud.dat
 1 16 -70 0 -10 1 0 0 0 1 0 0 0 1 stud.dat
0
