0 Slope Brick 33  3 x  2 Inverted
0 Name: 3747.dat
0 Author: James Jessiman
0 Original LDraw Part - LDraw beta 0.27 Archive

 1 16 0 4 0 1 0 0 0 -5 0 0 0 1 stud3.dat

 1 16 0 24 0 16 0 0 0 -20 0 0 0 6 box5.dat

 4 16 20 24 10 16 24 6 -16 24 6 -20 24 10
 4 16 -20 24 10 -16 24 6 -16 24 -6 -20 24 -10
 4 16 -20 24 -10 -16 24 -6 16 24 -6 20 24 -10
 4 16 20 24 -10 16 24 -6 16 24 6 20 24 10

 2 24 20 24 -10 20 24 10
 2 24 20 24 -10 -20 24 -10
 2 24 20 24 10 -20 24 10
 2 24 -20 24 -10 -20 24 10

 2 24 20 0 -50 20 4 -50
 2 24 20 4 -50 20 24 -10
 2 24 20 0 10 20 24 10
 2 24 -20 0 -50 -20 4 -50
 2 24 -20 4 -50 -20 24 -10
 2 24 -20 0 10 -20 24 10

 2 24 20 4 -50 -20 4 -50
 2 24 20 0 -50 20 0 10
 2 24 20 0 -50 -20 0 -50
 2 24 20 0 10 -20 0 10
 2 24 -20 0 -50 -20 0 10

 2 24 18 20 -10 -18 20 -10
 2 24 -18 20 -10 -18 2 -46
 2 24 -18 2 -46 18 2 -46
 2 24 18 2 -46 18 20 -10
 2 24 18 0 -10 -18 0 -10
 2 24 -18 0 -10 -18 0 -46
 2 24 -18 0 -46 18 0 -46
 2 24 18 0 -46 18 0 -10
 2 24 18 0 -10 18 20 -10
 2 24 -18 0 -10 -18 20 -10
 2 24 -18 0 -46 -18 2 -46
 2 24 18 0 -46 18 2 -46

 1 16 10 15 -20 4 0 0 0 0 2 0 0 4 4-4edge.dat
 1 16 -10 15 -20 4 0 0 0 0 2 0 0 4 4-4edge.dat
 1 16 10 15 -20 6 0 0 0 0 3 0 0 6 4-4edge.dat
 1 16 -10 15 -20 6 0 0 0 0 3 0 0 6 4-4edge.dat
 1 16 10 13 -20 0 0 4 0 2 0 -4 0 0 2-4cyls.dat
 1 16 10 13 -20 0 0 -4 0 2 0 -4 0 0 2-4cyls.dat
 1 16 -10 13 -20 0 0 4 0 2 0 -4 0 0 2-4cyls.dat
 1 16 -10 13 -20 0 0 -4 0 2 0 -4 0 0 2-4cyls.dat
 1 16 10 12 -20 0 0 6 0 3 0 -6 0 0 2-4cyls.dat
 1 16 10 12 -20 0 0 -6 0 3 0 -6 0 0 2-4cyls.dat
 1 16 -10 12 -20 0 0 6 0 3 0 -6 0 0 2-4cyls.dat
 1 16 -10 12 -20 0 0 -6 0 3 0 -6 0 0 2-4cyls.dat

 1 16 10 5 -40 4 0 0 0 0 2 0 0 4 4-4edge.dat
 1 16 -10 5 -40 4 0 0 0 0 2 0 0 4 4-4edge.dat
 1 16 10 5 -40 6 0 0 0 0 3 0 0 6 4-4edge.dat
 1 16 -10 5 -40 6 0 0 0 0 3 0 0 6 4-4edge.dat
 1 16 10 3 -40 0 0 4 0 2 0 -4 0 0 2-4cyls.dat
 1 16 10 3 -40 0 0 -4 0 2 0 -4 0 0 2-4cyls.dat
 1 16 -10 3 -40 0 0 4 0 2 0 -4 0 0 2-4cyls.dat
 1 16 -10 3 -40 0 0 -4 0 2 0 -4 0 0 2-4cyls.dat
 1 16 10 2 -40 0 0 6 0 3 0 -6 0 0 2-4cyls.dat
 1 16 10 2 -40 0 0 -6 0 3 0 -6 0 0 2-4cyls.dat
 1 16 -10 2 -40 0 0 6 0 3 0 -6 0 0 2-4cyls.dat
 1 16 -10 2 -40 0 0 -6 0 3 0 -6 0 0 2-4cyls.dat

 1 16 10 0 -20 4 0 0 0 13 0 0 0 4 4-4cyli.dat
 1 16 -10 0 -20 4 0 0 0 13 0 0 0 4 4-4cyli.dat
 1 16 10 0 -20 6 0 0 0 12 0 0 0 6 4-4cyli.dat
 1 16 -10 0 -20 6 0 0 0 12 0 0 0 6 4-4cyli.dat
 1 16 10 0 -40 4 0 0 0 3 0 0 0 4 4-4cyli.dat
 1 16 -10 0 -40 4 0 0 0 3 0 0 0 4 4-4cyli.dat
 1 16 10 0 -40 6 0 0 0 2 0 0 0 6 4-4cyli.dat
 1 16 -10 0 -40 6 0 0 0 2 0 0 0 6 4-4cyli.dat

 4 16 20 24 -10 20 4 -50 20 0 10 20 24 10
 4 16 20 24 -10 20 4 -50 -20 4 -50 -20 24 -10
 4 16 20 24 10 20 0 10 -20 0 10 -20 24 10
 4 16 -20 24 -10 -20 4 -50 -20 0 10 -20 24 10
 3 16 20 0 -50 20 4 -50 20 0 10
 4 16 20 0 -50 20 4 -50 -20 4 -50 -20 0 -50
 3 16 -20 0 -50 -20 4 -50 -20 0 10

 4 16 18 20 -10 18 2 -46 -18 2 -46 -18 20 -10
 4 16 18 20 -10 18 0 -10 18 0 -46 18 2 -46
 4 16 -18 20 -10 -18 0 -10 -18 0 -46 -18 2 -46
 4 16 18 20 -10 18 0 -10 -18 0 -10 -18 20 -10
 4 16 18 2 -46 18 0 -46 -18 0 -46 -18 2 -46

 4 16 20 0 10 18 0 -10 -18 0 -10 -20 0 10
 4 16 -20 0 10 -18 0 -10 -18 0 -46 -20 0 -50
 4 16 -20 0 -50 -18 0 -46 18 0 -46 20 0 -50
 4 16 20 0 -50 18 0 -46 18 0 -10 20 0 10

 1 16 10 0 0 1 0 0 0 1 0 0 0 1 stud.dat
 1 16 10 0 -20 1 0 0 0 1 0 0 0 1 stud2a.dat
 1 16 10 0 -40 1 0 0 0 1 0 0 0 1 stud2a.dat
 1 16 -10 0 0 1 0 0 0 1 0 0 0 1 stud.dat
 1 16 -10 0 -20 1 0 0 0 1 0 0 0 1 stud2a.dat
 1 16 -10 0 -40 1 0 0 0 1 0 0 0 1 stud2a.dat
0
