0 Brick  1 x  6 x  5
0 Name: 3754.dat
0 Author: James Jessiman
0 Original LDraw Part - LDraw beta 0.27 Archive

 1 16 22 4 0 2 0 0 0 116 0 0 0 6 box5.dat
 1 16 -22 4 0 2 0 0 0 116 0 0 0 6 box5.dat

 1 16 0 4 0 56 0 0 0 116 0 0 0 6 box4.dat

 4 16 60 120 10 56 120 6 -56 120 6 -60 120 10
 4 16 -60 120 10 -56 120 6 -56 120 -6 -60 120 -10
 4 16 -60 120 -10 -56 120 -6 56 120 -6 60 120 -10
 4 16 60 120 -10 56 120 -6 56 120 6 60 120 10

 1 16 0 0 0 60 0 0 0 120 0 0 0 10 box4.dat

 1 16 50 4 0 4 0 0 0 0 0 0 0 4 4-4edge.dat
 1 16 10 4 0 4 0 0 0 0 0 0 0 4 4-4edge.dat
 1 16 -30 4 0 4 0 0 0 0 0 0 0 4 4-4edge.dat

 1 16 50 0 0 6 0 0 0 0 0 0 0 6 4-4edge.dat
 1 16 10 0 0 6 0 0 0 0 0 0 0 6 4-4edge.dat
 1 16 -30 0 0 6 0 0 0 0 0 0 0 6 4-4edge.dat

 1 16 50 4 0 4 0 0 0 0 0 0 0 4 4-4ndis.dat
 1 16 10 4 0 4 0 0 0 0 0 0 0 4 4-4ndis.dat
 1 16 -30 4 0 4 0 0 0 0 0 0 0 4 4-4ndis.dat

 4 16 56 4 6 54 4 4 -34 4 4 -56 4 6
 4 16 -56 4 6 -34 4 4 -34 4 -4 -56 4 -6
 4 16 -56 4 -6 -34 4 -4 54 4 -4 56 4 -6
 4 16 56 4 -6 54 4 -4 54 4 4 56 4 6
 4 16 46 4 4 14 4 4 14 4 -4 46 4 -4
 4 16 6 4 4 -26 4 4 -26 4 -4 6 4 -4

 1 16 50 0 0 6 0 0 0 0 0 0 0 6 4-4ndis.dat
 1 16 10 0 0 6 0 0 0 0 0 0 0 6 4-4ndis.dat
 1 16 -30 0 0 6 0 0 0 0 0 0 0 6 4-4ndis.dat

 4 16 60 0 10 56 0 6 -36 0 6 -60 0 10
 4 16 -60 0 10 -36 0 6 -36 0 -6 -60 0 -10
 4 16 -60 0 -10 -36 0 -6 56 0 -6 60 0 -10
 4 16 60 0 -10 56 0 -6 56 0 6 60 0 10
 4 16 44 0 6 16 0 6 16 0 -6 44 0 -6
 4 16 4 0 6 -24 0 6 -24 0 -6 4 0 -6

 1 16 50 0 0 4 0 0 0 4 0 0 0 4 4-4cyli.dat
 1 16 10 0 0 4 0 0 0 4 0 0 0 4 4-4cyli.dat
 1 16 -30 0 0 4 0 0 0 4 0 0 0 4 4-4cyli.dat

 1 16 50 0 0 1 0 0 0 1 0 0 0 1 stud2a.dat
 1 16 30 0 0 1 0 0 0 1 0 0 0 1 stud2.dat
 1 16 10 0 0 1 0 0 0 1 0 0 0 1 stud2a.dat
 1 16 -10 0 0 1 0 0 0 1 0 0 0 1 stud2.dat
 1 16 -30 0 0 1 0 0 0 1 0 0 0 1 stud2a.dat
 1 16 -50 0 0 1 0 0 0 1 0 0 0 1 stud2.dat
0
