0 Door  1 x  3 x  1 Right with Shell Logo Pattern
0 Name: 3821p60.dat
0 Author: Niels Karsdorp
0 LDRAW_ORG Part UPDATE 2004-04
0 BFC CERTIFY CW
0 CMDLINE -c15
0 KEYWORDS Town

1 16 0 0 0 -1 0 0 0 1 0 0 0 1 s\3822s01.dat
1 16 0 0 0 0 0 -1 0 1 0 1 0 0 stud.dat
1 16 -10 14.2 18 0 0 1 0 0.8 0 0.8 0 0 s\3004s60.dat
4 16 -10 24 50 -10 14 46 -10 14 34 -10 24 27.2  
4 16 -10 24 27.2 -10 14 34 -10 10 34 -10 0 27.2  
4 16 -10 0 27.2 -10 10 34 -10 10 46 -10 0 50 
4 16 -10 0 50 -10 10 46 -10 14 46 -10 24 50  
4 16 -10 5.8 8.8 -10 5.8 27.2 -10 0 27.2 -10 0 0 
4 16 -10 24 0 -10 22.6 8.8 -10 5.8 8.8 -10 0 0 
4 16 -10 24 27.2 -10 22.6 27.2 -10 22.6 8.8 -10 24 0 
0
