0 Minifig Vest
0 Name: 3840.dat
0 Author: Tore Eriksson 1998
0 Official LCad update 99-01

0 front
 1 16 11 30 -13 2 0 0 0 0 2 0 0 0 1-4DISC.DAT
 1 16 -11 30 -13 -2 0 0 0 0 2 0 0 0 1-4DISC.DAT
 4 16 -11 32 -13 11 32 -13 11 30 -13 -11 30 -13 
 4 16 -13 -3 -13 13 -3 -13 13 30 -13 -13 30 -13
0 /front

0 back
 1 16 11 30 13 2 0 0 0 0 2 0 0 0 1-4DISC.DAT
 1 16 -11 30 13 -2 0 0 0 0 2 0 0 0 1-4DISC.DAT
 4 16 -11 32 13 11 32 13 11 30 13 -11 30 13
 4 16 -13 -3 13 13 -3 13 13 30 13 -13 30 13
0 /back

1 16 0 0 0 6 0 0 0 0 0 0 0 6 4-4EDGE.DAT
1 16 0 -3 0 6 0 0 0 0 0 0 0 6 4-4EDGE.DAT
1 16 0 -3 0 6 0 0 0 3 0 0 0 6 4-4CYLI.DAT
1 16 0 0 0 6 0 0 0 0 0 0 0 6 4-4NDIS.DAT
1 16 0 -3 0 6 0 0 0 0 0 0 0 6 4-4NDIS.DAT
4 16 -13 0 -10 13 0 -10 6 0 -6 -6 0 -6 
4 16 -13 0 10 13 0 10 6 0 6 -6 0 6 
4 16 -13 0 -10 -13 0 10 -6 0 6 -6 0 -6 
4 16 13 0 -10 13 0 10 6 0 6 6 0 -6 
4 16 -13 -3 -13 13 -3 -13 6 -3 -6 -6 -3 -6 
4 16 -13 -3 13 13 -3 13 6 -3 6 -6 -3 6 
4 16 -13 -3 -13 -13 -3 13 -6 -3 6 -6 -3 -6 
4 16 13 -3 -13 13 -3 13 6 -3 6 6 -3 -6 
4 16 -13 -3 -13 -13 0 -10 -13 0 10 -13 -3 13 
4 16 13 -3 -13 13 0 -10 13 0 10 13 -3 13 
2 24 -13 0 -10 -13 0 10 
2 24 13 0 -10 13 0 10 
2 24 -13 -3 -13 -13 -3 13 
2 24 13 -3 -13 13 -3 13 
2 24 13 0 10 13 30 10 
 2 24 -13 0 10 -13 30 10 
 2 24 13 0 -10 13 30 -10 
 2 24 -13 0 -10 -13 30 -10 
2 24 13 -3 13 13 30 13 
 2 24 -13 -3 13 -13 30 13 
 2 24 13 -3 -13 13 30 -13 
 2 24 -13 -3 -13 -13 30 -13 
4 16 13 0 10 13 30 10 13 30 13 13 -3 13 
 4 16 -13 0 10 -13 30 10 -13 30 13 -13 -3 13 
 4 16 13 0 -10 13 30 -10 13 30 -13 13 -3 -13 
 4 16 -13 0 -10 -13 30 -10 -13 30 -13 -13 -3 -13 
1 16 11 30 10 2 0 0 0 0 2 0 0 0 1-4EDGE.DAT
 1 16 -11 30 10 -2 0 0 0 0 2 0 0 0 1-4EDGE.DAT
 1 16 11 30 -10 2 0 0 0 0 2 0 0 0 1-4EDGE.DAT
 1 16 -11 30 -10 -2 0 0 0 0 2 0 0 0 1-4EDGE.DAT
 1 16 11 30 13 2 0 0 0 0 2 0 0 0 1-4EDGE.DAT
  1 16 11 30 10 2 0 0 0 0 2 0 3 0 1-4CYLI.DAT
 1 16 -11 30 13 -2 0 0 0 0 2 0 0 0 1-4EDGE.DAT
  1 16 -11 30 10 -2 0 0 0 0 2 0 3 0 1-4CYLI.DAT
 1 16 11 30 -13 2 0 0 0 0 2 0 0 0 1-4EDGE.DAT
  1 16 11 30 -10 2 0 0 0 0 2 0 -3 0 1-4CYLI.DAT
 1 16 -11 30 -13 -2 0 0 0 0 2 0 0 0 1-4EDGE.DAT
  1 16 -11 30 -10 -2 0 0 0 0 2 0 -3 0 1-4CYLI.DAT
1 16 11 30 10 2 0 0 0 0 2 0 0 0 1-4DISC.DAT
 1 16 -11 30 10 -2 0 0 0 0 2 0 0 0 1-4DISC.DAT
 1 16 11 30 -10 2 0 0 0 0 2 0 0 0 1-4DISC.DAT
 1 16 -11 30 -10 -2 0 0 0 0 2 0 0 0 1-4DISC.DAT
2 24 -11 32 10 11 32 10 
 2 24 -11 32 -10 11 32 -10 
 2 24 -11 32 13 11 32 13 
  4 16 -11 32 10 -11 32 13 11 32 13 11 32 10
 2 24 -11 32 -13 11 32 -13 
  4 16 -11 32 -10 -11 32 -13 11 32 -13 11 32 -10
4 16 -11 32 10 11 32 10 11 30 10 -11 30 10 
 4 16 -11 32 -10 11 32 -10 11 30 -10 -11 30 -10 
2 24 -13 0 10 13 0 10 
 2 24 -13 0 -10 13 0 -10 
2 24 -13 -3 13 13 -3 13 
 2 24 -13 -3 -13 13 -3 -13 
4 16 -13 0 10 13 0 10 13 30 10 -13 30 10 
 4 16 -13 0 -10 13 0 -10 13 30 -10 -13 30 -10 
0
