0 Minifig Shield Triangular with Wolfpack Pattern
0 Name: 3846p44.dat
0 Author: Chris Dee (chris_w_dee@hotmail.com)
0 Official LCAD Part - 2000-02 Update

0 CATEGORY Minifig Accessory

1 16 0 0 0 1 0 0 0 1 0 0 0 1 s\3846s01.dat

1 383 0 0 0 1 0 0 0 1 0 0 0 1 s\3846p44a.dat
1 0 0 0 0 1 0 0 0 1 0 0 0 1 s\3846p44b.dat
1 326 0 0 0 1 0 0 0 1 0 0 0 1 s\3846p44c.dat
 
4 0 -11 -8 -10 -17 -11 -10 17 -11 -10 11 -8 -10
3 0 11 -8 -10 17 -11 -10 17 -4 -10
4 0 11 -8 -10 17 -4 -10 15 7 -10 11 8 -10
3 0 11 8 -10 15 7 -10 12 14 -10
4 0 11 8 -10 12 14 -10 7 21 -10 6.5 15 -10
4 0 6.5 15 -10 7 21 -10 0 27 -10 2 22 -10
3 0 -11 -8 -10 -17 -11 -10 -17 -4 -10
4 0 -11 -8 -10 -17 -4 -10 -15 7 -10 -11 8 -10
3 0 -11 8 -10 -15 7 -10 -12 14 -10
4 0 -11 8 -10 -12 14 -10 -7 21 -10 -6.5 15 -10
4 0 -6.5 15 -10 -7 21 -10 0 27 -10 -2 22 -10
3 0 -2 22 -10 2 22 -10 0 27 -10

0
