0 Castle Pike

 1 16 0 60 0 4 0 0 0 0 0 0 0 4 4-4disc.dat
 1 16 0 60 0 4 0 0 0 0 0 0 0 4 4-4edge.dat
 1 16 0 -52 0 4 0 0 0 112 0 0 0 4 4-4cyli.dat
 1 16 0 -52 0 4 0 0 0 0 0 0 0 4 4-4edge.dat
 1 16 0 -60 0 2 0 0 0 -2 0 0 0 2 4-8sphe.dat

 4 16 4.00 -52.00 0.00 3.70 -52.00 -1.53 1.85 -60.00 -0.77 2.00 -60.00 0.00
 5 24 4.00 -52.00 0.00 2.00 -60.00 0.00 3.70 -52.00 -1.53 3.70 -52.00 1.53
 4 16 3.70 -52.00 -1.53 2.83 -52.00 -2.83 1.41 -60.00 -1.41 1.85 -60.00 -0.77
 5 24 3.70 -52.00 -1.53 1.85 -60.00 -0.77 2.83 -52.00 -2.83 4.00 -52.00 0.00
 4 16 2.83 -52.00 -2.83 1.53 -52.00 -3.70 0.77 -60.00 -1.85 1.41 -60.00 -1.41
 5 24 2.83 -52.00 -2.83 1.41 -60.00 -1.41 1.53 -52.00 -3.70 3.70 -52.00 -1.53
 4 16 1.53 -52.00 -3.70 0.00 -52.00 -4.00 0.00 -60.00 -2.00 0.77 -60.00 -1.85
 5 24 1.53 -52.00 -3.70 0.77 -60.00 -1.85 0.00 -52.00 -4.00 2.83 -52.00 -2.83
 4 16 0.00 -52.00 -4.00 -1.53 -52.00 -3.70 -0.77 -60.00 -1.85 0.00 -60.00 -2.00
 5 24 0.00 -52.00 -4.00 0.00 -60.00 -2.00 -1.53 -52.00 -3.70 1.53 -52.00 -3.70
 4 16 -1.53 -52.00 -3.70 -2.83 -52.00 -2.83 -1.41 -60.00 -1.41 -0.77 -60.00 -1.85
 5 24 -1.53 -52.00 -3.70 -0.77 -60.00 -1.85 -2.83 -52.00 -2.83 0.00 -52.00 -4.00
 4 16 -2.83 -52.00 -2.83 -3.70 -52.00 -1.53 -1.85 -60.00 -0.77 -1.41 -60.00 -1.41
 5 24 -2.83 -52.00 -2.83 -1.41 -60.00 -1.41 -3.70 -52.00 -1.53 -1.53 -52.00 -3.70
 4 16 -3.70 -52.00 -1.53 -4.00 -52.00 0.00 -2.00 -60.00 0.00 -1.85 -60.00 -0.77
 5 24 -3.70 -52.00 -1.53 -1.85 -60.00 -0.77 -4.00 -52.00 0.00 -2.83 -52.00 -2.83
 4 16 -4.00 -52.00 0.00 -3.70 -52.00 1.53 -1.85 -60.00 0.77 -2.00 -60.00 0.00
 5 24 -4.00 -52.00 0.00 -2.00 -60.00 0.00 -3.70 -52.00 1.53 -3.70 -52.00 -1.53
 4 16 -3.70 -52.00 1.53 -2.83 -52.00 2.83 -1.41 -60.00 1.41 -1.85 -60.00 0.77
 5 24 -3.70 -52.00 1.53 -1.85 -60.00 0.77 -2.83 -52.00 2.83 -4.00 -52.00 0.00
 4 16 -2.83 -52.00 2.83 -1.53 -52.00 3.70 -0.77 -60.00 1.85 -1.41 -60.00 1.41
 5 24 -2.83 -52.00 2.83 -1.41 -60.00 1.41 -1.53 -52.00 3.70 -3.70 -52.00 1.53
 4 16 -1.53 -52.00 3.70 0.00 -52.00 4.00 0.00 -60.00 2.00 -0.77 -60.00 1.85
 5 24 -1.53 -52.00 3.70 -0.77 -60.00 1.85 0.00 -52.00 4.00 -2.83 -52.00 2.83
 4 16 0.00 -52.00 4.00 1.53 -52.00 3.70 0.77 -60.00 1.85 0.00 -60.00 2.00
 5 24 0.00 -52.00 4.00 0.00 -60.00 2.00 1.53 -52.00 3.70 -1.53 -52.00 3.70
 4 16 1.53 -52.00 3.70 2.83 -52.00 2.83 1.41 -60.00 1.41 0.77 -60.00 1.85
 5 24 1.53 -52.00 3.70 0.77 -60.00 1.85 2.83 -52.00 2.83 0.00 -52.00 4.00
 4 16 2.83 -52.00 2.83 3.70 -52.00 1.53 1.85 -60.00 0.77 1.41 -60.00 1.41
 5 24 2.83 -52.00 2.83 1.41 -60.00 1.41 3.70 -52.00 1.53 1.53 -52.00 3.70
 4 16 3.70 -52.00 1.53 4.00 -52.00 0.00 2.00 -60.00 0.00 1.85 -60.00 0.77
 5 24 3.70 -52.00 1.53 1.85 -60.00 0.77 4.00 -52.00 0.00 2.83 -52.00 2.83


 2 24 0 -46 4 1.5 -46 3.7
 2 24 0 -46 4 -1.5 -46 3.7
 2 24 0 -36 4 1.5 -36 3.7
 2 24 0 -36 4 -1.5 -36 3.7

 2 24 1.5 -46 3.7 1.5 -36 3.7
 2 24 -1.5 -46 3.7 -1.5 -36 3.7

 2 24 1.5 -46 3.7 1.5 -46 10
 2 24 -1.5 -46 3.7 -1.5 -46 10
 2 24 1.5 -36 3.7 1.5 -36 10
 2 24 -1.5 -36 3.7 -1.5 -36 10

 1 16 1.5 -52 10 0 0 0 6 0 0 0 0 6 1-4edge.dat
 1 16 -1.5 -52 10 0 0 0 6 0 0 0 0 6 1-4edge.dat
 1 16 1.5 -30 10 0 0 0 -6 0 0 0 0 6 1-4edge.dat
 1 16 -1.5 -30 10 0 0 0 -6 0 0 0 0 6 1-4edge.dat

 2 24 1.5 -52 16 0 -58 16
 2 24 -1.5 -52 16 0 -58 16
 2 24 1.5 -30 16 0 -24 16
 2 24 -1.5 -30 16 0 -24 16

 1 16 1.5 -41 6.67 0 0 0 0 0 15.71 13.33 0 0 1-8edge.dat
 1 16 -1.5 -41 6.67 0 0 0 0 0 15.71 13.33 0 0 1-8edge.dat
 1 16 1.5 -41 6.67 0 0 0 0 0 -15.71 13.33 0 0 1-8edge.dat
 1 16 -1.5 -41 6.67 0 0 0 0 0 -15.71 13.33 0 0 1-8edge.dat

 1 16 0 -41 16 0 0 0 17 0 0 0 0 10 2-4edge.dat

 4 16 1.5 -46 3.7 1.5 -46 10 -1.5 -46 10 -1.5 -46 3.7
 4 16 -1.5 -46 3.7 -1.5 -46 16 -1.5 -36 16 -1.5 -36 3.7
 4 16 -1.5 -36 3.7 -1.5 -36 10 1.5 -36 10 1.5 -36 3.7
 4 16 1.5 -36 3.7 1.5 -36 16 1.5 -46 16 1.5 -46 3.7

 1 16 1.5 -52 10 0 0 0 6 0 0 0 0 6 1-4ndis.dat
 1 16 -1.5 -52 10 0 0 0 6 0 0 0 0 6 1-4ndis.dat
 1 16 1.5 -30 10 0 0 0 -6 0 0 0 0 6 1-4ndis.dat
 1 16 -1.5 -30 10 0 0 0 -6 0 0 0 0 6 1-4ndis.dat

 1 16 1.5 -52 10 0 -3 0 6 0 0 0 0 6 1-4cyli.dat
 1 16 1.5 -30 10 0 -3 0 -6 0 0 0 0 6 1-4cyli.dat
 3 16 1.5 -52 16 0 -58 16 -1.5 -52 16
 3 16 1.5 -30 16 0 -24 16 -1.5 -30 16

 3 16 1.50 -41.00 16 1.50 -41.00 20.00 1.50 -47.01 18.99
 3 16 -1.50 -41.00 16 -1.50 -41.00 20.00 -1.50 -47.01 18.99
 3 16 1.50 -41.00 16 1.50 -47.01 18.99 1.50 -52.11 16.10
 3 16 -1.50 -41.00 16 -1.50 -47.01 18.99 -1.50 -52.11 16.10
 3 16 1.50 -41.00 16 1.50 -29.89 16.10 1.50 -34.99 18.99
 3 16 -1.50 -41.00 16 -1.50 -29.89 16.10 -1.50 -34.99 18.99
 3 16 1.50 -41.00 16 1.50 -34.99 18.99 1.50 -41.00 20.00
 3 16 -1.50 -41.00 16 -1.50 -34.99 18.99 -1.50 -41.00 20.00

 4 16 1.50 -41.00 20.00 1.50 -47.01 18.99 0.00 -47.51 25.24 0.00 -41.00 26.00
 5 24 1.50 -41.00 20.00 0.00 -41.00 26.00 1.50 -47.01 18.99 1.50 -34.99 18.99
 4 16 -1.50 -41.00 20.00 -1.50 -47.01 18.99 0.00 -47.51 25.24 0.00 -41.00 26.00
 5 24 -1.50 -41.00 20.00 0.00 -41.00 26.00 -1.50 -47.01 18.99 -1.50 -34.99 18.99
 4 16 1.50 -47.01 18.99 1.50 -52 16 0.00 -53.02 23.07 0.00 -47.51 25.24
 5 24 1.50 -47.01 18.99 0.00 -47.51 25.24 1.50 -52 16 1.50 -41.00 20.00
 4 16 -1.50 -47.01 18.99 -1.50 -52 16 0.00 -53.02 23.07 0.00 -47.51 25.24
 5 24 -1.50 -47.01 18.99 0.00 -47.51 25.24 -1.50 -52 16 -1.50 -41.00 20.00
 3 16 1.50 -52 16 0.00 -56.71 19.83 0.00 -53.02 23.07
 3 16 -1.50 -52 16 0.00 -56.71 19.83 0.00 -53.02 23.07
 3 16 1.50 -52 16 0.00 -58.00 16.00 0.00 -56.71 19.83
 3 16 -1.50 -52 16 0.00 -58.00 16.00 0.00 -56.71 19.83

 3 16 1.50 -30 16 0.00 -25.29 19.83 0.00 -24.00 16.00
 3 16 -1.50 -30 16 0.00 -25.29 19.83 0.00 -24.00 16.00
 3 16 1.50 -30 16 0.00 -28.98 23.07 0.00 -25.29 19.83
 3 16 -1.50 -30 16 0.00 -28.98 23.07 0.00 -25.29 19.83
 4 16 1.50 -30 16 1.50 -34.99 18.99 0.00 -34.49 25.24 0.00 -28.98 23.07
 5 24 1.50 -30 16 0.00 -28.98 23.07 1.50 -34.99 18.99 1.50 -26.49 11.77
 4 16 -1.50 -30 16 -1.50 -34.99 18.99 0.00 -34.49 25.24 0.00 -28.98 23.07
 5 24 -1.50 -30 16 0.00 -28.98 23.07 -1.50 -34.99 18.99 -1.50 -26.49 11.77
 4 16 1.50 -34.99 18.99 1.50 -41.00 20.00 0.00 -41.00 26.00 0.00 -34.49 25.24
 5 24 1.50 -34.99 18.99 0.00 -34.49 25.24 1.50 -41.00 20.00 1.50 -30  16.10
 4 16 -1.50 -34.99 18.99 -1.50 -41.00 20.00 0.00 -41.00 26.00 0.00 -34.49 25.24
 5 24 -1.50 -34.99 18.99 0.00 -34.49 25.24 -1.50 -41.00 20.00 -1.50 -30  16.10
