0 Town Cup

 1 16 0 18 0 1 0 0 0 -1.5 0 0 0 1 stud4.dat
 1 16 0 18 0 10 0 0 0 0 0 0 0 10 4-4edge.dat
 1 16 0 16 0 8 0 0 0 0 0 0 0 8 4-4edge.dat
 1 16 0 4 0 10 0 0 0 0 0 0 0 10 4-4edge.dat
 1 16 0 0 0 8 0 0 0 0 0 0 0 8 4-4edge.dat
 1 16 0 0 0 10 0 0 0 0 0 0 0 10 4-4edge.dat
 1 16 0 18 20 4 0 0 0 0 0 0 0 4 4-4edge.dat
 1 16 0 4 20 4 0 0 0 0 4 0 0 -4 2-4edge.dat
 1 16 0 4 10 4 0 0 0 0 4 0 0 0 4-4edge.dat

 1 16 0 18 0 10 0 0 0 0 0 0 0 10 4-4disc.dat
 1 16 0 16 0 8 0 0 0 0 0 0 0 8 4-4disc.dat
 1 16 0 18 20 4 0 0 0 0 0 0 0 4 4-4disc.dat
 4 16 8 0 0 7.39 0 -3.06 9.24 0 -3.83 10 0 0
 4 16 7.39 0 -3.06 5.66 0 -5.66 7.07 0 -7.07 9.24 0 -3.83
 4 16 5.66 0 -5.66 3.06 0 -7.39 3.83 0 -9.24 7.07 0 -7.07
 4 16 3.06 0 -7.39 0 0 -8 0 0 -10 3.83 0 -9.24
 4 16 0 0 -8 -3.06 0 -7.39 -3.83 0 -9.24 0 0 -10
 4 16 -3.06 0 -7.39 -5.66 0 -5.66 -7.07 0 -7.07 -3.83 0 -9.24
 4 16 -5.66 0 -5.66 -7.39 0 -3.06 -9.24 0 -3.83 -7.07 0 -7.07
 4 16 -7.39 0 -3.06 -8 0 0 -10 0 0 -9.24 0 -3.83
 4 16 -8 0 0 -7.39 0 3.06 -9.24 0 3.83 -10 0 0
 4 16 -7.39 0 3.06 -5.66 0 5.66 -7.07 0 7.07 -9.24 0 3.83
 4 16 -5.66 0 5.66 -3.06 0 7.39 -3.83 0 9.24 -7.07 0 7.07
 4 16 -3.06 0 7.39 0 0 8 0 0 10 -3.83 0 9.24
 4 16 0 0 8 3.06 0 7.39 3.83 0 9.24 0 0 10
 4 16 3.06 0 7.39 5.66 0 5.66 7.07 0 7.07 3.83 0 9.24
 4 16 5.66 0 5.66 7.39 0 3.06 9.24 0 3.83 7.07 0 7.07
 4 16 7.39 0 3.06 8 0 0 10 0 0 9.24 0 3.83

 1 16 0 18 0 8 0 0 0 6 0 0 0 8 4-4cyli.dat
 1 16 0 0 0 8 0 0 0 16 0 0 0 8 4-4cyli.dat
 1 16 0 0 0 10 0 0 0 18 0 0 0 10 4-4cyli.dat
 1 16 0 4 20 4 0 0 0 14 0 0 0 4 4-4cyli.dat
 1 16 0 4 10 4 0 0 0 0 4 0 10 0 4-4cyli.dat

 1 16 0 4 20 4 0 0 0 -4 0 0 0 4 2-8sphe.dat
