0 Window  1 x  1 x  1
0 Name: 39.dat
0 Author: James Jessiman
0 Original LDraw Part - LDraw beta 0.27 Archive

 2 24 10 0 10 10 0 -7
 2 24 10 0 -7 -10 0 -7
 2 24 -10 0 -7 -10 0 10
 2 24 -10 0 10 10 0 10
 2 24 10 24 10 10 24 -10
 2 24 10 24 -10 -10 24 -10
 2 24 -10 24 -10 -10 24 10
 2 24 -10 24 10 -6 24 10
 2 24 -6 24 10 -6 24 -6
 2 24 -6 24 -6 6 24 -6
 2 24 6 24 -6 6 24 10
 2 24 6 24 10 10 24 10
 2 24 6 4 10 6 4 -6
 2 24 6 4 -6 -6 4 -6
 2 24 -6 4 -6 -6 4 10
 2 24 -6 4 10 6 4 10
 2 24 6 4 10 6 24 10
 2 24 -6 4 10 -6 24 10
 2 24 6 4 -6 6 24 -6
 2 24 -6 4 -6 -6 24 -6
 2 24 10 0 10 10 24 10
 2 24 -10 0 10 -10 24 10
 2 24 10 18 -7 10 24 -10
 2 24 -10 18 -7 -10 24 -10
 2 24 10 18 -7 -10 18 -7
 2 24 10 0 -7 10 18 -7
 2 24 -10 0 -7 -10 18 -7
 2 24 8 2 -10 8 16 -10
 2 24 8 16 -10 -8 16 -10
 2 24 -8 16 -10 -8 2 -10
 2 24 -8 2 -10 8 2 -10
 2 24 8 2 -7 8 16 -7
 2 24 8 16 -7 -8 16 -7
 2 24 -8 16 -7 -8 2 -7
 2 24 -8 2 -7 8 2 -7
 2 24 5 5 -10 5 13 -10
 2 24 5 13 -10 -5 13 -10
 2 24 -5 13 -10 -5 5 -10
 2 24 -5 5 -10 5 5 -10
 2 24 5 5 -6 5 13 -6
 2 24 5 13 -6 -5 13 -6
 2 24 -5 13 -6 -5 5 -6
 2 24 -5 5 -6 5 5 -6
 2 24 8 2 -7 8 2 -10
 2 24 -8 2 -7 -8 2 -10
 2 24 8 16 -7 8 16 -10
 2 24 -8 16 -7 -8 16 -10
 2 24 5 5 -7 5 5 -10
 2 24 -5 5 -7 -5 5 -10
 2 24 5 13 -7 5 13 -10
 2 24 -5 13 -7 -5 13 -10

 4 16 6 4 10 6 4 -6 -6 4 -6 -6 4 10
 4 16 6 4 -6 6 5 -6 -6 5 -6 -6 4 -6
 4 16 6 5 -6 5 5 -6 5 13 -6 6 13 -6
 4 16 -6 5 -6 -5 5 -6 -5 13 -6 -6 13 -6
 4 16 6 13 -6 6 24 -6 -6 24 -6 -6 13 -6
 4 16 6 4 10 6 4 -6 6 24 -6 6 24 10
 4 16 -6 4 10 -6 4 -6 -6 24 -6 -6 24 10

 4 16 5 5 -6 5 5 -10 -5 5 -10 -5 5 -6
 4 16 5 13 -6 5 13 -10 -5 13 -10 -5 13 -6
 4 16 5 5 -6 5 5 -10 5 13 -10 5 13 -6
 4 16 -5 5 -6 -5 5 -10 -5 13 -10 -5 13 -6

 4 16 8 2 -10 8 5 -10 -8 5 -10 -8 2 -10
 4 16 8 13 -10 8 16 -10 -8 16 -10 -8 13 -10
 4 16 8 5 -10 5 5 -10 5 13 -10 8 13 -10
 4 16 -8 5 -10 -5 5 -10 -5 13 -10 -8 13 -10

 4 16 8 2 -10 8 2 -7 -8 2 -7 -8 2 -10
 4 16 8 16 -10 8 16 -7 -8 16 -7 -8 16 -10
 4 16 8 2 -10 8 2 -7 8 16 -7 8 16 -10
 4 16 -8 2 -10 -8 2 -7 -8 16 -7 -8 16 -10

 4 16 8 2 -7 10 2 -7 10 16 -7 8 16 -7
 4 16 -8 2 -7 -10 2 -7 -10 16 -7 -8 16 -7

 4 16 6 4 10 10 4 10 10 24 10 6 24 10
 4 16 -6 4 10 -10 4 10 -10 24 10 -6 24 10
 4 16 6 24 10 10 24 10 10 24 -6 6 24 -6
 4 16 -6 24 10 -10 24 10 -10 24 -6 -6 24 -6

 4 16 10 4 10 10 0 10 -10 0 10 -10 4 10
 4 16 10 0 10 10 0 -7 -10 0 -7 -10 0 10
 4 16 10 0 -7 10 2 -7 -10 2 -7 -10 0 -7
 4 16 10 16 -7 10 18 -7 -10 18 -7 -10 16 -7
 4 16 10 18 -7 10 24 -10 -10 24 -10 -10 18 -7
 4 16 10 24 -10 10 24 -6 -10 24 -6 -10 24 -10

 4 16 10 0 10 10 18 10 10 18 -7 10 0 -7
 4 16 -10 0 10 -10 18 10 -10 18 -7 -10 0 -7
 4 16 10 18 10 10 24 10 10 24 -10 10 18 -7
 4 16 -10 18 10 -10 24 10 -10 24 -10 -10 18 -7

 1 16 0 0 0 1 0 0 0 1 0 0 0 1 stud2.dat
0
