0 Wing  4 x  4 Left
0 Name: 3936.dat
0 Author: James Jessiman
0 Original LDraw Part - LDraw beta 0.27 Archive

 1 16 -20 4 20 1 0 0 0 -1 0 0 0 1 stud4.dat
 1 16 0 4 20 1 0 0 0 -1 0 0 0 1 stud4.dat
 1 16 -20 4 0 1 0 0 0 -1 0 0 0 1 stud4.dat
 1 16 0 4 0 1 0 0 0 -1 0 0 0 1 stud4.dat
 1 16 -20 4 -20 1 0 0 0 -1 0 0 0 1 stud4.dat

 2 24 16 8 36 -36 8 36
 2 24 -36 8 36 -36 8 -36
 2 24 -36 8 -36 -20 8 -36
 2 24 -20 8 -36 -3 8 -19
 2 24 -3 8 -19 -7 8 -15
 2 24 -7 8 -15 -5 8 -13
 2 24 -5 8 -13 -1 8 -17
 2 24 -1 8 -17 16 8 0
 2 24 16 8 0 16 8 36

 2 24 32 8 16 19 8 16
 2 24 19 8 16 19 8 3
 2 24 19 8 3 32 8 16

 2 24 20 8 40 -40 8 40
 2 24 -40 8 40 -40 8 -40
 2 24 -40 8 -40 -20 8 -40
 2 24 -20 8 -40 37 8 17
 2 24 37 8 17 37 8 20
 2 24 37 8 20 20 8 20
 2 24 20 8 20 20 8 40

 2 24 16 4 36 -36 4 36
 2 24 -36 4 36 -36 4 -36
 2 24 -36 4 -36 -20 4 -36
 2 24 -20 4 -36 -3 4 -19
 2 24 -3 4 -19 -7 4 -15
 2 24 -7 4 -15 -5 4 -13
 2 24 -5 4 -13 -1 4 -17
 2 24 -1 4 -17 16 4 0
 2 24 16 4 0 16 4 36

 2 24 16 4 36 16 8 36
 2 24 -36 4 36 -36 8 36
 2 24 -36 4 -36 -36 8 -36
 2 24 -20 4 -36 -20 8 -36
 2 24 -3 4 -19 -3 8 -19
 2 24 -7 4 -15 -7 8 -15
 2 24 -5 4 -13 -5 8 -13
 2 24 -1 4 -17 -1 8 -17
 2 24 16 4 0 16 8 0

 2 24 32 4 16 19 4 16
 2 24 19 4 16 19 4 3
 2 24 19 4 3 32 4 16

 2 24 32 4 16 32 8 16
 2 24 19 4 16 19 8 16
 2 24 19 4 3 19 8 3

 2 24 20 0 40 -40 0 40
 2 24 -40 0 40 -40 0 -40
 2 24 -40 0 -40 -20 0 -40
 2 24 -20 0 -40 37 0 17
 2 24 37 0 17 37 0 20
 2 24 37 0 20 20 0 20
 2 24 20 0 20 20 0 40

 2 24 20 0 40 20 8 40
 2 24 -40 0 40 -40 8 40
 2 24 -40 0 -40 -40 8 -40
 2 24 -20 0 -40 -20 8 -40
 2 24 37 0 17 37 8 17
 2 24 37 0 20 37 8 20
 2 24 20 0 20 20 8 20

 4 16 20 8 40 16 8 36 -36 8 36 -40 8 40
 4 16 -40 8 40 -36 8 36 -36 8 -36 -40 8 -40
 4 16 -40 8 -40 -36 8 -36 -20 8 -36 -20 8 -40
 4 16 -20 8 -40 -20 8 -36 32 8 16 37 8 17
 3 16 37 8 17 32 8 16 37 8 20
 4 16 37 8 20 32 8 16 16 8 16 20 8 20
 4 16 20 8 20 16 8 16 16 8 36 20 8 40
 4 16 19 8 16 16 8 16 16 8 0 19 8 3
 4 16 -7 8 -15 -3 8 -19 -1 8 -17 -5 8 -13

 4 16 16 4 36 16 4 0 -20 4 -36 -36 4 -36
 3 16 16 4 36 -36 4 36 -36 4 -36
 3 16 32 4 16 19 4 16 19 4 3

 3 16 37 0 17 37 0 20 20 0 20
 4 16 37 0 17 20 0 20 -40 0 -40 -20 0 -40
 4 16 20 0 20 20 0 40 -40 0 40 -40 0 -40

 4 16 16 4 36 -36 4 36 -36 8 36 16 8 36
 4 16 -36 4 36 -36 4 -36 -36 8 -36 -36 8 36
 4 16 -36 4 -36 -20 4 -36 -20 8 -36 -36 8 -36
 4 16 -20 4 -36 -3 4 -19 -3 8 -19 -20 8 -36
 4 16 -3 4 -19 -7 4 -15 -7 8 -15 -3 8 -19
 4 16 -7 4 -15 -5 4 -13 -5 8 -13 -7 8 -15
 4 16 -5 4 -13 -1 4 -17 -1 8 -17 -5 8 -13
 4 16 -1 4 -17 16 4 0 16 8 0 -1 8 -17
 4 16 16 4 0 16 4 36 16 8 36 16 8 0

 4 16 32 4 16 19 4 16 19 8 16 32 9 16
 4 16 19 4 16 19 4 3 19 8 3 19 8 16
 4 16 19 4 3 32 4 16 32 8 16 19 8 3

 4 16 20 0 40 -40 0 40 -40 8 40 20 8 40
 4 16 -40 0 40 -40 0 -40 -40 8 -40 -40 8 40
 4 16 -40 0 -40 -20 0 -40 -20 8 -40 -40 8 -40
 4 16 -20 0 -40 37 0 17 37 8 17 -20 8 -40
 4 16 37 0 17 37 0 20 37 8 20 37 8 17
 4 16 37 0 20 20 0 20 20 8 20 37 8 20
 4 16 20 0 20 20 0 40 20 8 40 20 8 20

 1 16 -30 0 30 1 0 0 0 1 0 0 0 1 stud.dat
 1 16 -10 0 30 1 0 0 0 1 0 0 0 1 stud.dat
 1 16 10 0 30 1 0 0 0 1 0 0 0 1 stud.dat
 1 16 -30 0 10 1 0 0 0 1 0 0 0 1 stud.dat
 1 16 -10 0 10 1 0 0 0 1 0 0 0 1 stud.dat
 1 16 10 0 10 1 0 0 0 1 0 0 0 1 stud.dat
 1 16 -30 0 -10 1 0 0 0 1 0 0 0 1 stud.dat
 1 16 -10 0 -10 1 0 0 0 1 0 0 0 1 stud.dat
 1 16 -30 0 -30 1 0 0 0 1 0 0 0 1 stud.dat
0
