0 Hinge  1 x  2 Base
0 Name: 3937.dat
0 Author: James Jessiman
0 Original LDraw Part
0 LDRAW_ORG Part UPDATE 2003-03

0 BFC CERTIFY CCW

0 // 2003-06-08 JHR BFC compliant

0 BFC CERTIFY INVERTNEXT


1 16 9 24 0 7 0 0 0 -4 0 0 0 6 box5.dat
0 BFC CERTIFY INVERTNEXT
1 16 -9 24 0 7 0 0 0 -4 0 0 0 6 box5.dat
4 16 2 24 6 2 24 -6 -2 24 -6 -2 24 6
4 16 20 24 10 16 24 6 -16 24 6 -20 24 10
4 16 -20 24 10 -16 24 6 -16 24 -6 -20 24 -10
4 16 -20 24 -10 -16 24 -6 16 24 -6 20 24 -10
4 16 20 24 -10 16 24 -6 16 24 6 20 24 10
2 24 20 24 10 -20 24 10
2 24 -20 24 10 -20 24 -10
2 24 -20 24 -10 20 24 -10
2 24 20 24 -10 20 24 10
1 16 0 20 -9 20 0 0 0 1 0 0 0 1 rect.dat
1 16 0 16 -1 16 0 0 0 1 0 0 0 7 rect.dat
2 24 2 16 2 -2 16 2
2 24 -2 16 2 -2 16 -2
2 24 -2 16 -2 2 16 -2
2 24 2 16 -2 2 16 2
2 24 20 2 10 -20 2 10
2 24 -20 2 10 -20 2 4
2 24 -20 2 4 -16 2 4
2 24 -16 2 4 -16 2 6
2 24 -16 2 6 16 2 6
2 24 16 2 6 16 2 4
2 24 16 2 4 20 2 4
2 24 20 2 4 20 2 10
2 24 20 20 -8 20 10 -8
1 16 20 10 0 0 1 0 0 0 -8 -8 0 0 1-8edge.dat
1 16 -16 10 0 0 1 0 0 0 -8 -8 0 0 1-8edge.dat
2 24 20 4.34 -5.66 20 3.24 -4
2 24 20 3.24 -4 20 10 -4
1 16 20 10 0 0 1 0 0 0 4 4 0 0 2-4edge.dat
2 24 20 10 4 20 2 4
2 24 16 16 -8 16 10 -8
1 16 16 10 0 0 1 0 0 0 -8 -8 0 0 1-8edge.dat
2 24 16 4.34 -5.66 16 3.24 -4
2 24 16 3.24 -4 16 10 -4
1 16 16 10 0 0 1 0 0 0 4 4 0 0 2-4edge.dat
2 24 16 10 4 16 2 4
2 24 -16 16 -8 -16 10 -8
2 24 -16 4.34 -5.66 -16 3.24 -4
2 24 -16 3.24 -4 -16 10 -4
1 16 -16 10 0 0 1 0 0 0 4 4 0 0 2-4edge.dat
2 24 -16 10 4 -16 2 4
2 24 -20 20 -8 -20 10 -8
1 16 -20 10 0 0 1 0 0 0 -8 -8 0 0 1-8edge.dat
2 24 -20 4.34 -5.66 -20 3.24 -4
2 24 -20 3.24 -4 -20 10 -4
1 16 -20 10 0 0 1 0 0 0 4 4 0 0 2-4edge.dat
2 24 -20 10 4 -20 2 4
2 24 20 20 -10 20 24 -10
2 24 -20 20 -10 -20 24 -10
2 24 20 2 10 20 24 10
2 24 -20 2 10 -20 24 10
2 24 16 2 6 16 16 6
2 24 -16 2 6 -16 16 6
2 24 16 3.24 -4 20 3.24 -4
2 24 -16 3.24 -4 -20 3.24 -4
2 24 2 16 2 2 10 2
2 24 -2 16 2 -2 10 2
2 24 2 16 -2 2 10 -2
2 24 -2 16 -2 -2 10 -2
1 16 2 10 0 0 -1 0 0 0 -2 2 0 0 2-4edge.dat
1 16 -2 10 0 0 -1 0 0 0 -2 2 0 0 2-4edge.dat
4 16 -20 16 -8 -20 20 -8 20 20 -8 20 16 -8
4 16 -20 20 -10 -20 24 -10 20 24 -10 20 20 -10
4 16 -20 24 10 -20 2 10 20 2 10 20 24 10
4 16 -20 2 10 -20 2 6 20 2 6 20 2 10
4 16 -16 2 6 -16 16 6 16 16 6 16 2 6
4 16 -2 16 2 -2 10 2 2 10 2 2 16 2
1 16 2 10 0 0 -4 0 0 0 -2 2 0 0 2-4cyli.dat
4 16 -2 10 -2 -2 16 -2 2 16 -2 2 10 -2
4 16 16 2 6 16 2 4 20 2 4 20 2 6
4 16 16 2 4 16 10 4 20 10 4 20 2 4
0 BFC CERTIFY INVERTNEXT
1 16 20 10 0 0 -4 0 0 0 4 4 0 0 2-4cyli.dat
4 16 16 10 -4 16 3.24 -4 20 3.24 -4 20 10 -4
4 16 20 3.24 -4 16 3.24 -4 16 4.34 -5.66 20 4.34 -5.66
1 16 20 10 0 0 -4 0 0 0 -8 -8 0 0 1-8cyli.dat
4 16 16 10 -8 16 16 -8 20 16 -8 20 10 -8
4 16 -20 2 6 -20 2 4 -16 2 4 -16 2 6
4 16 -20 2 4 -20 10 4 -16 10 4 -16 2 4
0 BFC CERTIFY INVERTNEXT
1 16 -20 10 0 0 4 0 0 0 4 4 0 0 2-4cyli.dat
4 16 -20 10 -4 -20 3.24 -4 -16 3.24 -4 -16 10 -4
4 16 -20 3.24 -4 -20 4.34 -5.66 -16 4.34 -5.66 -16 3.24 -4
1 16 -20 10 0 0 4 0 0 0 -8 -8 0 0 1-8cyli.dat
4 16 -20 10 -8 -20 16 -8 -16 16 -8 -16 10 -8
1 16 20 10 0 0 -1 0 0 0 4 -4 0 0 2-4ndis.dat
4 16 20 3.24 -4 20 4.34 -5.66 20 6.94 -7.39 20 10 -8
4 16 20 3.24 -4 20 10 -8 20 20 -8 20 14 -4
4 16 20 24 10 20 20 -8 20 20 -10 20 24 -10
4 16 20 24 10 20 14 4 20 14 -4 20 20 -8
4 16 20 24 10 20 2 10 20 2 4 20 14 4
1 16 16 10 0 0 1 0 0 0 4 4 0 0 2-4ndis.dat
4 16 16 3.24 -4 16 10 -8 16 6.94 -7.39 16 4.34 -5.66
4 16 16 3.24 -4 16 14 -4 16 16 -8 16 10 -8
4 16 16 16 6 16 16 -8 16 14 -4 16 14 4
4 16 16 16 6 16 14 4 16 2 4 16 2 6
4 16 2 16 2 2 10 2 2 10 -2 2 16 -2
1 16 2 10 0 0 -1 0 0 0 -2 2 0 0 2-4disc.dat
4 16 -2 16 -2 -2 10 -2 -2 10 2 -2 16 2
1 16 -2 10 0 0 1 0 0 0 -2 -2 0 0 2-4disc.dat
1 16 -16 10 0 0 -1 0 0 0 4 -4 0 0 2-4ndis.dat
4 16 -16 3.24 -4 -16 4.34 -5.66 -16 6.94 -7.39 -16 10 -8
4 16 -16 3.24 -4 -16 10 -8 -16 16 -8 -16 14 -4
4 16 -16 16 6 -16 14 4 -16 14 -4 -16 16 -8
4 16 -16 16 6 -16 2 6 -16 2 4 -16 14 4
1 16 -20 10 0 0 1 0 0 0 4 4 0 0 2-4ndis.dat
4 16 -20 3.24 -4 -20 10 -8 -20 6.94 -7.39 -20 4.34 -5.66
4 16 -20 3.24 -4 -20 14 -4 -20 20 -8 -20 10 -8
4 16 -20 24 10 -20 24 -10 -20 20 -10 -20 20 -8
4 16 -20 24 10 -20 20 -8 -20 14 -4 -20 14 4
4 16 -20 24 10 -20 14 4 -20 2 4 -20 2 10
0
