0 Hinge  1 x  2 Top
0 Name: 3938.dat
0 Author: James Jessiman
0 Original LDraw Part - LDraw beta 0.27 Archive

 1 16 8 16 0 6 0 0 0 0 0 0 0 2 rect.dat
 1 16 -8 16 0 6 0 0 0 0 0 0 0 2 rect.dat
 1 16 0 8 0 2 0 0 0 0 0 0 0 2 rect.dat

 2 24 16 2 6 14 2 6
 2 24 14 2 6 14 2 2
 2 24 14 2 2 -14 2 2
 2 24 -14 2 2 -14 2 6
 2 24 -14 2 6 -16 2 6
 2 24 -16 2 6 -16 2 -6
 2 24 -16 2 -6 -14 2 -6
 2 24 -14 2 -6 -14 2 -2
 2 24 -14 2 -2 14 2 -2
 2 24 14 2 -2 14 2 -6
 2 24 14 2 -6 16 2 -6
 2 24 16 2 -6 16 2 6

 1 16 20 10 0 0 0 0 4 0 0 0 0 4 4-4edge.dat
 1 16 -20 10 0 0 0 0 4 0 0 0 0 4 4-4edge.dat
 1 16 16 10 0 0 0 0 4 0 0 0 0 4 4-4edge.dat
 1 16 -16 10 0 0 0 0 4 0 0 0 0 4 4-4edge.dat
 1 16 16 10 0 0 0 0 0 0 6 6 0 0 2-4edge.dat
 1 16 -16 10 0 0 0 0 0 0 6 6 0 0 2-4edge.dat
 1 16 14 10 0 0 0 0 0 0 6 6 0 0 2-4edge.dat
 1 16 -14 10 0 0 0 0 0 0 6 6 0 0 2-4edge.dat

 2 24 16 2 6 16 10 6
 2 24 16 10 -6 16 2 -6
 2 24 -16 2 6 -16 10 6
 2 24 -16 10 -6 -16 2 -6
 2 24 14 2 6 14 10 6
 2 24 14 10 -6 14 2 -6
 2 24 -14 2 6 -14 10 6
 2 24 -14 10 -6 -14 2 -6

 2 24 14 2 2 14 16 2
 2 24 14 2 -2 14 16 -2
 2 24 2 8 2 2 16 2
 2 24 2 8 -2 2 16 -2

 2 24 -14 2 2 -14 16 2
 2 24 -14 2 -2 -14 16 -2
 2 24 -2 8 2 -2 16 2
 2 24 -2 8 -2 -2 16 -2

 1 16 0 1 0 20 0 0 0 1 0 0 0 10 box.dat

 1 16 20 10 0 0 0 0 4 0 0 0 0 4 4-4disc.dat
 1 16 -20 10 0 0 0 0 4 0 0 0 0 4 4-4disc.dat
 1 16 16 10 0 0 0 0 0 0 6 6 0 0 2-4disc.dat
 1 16 -16 10 0 0 0 0 0 0 6 6 0 0 2-4disc.dat
 1 16 14 10 0 0 0 0 0 0 6 6 0 0 2-4disc.dat
 1 16 -14 10 0 0 0 0 0 0 6 6 0 0 2-4disc.dat
 4 16 16 2 6 16 10 6 16 10 -6 16 2 -6
 4 16 -16 2 6 -16 10 6 -16 10 -6 -16 2 -6
 4 16 14 2 6 14 10 6 14 10 -6 14 2 -6
 4 16 -14 2 6 -14 10 6 -14 10 -6 -14 2 -6

 4 16 2 16 2 2 8 2 2 8 -2 2 16 -2
 4 16 -2 16 2 -2 8 2 -2 8 -2 -2 16 -2

 1 16 20 10 0 0 -4 0 4 0 0 0 0 4 4-4cyli.dat
 1 16 -20 10 0 0 4 0 4 0 0 0 0 4 4-4cyli.dat
 1 16 16 10 0 0 -2 0 0 0 6 6 0 0 2-4cyli.dat
 1 16 -16 10 0 0 2 0 0 0 6 6 0 0 2-4cyli.dat
 4 16 16 10 6 16 2 6 14 2 6 14 10 6
 4 16 -16 10 6 -16 2 6 -14 2 6 -14 10 6
 4 16 16 10 -6 16 2 -6 14 2 -6 14 10 -6
 4 16 -16 10 -6 -16 2 -6 -14 2 -6 -14 10 -6

 4 16 14 16 2 14 2 2 2 8 2 2 16 2
 4 16 -14 16 2 -14 2 2 -2 8 2 -2 16 2
 4 16 14 2 2 2 8 2 -2 8 2 -14 2 2
 4 16 14 16 -2 14 2 -2 2 8 -2 2 16 -2
 4 16 -14 16 -2 -14 2 -2 -2 8 -2 -2 16 -2
 4 16 14 2 -2 2 8 -2 -2 8 -2 -14 2 -2

 1 16 10 0 0 1 0 0 0 1 0 0 0 1 stud2.dat
 1 16 -10 0 0 1 0 0 0 1 0 0 0 1 stud2.dat
0
