0 Slope Brick 33  3 x  6 with Classic Space Small Pattern
0 Name: 3939p90.DAT
0 Author: Chris Dee (chris_w_dee@hotmail.com)
0 LDRAW_ORG Part UPDATE 2001-03

 2 24 56 24 6 44 24 6 
 2 24 44 24 6 44 24 -46 
 2 24 44 24 -46 56 24 -46 
 2 24 56 24 -46 56 24 6 
 2 24 -56 24 6 -44 24 6 
 2 24 -44 24 6 -44 24 -46 
 2 24 -44 24 -46 -56 24 -46 
 2 24 -56 24 -46 -56 24 6 
 2 24 60 24 10 40 24 10 
 2 24 40 24 10 40 24 -46 
 2 24 40 24 -46 -40 24 -46 
 2 24 -40 24 -46 -40 24 10 
 2 24 -40 24 10 -60 24 10 
 2 24 -60 24 10 -60 24 -50 
 2 24 -60 24 -50 60 24 -50 
 2 24 60 24 -50 60 24 10 
 2 24 56 24 6 56 4 6 
 2 24 44 24 6 44 4 6 
 2 24 56 24 -46 56 20 -46 
 2 24 44 24 -46 44 20 -46 
 2 24 56 4 6 44 4 6 
 2 24 56 4 -10 44 4 -10 
 2 24 56 20 -42 44 20 -42 
 2 24 56 20 -46 44 20 -46 
 2 24 56 4 6 56 4 -10 
 2 24 44 4 6 44 4 -10 
 2 24 56 20 -42 56 4 -10 
 2 24 44 20 -42 44 4 -10 
 2 24 56 20 -46 56 20 -42 
 2 24 44 20 -46 44 20 -42 
 2 24 -56 24 6 -56 4 6 
 2 24 -44 24 6 -44 4 6 
 2 24 -56 24 -46 -56 20 -46 
 2 24 -44 24 -46 -44 20 -46 
 2 24 -56 4 6 -44 4 6 
 2 24 -56 4 -10 -44 4 -10 
 2 24 -56 20 -42 -44 20 -42 
 2 24 -56 20 -46 -44 20 -46 
 2 24 -56 4 6 -56 4 -10 
 2 24 -44 4 6 -44 4 -10 
 2 24 -56 20 -42 -56 4 -10 
 2 24 -44 20 -42 -44 4 -10 
 2 24 -56 20 -46 -56 20 -42 
 2 24 -44 20 -46 -44 20 -42 
 2 24 40 24 10 40 4 10 
 2 24 -40 24 10 -40 4 10 
 2 24 40 24 -46 40 20 -46 
 2 24 -40 24 -46 -40 20 -46 
 2 24 40 4 10 -40 4 10 
 2 24 40 4 -10 -40 4 -10 
 2 24 40 20 -42 -40 20 -42 
 2 24 40 20 -46 -40 20 -46 
 2 24 40 4 10 40 4 -10 
 2 24 -40 4 10 -40 4 -10 
 2 24 40 20 -42 40 4 -10 
 2 24 -40 20 -42 -40 4 -10 
 2 24 40 20 -46 40 20 -42 
 2 24 -40 20 -46 -40 20 -42 
 2 24 60 24 10 60 0 10 
 2 24 -60 24 10 -60 0 10 
 2 24 60 24 -50 60 20 -50 
 2 24 -60 24 -50 -60 20 -50 
 2 24 60 0 10 -60 0 10 
 2 24 60 0 -10 -60 0 -10 
 2 24 60 20 -50 -60 20 -50 
 2 24 60 0 10 60 0 -10 
 2 24 -60 0 10 -60 0 -10 
 2 24 60 20 -50 60 0 -10 
 2 24 -60 20 -50 -60 0 -10 
 4 16 40 24 -46 44 24 -46 44 24 6 40 24 10 
 4 16 40 24 10 44 24 6 56 24 6 60 24 10 
 4 16 60 24 10 56 24 6 56 24 -46 60 24 -50 
 4 16 -40 24 -46 -44 24 -46 -44 24 6 -40 24 10 
 4 16 -40 24 10 -44 24 6 -56 24 6 -60 24 10 
 4 16 -60 24 10 -56 24 6 -56 24 -46 -60 24 -50 
 4 16 60 24 -50 56 24 -46 -56 24 -46 -60 24 -50 
 4 16 56 20 -42 56 20 -46 44 20 -46 44 20 -42 
 4 16 -56 20 -42 -56 20 -46 -44 20 -46 -44 20 -42 
 4 16 40 20 -42 40 20 -46 -40 20 -46 -40 20 -42 
 4 16 56 4 6 56 4 -10 44 4 -10 44 4 6 
 4 16 -56 4 6 -56 4 -10 -44 4 -10 -44 4 6 
 4 16 40 4 10 40 4 -10 -40 4 -10 -40 4 10 
 4 16 60 0 10 60 0 -10 -60 0 -10 -60 0 10 
 4 16 60 24 10 60 0 10 40 4 10 40 24 10 
 4 16 -60 24 10 -60 0 10 -40 4 10 -40 24 10 
 4 16 60 0 10 40 4 10 -40 4 10 -60 0 10 
 4 16 56 24 6 56 4 6 44 4 6 44 24 6 
 4 16 -56 24 6 -56 4 6 -44 4 6 -44 24 6 
 4 16 56 24 -46 56 20 -46 44 20 -46 44 24 -46 
 4 16 -56 24 -46 -56 20 -46 -44 20 -46 -44 24 -46 
 4 16 40 24 -46 40 20 -46 -40 20 -46 -40 24 -46 
 4 16 60 24 -50 60 20 -50 -60 20 -50 -60 24 -50 
 4 16 60 24 10 60 0 10 60 20 -50 60 24 -50 
 3 16 60 0 10 60 0 -10 60 20 -50 
 4 16 56 24 6 56 4 6 56 20 -46 56 24 -46 
 3 16 56 4 6 56 4 -10 56 20 -46 
 4 16 44 24 6 44 4 6 44 20 -46 44 24 -46 
 3 16 44 4 6 44 4 -10 44 20 -46 
 4 16 40 24 10 40 4 10 40 20 -46 40 24 -46 
 3 16 40 4 10 40 4 -10 40 20 -46 
 4 16 -40 24 10 -40 4 10 -40 20 -46 -40 24 -46 
 3 16 -40 4 10 -40 4 -10 -40 20 -46 
 4 16 -44 24 6 -44 4 6 -44 20 -46 -44 24 -46 
 3 16 -44 4 6 -44 4 -10 -44 20 -46 
 4 16 -56 24 6 -56 4 6 -56 20 -46 -56 24 -46 
 3 16 -56 4 6 -56 4 -10 -56 20 -46 
 4 16 -60 24 10 -60 0 10 -60 20 -50 -60 24 -50 
 3 16 -60 0 10 -60 0 -10 -60 20 -50 
 4 16 56 20 -42 56 4 -10 44 4 -10 44 20 -42 
 4 16 -56 20 -42 -56 4 -10 -44 4 -10 -44 20 -42 
 4 16 40 20 -42 40 4 -10 -40 4 -10 -40 20 -42 

 1 366 0 0 0 1 0 0 0 1 0 0 0 1 s\3939p90a.dat

 4 15 -10.547 5.092 -20.184 -10.959 4.645 -19.291 -15.165 5.901 -21.803 -14.4 6.243 -22.486
 4 15 -14.4 6.243 -22.486 -15.165 5.901 -21.803 -17.971 7.782 -25.564 -16.975 7.967 -25.933
 4 15 -16.975 7.967 -25.933 -17.971 7.782 -25.564 -18.96 10 -30 -17.88 10 -30
 4 15 -17.88 10 -30 -18.96 10 -30 -17.973 12.218 -34.436 -16.975 12.033 -34.067
 4 15 -14.528 13.671 -37.342 -14.4 13.757 -37.514 -15.163 14.098 -38.196 -15.526 13.856 -37.713
 4 15 -14.4 13.757 -37.514 -15.165 14.099 -38.197 -10.959 15.354 -40.707 -10.547 14.908 -39.816
 4 15 -10.547 14.908 -39.816 -10.959 15.354 -40.707 -6 15.796 -41.592 -6 15.313 -40.626
 4 15 -6 15.313 -40.626 -6 15.796 -41.592 -1.041 15.355 -40.709 -1.453 14.908 -39.816
 4 15 -1.453 14.908 -39.816 -1.041 15.355 -40.709 3.165 14.099 -38.197 2.4 13.757 -37.514
 4 15 2.4 13.757 -37.514 3.165 14.099 -38.197 5.971 12.218 -34.436 4.975 12.033 -34.067
 4 15 4.975 12.033 -34.067 5.971 12.218 -34.436 6.96 10 -30 5.88 10 -30
 4 15 5.835 9.899 -29.797 5.88 10 -30 6.96 10 -30 6.833 9.714 -29.428
 4 15 4.975 7.967 -25.933 5.973 7.782 -25.564 3.165 5.901 -21.803 2.4 6.243 -22.486
 4 15 2.4 6.243 -22.486 3.165 5.901 -21.803 -1.041 4.646 -19.293 -1.453 5.092 -20.184
 4 15 -1.453 5.092 -20.184 -1.041 4.646 -19.293 -6 4.204 -18.408 -6 4.687 -19.374
 4 15 -6 4.687 -19.374 -6 4.204 -18.408 -10.959 4.645 -19.291 -10.547 5.092 -20.184

 4 15 -17.973 12.218 -34.436 -17.56 12.664 -35.328 14.369 6.749 -23.499 13.457 6.396 -22.792
 4 4 -17.56 12.664 -35.328 -16.733 13.557 -37.114 7.213 9.121 -28.242 6.388 8.228 -26.457
 4 15 -16.733 13.557 -37.114 -16.32 14.003 -38.006 15.11 8.181 -26.362 15.196 7.642 -25.284
 4 15 7.213 9.121 -28.242 6.388 8.228 -26.457 7.386 8.043 -26.086 8.211 8.935 -27.871
 4 4 8.211 8.935 -27.871 7.386 8.043 -26.086 9.379 7.674 -25.348 10.206 8.566 -27.133
 4 15 10.206 8.566 -27.133 9.379 7.674 -25.348 10.377 7.488 -24.977 11.204 8.381 -26.762
 4 4 11.204 8.381 -26.762 10.377 7.488 -24.977 11.375 7.304 -24.608 12.202 8.196 -26.393
 4 15 12.202 8.196 -26.393 11.375 7.304 -24.608 12.373 7.119 -24.239 13.2 8.012 -26.024
 4 4 13.2 8.012 -26.024 12.373 7.119 -24.239 14.369 6.749 -23.499 15.196 7.642 -25.284
 4 4 14.369 6.749 -23.499 15.125 5.042 -20.083 18.432 8.611 -27.222 15.196 7.642 -25.284
 4 4 15.125 5.042 -20.083 18.944 5.379 -20.757 20.598 7.164 -24.328 18.432 8.611 -27.222
 4 4 18.944 5.379 -20.757 23.35 5.086 -20.172 24.175 5.979 -21.957 20.598 7.164 -24.328
 3 4 23.35 5.086 -20.172 24.175 5.979 -21.957 24.761 5.348 -20.695
 4 15 14.369 6.749 -23.499 13.457 6.396 -22.792 13.714 4.78 -19.559 15.125 5.042 -20.083
 3 15 15.125 5.042 -20.083 13.714 4.78 -19.559 15.71 4.41 -18.82
 4 15 15.125 5.042 -20.083 15.71 4.41 -18.82 18.531 4.933 -19.867 18.944 5.379 -20.757
 4 15 18.944 5.379 -20.757 18.531 4.933 -19.867 22.935 4.64 -19.279 23.35 5.086 -20.172
 4 15 23.35 5.086 -20.172 22.935 4.64 -19.279 25.758 5.162 -20.325 24.761 5.348 -20.695
 4 15 24.761 5.348 -20.695 25.758 5.162 -20.325 24.59 6.425 -22.85 24.175 5.979 -21.957
 4 15 24.175 5.979 -21.957 24.59 6.425 -22.85 21.011 7.61 -25.22 20.598 7.164 -24.328
 4 15 20.598 7.164 -24.328 21.011 7.61 -25.22 19.842 8.873 -27.745 18.432 8.611 -27.222
 3 15 18.432 8.611 -27.222 19.842 8.873 -27.745 17.846 9.242 -28.483
 4 15 18.432 8.611 -27.222 17.846 9.242 -28.483 15.11 8.181 -26.362 15.196 7.642 -25.284

 4 4 -17.56 12.664 -35.328 -16.733 13.557 -37.114 -20.932 14.073 -38.145 -21.757 13.18 -36.36
 4 4 -21.757 13.18 -36.36 -20.932 14.073 -38.145 -25.956 13.697 -37.394 -26.369 13.251 -36.501
 4 4 -26.369 13.251 -36.501 -26.781 12.804 -35.609 -22.619 10.987 -31.975 -22.206 11.434 -32.867
 4 4 -22.206 11.434 -32.867 -22.619 10.987 -31.975 -18.96 10 -30 -18.746 10.483 -30.966
 3 15 -18.746 10.483 -30.966 -17.973 12.218 -34.436 -22.206 11.434 -32.867
 4 15 -22.206 11.434 -32.867 -17.973 12.218 -34.436 -17.56 12.664 -35.328 -21.757 13.18 -36.36
 3 15 -22.206 11.434 -32.867 -21.757 13.18 -36.36 -26.369 13.251 -36.501

 4 15 -16.733 13.557 -37.114 -16.32 14.003 -38.006 -20.517 14.519 -39.038 -20.932 14.073 -38.145
 4 15 -20.932 14.073 -38.145 -20.517 14.519 -39.038 -25.542 14.143 -38.286 -25.956 13.697 -37.394
 3 15 -25.542 14.143 -38.286 -27.367 13.435 -36.87 -27.196 12.358 -34.716
 4 15 -26.781 12.804 -35.609 -27.196 12.358 -34.716 -23.034 10.541 -31.082 -22.619 10.987 -31.975
 4 15 -22.619 10.987 -31.975 -23.034 10.541 -31.082 -18.705 9.43 -28.86 -18.96 10 -30

 4 16 -27.367 13.435 -36.87 -31.914 8.527 -27.054 -30.916 8.342 -26.685 -27.196 12.358 -34.716
 4 16 -27.196 12.358 -34.716 -30.916 8.342 -26.685 -25.926 7.418 -24.836 -23.034 10.541 -31.082
 4 16 -23.034 10.541 -31.082 -25.926 7.418 -24.836 -21.355 6.571 -23.141 -18.705 9.43 -28.86
 4 16 -18.705 9.43 -28.86 -21.355 6.571 -23.141 -19.427 6.213 -22.427 -17.975 7.782 -25.564
 4 16 -17.975 7.782 -25.564 -19.427 6.213 -22.427 -15.541 5.494 -20.987 -15.163 5.902 -21.804
 3 16 -15.163 5.902 -21.804 -15.541 5.494 -20.987 -10.959 4.645 -19.291
 3 16 -10.959 4.645 -19.291 -6.378 3.796 -17.593 -6 4.204 -18.408
 4 16 -6 4.204 -18.408 -6.378 3.796 -17.593 -2.492 3.077 -16.153 -1.041 4.644 -19.289
 4 16 -1.041 4.644 -19.289 -2.492 3.077 -16.153 0.102 2.597 -15.193 3.163 5.902 -21.804
 4 16 3.163 5.902 -21.804 0.102 2.597 -15.193 1.014 2.428 -14.855 5.973 7.782 -25.564
 4 16 5.973 7.782 -25.564 1.014 2.428 -14.855 11.803 4.611 -19.221 13.457 6.396 -22.792
 4 16 13.457 6.396 -22.792 11.803 4.611 -19.221 13.3 4.333 -18.667 13.714 4.78 -19.559
 4 16 13.714 4.78 -19.559 13.3 4.333 -18.667 15.295 3.963 -17.927 15.71 4.41 -18.82
 4 16 15.71 4.41 -18.82 15.295 3.963 -17.927 17.291 3.594 -17.189 18.531 4.933 -19.867
 4 16 18.531 4.933 -19.867 17.291 3.594 -17.189 21.283 2.854 -15.709 22.935 4.64 -19.279
 4 16 22.935 4.64 -19.279 21.283 2.854 -15.709 23.279 2.485 -14.971 25.758 5.162 -20.325

 4 16 25.758 5.162 -20.325 28.238 7.84 -25.68 26.242 8.21 -26.42 24.59 6.425 -22.85
 4 16 24.59 6.425 -22.85 26.242 8.21 -26.42 22.251 8.949 -27.898 21.011 7.61 -25.22
 4 16 21.011 7.61 -25.22 22.251 8.949 -27.898 20.255 9.319 -28.638 19.842 8.873 -27.745
 4 16 19.842 8.873 -27.745 20.255 9.319 -28.638 18.259 9.688 -29.376 17.846 9.242 -28.483
 4 16 17.846 9.242 -28.483 18.259 9.688 -29.376 16.764 9.965 -29.93 15.11 8.181 -26.362
 4 16 15.11 8.181 -26.362 16.764 9.965 -29.93 10.14 13.283 -36.567 6.833 9.714 -29.428
 4 16 6.833 9.714 -29.428 10.14 13.283 -36.567 10.021 13.306 -36.611 6.96 10 -30
 4 16 6.96 10 -30 10.021 13.306 -36.611 7.427 13.787 -37.573 5.975 12.218 -34.436
 4 16 5.975 12.218 -34.436 7.427 13.787 -37.573 3.541 14.506 -39.013 3.163 14.098 -38.196
 3 16 3.163 14.098 -38.196 3.541 14.506 -39.013 -1.041 15.355 -40.709
 3 16 -1.041 15.355 -40.709 -5.622 16.204 -42.407 -6 15.796 -41.592
 4 16 -6 15.796 -41.592 -5.622 16.204 -42.407 -9.508 16.923 -43.847 -10.959 15.356 -40.711
 4 16 -10.959 15.356 -40.711 -9.508 16.923 -43.847 -12.102 17.403 -44.807 -15.163 14.098 -38.196
 4 16 -15.163 14.098 -38.196 -12.102 17.403 -44.807 -12.219 17.426 -44.851 -15.526 13.856 -37.713
 3 16 -12.219 17.426 -44.851 -15.526 13.856 -37.713 -20.517 14.519 -39.038
 4 16 -20.517 14.519 -39.038 -12.219 17.426 -44.851 -25.3 15.667 -41.333 -25.542 14.143 -38.286
 3 16 -25.542 14.143 -38.286 -25.3 15.667 -41.333 -27.367 13.435 -36.87
 3 16 1.014 2.428 -14.855 11.803 4.611 -19.221 23.279 2.485 -14.971
 3 16 28.238 7.84 -25.68 16.764 9.965 -29.93 10.14 13.283 -36.567

3 16 23.279 2.485 -14.971 60 0 -10 28.238 7.84 -25.68
3 16 28.238 7.84 -25.68 60 0 -10 60 20 -50
3 16 28.238 7.84 -25.68 60 20 -50 10.14 13.283 -36.567
3 16 10.14 13.283 -36.567 60 20 -50 -12.219 17.426 -44.851
3 16 -12.219 17.426 -44.851 60 20 -50 -60 20 -50
3 16 -12.219 17.426 -44.851 -60 20 -50 -25.3 15.667 -41.333
3 16 -25.3 15.667 -41.333 -60 20 -50 -31.914 8.527 -27.054
3 16 -31.914 8.527 -27.054 -60 20 -50 -60 0 -10
3 16 -31.914 8.527 -27.054 -60 0 -10 1.014 2.428 -14.855
4 16 1.014 2.428 -14.855 -60 0 -10 60 0 -10 23.279 2.485 -14.971

1 16 50 0 0 1 0 0 0 1 0 0 0 1 stud.dat
1 16 -50 0 0 1 0 0 0 1 0 0 0 1 stud.dat
0
