0 Slope Brick 33  3 x  6 with Classic Space Logo Pattern Large
0 Name: 3939p91.dat
0 Author: Willy Tschager
0 LDRAW_ORG Part UPDATE 2002-06

0 CATEGORY Slope
0 KEYWORDS space, galaxy explorer, space cruiser,

0 Slope 33 3 x 6



2 24 56 24 6 44 24 6
2 24 44 24 6 44 24 -46
2 24 44 24 -46 56 24 -46
2 24 56 24 -46 56 24 6
2 24 -56 24 6 -44 24 6
2 24 -44 24 6 -44 24 -46
2 24 -44 24 -46 -56 24 -46
2 24 -56 24 -46 -56 24 6
2 24 60 24 10 40 24 10
2 24 40 24 10 40 24 -46
2 24 40 24 -46 -40 24 -46
2 24 -40 24 -46 -40 24 10
2 24 -40 24 10 -60 24 10
2 24 -60 24 10 -60 24 -50
2 24 -60 24 -50 60 24 -50
2 24 60 24 -50 60 24 10
2 24 56 24 6 56 4 6
2 24 44 24 6 44 4 6
2 24 56 24 -46 56 20 -46
2 24 44 24 -46 44 20 -46
2 24 56 4 6 44 4 6
2 24 56 4 -10 44 4 -10
2 24 56 20 -42 44 20 -42
2 24 56 20 -46 44 20 -46
2 24 56 4 6 56 4 -10
2 24 44 4 6 44 4 -10
2 24 56 20 -42 56 4 -10
2 24 44 20 -42 44 4 -10
2 24 56 20 -46 56 20 -42
2 24 44 20 -46 44 20 -42
2 24 -56 24 6 -56 4 6
2 24 -44 24 6 -44 4 6
2 24 -56 24 -46 -56 20 -46
2 24 -44 24 -46 -44 20 -46
2 24 -56 4 6 -44 4 6
2 24 -56 4 -10 -44 4 -10
2 24 -56 20 -42 -44 20 -42
2 24 -56 20 -46 -44 20 -46
2 24 -56 4 6 -56 4 -10
2 24 -44 4 6 -44 4 -10
2 24 -56 20 -42 -56 4 -10
2 24 -44 20 -42 -44 4 -10
2 24 -56 20 -46 -56 20 -42
2 24 -44 20 -46 -44 20 -42
2 24 40 24 10 40 4 10
2 24 -40 24 10 -40 4 10
2 24 40 24 -46 40 20 -46
2 24 -40 24 -46 -40 20 -46
2 24 40 4 10 -40 4 10
2 24 40 4 -10 -40 4 -10
2 24 40 20 -42 -40 20 -42
2 24 40 20 -46 -40 20 -46
2 24 40 4 10 40 4 -10
2 24 -40 4 10 -40 4 -10
2 24 40 20 -42 40 4 -10
2 24 -40 20 -42 -40 4 -10
2 24 40 20 -46 40 20 -42
2 24 -40 20 -46 -40 20 -42
2 24 60 24 10 60 0 10
2 24 -60 24 10 -60 0 10
2 24 60 24 -50 60 20 -50
2 24 -60 24 -50 -60 20 -50
2 24 60 0 10 -60 0 10
2 24 60 0 -10 -60 0 -10
2 24 60 20 -50 -60 20 -50
2 24 60 0 10 60 0 -10
2 24 -60 0 10 -60 0 -10
2 24 60 20 -50 60 0 -10
2 24 -60 20 -50 -60 0 -10
4 16 40 24 -46 44 24 -46 44 24 6 40 24 10
4 16 40 24 10 44 24 6 56 24 6 60 24 10
4 16 60 24 10 56 24 6 56 24 -46 60 24 -50
4 16 -40 24 -46 -44 24 -46 -44 24 6 -40 24 10
4 16 -40 24 10 -44 24 6 -56 24 6 -60 24 10
4 16 -60 24 10 -56 24 6 -56 24 -46 -60 24 -50
4 16 60 24 -50 56 24 -46 -56 24 -46 -60 24 -50
4 16 56 20 -42 56 20 -46 44 20 -46 44 20 -42
4 16 -56 20 -42 -56 20 -46 -44 20 -46 -44 20 -42
4 16 40 20 -42 40 20 -46 -40 20 -46 -40 20 -42
4 16 56 4 6 56 4 -10 44 4 -10 44 4 6
4 16 -56 4 6 -56 4 -10 -44 4 -10 -44 4 6
4 16 40 4 10 40 4 -10 -40 4 -10 -40 4 10
4 16 60 0 10 60 0 -10 -60 0 -10 -60 0 10
4 16 60 24 10 60 0 10 40 4 10 40 24 10
4 16 -60 24 10 -60 0 10 -40 4 10 -40 24 10
4 16 60 0 10 40 4 10 -40 4 10 -60 0 10
4 16 56 24 6 56 4 6 44 4 6 44 24 6
4 16 -56 24 6 -56 4 6 -44 4 6 -44 24 6
4 16 56 24 -46 56 20 -46 44 20 -46 44 24 -46
4 16 -56 24 -46 -56 20 -46 -44 20 -46 -44 24 -46
4 16 40 24 -46 40 20 -46 -40 20 -46 -40 24 -46
4 16 60 24 -50 60 20 -50 -60 20 -50 -60 24 -50
4 16 60 24 10 60 0 10 60 20 -50 60 24 -50
3 16 60 0 10 60 0 -10 60 20 -50
4 16 56 24 6 56 4 6 56 20 -46 56 24 -46
3 16 56 4 6 56 4 -10 56 20 -46
4 16 44 24 6 44 4 6 44 20 -46 44 24 -46
3 16 44 4 6 44 4 -10 44 20 -46
4 16 40 24 10 40 4 10 40 20 -46 40 24 -46
3 16 40 4 10 40 4 -10 40 20 -46
4 16 -40 24 10 -40 4 10 -40 20 -46 -40 24 -46
3 16 -40 4 10 -40 4 -10 -40 20 -46
4 16 -44 24 6 -44 4 6 -44 20 -46 -44 24 -46
3 16 -44 4 6 -44 4 -10 -44 20 -46
4 16 -56 24 6 -56 4 6 -56 20 -46 -56 24 -46
3 16 -56 4 6 -56 4 -10 -56 20 -46
4 16 -60 24 10 -60 0 10 -60 20 -50 -60 24 -50
3 16 -60 0 10 -60 0 -10 -60 20 -50
4 16 56 20 -42 56 4 -10 44 4 -10 44 20 -42
4 16 -56 20 -42 -56 4 -10 -44 4 -10 -44 20 -42
4 16 40 20 -42 40 4 -10 -40 4 -10 -40 20 -42
1 16 50 0 0 1 0 0 0 1 0 0 0 1 stud.dat
1 16 -50 0 0 1 0 0 0 1 0 0 0 1 stud.dat

0 Pattern

0 Red
3 4 34.195 3.395 -16.792 35.277 3.759 -17.519 35.313 4.348 -18.699
4 4 32.986 3.347 -16.696 34.195 3.395 -16.792 35.313 4.348 -18.699 34.663 4.768 -19.538
4 4 32.986 3.347 -16.696 34.663 4.768 -19.538 33.87 5.131 -20.265 31.904 3.444 -16.89
4 4 31.904 3.444 -16.89 33.87 5.131 -20.265 31.902 5.828 -21.659 29.485 3.777 -17.557
4 4 26.408 3.966 -17.934 29.816 6.872 -23.748 31.902 5.828 -21.659 29.485 3.777 -17.557
4 4 26.408 3.966 -17.934 29.816 6.872 -23.748 22.895 8.029 -26.062 20.298 5.825 -21.653
4 4 22.128 3.266 -16.535 19.729 3.848 -17.698 20.298 5.825 -21.653 26.408 3.966 -17.934
4 4 29.816 6.872 -23.748 28.682 8.76 -27.525 26.157 9.366 -28.736 22.895 8.029 -26.062
4 4 20.298 5.825 -21.653 22.895 8.029 -26.062 19.459 8.28 -26.565 17.88 6.964 -23.932
4 4 16.638 7.23 -24.463 18.118 8.552 -27.108 16.182 8.972 -27.948 14.732 7.642 -25.289
4 4 13.451 7.92 -25.844 10.304 8.601 -27.207 11.657 9.954 -29.914 14.86 9.259 -28.523
4 4 9.019 8.88 -27.764 0.177 10.605 -31.216 1.404 11.994 -33.994 10.284 10.253 -30.51
4 4 0.177 10.605 -31.216 1.404 11.994 -33.994 -13.674 14.61 -39.227 -14.612 13.189 -36.384
4 4 -14.612 13.189 -36.384 -13.674 14.61 -39.227 -23.656 16.053 -42.114 -25.587 14.777 -39.561
4 4 -25.587 14.777 -39.561 -23.656 16.053 -42.114 -29.978 16.612 -43.232 -29.284 15.174 -40.356
4 4 -29.284 15.174 -40.356 -29.978 16.612 -43.232 -32.64 16.698 -43.403 -31.706 15.244 -40.495
4 4 -33.361 15.216 -40.439 -31.706 15.244 -40.495 -32.64 16.698 -43.403 -35.389 16.547 -43.103
3 4 -35.389 16.547 -43.103 -33.361 15.216 -40.439 -34.493 15.227 -40.461
3 4 -35.389 16.547 -43.103 -34.493 15.227 -40.461 -36.881 15.135 -40.277
4 4 -28.276 11.051 -32.107 -27.74 12.266 -34.538 -31.229 13.168 -36.343 -33.379 12.474 -34.954
4 4 -33.379 12.474 -34.954 -31.229 13.168 -36.343 -33.919 14.024 -38.055 -37.335 13.766 -37.539
4 4 -37.335 13.766 -37.539 -33.919 14.024 -38.055 -34.641 14.444 -38.894 -37.815 14.363 -38.733
4 4 -37.815 14.363 -38.733 -34.641 14.444 -38.894 -34.46 14.799 -39.605 -37.332 14.712 -39.431
 
0 White
4 15 -9.78 2.207 -14.416 -2.608 2.846 -15.694 -3.16 3.436 -16.874 -9.789 2.843 -15.687
4 15 -2.608 2.846 -15.694 3.442 4.664 -19.33 2.452 5.11 -20.223 -3.16 3.436 -16.874
4 15 3.442 4.664 -19.33 7.509 7.379 -24.762 6.203 7.617 -25.238 2.452 5.11 -20.223
4 15 7.509 7.379 -24.762 8.012 8.539 -27.082 6.729 8.793 -27.59 6.203 7.617 -25.238
4 15 8.717 11.042 -32.089 7.51 13.777 -37.56 6.205 13.53 -37.066 7.176 11.348 -32.702
4 15 6.205 13.53 -37.066 2.455 16.049 -42.105 3.454 16.488 -42.983 7.51 13.777 -37.56
4 15 2.455 16.049 -42.105 3.454 16.488 -42.983 -2.617 18.302 -46.613 -3.148 17.724 -45.456
4 15 -3.148 17.724 -45.456 -2.617 18.302 -46.613 -9.788 18.94 -47.889 -9.769 18.319 -46.646
4 15 -16.378 17.722 -45.451 -9.769 18.319 -46.646 -9.788 18.94 -47.889 -16.942 18.308 -46.624
4 15 -21.396 16.222 -42.452 -16.378 17.722 -45.451 -16.942 18.308 -46.624 -23.069 16.46 -42.928
4 15 -25.726 13.531 -37.068 -24.888 14.121 -38.248 -26.269 14.32 -38.646 -27.075 13.776 -37.558
4 15 -27.094 10.565 -31.134 -25.726 13.531 -37.068 -27.075 13.776 -37.558 -28.486 10.577 -31.158
4 15 -27.07 7.368 -24.74 -25.774 7.613 -25.231 -27.094 10.565 -31.134 -28.486 10.577 -31.158
4 15 -23.011 4.659 -19.321 -22.004 5.113 -20.228 -25.774 7.613 -25.231 -27.07 7.368 -24.74
4 15 -16.941 2.851 -15.703 -16.392 3.432 -16.865 -22.004 5.113 -20.228 -23.011 4.659 -19.321
4 15 -9.78 2.207 -14.416 -9.789 2.843 -15.687 -16.392 3.432 -16.865 -16.941 2.851 -15.703
4 15 18.822 5.716 -21.436 20.298 5.825 -21.653 17.88 6.964 -23.932 17.361 6.516 -23.035
4 15 18.417 3.55 -17.103 19.729 3.848 -17.698 20.298 5.825 -21.653 18.822 5.716 -21.436
4 15 22.096 2.687 -15.375 22.128 3.266 -16.535 19.729 3.848 -17.698 18.417 3.55 -17.103
4 15 22.096 2.687 -15.375 25.511 3.194 -16.39 26.408 3.966 -17.934 22.128 3.266 -16.535
4 15 25.511 3.194 -16.39 29.064 3.299 -16.599 29.485 3.777 -17.557 26.408 3.966 -17.934
4 15 32.446 2.867 -15.735 31.904 3.444 -16.89 29.485 3.777 -17.557 29.064 3.299 -16.599
4 15 33.528 2.818 -15.638 32.986 3.347 -16.696 31.904 3.444 -16.89 32.446 2.867 -15.735
4 15 33.528 2.818 -15.638 32.986 3.347 -16.696 34.195 3.395 -16.792 34.935 2.996 -15.993
4 15 34.935 2.996 -15.993 36.269 3.52 -17.043 35.277 3.759 -17.519 34.195 3.395 -16.792
4 15 36.269 3.52 -17.043 36.45 4.295 -18.593 35.313 4.348 -18.699 35.277 3.759 -17.519
4 15 36.45 4.295 -18.593 36.035 4.941 -19.885 34.663 4.768 -19.538 35.313 4.348 -18.699
4 15 34.663 4.768 -19.538 36.035 4.941 -19.885 35.277 5.297 -20.596 33.87 5.131 -20.265
4 15 33.87 5.131 -20.265 35.277 5.297 -20.596 32.527 6.262 -22.526 31.902 5.828 -21.659
4 15 31.902 5.828 -21.659 32.527 6.262 -22.526 30.72 7.648 -25.3 29.816 6.872 -23.748
4 15 29.816 6.872 -23.748 30.72 7.648 -25.3 29.707 9.201 -28.406 28.682 8.76 -27.525
4 15 28.682 8.76 -27.525 29.707 9.201 -28.406 26.028 10.073 -30.151 26.157 9.366 -28.736
4 15 22.895 8.029 -26.062 26.157 9.366 -28.736 26.028 10.073 -30.151 22.321 8.712 -27.428
4 15 22.895 8.029 -26.062 22.321 8.712 -27.428 19.976 8.72 -27.444 19.459 8.28 -26.565
4 15 18.118 8.552 -27.108 18.563 8.94 -27.885 10.729 10.641 -31.287 10.284 10.253 -30.51
4 15 10.284 10.253 -30.51 10.729 10.641 -31.287 1.795 12.42 -34.846 1.404 11.994 -33.994
4 15 1.404 11.994 -33.994 1.795 12.42 -34.846 -13.386 15.083 -40.174 -13.674 14.61 -39.227
4 15 -13.674 14.61 -39.227 -13.386 15.083 -40.174 -23.069 16.46 -42.928 -23.656 16.053 -42.114
4 15 -23.656 16.053 -42.114 -23.069 16.46 -42.928 -29.762 17 -44.007 -29.978 16.612 -43.232
4 15 -29.978 16.612 -43.232 -29.762 17 -44.007 -32.514 17.077 -44.163 -32.64 16.698 -43.403
4 15 -35.389 16.547 -43.103 -32.64 16.698 -43.403 -32.514 17.077 -44.163 -35.353 16.919 -43.846
3 15 -35.389 16.547 -43.103 -35.353 16.919 -43.846 -36.219 16.644 -43.297
4 15 -36.881 15.135 -40.277 -35.389 16.547 -43.103 -36.219 16.644 -43.297 -37.566 15.251 -40.509
4 15 -37.332 14.712 -39.431 -36.881 15.135 -40.277 -37.566 15.251 -40.509 -38.093 14.729 -39.466
4 15 -37.815 14.363 -38.733 -37.332 14.712 -39.431 -38.093 14.729 -39.466 -38.491 14.384 -38.774
4 15 -37.335 13.766 -37.539 -37.815 14.363 -38.733 -38.491 14.384 -38.774 -38.46 13.903 -37.812
3 15 -37.335 13.766 -37.539 -38.46 13.903 -37.812 -38.063 13.564 -37.134
4 15 -33.338 11.981 -33.968 -33.379 12.474 -34.954 -37.335 13.766 -37.539 -38.063 13.564 -37.134
4 15 -28.486 10.577 -31.158 -28.276 11.051 -32.107 -33.379 12.474 -34.954 -33.338 11.981 -33.968
4 15 -27.74 12.266 -34.538 -27.56 12.677 -35.36 -30.698 13.477 -36.96 -31.229 13.168 -36.343
4 15 -31.229 13.168 -36.343 -30.698 13.477 -36.96 -33.349 14.323 -38.653 -33.919 14.024 -38.055
4 15 -33.919 14.024 -38.055 -33.349 14.323 -38.653 -33.681 14.565 -39.137 -34.641 14.444 -38.894
4 15 -33.681 14.565 -39.137 -33.377 14.8 -39.606 -34.46 14.799 -39.605 -34.641 14.444 -38.894
4 15 -33.377 14.8 -39.606 -33.361 15.216 -40.439 -34.493 15.227 -40.461 -34.46 14.799 -39.605
4 15 -31.846 14.773 -39.553 -31.706 15.244 -40.495 -33.361 15.216 -40.439 -33.377 14.8 -39.606
4 15 -29.447 14.686 -39.379 -29.284 15.174 -40.356 -31.706 15.244 -40.495 -31.846 14.773 -39.553
4 15 -26.269 14.32 -38.646 -25.587 14.777 -39.561 -29.284 15.174 -40.356 -29.447 14.686 -39.379
4 15 -14.991 12.689 -35.385 -14.612 13.189 -36.384 -25.587 14.777 -39.561 -26.269 14.32 -38.646
4 15 -0.209 10.164 -30.333 0.177 10.605 -31.216 -14.612 13.189 -36.384 -14.991 12.689 -35.385
4 15 8.579 8.427 -26.858 9.019 8.88 -27.764 0.177 10.605 -31.216 -0.209 10.164 -30.333
4 15 16.198 6.777 -23.558 16.638 7.23 -24.463 9.019 8.88 -27.764 8.579 8.427 -26.858
4 15 17.361 6.516 -23.035 17.88 6.964 -23.932 16.638 7.23 -24.463 16.198 6.777 -23.558
4 15 19.459 8.28 -26.565 19.976 8.72 -27.444 18.563 8.94 -27.885 18.118 8.552 -27.108
4 15 17.88 6.964 -23.932 19.459 8.28 -26.565 18.118 8.552 -27.108 16.638 7.23 -24.463
4 15 14.732 7.642 -25.289 16.182 8.972 -27.948 14.86 9.259 -28.523 13.451 7.92 -25.844
4 15 10.304 8.601 -27.207 11.657 9.954 -29.914 10.284 10.253 -30.51 9.019 8.88 -27.764
4 15 -37.332 14.712 -39.431 -34.46 14.799 -39.605 -34.493 15.227 -40.461 -36.881 15.135 -40.277

0 Gold
1 366 0 0 0 1 0 0 0 1 0 0 0 1 s\3939p91a.dat

0 Yellow
4 14 -9.789 2.843 -15.687 -7.401 3.4 -16.801 -7.987 3.481 -16.964 -16.392 3.432 -16.865
4 14 -9.789 2.843 -15.687 -3.16 3.436 -16.874 -4.718 3.572 -17.145 -7.401 3.4 -16.801
3 14 -3.16 3.436 -16.874 -4.718 3.572 -17.145 -4.123 3.588 -17.178
4 14 -3.16 3.436 -16.874 -2.026 3.774 -17.551 -3.481 3.797 -17.597 -4.123 3.588 -17.178
3 14 -7.401 3.4 -16.801 -7.003 3.626 -17.253 -4.718 3.572 -17.145
4 14 -4.718 3.572 -17.145 -4.682 3.83 -17.663 -7.383 4.82 -19.644 -7.003 3.626 -17.253
3 14 -7.003 3.626 -17.253 -7.599 3.698 -17.399 -7.383 4.82 -19.644
4 14 -4.682 3.83 -17.663 -4.123 4.008 -18.018 -3.778 4.647 -19.298 -7.383 4.82 -19.644
4 14 -3.778 4.647 -19.298 -3.255 5.108 -20.218 -7.176 6.14 -22.283 -7.383 4.82 -19.644
4 14 -2.026 3.774 -17.551 -0.948 4.096 -18.194 -2.714 4.268 -18.539 -3.481 3.797 -17.597
4 14 -3.481 3.797 -17.597 -2.714 4.268 -18.539 -3.417 4.3 -18.603 -3.618 4.016 -18.034
4 14 -4.123 4.008 -18.018 -3.618 4.016 -18.034 -3.417 4.3 -18.603 -3.778 4.647 -19.298
4 14 -0.948 4.096 -18.194 -0.967 4.487 -18.976 -2.714 4.737 -19.476 -2.714 4.268 -18.539
4 14 -0.967 4.487 -18.976 -0.683 4.614 -19.231 -2.163 5.078 -20.158 -2.714 4.737 -19.476
3 14 -1.4 5.049 -20.101 -0.683 4.614 -19.231 -2.163 5.078 -20.158
3 14 -1.022 5.177 -20.358 -0.683 4.614 -19.231 -1.4 5.049 -20.101
4 14 -0.244 4.609 -19.221 -0.398 5.144 -20.29 -1.022 5.177 -20.358 -0.683 4.614 -19.231
3 14 0.335 4.923 -19.848 -0.244 4.609 -19.221 -0.398 5.144 -20.29
4 14 -2.714 4.737 -19.476 -2.163 5.078 -20.158 -2.447 5.25 -20.503 -3.129 4.914 -19.831
3 14 -3.255 5.108 -20.218 -2.447 5.25 -20.503 -3.129 4.914 -19.831
4 14 -3.255 5.108 -20.218 -2.447 5.25 -20.503 -2.375 5.856 -21.714 -3.821 6.396 -22.795
4 14 -3.255 5.108 -20.218 -3.821 6.396 -22.795 -7.393 6.673 -23.35 -7.176 6.14 -22.283
4 14 -3.821 6.396 -22.795 -3.371 6.848 -23.7 -7.401 7.273 -24.549 -7.393 6.673 -23.35
4 14 -3.371 6.848 -23.7 -3.388 7.639 -25.282 -7.05 7.772 -25.548 -7.401 7.273 -24.549
4 14 -3.388 7.639 -25.282 -4.38 8.301 -26.606 -6.351 8.21 -26.425 -7.05 7.772 -25.548
4 14 -2.375 5.856 -21.714 -1.778 6.515 -23.033 -2.594 6.618 -23.24 -3.821 6.396 -22.795
4 14 -1.778 6.515 -23.033 -0.59 7.066 -24.136 -1.875 7.151 -24.307 -2.594 6.618 -23.24
3 14 -0.398 5.144 -20.29 -1.022 5.177 -20.358 1.247 5.585 -21.173
4 14 -1.022 5.177 -20.358 1.247 5.585 -21.173 -0.807 6.482 -22.968 -1.286 5.685 -21.373
4 14 1.247 5.585 -21.173 1.692 6.57 -23.144 0.859 7.187 -24.378 -0.807 6.482 -22.968
3 14 0.361 7.14 -24.283 0.859 7.187 -24.378 -0.807 6.482 -22.968
3 14 1.319 7.575 -25.153 0.859 7.187 -24.378 0.361 7.14 -24.283
4 14 -0.59 7.066 -24.136 0.361 7.14 -24.283 -2.037 7.755 -25.514 -1.875 7.151 -24.307
4 14 0.361 7.14 -24.283 1.319 7.575 -25.153 1.005 7.859 -25.721 -2.037 7.755 -25.514
4 14 -2.037 7.755 -25.514 1.005 7.859 -25.721 -0.033 8.725 -27.453 -1.112 8.619 -27.242
3 14 1.17 8.388 -26.78 1.005 7.859 -25.721 -0.033 8.725 -27.453
4 14 1.17 8.388 -26.78 1.553 8.702 -27.408 0.458 8.819 -27.643 -0.033 8.725 -27.453
3 14 0.458 8.819 -27.643 -0.033 8.725 -27.453 -1.261 9.148 -28.3
4 14 0.458 8.819 -27.643 -0.209 10.164 -30.333 -1.946 10.028 -30.061 -1.261 9.148 -28.3
4 14 0.458 8.819 -27.643 1.166 9.349 -28.702 1.229 9.879 -29.763 -0.209 10.164 -30.333
3 14 -0.209 10.164 -30.333 -1.946 10.028 -30.061 -2.018 10.473 -30.951
4 14 -2.037 7.755 -25.514 -1.112 8.619 -27.242 -2.448 8.794 -27.592 -3.131 8.227 -26.458
4 14 -3.131 8.227 -26.458 -2.448 8.794 -27.592 -3.444 9.463 -28.93 -4.38 8.301 -26.606
4 14 -6.351 8.21 -26.425 -4.38 8.301 -26.606 -3.444 9.463 -28.93 -7.825 10.265 -30.535
4 14 -8.123 7.896 -25.796 -6.351 8.21 -26.425 -7.825 10.265 -30.535 -9.097 10.197 -30.398
4 14 -25.774 7.613 -25.231 -8.123 7.896 -25.796 -9.097 10.197 -30.398 -10.211 10.345 -30.695
4 14 -3.444 9.463 -28.93 -3.546 10.201 -30.408 -9.013 10.743 -31.491 -7.825 10.265 -30.535
4 14 -3.546 10.201 -30.408 -3.118 10.661 -31.327 -9.325 11.192 -32.39 -9.013 10.743 -31.491
3 14 -9.346 11.725 -33.455 -3.118 10.661 -31.327 -9.325 11.192 -32.39
4 14 -16.392 3.432 -16.865 -7.987 3.481 -16.964 -7.599 3.698 -17.399 -7.383 4.82 -19.644
4 14 -16.392 3.432 -16.865 -7.383 4.82 -19.644 -7.176 6.14 -22.283 -8.348 6.48 -22.962
4 14 -16.392 3.432 -16.865 -8.348 6.48 -22.962 -8.816 6.859 -23.723 -22.004 5.113 -20.228
3 14 -22.004 5.113 -20.228 -8.816 6.859 -23.723 -8.832 7.364 -24.731
4 14 -22.004 5.113 -20.228 -8.832 7.364 -24.731 -8.123 7.896 -25.796 -25.774 7.613 -25.231
3 14 -10.211 10.345 -30.695 -25.774 7.613 -25.231 -11.037 10.749 -31.504
4 14 -25.774 7.613 -25.231 -11.037 10.749 -31.504 -11.259 11.35 -32.705 -27.094 10.565 -31.134
4 14 -27.094 10.565 -31.134 -11.259 11.35 -32.705 -10.615 11.942 -33.889 -14.991 12.689 -35.385
4 14 -27.094 10.565 -31.134 -14.991 12.689 -35.385 -24.888 14.121 -38.248 -25.726 13.531 -37.068
3 14 2.688 8.217 -26.437 3.225 8.04 -26.084 4.008 8.222 -26.447
4 14 2.688 8.217 -26.437 2.447 8.746 -27.497 4.376 8.56 -27.124 4.008 8.222 -26.447
3 14 4.376 8.56 -27.124 2.831 9.242 -28.488 2.447 8.746 -27.497
4 14 4.376 8.56 -27.124 4.298 9.273 -28.55 3.34 9.462 -28.929 2.831 9.242 -28.488
4 14 3.023 12.176 -34.357 3.13 12.924 -35.854 1.19 12.983 -35.972 1.795 12.42 -34.846
4 14 3.13 12.924 -35.854 2.243 13.679 -37.365 1.266 13.429 -36.864 1.19 12.983 -35.972
4 14 0.163 12.703 -35.413 -0.125 13.553 -37.112 -0.827 13.68 -37.367 -1.44 13.474 -36.955
4 14 0.163 12.703 -35.413 -1.44 13.474 -36.955 -4.026 13.788 -37.583 -2.37 13.143 -36.293
4 14 -1.44 13.474 -36.955 -1.571 14.23 -38.466 -4.705 14.435 -38.878 -4.026 13.788 -37.583
4 14 -1.571 14.23 -38.466 -2.556 14.899 -39.806 -4.354 15.397 -40.801 -4.705 14.435 -38.878
3 14 -4.354 15.397 -40.801 -4.759 14.96 -39.928 -4.705 14.435 -38.878
4 14 -5.975 13.783 -37.573 -6.677 14.396 -38.8 -8.746 14.697 -39.402 -13.386 15.083 -40.174
3 14 -8.746 14.697 -39.402 -13.386 15.083 -40.174 -8.761 15.236 -40.479
4 14 -13.386 15.083 -40.174 -8.761 15.236 -40.479 -9.395 15.683 -41.374 -10.912 15.967 -41.942
3 14 -10.912 15.967 -41.942 -13.386 15.083 -40.174 -12.702 15.704 -41.415
3 14 -7.942 14.948 -39.902 -6.677 14.396 -38.8 -8.746 14.697 -39.402
4 14 -6.677 14.396 -38.8 -6.531 14.94 -39.887 -7.636 15.393 -40.794 -7.942 14.948 -39.902
4 14 -6.531 14.94 -39.887 -5.669 15.285 -40.578 -6.667 16.731 -43.469 -7.636 15.393 -40.794
4 14 -5.669 15.285 -40.578 -4.354 15.397 -40.801 -3.967 15.734 -41.476 -4.193 16.023 -42.053
3 14 -4.193 16.023 -42.053 -5.669 15.285 -40.578 -4.938 16.233 -42.475
4 14 -5.669 15.285 -40.578 -4.938 16.233 -42.475 -5.508 16.729 -43.465 -6.667 16.731 -43.469
3 14 -7.812 15.711 -41.429 -6.667 16.731 -43.469 -7.636 15.393 -40.794
4 14 -7.812 15.711 -41.429 -6.667 16.731 -43.469 -8.553 16.474 -42.955 -8.569 15.96 -41.928
3 14 -7.86 16.81 -43.628 -6.667 16.731 -43.469 -8.553 16.474 -42.955
3 14 -7.568 16.929 -43.867 -6.667 16.731 -43.469 -7.86 16.81 -43.628
4 14 -8.569 15.96 -41.928 -8.553 16.474 -42.955 -10.131 16.454 -42.916 -9.65 16.079 -42.167
3 14 -10.912 15.967 -41.942 -10.131 16.454 -42.916 -9.65 16.079 -42.167
4 14 -12.702 15.704 -41.415 -10.912 15.967 -41.942 -10.131 16.454 -42.916 -11.314 16.694 -43.397
4 14 -12.702 15.704 -41.415 -11.314 16.694 -43.397 -12.092 17.033 -44.073 -16.378 17.722 -45.451
4 14 -7.86 16.81 -43.628 -7.568 16.929 -43.867 -8.157 17.492 -44.993 -8.64 16.905 -43.818
4 14 -8.64 16.905 -43.818 -8.157 17.492 -44.993 -9.785 17.827 -45.662 -9.468 17.044 -44.095
4 14 -9.468 17.044 -44.095 -9.785 17.827 -45.662 -11.037 17.712 -45.433 -10.308 17.306 -44.619
4 14 -12.159 17.488 -44.984 -11.513 17.766 -45.541 -11.401 18.171 -46.351 -16.378 17.722 -45.451
3 14 -12.092 17.033 -44.073 -16.378 17.722 -45.451 -12.159 17.488 -44.984
3 14 -13.768 15.517 -41.042 -16.378 17.722 -45.451 -12.702 15.704 -41.415
4 14 -14.4 15.228 -40.463 -13.768 15.517 -41.042 -16.378 17.722 -45.451 -21.396 16.222 -42.452
3 14 -2.247 16.332 -42.672 -1.809 16.538 -43.084 -2.707 17.029 -44.065
4 14 -2.247 16.332 -42.672 -2.707 17.029 -44.065 -3.463 17.043 -44.095 -2.915 16.401 -42.81
3 14 -2.915 16.4014 -42.81 -3.4635 17.0438 -44.0952 -3.6168 16.7203 -43.448 

0 Main Color
3 16 30 0 -10 -9.78 2.207 -14.416 -60 0 -10
4 16 30 0 -10 22.096 2.687 -15.375 -2.608 2.846 -15.694 -9.78 2.207 -14.416
4 16 30 0 -10 29.064 3.299 -16.599 25.511 3.194 -16.39 22.096 2.687 -15.375
3 16 30 0 -10 32.446 2.867 -15.735 29.064 3.299 -16.599
4 16 60 0 -10 33.528 2.818 -15.638 32.446 2.867 -15.735 30 0 -10
3 16 60 0 -10 34.935 2.996 -15.993 33.528 2.818 -15.638
3 16 60 0 -10 36.269 3.52 -17.043 34.935 2.996 -15.993
4 16 60 0 -10 60 20 -50 36.45 4.295 -18.593 36.269 3.52 -17.043
3 16 36.45 4.295 -18.593 60 20 -50 36.035 4.941 -19.885
3 16 36.035 4.941 -19.885 60 20 -50 35.277 5.297 -20.596
4 16 35.277 5.297 -20.596 60 20 -50 30.72 7.648 -25.3 32.527 6.262 -22.526
3 16 30.72 7.648 -25.3 60 20 -50 29.707 9.201 -28.406
3 16 29.707 9.201 -28.406 60 20 -50 26.028 10.073 -30.151
4 16 18.563 8.94 -27.885 26.028 10.073 -30.151 60 20 -50 10.729 10.641 -31.287
4 16 10.729 10.641 -31.287 60 20 -50 7.51 13.777 -37.56 8.717 11.042 -32.089
3 16 7.51 13.777 -37.56 60 20 -50 3.454 16.488 -42.983
3 16 3.454 16.488 -42.983 60 20 -50 -2.617 18.302 -46.613
3 16 -2.617 18.302 -46.613 60 20 -50 -9.788 18.94 -47.889
3 16 -9.788 18.94 -47.889 60 20 -50 -30 20 -50
3 16 -16.942 18.308 -46.624 -9.788 18.94 -47.889 -30 20 -50
4 16 -30 20 -50 -29.762 17 -44.007 -23.069 16.46 -42.928 -16.942 18.308 -46.624
3 16 -29.762 17 -44.007 -30 20 -50 -32.514 17.077 -44.163
4 16 -35.353 16.919 -43.846 -32.514 17.077 -44.163 -30 20 -50 -60 20 -50
3 16 -35.353 16.919 -43.846 -60 20 -50 -36.219 16.644 -43.297
3 16 -36.219 16.644 -43.297 -60 20 -50 -37.566 15.251 -40.509
3 16 -38.093 14.729 -39.466 -37.566 15.251 -40.509 -60 20 -50
3 16 -38.491 14.384 -38.774 -38.093 14.729 -39.466 -60 20 -50
4 16 -60 0 -10 -38.46 13.903 -37.812 -38.491 14.384 -38.774 -60 20 -50
3 16 -60 0 -10 -38.063 13.564 -37.134 -38.46 13.903 -37.812
4 16 -60 0 -10 -27.07 7.368 -24.74 -33.338 11.981 -33.968 -38.063 13.564 -37.134
3 16 -23.011 4.659 -19.321 -27.07 7.368 -24.74 -60 0 -10
3 16 -16.941 2.851 -15.703 -23.011 4.659 -19.321 -60 0 -10
3 16 -16.941 2.851 -15.703 -60 0 -10 -9.78 2.207 -14.416
4 16 22.096 2.687 -15.375 18.417 3.55 -17.103 3.442 4.664 -19.33 -2.608 2.846 -15.694
4 16 18.417 3.55 -17.103 17.361 6.516 -23.035 16.198 6.777 -23.558 3.442 4.664 -19.33
3 16 17.361 6.516 -23.035 18.417 3.55 -17.103 18.822 5.716 -21.436
3 16 3.442 4.664 -19.33 16.198 6.777 -23.558 7.509 7.379 -24.762
3 16 7.509 7.379 -24.762 16.198 6.777 -23.558 8.579 8.427 -26.858
3 16 7.509 7.379 -24.762 8.579 8.427 -26.858 8.012 8.539 -27.082
3 16 -28.486 10.577 -31.158 -33.338 11.981 -33.968 -27.07 7.368 -24.74
4 16 22.321 8.712 -27.428 26.028 10.073 -30.151 18.563 8.94 -27.885 19.976 8.72 -27.444
4 16 -27.56 12.677 -35.36 -27.075 13.776 -37.558 -29.447 14.686 -39.379 -30.698 13.477 -36.96
3 16 -27.075 13.776 -37.558 -26.269 14.32 -38.646 -29.447 14.686 -39.379
4 16 -30.698 13.477 -36.96 -29.447 14.686 -39.379 -31.846 14.773 -39.553 -33.349 14.323 -38.653
3 16 -33.349 14.323 -38.653 -31.846 14.773 -39.553 -33.377 14.8 -39.606
0
