0 Space Positioning Rockets
0 Name: 3946.dat
0 Author: James Jessiman
0 Original LDraw Part - LDraw beta 0.27 Archive

 1 16 0 4 12 1.5 0 0 0 4 0 0 0 2 box5.dat

 1 16 0 24 0 6 0 0 0 -20 0 0 0 6 box5.dat

 4 16 10 24 10 6 24 6 -6 24 6 -10 24 10
 4 16 -10 24 10 -6 24 6 -6 24 -6 -10 24 -10
 4 16 -10 24 -10 -6 24 -6 6 24 -6 10 24 -10
 4 16 10 24 -10 6 24 -6 6 24 6 10 24 10

 2 24 10 24 10 -10 24 10
 2 24 -10 24 10 -10 24 -10
 2 24 -10 24 -10 10 24 -10
 2 24 10 24 -10 10 24 10

 2 24 10 8 30 -10 8 30
 2 24 -10 8 30 -10 8 10
 2 24 -10 8 10 -6 8 10
 2 24 -6 8 10 -6 8 26
 2 24 -6 8 26 6 8 26
 2 24 6 8 26 6 8 10
 2 24 6 8 10 10 8 10
 2 24 10 8 10 10 8 30

 1 16 0 4 18 6 0 0 0 0 0 0 0 8 rect.dat

 1 16 0 0 10 10 0 0 0 0 0 0 0 20 rect.dat

 2 24 6 8 26 6 4 26
 2 24 -6 8 26 -6 4 26
 2 24 6 8 10 6 4 10
 2 24 -6 8 10 -6 4 10
 2 24 10 24 10 10 8 10
 2 24 -10 24 10 -10 8 10
 2 24 10 24 -10 10 0 -10
 2 24 -10 24 -10 -10 0 -10
 2 24 10 8 30 10 0 30
 2 24 -10 8 30 -10 0 30

 1 16 0 10 -10 4 0 0 0 0 4 0 0 0 4-4edge.dat
 1 16 10 10 0 0 0 0 4 0 0 0 0 4 4-4edge.dat
 1 16 -10 10 0 0 0 0 4 0 0 0 0 4 4-4edge.dat
 1 16 0 10 -10 6 0 0 0 0 6 0 0 0 4-4edge.dat
 1 16 10 10 0 0 0 0 6 0 0 0 0 6 4-4edge.dat
 1 16 -10 10 0 0 0 0 6 0 0 0 0 6 4-4edge.dat
 1 16 0 10 -18 4 0 0 0 0 4 0 0 0 4-4edge.dat
 1 16 18 10 0 0 0 0 4 0 0 0 0 4 4-4edge.dat
 1 16 -18 10 0 0 0 0 4 0 0 0 0 4 4-4edge.dat
 1 16 0 10 -30 6 0 0 0 0 6 0 0 0 4-4edge.dat
 1 16 30 10 0 0 0 0 6 0 0 0 0 6 4-4edge.dat
 1 16 -30 10 0 0 0 0 6 0 0 0 0 6 4-4edge.dat
 1 16 0 10 -30 10 0 0 0 0 10 0 0 0 4-4edge.dat
 1 16 30 10 0 0 0 0 10 0 0 0 0 10 4-4edge.dat
 1 16 -30 10 0 0 0 0 10 0 0 0 0 10 4-4edge.dat

 4 16 10 8 10 6 8 10 6 8 26 10 8 30
 4 16 -10 8 10 -6 8 10 -6 8 26 -10 8 30
 4 16 10 8 30 6 8 26 -6 8 26 -10 8 30

 4 16 10 24 10 10 4 10 -10 4 10 -10 24 10
 4 16 6 8 26 6 4 26 -6 4 26 -6 8 26
 4 16 10 8 30 10 0 30 -10 0 30 -10 8 30
 4 16 10 24 -10 10 0 -10 -10 0 -10 -10 24 -10

 4 16 6 8 26 6 4 26 6 4 10 6 8 10
 4 16 -6 8 26 -6 4 26 -6 4 10 -6 8 10
 4 16 10 24 10 10 8 10 10 0 -10 10 24 -10
 4 16 -10 24 10 -10 8 10 -10 0 -10 -10 24 -10
 4 16 10 8 30 10 0 30 10 0 -10 10 8 10
 4 16 -10 8 30 -10 0 30 -10 0 -10 -10 8 10

 1 16 0 10 -10 4 0 0 0 0 4 0 -8 0 4-4cyli.dat
 1 16 10 10 0 0 8 0 4 0 0 0 0 4 4-4cyli.dat
 1 16 -10 10 0 0 -8 0 4 0 0 0 0 4 4-4cyli.dat
 1 16 0 10 -30 6 0 0 0 0 6 0 4 0 4-4cyli.dat
 1 16 30 10 0 0 -4 0 6 0 0 0 0 6 4-4cyli.dat
 1 16 -30 10 0 0 4 0 6 0 0 0 0 6 4-4cyli.dat

 1 16 0 10 -18 1 0 0 0 0 1 0 -8 0 axlehole.dat
 1 16 18 10 0 0 8 0 0 0 1 1 0 0 axlehole.dat
 1 16 -18 10 0 0 -8 0 0 0 1 1 0 0 axlehole.dat
 1 16 0 10 -18 1 0 0 0 0 1 0 0 0 axlehol2.dat
 1 16 18 10 0 0 0 0 1 0 0 0 0 1 axlehol2.dat
 1 16 -18 10 0 0 0 0 1 0 0 0 0 1 axlehol2.dat
 1 16 0 10 -26 1 0 0 0 0 1 0 0 0 axlehol3.dat
 1 16 26 10 0 0 0 0 1 0 0 0 0 1 axlehol3.dat
 1 16 -26 10 0 0 0 0 1 0 0 0 0 1 axlehol3.dat

 4 16 6 10 -30 5.54 7.70 -30 9.24 6.17 -30 10 10 -30
 4 16 30 10 6 30 7.70 5.54 30 6.17 9.24 30 10 10
 4 16 -30 10 6 -30 7.70 5.54 -30 6.17 9.24 -30 10 10
 4 16 6 10 -10 5.54 7.70 -10 9.24 6.17 -30 10 10 -30
 5 24 6 10 -10 10 10 -30 5.54 7.70 -10 5.54 12.30 -10
 4 16 10 10 6 10 7.70 5.54 30 6.17 9.24 30 10 10
 5 24 10 10 6 30 10 10 10 7.70 5.54 10 12.30 5.54
 4 16 -10 10 6 -10 7.70 5.54 -30 6.17 9.24 -30 10 10
 5 24 -10 10 6 -30 10 10 -10 7.70 5.54 -10 12.30 5.54
 4 16 5.54 7.70 -30 4.24 5.76 -30 7.07 2.93 -30 9.24 6.17 -30
 4 16 30 7.70 5.54 30 5.76 4.24 30 2.93 7.07 30 6.17 9.24
 4 16 -30 7.70 5.54 -30 5.76 4.24 -30 2.93 7.07 -30 6.17 9.24
 4 16 5.54 7.70 -10 4.24 5.76 -10 7.07 2.93 -30 9.24 6.17 -30
 5 24 5.54 7.70 -10 9.24 6.17 -30 4.24 5.76 -10 6 10 -10
 4 16 10 7.70 5.54 10 5.76 4.24 30 2.93 7.07 30 6.17 9.24
 5 24 10 7.70 5.54 30 6.17 9.24 10 5.76 4.24 10 10 6
 4 16 -10 7.70 5.54 -10 5.76 4.24 -30 2.93 7.07 -30 6.17 9.24
 5 24 -10 7.70 5.54 -30 6.17 9.24 -10 5.76 4.24 -10 10 6
 4 16 4.24 5.76 -30 2.30 4.46 -30 3.83 0.76 -30 7.07 2.93 -30
 4 16 30 5.76 4.24 30 4.46 2.30 30 0.76 3.83 30 2.93 7.07
 4 16 -30 5.76 4.24 -30 4.46 2.30 -30 0.76 3.83 -30 2.93 7.07
 4 16 4.24 5.76 -10 2.30 4.46 -10 3.83 0.76 -30 7.07 2.93 -30
 5 24 4.24 5.76 -10 7.07 2.93 -30 2.30 4.46 -10 5.54 7.70 -10
 4 16 10 5.76 4.24 10 4.46 2.30 30 0.76 3.83 30 2.93 7.07
 5 24 10 5.76 4.24 30 2.93 7.07 10 4.46 2.30 10 7.70 5.54
 4 16 -10 5.76 4.24 -10 4.46 2.30 -30 0.76 3.83 -30 2.93 7.07
 5 24 -10 5.76 4.24 -30 2.93 7.07 -10 4.46 2.30 -10 7.70 5.54
 4 16 2.30 4.46 -30 0 4 -30 0 0 -30 3.83 0.76 -30
 4 16 30 4.46 2.30 30 4 0 30 0 0 30 0.76 3.83
 4 16 -30 4.46 2.30 -30 4 0 -30 0 0 -30 0.76 3.83
 4 16 2.30 4.46 -10 0 4 -10 0 0 -30 3.83 0.76 -30
 5 24 2.30 4.46 -10 3.83 0.76 -30 0 4 -10 4.24 5.76 -10
 4 16 10 4.46 2.30 10 4 0 30 0 0 30 0.76 3.83
 5 24 10 4.46 2.30 30 0.76 3.83 10 4 0 10 5.76 4.24
 4 16 -10 4.46 2.30 -10 4 0 -30 0 0 -30 0.76 3.83
 5 24 -10 4.46 2.30 -30 0.76 3.83 -10 4 0 -10 5.76 4.24
 4 16 0 4 -30 -2.30 4.46 -30 -3.83 0.76 -30 0 0 -30
 4 16 30 4 0 30 4.46 -2.30 30 0.76 -3.83 30 0 0
 4 16 -30 4 0 -30 4.46 -2.30 -30 0.76 -3.83 -30 0 0
 4 16 0 4 -10 -2.30 4.46 -10 -3.83 0.76 -30 0 0 -30
 5 24 0 4 -10 0 0 -30 -2.30 4.46 -10 2.30 4.46 -10
 4 16 10 4 0 10 4.46 -2.30 30 0.76 -3.83 30 0 0
 5 24 10 4 0 30 0 0 10 4.46 -2.30 10 4.46 2.30
 4 16 -10 4 0 -10 4.46 -2.30 -30 0.76 -3.83 -30 0 0
 5 24 -10 4 0 -30 0 0 -10 4.46 -2.30 -10 4.46 2.30
 4 16 -2.30 4.46 -30 -4.24 5.76 -30 -7.07 2.93 -30 -3.83 0.76 -30
 4 16 30 4.46 -2.30 30 5.76 -4.24 30 2.93 -7.07 30 0.76 -3.83
 4 16 -30 4.46 -2.30 -30 5.76 -4.24 -30 2.93 -7.07 -30 0.76 -3.83
 4 16 -2.30 4.46 -10 -4.24 5.76 -10 -7.07 2.93 -30 -3.83 0.76 -30
 5 24 -2.30 4.46 -10 -3.83 0.76 -30 -4.24 5.76 -10 0 4 -10
 4 16 10 4.46 -2.30 10 5.76 -4.24 30 2.93 -7.07 30 0.76 -3.83
 5 24 10 4.46 -2.30 30 0.76 -3.83 10 5.76 -4.24 10 4 0
 4 16 -10 4.46 -2.30 -10 5.76 -4.24 -30 2.93 -7.07 -30 0.76 -3.83
 5 24 -10 4.46 -2.30 -30 0.76 -3.83 -10 5.76 -4.24 -10 4 0
 4 16 -4.24 5.76 -30 -5.54 7.70 -30 -9.24 6.17 -30 -7.07 2.93 -30
 4 16 30 5.76 -4.24 30 7.70 -5.54 30 6.17 -9.24 30 2.93 -7.07
 4 16 -30 5.76 -4.24 -30 7.70 -5.54 -30 6.17 -9.24 -30 2.93 -7.07
 4 16 -4.24 5.76 -10 -5.54 7.70 -10 -9.24 6.17 -30 -7.07 2.93 -30
 5 24 -4.24 5.76 -10 -7.07 2.93 -30 -5.54 7.70 -10 -2.30 4.46 -10
 4 16 10 5.76 -4.24 10 7.70 -5.54 30 6.17 -9.24 30 2.93 -7.07
 5 24 10 5.76 -4.24 30 2.93 -7.07 10 7.70 -5.54 10 4.46 -2.30
 4 16 -10 5.76 -4.24 -10 7.70 -5.54 -30 6.17 -9.24 -30 2.93 -7.07
 5 24 -10 5.76 -4.24 -30 2.93 -7.07 -10 7.70 -5.54 -10 4.46 -2.30
 4 16 -5.54 7.70 -30 -6 10 -30 -10 10 -30 -9.24 6.17 -30
 4 16 30 7.70 -5.54 30 10 -6 30 10 -10 30 6.17 -9.24
 4 16 -30 7.70 -5.54 -30 10 -6 -30 10 -10 -30 6.17 -9.24
 4 16 -5.54 7.70 -10 -6 10 -10 -10 10 -30 -9.24 6.17 -30
 5 24 -5.54 7.70 -10 -9.24 6.17 -30 -6 10 -10 -4.24 5.76 -10
 4 16 10 7.70 -5.54 10 10 -6 30 10 -10 30 6.17 -9.24
 5 24 10 7.70 -5.54 30 6.17 -9.24 10 10 -6 10 5.76 -4.24
 4 16 -10 7.70 -5.54 -10 10 -6 -30 10 -10 -30 6.17 -9.24
 5 24 -10 7.70 -5.54 -30 6.17 -9.24 -10 10 -6 -10 5.76 -4.24
 4 16 -6 10 -30 -5.54 12.30 -30 -9.24 13.83 -30 -10 10 -30
 4 16 30 10 -6 30 12.30 -5.54 30 13.83 -9.24 30 10 -10
 4 16 -30 10 -6 -30 12.30 -5.54 -30 13.83 -9.24 -30 10 -10
 4 16 -6 10 -10 -5.54 12.30 -10 -9.24 13.83 -30 -10 10 -30
 5 24 -6 10 -10 -10 10 -30 -5.54 12.30 -10 -5.54 7.70 -10
 4 16 10 10 -6 10 12.30 -5.54 30 13.83 -9.24 30 10 -10
 5 24 10 10 -6 30 10 -10 10 12.30 -5.54 10 7.70 -5.54
 4 16 -10 10 -6 -10 12.30 -5.54 -30 13.83 -9.24 -30 10 -10
 5 24 -10 10 -6 -30 10 -10 -10 12.30 -5.54 -10 7.70 -5.54
 4 16 -5.54 12.30 -30 -4.24 14.24 -30 -7.07 17.07 -30 -9.24 13.83 -30
 4 16 30 12.30 -5.54 30 14.24 -4.24 30 17.07 -7.07 30 13.83 -9.24
 4 16 -30 12.30 -5.54 -30 14.24 -4.24 -30 17.07 -7.07 -30 13.83 -9.24
 4 16 -5.54 12.30 -10 -4.24 14.24 -10 -7.07 17.07 -30 -9.24 13.83 -30
 5 24 -5.54 12.30 -10 -9.24 13.83 -30 -4.24 14.24 -10 -6 10 -10
 4 16 10 12.30 -5.54 10 14.24 -4.24 30 17.07 -7.07 30 13.83 -9.24
 5 24 10 12.30 -5.54 30 13.83 -9.24 10 14.24 -4.24 10 10 -6
 4 16 -10 12.30 -5.54 -10 14.24 -4.24 -30 17.07 -7.07 -30 13.83 -9.24
 5 24 -10 12.30 -5.54 -30 13.83 -9.24 -10 14.24 -4.24 -10 10 -6
 4 16 -4.24 14.24 -30 -2.30 15.54 -30 -3.83 19.24 -30 -7.07 17.07 -30
 4 16 30 14.24 -4.24 30 15.54 -2.30 30 19.24 -3.83 30 17.07 -7.07
 4 16 -30 14.24 -4.24 -30 15.54 -2.30 -30 19.24 -3.83 -30 17.07 -7.07
 4 16 -4.24 14.24 -10 -2.30 15.54 -10 -3.83 19.24 -30 -7.07 17.07 -30
 5 24 -4.24 14.24 -10 -7.07 17.07 -30 -2.30 15.54 -10 -5.54 12.30 -10
 4 16 10 14.24 -4.24 10 15.54 -2.30 30 19.24 -3.83 30 17.07 -7.07
 5 24 10 14.24 -4.24 30 17.07 -7.07 10 15.54 -2.30 10 12.30 -5.54
 4 16 -10 14.24 -4.24 -10 15.54 -2.30 -30 19.24 -3.83 -30 17.07 -7.07
 5 24 -10 14.24 -4.24 -30 17.07 -7.07 -10 15.54 -2.30 -10 12.30 -5.54
 4 16 -2.30 15.54 -30 0 16 -30 0 20 -30 -3.83 19.24 -30
 4 16 30 15.54 -2.30 30 16 0 30 20 0 30 19.24 -3.83
 4 16 -30 15.54 -2.30 -30 16 0 -30 20 0 -30 19.24 -3.83
 4 16 -2.30 15.54 -10 0 16 -10 0 20 -30 -3.83 19.24 -30
 5 24 -2.30 15.54 -10 -3.83 19.24 -30 0 16 -10 -4.24 14.24 -10
 4 16 10 15.54 -2.30 10 16 0 30 20 0 30 19.24 -3.83
 5 24 10 15.54 -2.30 30 19.24 -3.83 10 16 0 10 14.24 -4.24
 4 16 -10 15.54 -2.30 -10 16 0 -30 20 0 -30 19.24 -3.83
 5 24 -10 15.54 -2.30 -30 19.24 -3.83 -10 16 0 -10 14.24 -4.24
 4 16 0 16 -30 2.30 15.54 -30 3.83 19.24 -30 0 20 -30
 4 16 30 16 0 30 15.54 2.30 30 19.24 3.83 30 20 0
 4 16 -30 16 0 -30 15.54 2.30 -30 19.24 3.83 -30 20 0
 4 16 0 16 -10 2.30 15.54 -10 3.83 19.24 -30 0 20 -30
 5 24 0 16 -10 0 20 -30 2.30 15.54 -10 -2.30 15.54 -10
 4 16 10 16 0 10 15.54 2.30 30 19.24 3.83 30 20 0
 5 24 10 16 0 30 20 0 10 15.54 2.30 10 15.54 -2.30
 4 16 -10 16 0 -10 15.54 2.30 -30 19.24 3.83 -30 20 0
 5 24 -10 16 0 -30 20 0 -10 15.54 2.30 -10 15.54 -2.30
 4 16 2.30 15.54 -30 4.24 14.24 -30 7.07 17.07 -30 3.83 19.24 -30
 4 16 30 15.54 2.30 30 14.24 4.24 30 17.07 7.07 30 19.24 3.83
 4 16 -30 15.54 2.30 -30 14.24 4.24 -30 17.07 7.07 -30 19.24 3.83
 4 16 2.30 15.54 -10 4.24 14.24 -10 7.07 17.07 -30 3.83 19.24 -30
 5 24 2.30 15.54 -10 3.83 19.24 -30 4.24 14.24 -10 0 16 -10
 4 16 10 15.54 2.30 10 14.24 4.24 30 17.07 7.07 30 19.24 3.83
 5 24 10 15.54 2.30 30 19.24 3.83 10 14.24 4.24 10 16 0
 4 16 -10 15.54 2.30 -10 14.24 4.24 -30 17.07 7.07 -30 19.24 3.83
 5 24 -10 15.54 2.30 -30 19.24 3.83 -10 14.24 4.24 -10 16 0
 4 16 4.24 14.24 -30 5.54 12.30 -30 9.24 13.83 -30 7.07 17.07 -30
 4 16 30 14.24 4.24 30 12.30 5.54 30 13.83 9.24 30 17.07 7.07
 4 16 -30 14.24 4.24 -30 12.30 5.54 -30 13.83 9.24 -30 17.07 7.07
 4 16 4.24 14.24 -10 5.54 12.30 -10 9.24 13.83 -30 7.07 17.07 -30
 5 24 4.24 14.24 -10 7.07 17.07 -30 5.54 12.30 -10 2.30 15.54 -10
 4 16 10 14.24 4.24 10 12.30 5.54 30 13.83 9.24 30 17.07 7.07
 5 24 10 14.24 4.24 30 17.07 7.07 10 12.30 5.54 10 15.54 2.30
 4 16 -10 14.24 4.24 -10 12.30 5.54 -30 13.83 9.24 -30 17.07 7.07
 5 24 -10 14.24 4.24 -30 17.07 7.07 -10 12.30 5.54 -10 15.54 2.30
 4 16 5.54 12.30 -30 6 10 -30 10 10 -30 9.24 13.83 -30
 4 16 30 12.30 5.54 30 10 6 30 10 10 30 13.83 9.24
 4 16 -30 12.30 5.54 -30 10 6 -30 10 10 -30 13.83 9.24
 4 16 5.54 12.30 -10 6 10 -10 10 10 -30 9.24 13.83 -30
 5 24 5.54 12.30 -10 9.24 13.83 -30 6 10 -10 4.24 14.24 -10
 4 16 10 12.30 5.54 10 10 6 30 10 10 30 13.83 9.24
 5 24 10 12.30 5.54 30 13.83 9.24 10 10 6 10 14.24 4.24
 4 16 -10 12.30 5.54 -10 10 6 -30 10 10 -30 13.83 9.24
 5 24 -10 12.30 5.54 -30 13.83 9.24 -10 10 6 -10 14.24 4.24

 1 16 0 0 0 1 0 0 0 1 0 0 0 1 stud.dat
 1 16 0 0 20 1 0 0 0 1 0 0 0 1 stud.dat
0
