0 Space Radar Dish  8 x  8
0 Name: 3961.dat
0 Author: Lutz Uhlmann
0 Official LCad update 99-03

2 24  16 4  10  16 4 -10
2 24 -16 4  10 -16 4 -10
2 24  10 4  16 -10 4  16
2 24  10 4 -16 -10 4 -16
2 24  16 8  10  16 8 -10
2 24 -16 8  10 -16 8 -10
2 24  10 8  16 -10 8  16
2 24  10 8 -16 -10 8 -16

4 16  16 4  10  16 4 -10  16 8  10  16 8 -10
4 16 -16 4  10 -16 4 -10 -16 8  10 -16 8 -10
4 16  10 4  16 -10 4  16  10 8  16 -10 8  16
4 16  10 4 -16 -10 4 -16  10 8 -16 -10 8 -16

1 16  10 4  10  6 0 0 0 1 0 0 0  6 1-4edge.dat
1 16 -10 4  10 -6 0 0 0 1 0 0 0  6 1-4edge.dat
1 16 -10 4 -10 -6 0 0 0 1 0 0 0 -6 1-4edge.dat
1 16  10 4 -10  6 0 0 0 1 0 0 0 -6 1-4edge.dat
1 16  10 8  10  6 0 0 0 1 0 0 0  6 1-4edge.dat
1 16 -10 8  10 -6 0 0 0 1 0 0 0  6 1-4edge.dat
1 16 -10 8 -10 -6 0 0 0 1 0 0 0 -6 1-4edge.dat
1 16  10 8 -10  6 0 0 0 1 0 0 0 -6 1-4edge.dat
1 16  10 4  10  6 0 0 0 4 0 0 0  6 1-4cyli.dat
1 16 -10 4  10 -6 0 0 0 4 0 0 0  6 1-4cyli.dat
1 16 -10 4 -10 -6 0 0 0 4 0 0 0 -6 1-4cyli.dat
1 16  10 4 -10  6 0 0 0 4 0 0 0 -6 1-4cyli.dat
1 16  10 4  10  6 0 0 0 1 0 0 0  6 1-4disc.dat
1 16 -10 4  10 -6 0 0 0 1 0 0 0  6 1-4disc.dat
1 16 -10 4 -10 -6 0 0 0 1 0 0 0 -6 1-4disc.dat
1 16  10 4 -10  6 0 0 0 1 0 0 0 -6 1-4disc.dat

4 16  23     8   0      22.651 8   3.994  16     8   3.994  16     8   0
4 16  22.651 8   3.994  21.613 8   7.866  16     8   7.866  16     8   3.994
4 16  21.613 8   7.866  19.919 8  11.5    16     8  10      16     8   7.866
4 16  19.919 8  11.5    17.619 8  14.784  15.196 8  13      16     8  10
4 16  17.619 8  14.784  14.784 8  17.619  13     8  15.196  15.196 8  13
4 16  14.784 8  17.619  11.5   8  19.919  10     8  16      13     8  15.196
4 16  11.5   8  19.919   7.866 8  21.613   7.866 8  16      10     8  16
4 16   7.866 8  21.613   3.994 8  22.651   3.994 8  16       7.866 8  16
4 16   3.994 8  22.651   0     8  23       0     8  16       3.994 8  16
4 16 -23     8   0     -22.651 8   3.994 -16     8   3.994 -16     8   0
4 16 -22.651 8   3.994 -21.613 8   7.866 -16     8   7.866 -16     8   3.994
4 16 -21.613 8   7.866 -19.919 8  11.5   -16     8  10     -16     8   7.866
4 16 -19.919 8  11.5   -17.619 8  14.784 -15.196 8  13     -16     8  10
4 16 -17.619 8  14.784 -14.784 8  17.619 -13     8  15.196 -15.196 8  13
4 16 -14.784 8  17.619 -11.5   8  19.919 -10     8  16     -13     8  15.196
4 16 -11.5   8  19.919  -7.866 8  21.613  -7.866 8  16     -10     8  16
4 16  -7.866 8  21.613  -3.994 8  22.651  -3.994 8  16      -7.866 8  16
4 16  -3.994 8  22.651   0     8  23       0     8  16      -3.994 8  16
4 16 -23     8   0     -22.651 8  -3.994 -16     8  -3.994 -16     8   0
4 16 -22.651 8  -3.994 -21.613 8  -7.866 -16     8  -7.866 -16     8  -3.994
4 16 -21.613 8  -7.866 -19.919 8 -11.5   -16     8 -10     -16     8  -7.866
4 16 -19.919 8 -11.5   -17.619 8 -14.784 -15.196 8 -13     -16     8 -10
4 16 -17.619 8 -14.784 -14.784 8 -17.619 -13     8 -15.196 -15.196 8 -13
4 16 -14.784 8 -17.619 -11.5   8 -19.919 -10     8 -16     -13     8 -15.196
4 16 -11.5   8 -19.919  -7.866 8 -21.613  -7.866 8 -16     -10     8 -16
4 16  -7.866 8 -21.613  -3.994 8 -22.651  -3.994 8 -16      -7.866 8 -16
4 16  -3.994 8 -22.651   0     8 -23       0     8 -16      -3.994 8 -16
4 16  23     8   0      22.651 8  -3.994  16     8  -3.994  16     8   0
4 16  22.651 8  -3.994  21.613 8  -7.866  16     8  -7.866  16     8  -3.994
4 16  21.613 8  -7.866  19.919 8 -11.5    16     8 -10      16     8  -7.866
4 16  19.919 8 -11.5    17.619 8 -14.784  15.196 8 -13      16     8 -10
4 16  17.619 8 -14.784  14.784 8 -17.619  13     8 -15.196  15.196 8 -13
4 16  14.784 8 -17.619  11.5   8 -19.919  10     8 -16      13     8 -15.196
4 16  11.5   8 -19.919   7.866 8 -21.613   7.866 8 -16      10     8 -16
4 16   7.866 8 -21.613   3.994 8 -22.651   3.994 8 -16      7.866  8 -16
4 16   3.994 8 -22.651   0     8 -23       0     8 -16      3.994  8 -16

1 16 0 4 0 8 0 0 0 1 0 0 0 8 4-4ndis.dat
4 16  10 4  16 -10 4  16 -10 4   8 10 4   8
4 16  10 4 -16 -10 4 -16 -10 4  -8 10 4  -8
4 16  16 4  10  16 4 -10   8 4 -10  8 4  10
4 16 -16 4  10 -16 4 -10  -8 4 -10 -8 4  10

3 16   0     0  20       3.473 0  19.696  0     0  6
4 16   3.473 0  19.696   6.840 0  18.794  3     0  5.196  0     0 6 
3 16   6.840 0  18.794  10     0  17.320  3     0  5.196
3 16  10     0  17.320  12.856 0  15.321  3     0  5.196
4 16  12.856 0  15.321  15.321 0  12.856  5.196 0  3      3     0 5.196
3 16  15.321 0  12.865  17.320 0  10      5.196 0  3
3 16  17.320 0  10      18.794 0   6.840  5.196 0  3
4 16  18.794 0   6.840  19.696 0   3.473  6     0  0      5.196 0 3
3 16  19.696 0   3.473  20     0   0      6     0  0
3 16   0     0  20      -3.473 0  19.696  0     0  6
4 16  -3.473 0  19.696  -6.840 0  18.794 -3     0  5.196  0     0 6 
3 16  -6.840 0  18.794 -10     0  17.320 -3     0  5.196
3 16 -10     0  17.320 -12.856 0  15.321 -3     0  5.196
4 16 -12.856 0  15.321 -15.321 0  12.856 -5.196 0  3     -3     0 5.196
3 16 -15.321 0  12.865 -17.320 0  10     -5.196 0  3
3 16 -17.320 0  10     -18.794 0   6.840 -5.196 0  3
4 16 -18.794 0   6.840 -19.696 0   3.473 -6     0  0     -5.196 0 3
3 16 -19.696 0   3.473 -20     0   0     -6     0  0
3 16   0     0 -20      -3.473 0 -19.696  0     0 -6
4 16  -3.473 0 -19.696  -6.840 0 -18.794 -3     0 -5.196  0     0 -6 
3 16  -6.840 0 -18.794 -10     0 -17.320 -3     0 -5.196
3 16 -10     0 -17.320 -12.856 0 -15.321 -3     0 -5.196
4 16 -12.856 0 -15.321 -15.321 0 -12.856 -5.196 0 -3     -3     0 -5.196
3 16 -15.321 0 -12.865 -17.320 0 -10     -5.196 0 -3
3 16 -17.320 0 -10     -18.794 0  -6.840 -5.196 0 -3
4 16 -18.794 0  -6.840 -19.696 0  -3.473 -6     0  0     -5.196 0 -3
3 16 -19.696 0  -3.473 -20     0  0      -6     0  0
3 16   0     0 -20       3.473 0 -19.696  0     0 -6
4 16   3.473 0 -19.696   6.840 0 -18.794  3     0 -5.196  0     0 -6 
3 16   6.840 0 -18.794  10     0 -17.320  3     0 -5.196
3 16  10     0 -17.320  12.856 0 -15.321  3     0 -5.196
4 16  12.856 0 -15.321  15.321 0 -12.856  5.196 0 -3      3     0 -5.196
3 16  15.321 0 -12.865  17.320 0 -10      5.196 0 -3
3 16  17.320 0 -10      18.794 0  -6.840  5.196 0 -3
4 16  18.794 0  -6.840  19.696 0  -3.473  6     0  0      5.196 0 -3
3 16  19.696 0  -3.473  20     0   0      6     0  0

1 16 0 0 0 6 0 0 0 1 0 0 0 6 4-4edge.dat
1 16 0 0 0 6 0 0 0 4 0 0 0 6 4-4cyli.dat
1 16 0 4 0 8 0 0 0 1 0 0 0 8 4-4edge.dat

2 24   0     0  20       3.473 0 19.696
2 24   3.473 0  19.696   6.840 0 18.794
2 24   6.840 0  18.794  10     0 17.320
2 24  10     0  17.320  12.856 0 15.321
2 24  12.856 0  15.321  15.321 0 12.856
2 24  15.321 0  12.865  17.320 0 10
2 24  17.320 0  10      18.794 0  6.840
2 24  18.794 0   6.840  19.696 0  3.473
2 24  19.696 0   3.473  20     0  0
2 24   0     0  20      -3.473 0 19.696
2 24  -3.473 0  19.696  -6.840 0 18.794
2 24  -6.840 0  18.794 -10     0 17.320
2 24 -10     0  17.320 -12.856 0 15.321
2 24 -12.856 0  15.321 -15.321 0 12.856
2 24 -15.321 0  12.865 -17.320 0 10
2 24 -17.320 0  10     -18.794 0  6.840
2 24 -18.794 0   6.840 -19.696 0  3.473
2 24 -19.696 0   3.473 -20     0  0
2 24   0     0 -20      -3.473 0 -19.696
2 24  -3.473 0 -19.696  -6.840 0 -18.794
2 24  -6.840 0 -18.794 -10     0 -17.320
2 24 -10     0 -17.320 -12.856 0 -15.321
2 24 -12.856 0 -15.321 -15.321 0 -12.856
2 24 -15.321 0 -12.865 -17.320 0 -10
2 24 -17.320 0 -10     -18.794 0  -6.840
2 24 -18.794 0  -6.840 -19.696 0  -3.473
2 24 -19.696 0  -3.473 -20     0   0
2 24   0     0 -20       3.473 0 -19.696
2 24   3.473 0 -19.696   6.840 0 -18.794
2 24   6.840 0 -18.794  10     0 -17.320
2 24  10     0 -17.320  12.856 0 -15.321
2 24  12.856 0 -15.321  15.321 0 -12.856
2 24  15.321 0 -12.865  17.320 0 -10
2 24  17.320 0 -10      18.794 0  -6.840
2 24  18.794 0  -6.840  19.696 0  -3.473
2 24  19.696 0  -3.473  20     0   0

2 24   0     4  23       3.994 4  22.651
2 24   3.994 4  22.651   7.866 4  21.613
2 24   7.866 4  21.613  11.5   4  19.919
2 24  11.5   4  19.919  14.784 4  17.619
2 24  14.784 4  17.619  17.619 4  14.784
2 24  17.619 4  14.784  19.919 4  11.5
2 24  19.919 4  11.5    21.613 4   7.866
2 24  21.613 4   7.866  22.651 4   3.994
2 24  22.651 4   3.994  23     4   0
2 24   0     4  23      -3.994 4  22.651
2 24  -3.994 4  22.651  -7.866 4  21.613
2 24  -7.866 4  21.613 -11.5   4  19.919
2 24 -11.5   4  19.919 -14.784 4  17.619
2 24 -14.784 4  17.619 -17.619 4  14.784
2 24 -17.619 4  14.784 -19.919 4  11.5
2 24 -19.919 4  11.5   -21.613 4   7.866
2 24 -21.613 4   7.866 -22.651 4   3.994
2 24 -22.651 4   3.994 -23     4   0
2 24   0     4 -23      -3.994 4 -22.651
2 24  -3.994 4 -22.651  -7.866 4 -21.613
2 24  -7.866 4 -21.613 -11.5   4 -19.919
2 24 -11.5   4 -19.919 -14.784 4 -17.619
2 24 -14.784 4 -17.619 -17.619 4 -14.784
2 24 -17.619 4 -14.784 -19.919 4 -11.5
2 24 -19.919 4 -11.5   -21.613 4  -7.866
2 24 -21.613 4  -7.866 -22.651 4  -3.994
2 24 -22.651 4  -3.994 -23     4   0
2 24   0     4 -23       3.994 4 -22.651
2 24   3.994 4 -22.651   7.866 4 -21.613
2 24   7.866 4 -21.613  11.5   4 -19.919
2 24  11.5   4 -19.919  14.784 4 -17.619
2 24  14.784 4 -17.619  17.619 4 -14.784
2 24  17.619 4 -14.784  19.919 4 -11.5
2 24  19.919 4 -11.5    21.613 4  -7.866
2 24  21.613 4  -7.866  22.651 4  -3.994
2 24  22.651 4  -3.994  23     4   0

2 24   0     8  23       3.994 8  22.651
2 24   3.994 8  22.651   7.866 8  21.613
2 24   7.866 8  21.613  11.5   8  19.919
2 24  11.5   8  19.919  14.784 8  17.619
2 24  14.784 8  17.619  17.619 8  14.784
2 24  17.619 8  14.784  19.919 8  11.5
2 24  19.919 8  11.5    21.613 8   7.866
2 24  21.613 8   7.866  22.651 8   3.994
2 24  22.651 8   3.994  23     8   0
2 24   0     8  23      -3.994 8  22.651
2 24  -3.994 8  22.651  -7.866 8  21.613
2 24  -7.866 8  21.613 -11.5   8  19.919
2 24 -11.5   8  19.919 -14.784 8  17.619
2 24 -14.784 8  17.619 -17.619 8  14.784
2 24 -17.619 8  14.784 -19.919 8  11.5
2 24 -19.919 8  11.5   -21.613 8   7.866
2 24 -21.613 8   7.866 -22.651 8   3.994
2 24 -22.651 8   3.994 -23     8   0
2 24   0     8 -23      -3.994 8 -22.651
2 24  -3.994 8 -22.651  -7.866 8 -21.613
2 24  -7.866 8 -21.613 -11.5   8 -19.919
2 24 -11.5   8 -19.919 -14.784 8 -17.619
2 24 -14.784 8 -17.619 -17.619 8 -14.784
2 24 -17.619 8 -14.784 -19.919 8 -11.5
2 24 -19.919 8 -11.5   -21.613 8  -7.866
2 24 -21.613 8  -7.866 -22.651 8  -3.994
2 24 -22.651 8  -3.994 -23     8   0
2 24   0     8 -23       3.994 8 -22.651
2 24   3.994 8 -22.651   7.866 8 -21.613
2 24   7.866 8 -21.613  11.5   8 -19.919
2 24  11.5   8 -19.919  14.784 8 -17.619
2 24  14.784 8 -17.619  17.619 8 -14.784
2 24  17.619 8 -14.784  19.919 8 -11.5
2 24  19.919 8 -11.5    21.613 8  -7.866
2 24  21.613 8  -7.866  22.651 8  -3.994
2 24  22.651 8  -3.994  23     8   0

2 24   0     16  80      13.892 16  78.785
2 24  13.892 16  78.785  27.362 16  75.175
2 24  27.362 16  75.175  40     16  69.282
2 24  40     16  69.282  51.423 16  61.283
2 24  51.423 16  61.283  61.283 16  51.423
2 24  61.283 16  51.423  69.282 16  40
2 24  69.282 16  40      75.175 16  27.362
2 24  75.175 16  27.362  78.785 16  13.892
2 24  78.785 16  13.892  80     16   0
2 24   0     16  80     -13.892 16  78.785
2 24 -13.892 16  78.785 -27.362 16  75.175
2 24 -27.362 16  75.175 -40     16  69.282
2 24 -40     16  69.282 -51.423 16  61.283
2 24 -51.423 16  61.283 -61.283 16  51.423
2 24 -61.283 16  51.423 -69.282 16  40
2 24 -69.282 16  40     -75.175 16  27.362
2 24 -75.175 16  27.362 -78.785 16  13.892
2 24 -78.785 16  13.892 -80     16   0
2 24   0     16 -80     -13.892 16 -78.785
2 24 -13.892 16 -78.785 -27.362 16 -75.175
2 24 -27.362 16 -75.175 -40     16 -69.282
2 24 -40     16 -69.282 -51.423 16 -61.283
2 24 -51.423 16 -61.283 -61.283 16 -51.423
2 24 -61.283 16 -51.423 -69.282 16 -40
2 24 -69.282 16 -40     -75.175 16 -27.362
2 24 -75.175 16 -27.362 -78.785 16 -13.892
2 24 -78.785 16 -13.892 -80     16   0
2 24   0     16 -80      13.892 16 -78.785
2 24  13.892 16 -78.785  27.362 16 -75.175
2 24  27.362 16 -75.175  40     16 -69.282
2 24  40     16 -69.282  51.423 16 -61.283
2 24  51.423 16 -61.283  61.283 16 -51.423
2 24  61.283 16 -51.423  69.282 16 -40
2 24  69.282 16 -40      75.175 16 -27.362
2 24  75.175 16 -27.362  78.785 16 -13.892
2 24  78.785 16 -13.892  80     16   0

2 24   0     24  80      13.892 24  78.785
2 24  13.892 24  78.785  27.362 24  75.175
2 24  27.362 24  75.175  40     24  69.282
2 24  40     24  69.282  51.423 24  61.283
2 24  51.423 24  61.283  61.283 24  51.423
2 24  61.283 24  51.423  69.282 24  40
2 24  69.282 24  40      75.175 24  27.362
2 24  75.175 24  27.362  78.785 24  13.892
2 24  78.785 24  13.892  80     24   0
2 24   0     24  80     -13.892 24  78.785
2 24 -13.892 24  78.785 -27.362 24  75.175
2 24 -27.362 24  75.175 -40     24  69.282
2 24 -40     24  69.282 -51.423 24  61.283
2 24 -51.423 24  61.283 -61.283 24  51.423
2 24 -61.283 24  51.423 -69.282 24  40
2 24 -69.282 24  40     -75.175 24  27.362
2 24 -75.175 24  27.362 -78.785 24  13.892
2 24 -78.785 24  13.892 -80     24   0
2 24   0     24 -80     -13.892 24 -78.785
2 24 -13.892 24 -78.785 -27.362 24 -75.175
2 24 -27.362 24 -75.175 -40     24 -69.282
2 24 -40     24 -69.282 -51.423 24 -61.283
2 24 -51.423 24 -61.283 -61.283 24 -51.423
2 24 -61.283 24 -51.423 -69.282 24 -40
2 24 -69.282 24 -40     -75.175 24 -27.362
2 24 -75.175 24 -27.362 -78.785 24 -13.892
2 24 -78.785 24 -13.892 -80     24   0
2 24   0     24 -80      13.892 24 -78.785
2 24  13.892 24 -78.785  27.362 24 -75.175
2 24  27.362 24 -75.175  40     24 -69.282
2 24  40     24 -69.282  51.423 24 -61.283
2 24  51.423 24 -61.283  61.283 24 -51.423
2 24  61.283 24 -51.423  69.282 24 -40
2 24  69.282 24 -40      75.175 24 -27.362
2 24  75.175 24 -27.362  78.785 24 -13.892
2 24  78.785 24 -13.892  80     24   0

2 24   0     24  76.5    13.284 24  75.338
2 24  13.284 24  75.338  26.265 24  71.886
2 24  26.265 24  71.886  38.25  24  66.251
2 24  38.25  24  66.251  49.173 24  58.602
2 24  49.173 24  58.602  58.602 24  49.173
2 24  58.602 24  49.173  66.251 24  38.25
2 24  66.251 24  38.25   71.886 24  26.265
2 24  71.886 24  26.265  75.338 24  13.284
2 24  75.338 24  13.284  76.5   24   0
2 24   0     24  76.5   -13.284 24  75.338
2 24 -13.284 24  75.338 -26.265 24  71.886
2 24 -26.265 24  71.886 -38.25  24  66.251
2 24 -38.25  24  66.251 -49.173 24  58.602
2 24 -49.173 24  58.602 -58.602 24  49.173
2 24 -58.602 24  49.173 -66.251 24  38.25
2 24 -66.251 24  38.25  -71.886 24  26.265
2 24 -71.886 24  26.265 -75.338 24  13.284
2 24 -75.338 24  13.284 -76.5   24   0
2 24   0     24 -76.5   -13.284 24 -75.338
2 24 -13.284 24 -75.338 -26.265 24 -71.886
2 24 -26.265 24 -71.886 -38.25  24 -66.251
2 24 -38.25  24 -66.251 -49.173 24 -58.602
2 24 -49.173 24 -58.602 -58.602 24 -49.173
2 24 -58.602 24 -49.173 -66.251 24 -38.25
2 24 -66.251 24 -38.25  -71.886 24 -26.265
2 24 -71.886 24 -26.265 -75.338 24 -13.284
2 24 -75.338 24 -13.284 -76.5   24   0
2 24   0     24 -76.5    13.284 24 -75.338
2 24  13.284 24 -75.338  26.265 24 -71.886
2 24  26.265 24 -71.886  38.25  24 -66.251
2 24  38.25  24 -66.251  49.173 24 -58.602
2 24  49.173 24 -58.602  58.602 24 -49.173
2 24  58.602 24 -49.173  66.251 24 -38.25
2 24  66.251 24 -38.25   71.886 24 -26.265
2 24  71.886 24 -26.265  75.338 24 -13.284
2 24  75.338 24 -13.284  76.5   24   0

2 24   0     20  76.5    13.284 20  75.338
2 24  13.284 20  75.338  26.265 20  71.886
2 24  26.265 20  71.886  38.25  20  66.251
2 24  38.25  20  66.251  49.173 20  58.602
2 24  49.173 20  58.602  58.602 20  49.173
2 24  58.602 20  49.173  66.251 20  38.25
2 24  66.251 20  38.25   71.886 20  26.265
2 24  71.886 20  26.265  75.338 20  13.284
2 24  75.338 20  13.284  76.5   20   0
2 24   0     20  76.5   -13.284 20  75.338
2 24 -13.284 20  75.338 -26.265 20  71.886
2 24 -26.265 20  71.886 -38.25  20  66.251
2 24 -38.25  20  66.251 -49.173 20  58.602
2 24 -49.173 20  58.602 -58.602 20  49.173
2 24 -58.602 20  49.173 -66.251 20  38.25
2 24 -66.251 20  38.25  -71.886 20  26.265
2 24 -71.886 20  26.265 -75.338 20  13.284
2 24 -75.338 20  13.284 -76.5   20   0
2 24   0     20 -76.5   -13.284 20 -75.338
2 24 -13.284 20 -75.338 -26.265 20 -71.886
2 24 -26.265 20 -71.886 -38.25  20 -66.251
2 24 -38.25  20 -66.251 -49.173 20 -58.602
2 24 -49.173 20 -58.602 -58.602 20 -49.173
2 24 -58.602 20 -49.173 -66.251 20 -38.25
2 24 -66.251 20 -38.25  -71.886 20 -26.265
2 24 -71.886 20 -26.265 -75.338 20 -13.284
2 24 -75.338 20 -13.284 -76.5   20   0
2 24   0     20 -76.5    13.284 20 -75.338
2 24  13.284 20 -75.338  26.265 20 -71.886
2 24  26.265 20 -71.886  38.25  20 -66.251
2 24  38.25  20 -66.251  49.173 20 -58.602
2 24  49.173 20 -58.602  58.602 20 -49.173
2 24  58.602 20 -49.173  66.251 20 -38.25
2 24  66.251 20 -38.25   71.886 20 -26.265
2 24  71.886 20 -26.265  75.338 20 -13.284
2 24  75.338 20 -13.284  76.5   20   0

4 16   0     24  76.5    13.284 24  75.338  13.892 24  78.785   0     24  80
4 16  13.284 24  75.338  26.265 24  71.886  27.362 24  75.175  13.892 24  78.785
4 16  26.265 24  71.886  38.25  24  66.251  40     24  69.282  27.362 24  75.175
4 16  38.25  24  66.251  49.173 24  58.602  51.423 24  61.284  40     24  69.282
4 16  49.173 24  58.602  58.602 24  49.173  61.284 24  51.423  51.423 24  61.284
4 16  58.602 24  49.173  66.251 24  38.25   69.282 24  40      61.284 24  51.423
4 16  66.251 24  38.25   71.886 24  26.265  75.175 24  27.362  69.282 24  40
4 16  71.886 24  26.265  75.338 24  13.284  78.785 24  13.892  75.175 24  27.362
4 16  75.338 24  13.284  76.5   24   0      80     24   0      78.785 24  13.892
4 16   0     24  76.5   -13.284 24  75.338 -13.892 24  78.785   0     24  80
4 16 -13.284 24  75.338 -26.265 24  71.886 -27.362 24  75.175 -13.892 24  78.785
4 16 -26.265 24  71.886 -38.25  24  66.251 -40     24  69.282 -27.362 24  75.175
4 16 -38.25  24  66.251 -49.173 24  58.602 -51.423 24  61.284 -40     24  69.282
4 16 -49.173 24  58.602 -58.602 24  49.173 -61.284 24  51.423 -51.423 24  61.284
4 16 -58.602 24  49.173 -66.251 24  38.25  -69.282 24  40     -61.284 24  51.423
4 16 -66.251 24  38.25  -71.886 24  26.265 -75.175 24  27.362 -69.282 24  40
4 16 -71.886 24  26.265 -75.338 24  13.284 -78.785 24  13.892 -75.175 24  27.362
4 16 -75.338 24  13.284 -76.5   24   0     -80     24   0     -78.785 24  13.892
4 16   0     24 -76.5   -13.284 24 -75.338 -13.892 24 -78.785   0     24 -80
4 16 -13.284 24 -75.338 -26.265 24 -71.886 -27.362 24 -75.175 -13.892 24 -78.785
4 16 -26.265 24 -71.886 -38.25  24 -66.251 -40     24 -69.282 -27.362 24 -75.175
4 16 -38.25  24 -66.251 -49.173 24 -58.602 -51.423 24 -61.284 -40     24 -69.282
4 16 -49.173 24 -58.602 -58.602 24 -49.173 -61.284 24 -51.423 -51.423 24 -61.284
4 16 -58.602 24 -49.173 -66.251 24 -38.25  -69.282 24 -40     -61.284 24 -51.423
4 16 -66.251 24 -38.25  -71.886 24 -26.265 -75.175 24 -27.362 -69.282 24 -40
4 16 -71.886 24 -26.265 -75.338 24 -13.284 -78.785 24 -13.892 -75.175 24 -27.362
4 16 -75.338 24 -13.284 -76.5   24   0     -80     24   0     -78.785 24 -13.892
4 16   0     24 -76.5    13.284 24 -75.338  13.892 24 -78.785   0     24 -80
4 16  13.284 24 -75.338  26.265 24 -71.886  27.362 24 -75.175  13.892 24 -78.785
4 16  26.265 24 -71.886  38.25  24 -66.251  40     24 -69.282  27.362 24 -75.175
4 16  38.25  24 -66.251  49.173 24 -58.602  51.423 24 -61.284  40     24 -69.282
4 16  49.173 24 -58.602  58.602 24 -49.173  61.284 24 -51.423  51.423 24 -61.284
4 16  58.602 24 -49.173  66.251 24 -38.25   69.282 24 -40      61.284 24 -51.423
4 16  66.251 24 -38.25   71.886 24 -26.265  75.175 24 -27.362  69.282 24 -40
4 16  71.886 24 -26.265  75.338 24 -13.284  78.785 24 -13.892  75.175 24 -27.362
4 16  75.338 24 -13.284  76.5   24   0      80     24   0      78.785 24 -13.892

4 16   0     24  76.5     0     20  76.5    13.284 20  75.338  13.284 24  75.338
4 16  13.284 24  75.338  13.284 20  75.338  26.265 20  71.886  26.265 24  71.886
4 16  26.265 24  71.886  26.265 20  71.886  38.25  20  66.251  38.25  24  66.251
4 16  38.25  24  66.251  38.25  20  66.251  49.173 20  58.602  49.173 24  58.602
4 16  49.173 24  58.602  49.173 20  58.602  58.602 20  49.173  58.602 24  49.173
4 16  58.602 24  49.173  58.602 20  49.173  66.251 20  38.25   66.251 24  38.25
4 16  66.251 24  38.25   66.251 20  38.25   71.886 20  26.265  71.886 24  26.265
4 16  71.886 24  26.265  71.886 20  26.265  75.338 20  13.284  75.338 24  13.284
4 16  75.338 24  13.284  75.338 20  13.284  76.5   20   0      76.5   24   0
4 16   0     24  76.5     0     20  76.5   -13.284 20  75.338 -13.284 24  75.338
4 16 -13.284 24  75.338 -13.284 20  75.338 -26.265 20  71.886 -26.265 24  71.886
4 16 -26.265 24  71.886 -26.265 20  71.886 -38.25  20  66.251 -38.25  24  66.251
4 16 -38.25  24  66.251 -38.25  20  66.251 -49.173 20  58.602 -49.173 24  58.602
4 16 -49.173 24  58.602 -49.173 20  58.602 -58.602 20  49.173 -58.602 24  49.173
4 16 -58.602 24  49.173 -58.602 20  49.173 -66.251 20  38.25  -66.251 24  38.25
4 16 -66.251 24  38.25  -66.251 20  38.25  -71.886 20  26.265 -71.886 24  26.265
4 16 -71.886 24  26.265 -71.886 20  26.265 -75.338 20  13.284 -75.338 24  13.284
4 16 -75.338 24  13.284 -75.338 20  13.284 -76.5   20   0     -76.5   24   0
4 16   0     24 -76.5     0     20 -76.5   -13.284 20 -75.338 -13.284 24 -75.338
4 16 -13.284 24 -75.338 -13.284 20 -75.338 -26.265 20 -71.886 -26.265 24 -71.886
4 16 -26.265 24 -71.886 -26.265 20 -71.886 -38.25  20 -66.251 -38.25  24 -66.251
4 16 -38.25  24 -66.251 -38.25  20 -66.251 -49.173 20 -58.602 -49.173 24 -58.602
4 16 -49.173 24 -58.602 -49.173 20 -58.602 -58.602 20 -49.173 -58.602 24 -49.173
4 16 -58.602 24 -49.173 -58.602 20 -49.173 -66.251 20 -38.25  -66.251 24 -38.25
4 16 -66.251 24 -38.25  -66.251 20 -38.25  -71.886 20 -26.265 -71.886 24 -26.265
4 16 -71.886 24 -26.265 -71.886 20 -26.265 -75.338 20 -13.284 -75.338 24 -13.284
4 16 -75.338 24 -13.284 -75.338 20 -13.284 -76.5   20   0     -76.5   24   0
4 16   0     24 -76.5     0     20 -76.5    13.284 20 -75.338  13.284 24 -75.338
4 16  13.284 24 -75.338  13.284 20 -75.338  26.265 20 -71.886  26.265 24 -71.886
4 16  26.265 24 -71.886  26.265 20 -71.886  38.25  20 -66.251  38.25  24 -66.251
4 16  38.25  24 -66.251  38.25  20 -66.251  49.173 20 -58.602  49.173 24 -58.602
4 16  49.173 24 -58.602  49.173 20 -58.602  58.602 20 -49.173  58.602 24 -49.173
4 16  58.602 24 -49.173  58.602 20 -49.173  66.251 20 -38.25   66.251 24 -38.25
4 16  66.251 24 -38.25   66.251 20 -38.25   71.886 20 -26.265  71.886 24 -26.265
4 16  71.886 24 -26.265  71.886 20 -26.265  75.338 20 -13.284  75.338 24 -13.284
4 16  75.338 24 -13.284  75.338 20 -13.284  76.5   20   0      76.5   24   0

4 16   0     4  23       0     8  23       3.994 8  22.651   3.994 4  22.651
4 16   3.994 4  22.651   3.994 8  22.651   7.866 8  21.613   7.866 4  21.613
4 16   7.866 4  21.613   7.866 8  21.613  11.5   8  19.919  11.5   4  19.919
4 16  11.5   4  19.919  11.5   8  19.919  14.784 8  17.619  14.784 4  17.619
4 16  14.784 4  17.619  14.784 8  17.619  17.619 8  14.784  17.619 4  14.784
4 16  17.619 4  14.784  17.619 8  14.784  19.919 8  11.5    19.919 4  11.5
4 16  19.919 4  11.5    19.919 8  11.5    21.613 8   7.866  21.613 4   7.866
4 16  21.613 4   7.866  21.613 8   7.866  22.651 8   3.994  22.651 4   3.994
4 16  22.651 4   3.994  22.651 8   3.994  23     8   0      23     4   0
4 16   0     4  23       0     8  23      -3.994 8  22.651  -3.994 4  22.651
4 16  -3.994 4  22.651  -3.994 8  22.651  -7.866 8  21.613  -7.866 4  21.613
4 16  -7.866 4  21.613  -7.866 8  21.613 -11.5   8  19.919 -11.5   4  19.919
4 16 -11.5   4  19.919 -11.5   8  19.919 -14.784 8  17.619 -14.784 4  17.619
4 16 -14.784 4  17.619 -14.784 8  17.619 -17.619 8  14.784 -17.619 4  14.784
4 16 -17.619 4  14.784 -17.619 8  14.784 -19.919 8  11.5   -19.919 4  11.5
4 16 -19.919 4  11.5   -19.919 8  11.5   -21.613 8   7.866 -21.613 4   7.866
4 16 -21.613 4   7.866 -21.613 8   7.866 -22.651 8   3.994 -22.651 4   3.994
4 16 -22.651 4   3.994 -22.651 8   3.994 -23     8   0     -23     4   0
4 16   0     4 -23       0     8 -23      -3.994 8 -22.651  -3.994 4 -22.651
4 16  -3.994 4 -22.651  -3.994 8 -22.651  -7.866 8 -21.613  -7.866 4 -21.613
4 16  -7.866 4 -21.613  -7.866 8 -21.613 -11.5   8 -19.919 -11.5   4 -19.919
4 16 -11.5   4 -19.919 -11.5   8 -19.919 -14.784 8 -17.619 -14.784 4 -17.619
4 16 -14.784 4 -17.619 -14.784 8 -17.619 -17.619 8 -14.784 -17.619 4 -14.784
4 16 -17.619 4 -14.784 -17.619 8 -14.784 -19.919 8 -11.5   -19.919 4 -11.5
4 16 -19.919 4 -11.5   -19.919 8 -11.5   -21.613 8  -7.866 -21.613 4  -7.866
4 16 -21.613 4  -7.866 -21.613 8  -7.866 -22.651 8  -3.994 -22.651 4  -3.994
4 16 -22.651 4  -3.994 -22.651 8  -3.994 -23     8   0     -23     4   0
4 16   0     4 -23       0     8 -23       3.994 8 -22.651   3.994 4 -22.651
4 16   3.994 4 -22.651   3.994 8 -22.651   7.866 8 -21.613   7.866 4 -21.613
4 16   7.866 4 -21.613   7.866 8 -21.613  11.5   8 -19.919  11.5   4 -19.919
4 16  11.5   4 -19.919  11.5   8 -19.919  14.784 8 -17.619  14.784 4 -17.619
4 16  14.784 4 -17.619  14.784 8 -17.619  17.619 8 -14.784  17.619 4 -14.784
4 16  17.619 4 -14.784  17.619 8 -14.784  19.919 8 -11.5    19.919 4 -11.5
4 16  19.919 4 -11.5    19.919 8 -11.5    21.613 8  -7.866  21.613 4  -7.866
4 16  21.613 4  -7.866  21.613 8  -7.866  22.651 8  -3.994  22.651 4  -3.994
4 16  22.651 4  -3.994  22.651 8  -3.994  23     8   0      23     4   0


4 16   0     16  80       0     24  80      13.892 24  78.785  13.892 16  78.785
4 16  13.892 16  78.785  13.892 24  78.785  27.362 24  75.175  27.362 16  75.175
4 16  27.362 16  75.175  27.362 24  75.175  40     24  69.282  40     16  69.282
4 16  40     16  69.282  40     24  69.282  51.423 24  61.283  51.423 16  61.283
4 16  51.423 16  61.283  51.423 24  61.283  61.283 24  51.423  61.283 16  51.423
4 16  61.283 16  51.423  61.283 24  51.423  69.282 24  40      69.282 16  40
4 16  69.282 16  40      69.282 24  40      75.175 24  27.362  75.175 16  27.362
4 16  75.175 16  27.362  75.175 24  27.362  78.785 24  13.892  78.785 16  13.892
4 16  78.785 16  13.892  78.785 24  13.892  80     24   0      80     16   0
4 16   0     16  80       0     24  80     -13.892 24  78.785 -13.892 16  78.785
4 16 -13.892 16  78.785 -13.892 24  78.785 -27.362 24  75.175 -27.362 16  75.175
4 16 -27.362 16  75.175 -27.362 24  75.175 -40     24  69.282 -40     16  69.282
4 16 -40     16  69.282 -40     24  69.282 -51.423 24  61.283 -51.423 16  61.283
4 16 -51.423 16  61.283 -51.423 24  61.283 -61.283 24  51.423 -61.283 16  51.423
4 16 -61.283 16  51.423 -61.283 24  51.423 -69.282 24  40     -69.282 16  40
4 16 -69.282 16  40     -69.282 24  40     -75.175 24  27.362 -75.175 16  27.362
4 16 -75.175 16  27.362 -75.175 24  27.362 -78.785 24  13.892 -78.785 16  13.892
4 16 -78.785 16  13.892 -78.785 24  13.892 -80     24   0     -80     16   0
4 16   0     16 -80       0     24 -80     -13.892 24 -78.785 -13.892 16 -78.785
4 16 -13.892 16 -78.785 -13.892 24 -78.785 -27.362 24 -75.175 -27.362 16 -75.175
4 16 -27.362 16 -75.175 -27.362 24 -75.175 -40     24 -69.282 -40     16 -69.282
4 16 -40     16 -69.282 -40     24 -69.282 -51.423 24 -61.283 -51.423 16 -61.283
4 16 -51.423 16 -61.283 -51.423 24 -61.283 -61.283 24 -51.423 -61.283 16 -51.423
4 16 -61.283 16 -51.423 -61.283 24 -51.423 -69.282 24 -40     -69.282 16 -40
4 16 -69.282 16 -40     -69.282 24 -40     -75.175 24 -27.362 -75.175 16 -27.362
4 16 -75.175 16 -27.362 -75.175 24 -27.362 -78.785 24 -13.892 -78.785 16 -13.892
4 16 -78.785 16 -13.892 -78.785 24 -13.892 -80     24   0     -80     16   0
4 16   0     16 -80       0     24 -80      13.892 24 -78.785  13.892 16 -78.785
4 16  13.892 16 -78.785  13.892 24 -78.785  27.362 24 -75.175  27.362 16 -75.175
4 16  27.362 16 -75.175  27.362 24 -75.175  40     24 -69.282  40     16 -69.282
4 16  40     16 -69.282  40     24 -69.282  51.423 24 -61.283  51.423 16 -61.283
4 16  51.423 16 -61.283  51.423 24 -61.283  61.283 24 -51.423  61.283 16 -51.423
4 16  61.283 16 -51.423  61.283 24 -51.423  69.282 24 -40      69.282 16 -40
4 16  69.282 16 -40      69.282 24 -40      75.175 24 -27.362  75.175 16 -27.362
4 16  75.175 16 -27.362  75.175 24 -27.362  78.785 24 -13.892  78.785 16 -13.892
4 16  78.785 16 -13.892  78.785 24 -13.892  80     24   0      80     16   0

4 16   0     4  23       3.994 4  22.651   6.946 7  39.392   0     7  40
4 16   3.994 4  22.651   7.866 4  21.613  13.681 7  37.588   6.946 7  39.392
4 16   7.866 4  21.613  11.5   4  19.919  20     7  34.641  13.681 7  37.588
4 16  11.5   4  19.919  14.784 4  17.619  25.711 7  30.642  20     7  34.641
4 16  14.784 4  17.619  17.619 4  14.784  30.642 7  25.711  25.711 7  30.642
4 16  17.619 4  14.784  19.919 4  11.5    34.641 7  20      30.642 7  25.711
4 16  19.919 4  11.5    21.613 4   7.866  37.588 7  13.681  34.641 7  20
4 16  21.613 4   7.866  22.651 4   3.994  39.392 7   6.946  37.588 7  13.681
4 16  22.651 4   3.994  23     4   0      40     7   0      39.392 7   6.946
4 16   0     4  23      -3.994 4  22.651  -6.946 7  39.392   0     7  40
4 16  -3.994 4  22.651  -7.866 4  21.613 -13.681 7  37.588  -6.946 7  39.392
4 16  -7.866 4  21.613 -11.5   4  19.919 -20     7  34.641 -13.681 7  37.588
4 16 -11.5   4  19.919 -14.784 4  17.619 -25.711 7  30.642 -20     7  34.641
4 16 -14.784 4  17.619 -17.619 4  14.784 -30.642 7  25.711 -25.711 7  30.642
4 16 -17.619 4  14.784 -19.919 4  11.5   -34.641 7  20     -30.642 7  25.711
4 16 -19.919 4  11.5   -21.613 4   7.866 -37.588 7  13.681 -34.641 7  20
4 16 -21.613 4   7.866 -22.651 4   3.994 -39.392 7   6.946 -37.588 7  13.681
4 16 -22.651 4   3.994 -23     4   0     -40     7   0     -39.392 7   6.946
4 16   0     4 -23      -3.994 4 -22.651  -6.946 7 -39.392   0     7 -40
4 16  -3.994 4 -22.651  -7.866 4 -21.613 -13.681 7 -37.588  -6.946 7 -39.392
4 16  -7.866 4 -21.613 -11.5   4 -19.919 -20     7 -34.641 -13.681 7 -37.588
4 16 -11.5   4 -19.919 -14.784 4 -17.619 -25.711 7 -30.642 -20     7 -34.641
4 16 -14.784 4 -17.619 -17.619 4 -14.784 -30.642 7 -25.711 -25.711 7 -30.642
4 16 -17.619 4 -14.784 -19.919 4 -11.5   -34.641 7 -20     -30.642 7 -25.711
4 16 -19.919 4 -11.5   -21.613 4  -7.866 -37.588 7 -13.681 -34.641 7 -20
4 16 -21.613 4  -7.866 -22.651 4  -3.994 -39.392 7  -6.946 -37.588 7 -13.681
4 16 -22.651 4  -3.994 -23     4   0     -40     7   0     -39.392 7  -6.946
4 16   0     4 -23       3.994 4 -22.651   6.946 7 -39.392   0     7 -40
4 16   3.994 4 -22.651   7.866 4 -21.613  13.681 7 -37.588   6.946 7 -39.392
4 16   7.866 4 -21.613  11.5   4 -19.919  20     7 -34.641  13.681 7 -37.588
4 16  11.5   4 -19.919  14.784 4 -17.619  25.711 7 -30.642  20     7 -34.641
4 16  14.784 4 -17.619  17.619 4 -14.784  30.642 7 -25.711  25.711 7 -30.642
4 16  17.619 4 -14.784  19.919 4 -11.5    34.641 7 -20      30.642 7 -25.711
4 16  19.919 4 -11.5    21.613 4  -7.866  37.588 7 -13.681  34.641 7 -20
4 16  21.613 4  -7.866  22.651 4  -3.994  39.392 7  -6.946  37.588 7 -13.681
4 16  22.651 4  -3.994  23     4   0      40     7   0      39.392 7  -6.946

4 16   0     20  76.5    13.284 20  75.338  10.419 13  59.088   0     13  60 
4 16  13.284 20  75.338  26.265 20  71.886  20.521 13  56.382  10.419 13  59.088
4 16  26.265 20  71.886  38.25  20  66.251  30     13  51.962  20.521 13  56.382
4 16  38.25  20  66.251  49.173 20  58.602  38.567 13  45.963  30     13  51.962
4 16  49.173 20  58.602  58.602 20  49.173  45.963 13  38.567  38.567 13  45.963
4 16  58.602 20  49.173  66.251 20  38.25   51.962 13  30      45.963 13  38.567
4 16  66.251 20  38.25   71.886 20  26.265  56.832 13  20.521  51.962 13  30
4 16  71.886 20  26.265  75.338 20  13.284  59.088 13  10.419  56.832 13  20.521
4 16  75.338 20  13.284  76.5   20   0      60     13   0      59.088 13  10.419
4 16   0     20  76.5   -13.284 20  75.338 -10.419 13  59.088   0     13  60 
4 16 -13.284 20  75.338 -26.265 20  71.886 -20.521 13  56.382 -10.419 13  59.088
4 16 -26.265 20  71.886 -38.25  20  66.251 -30     13  51.962 -20.521 13  56.382
4 16 -38.25  20  66.251 -49.173 20  58.602 -38.567 13  45.963 -30     13  51.962
4 16 -49.173 20  58.602 -58.602 20  49.173 -45.963 13  38.567 -38.567 13  45.963
4 16 -58.602 20  49.173 -66.251 20  38.25  -51.962 13  30     -45.963 13  38.567
4 16 -66.251 20  38.25  -71.886 20  26.265 -56.832 13  20.521 -51.962 13  30
4 16 -71.886 20  26.265 -75.338 20  13.284 -59.088 13  10.419 -56.832 13  20.521
4 16 -75.338 20  13.284 -76.5   20   0     -60     13   0     -59.088 13  10.419
4 16   0     20 -76.5   -13.284 20 -75.338 -10.419 13 -59.088   0     13 -60 
4 16 -13.284 20 -75.338 -26.265 20 -71.886 -20.521 13 -56.382 -10.419 13 -59.088
4 16 -26.265 20 -71.886 -38.25  20 -66.251 -30     13 -51.962 -20.521 13 -56.382
4 16 -38.25  20 -66.251 -49.173 20 -58.602 -38.567 13 -45.963 -30     13 -51.962
4 16 -49.173 20 -58.602 -58.602 20 -49.173 -45.963 13 -38.567 -38.567 13 -45.963
4 16 -58.602 20 -49.173 -66.251 20 -38.25  -51.962 13 -30     -45.963 13 -38.567
4 16 -66.251 20 -38.25  -71.886 20 -26.265 -56.832 13 -20.521 -51.962 13 -30
4 16 -71.886 20 -26.265 -75.338 20 -13.284 -59.088 13 -10.419 -56.832 13 -20.521
4 16 -75.338 20 -13.284 -76.5   20   0     -60     13   0     -59.088 13 -10.419
4 16   0     20 -76.5    13.284 20 -75.338  10.419 13 -59.088   0     13 -60 
4 16  13.284 20 -75.338  26.265 20 -71.886  20.521 13 -56.382  10.419 13 -59.088
4 16  26.265 20 -71.886  38.25  20 -66.251  30     13 -51.962  20.521 13 -56.382
4 16  38.25  20 -66.251  49.173 20 -58.602  38.567 13 -45.963  30     13 -51.962
4 16  49.173 20 -58.602  58.602 20 -49.173  45.963 13 -38.567  38.567 13 -45.963
4 16  58.602 20 -49.173  66.251 20 -38.25   51.962 13 -30      45.963 13 -38.567
4 16  66.251 20 -38.25   71.886 20 -26.265  56.832 13 -20.521  51.962 13 -30
4 16  71.886 20 -26.265  75.338 20 -13.284  59.088 13 -10.419  56.832 13 -20.521
4 16  75.338 20 -13.284  76.5   20   0      60     13   0      59.088 13 -10.419

4 16  10.419 13  59.088   0     13  60       0     7  40       6.946 7  39.392
4 16  20.521 13  56.382  10.419 13  59.088   6.946 7  39.392  13.681 7  37.588
4 16  30     13  51.962  20.521 13  56.382  13.681 7  37.588  20     7  34.641
4 16  38.567 13  45.963  30     13  51.962  20     7  34.641  25.711 7  30.642
4 16  45.963 13  38.567  38.567 13  45.963  25.711 7  30.642  30.642 7  25.711
4 16  51.962 13  30      45.963 13  38.567  30.642 7  25.711  34.641 7  20
4 16  56.832 13  20.521  51.962 13  30      34.641 7  20      37.588 7  13.681
4 16  59.088 13  10.419  56.832 13  20.521  37.588 7  13.681  39.392 7   6.946
4 16  60     13   0      59.088 13  10.419  39.392 7   6.946  40     7   0
4 16 -10.419 13  59.088   0     13  60       0     7  40      -6.946 7  39.392
4 16 -20.521 13  56.382 -10.419 13  59.088  -6.946 7  39.392 -13.681 7  37.588
4 16 -30     13  51.962 -20.521 13  56.382 -13.681 7  37.588 -20     7  34.641
4 16 -38.567 13  45.963 -30     13  51.962 -20     7  34.641 -25.711 7  30.642
4 16 -45.963 13  38.567 -38.567 13  45.963 -25.711 7  30.642 -30.642 7  25.711
4 16 -51.962 13  30     -45.963 13  38.567 -30.642 7  25.711 -34.641 7  20
4 16 -56.832 13  20.521 -51.962 13  30     -34.641 7  20     -37.588 7  13.681
4 16 -59.088 13  10.419 -56.832 13  20.521 -37.588 7  13.681 -39.392 7   6.946
4 16 -60     13   0     -59.088 13  10.419 -39.392 7   6.946 -40     7   0
4 16 -10.419 13 -59.088   0     13 -60       0     7 -40      -6.946 7 -39.392
4 16 -20.521 13 -56.382 -10.419 13 -59.088  -6.946 7 -39.392 -13.681 7 -37.588
4 16 -30     13 -51.962 -20.521 13 -56.382 -13.681 7 -37.588 -20     7 -34.641
4 16 -38.567 13 -45.963 -30     13 -51.962 -20     7 -34.641 -25.711 7 -30.642
4 16 -45.963 13 -38.567 -38.567 13 -45.963 -25.711 7 -30.642 -30.642 7 -25.711
4 16 -51.962 13 -30     -45.963 13 -38.567 -30.642 7 -25.711 -34.641 7 -20
4 16 -56.832 13 -20.521 -51.962 13 -30     -34.641 7 -20     -37.588 7 -13.681
4 16 -59.088 13 -10.419 -56.832 13 -20.521 -37.588 7 -13.681 -39.392 7  -6.946
4 16 -60     13   0     -59.088 13 -10.419 -39.392 7  -6.946 -40     7   0
4 16  10.419 13 -59.088   0     13 -60       0     7 -40       6.946 7 -39.392
4 16  20.521 13 -56.382  10.419 13 -59.088   6.946 7 -39.392  13.681 7 -37.588
4 16  30     13 -51.962  20.521 13 -56.382  13.681 7 -37.588  20     7 -34.641
4 16  38.567 13 -45.963  30     13 -51.962  20     7 -34.641  25.711 7 -30.642
4 16  45.963 13 -38.567  38.567 13 -45.963  25.711 7 -30.642  30.642 7 -25.711
4 16  51.962 13 -30      45.963 13 -38.567  30.642 7 -25.711  34.641 7 -20
4 16  56.832 13 -20.521  51.962 13 -30      34.641 7 -20      37.588 7 -13.681
4 16  59.088 13 -10.419  56.832 13 -20.521  37.588 7 -13.681  39.392 7  -6.946
4 16  60     13   0      59.088 13 -10.419  39.392 7  -6.946  40     7   0

4 16   0     0  20       3.473 0  19.696   6.946 3  39.392   0     3  40
4 16   3.473 0  19.696   6.840 0  18.794  13.681 3  37.588   6.946 3  39.392
4 16   6.840 0  18.794  10     0  17.320  20     3  34.641  13.681 3  37.588
4 16  10     0  17.320  12.856 0  15.321  25.711 3  30.642  20     3  34.641
4 16  12.856 0  15.321  15.321 0  12.856  30.642 3  25.711  25.711 3  30.642
4 16  15.321 0  12.865  17.320 0  10      34.641 3  20      30.642 3  25.711
4 16  17.320 0  10      18.794 0   6.840  37.588 3  13.681  34.641 3  20
4 16  18.794 0   6.840  19.696 0   3.473  39.392 3   6.946  37.588 3  13.681
4 16  19.696 0   3.473  20     0   0      40     3   0      39.392 3   6.946
4 16   0     0  20      -3.473 0  19.696  -6.946 3  39.392   0     3  40
4 16  -3.473 0  19.696  -6.840 0  18.794 -13.681 3  37.588  -6.946 3  39.392
4 16  -6.840 0  18.794 -10     0  17.320 -20     3  34.641 -13.681 3  37.588
4 16 -10     0  17.320 -12.856 0  15.321 -25.711 3  30.642 -20     3  34.641
4 16 -12.856 0  15.321 -15.321 0  12.856 -30.642 3  25.711 -25.711 3  30.642
4 16 -15.321 0  12.865 -17.320 0  10     -34.641 3  20     -30.642 3  25.711
4 16 -17.320 0  10     -18.794 0   6.840 -37.588 3  13.681 -34.641 3  20
4 16 -18.794 0   6.840 -19.696 0   3.473 -39.392 3   6.946 -37.588 3  13.681
4 16 -19.696 0   3.473 -20     0   0     -40     3   0     -39.392 3   6.946
4 16   0     0 -20      -3.473 0 -19.696  -6.946 3 -39.392   0     3 -40
4 16  -3.473 0 -19.696  -6.840 0 -18.794 -13.681 3 -37.588  -6.946 3 -39.392
4 16  -6.840 0 -18.794 -10     0 -17.320 -20     3 -34.641 -13.681 3 -37.588
4 16 -10     0 -17.320 -12.856 0 -15.321 -25.711 3 -30.642 -20     3 -34.641
4 16 -12.856 0 -15.321 -15.321 0 -12.856 -30.642 3 -25.711 -25.711 3 -30.642
4 16 -15.321 0 -12.865 -17.320 0 -10     -34.641 3 -20     -30.642 3 -25.711
4 16 -17.320 0 -10     -18.794 0  -6.840 -37.588 3 -13.681 -34.641 3 -20
4 16 -18.794 0  -6.840 -19.696 0  -3.473 -39.392 3  -6.946 -37.588 3 -13.681
4 16 -19.696 0  -3.473 -20     0   0     -40     3   0     -39.392 3  -6.946
4 16   0     0 -20       3.473 0 -19.696   6.946 3 -39.392   0     3 -40
4 16   3.473 0 -19.696   6.840 0 -18.794  13.681 3 -37.588   6.946 3 -39.392
4 16   6.840 0 -18.794  10     0 -17.320  20     3 -34.641  13.681 3 -37.588
4 16  10     0 -17.320  12.856 0 -15.321  25.711 3 -30.642  20     3 -34.641
4 16  12.856 0 -15.321  15.321 0 -12.856  30.642 3 -25.711  25.711 3 -30.642
4 16  15.321 0 -12.865  17.320 0 -10      34.641 3 -20      30.642 3 -25.711
4 16  17.320 0 -10      18.794 0  -6.840  37.588 3 -13.681  34.641 3 -20
4 16  18.794 0  -6.840  19.696 0  -3.473  39.392 3  -6.946  37.588 3 -13.681
4 16  19.696 0  -3.473  20     0   0      40     3   0      39.392 3  -6.946

4 16  10.419 9  59.088   0     9  60       0     3  40       6.946 3  39.392
4 16  20.521 9  56.382  10.419 9  59.088   6.946 3  39.392  13.681 3  37.588
4 16  30     9  51.962  20.521 9  56.382  13.681 3  37.588  20     3  34.641
4 16  38.567 9  45.963  30     9  51.962  20     3  34.641  25.711 3  30.642
4 16  45.963 9  38.567  38.567 9  45.963  25.711 3  30.642  30.642 3  25.711
4 16  51.962 9  30      45.963 9  38.567  30.642 3  25.711  34.641 3  20
4 16  56.832 9  20.521  51.962 9  30      34.641 3  20      37.588 3  13.681
4 16  59.088 9  10.419  56.832 9  20.521  37.588 3  13.681  39.392 3   6.946
4 16  60     9   0      59.088 9  10.419  39.392 3   6.946  40     3   0
4 16 -10.419 9  59.088   0     9  60       0     3  40      -6.946 3  39.392
4 16 -20.521 9  56.382 -10.419 9  59.088  -6.946 3  39.392 -13.681 3  37.588
4 16 -30     9  51.962 -20.521 9  56.382 -13.681 3  37.588 -20     3  34.641
4 16 -38.567 9  45.963 -30     9  51.962 -20     3  34.641 -25.711 3  30.642
4 16 -45.963 9  38.567 -38.567 9  45.963 -25.711 3  30.642 -30.642 3  25.711
4 16 -51.962 9  30     -45.963 9  38.567 -30.642 3  25.711 -34.641 3  20
4 16 -56.832 9  20.521 -51.962 9  30     -34.641 3  20     -37.588 3  13.681
4 16 -59.088 9  10.419 -56.832 9  20.521 -37.588 3  13.681 -39.392 3   6.946
4 16 -60     9   0     -59.088 9  10.419 -39.392 3   6.946 -40     3   0
4 16 -10.419 9 -59.088   0     9 -60       0     3 -40      -6.946 3 -39.392
4 16 -20.521 9 -56.382 -10.419 9 -59.088  -6.946 3 -39.392 -13.681 3 -37.588
4 16 -30     9 -51.962 -20.521 9 -56.382 -13.681 3 -37.588 -20     3 -34.641
4 16 -38.567 9 -45.963 -30     9 -51.962 -20     3 -34.641 -25.711 3 -30.642
4 16 -45.963 9 -38.567 -38.567 9 -45.963 -25.711 3 -30.642 -30.642 3 -25.711
4 16 -51.962 9 -30     -45.963 9 -38.567 -30.642 3 -25.711 -34.641 3 -20
4 16 -56.832 9 -20.521 -51.962 9 -30     -34.641 3 -20     -37.588 3 -13.681
4 16 -59.088 9 -10.419 -56.832 9 -20.521 -37.588 3 -13.681 -39.392 3  -6.946
4 16 -60     9   0     -59.088 9 -10.419 -39.392 3  -6.946 -40     3   0
4 16  10.419 9 -59.088   0     9 -60       0     3 -40       6.946 3 -39.392
4 16  20.521 9 -56.382  10.419 9 -59.088   6.946 3 -39.392  13.681 3 -37.588
4 16  30     9 -51.962  20.521 9 -56.382  13.681 3 -37.588  20     3 -34.641
4 16  38.567 9 -45.963  30     9 -51.962  20     3 -34.641  25.711 3 -30.642
4 16  45.963 9 -38.567  38.567 9 -45.963  25.711 3 -30.642  30.642 3 -25.711
4 16  51.962 9 -30      45.963 9 -38.567  30.642 3 -25.711  34.641 3 -20
4 16  56.832 9 -20.521  51.962 9 -30      34.641 3 -20      37.588 3 -13.681
4 16  59.088 9 -10.419  56.832 9 -20.521  37.588 3 -13.681  39.392 3  -6.946
4 16  60     9   0      59.088 9 -10.419  39.392 3  -6.946  40     3   0

4 16   0     16  80      13.892 16  78.785  10.419 9  59.088   0     9  60
4 16  13.892 16  78.785  27.362 16  75.175  20.521 9  56.382  10.419 9  59.088
4 16  27.362 16  75.175  40     16  69.282  30     9  51.962  20.521 9  56.382
4 16  40     16  69.282  51.423 16  61.284  38.567 9  45.963  30     9  51.962
4 16  51.423 16  61.284  61.284 16  51.423  45.963 9  38.567  38.567 9  45.963
4 16  61.284 16  51.423  69.282 16  40      51.962 9  30      45.963 9  38.567
4 16  69.282 16  40      75.175 16  27.362  56.832 9  20.521  51.962 9  30
4 16  75.175 16  27.362  78.785 16  13.892  59.088 9  10.419  56.832 9  20.521
4 16  78.785 16  13.892  80     16   0      60     9   0      59.088 9  10.419
4 16   0     16  80     -13.892 16  78.785 -10.419 9  59.088   0     9  60
4 16 -13.892 16  78.785 -27.362 16  75.175 -20.521 9  56.382 -10.419 9  59.088
4 16 -27.362 16  75.175 -40     16  69.282 -30     9  51.962 -20.521 9  56.382
4 16 -40     16  69.282 -51.423 16  61.284 -38.567 9  45.963 -30     9  51.962
4 16 -51.423 16  61.284 -61.284 16  51.423 -45.963 9  38.567 -38.567 9  45.963
4 16 -61.284 16  51.423 -69.282 16  40     -51.962 9  30     -45.963 9  38.567
4 16 -69.282 16  40     -75.175 16  27.362 -56.832 9  20.521 -51.962 9  30
4 16 -75.175 16  27.362 -78.785 16  13.892 -59.088 9  10.419 -56.832 9  20.521
4 16 -78.785 16  13.892 -80     16   0     -60     9   0     -59.088 9  10.419
4 16   0     16 -80     -13.892 16 -78.785 -10.419 9 -59.088   0     9 -60
4 16 -13.892 16 -78.785 -27.362 16 -75.175 -20.521 9 -56.382 -10.419 9 -59.088
4 16 -27.362 16 -75.175 -40     16 -69.282 -30     9 -51.962 -20.521 9 -56.382
4 16 -40     16 -69.282 -51.423 16 -61.284 -38.567 9 -45.963 -30     9 -51.962
4 16 -51.423 16 -61.284 -61.284 16 -51.423 -45.963 9 -38.567 -38.567 9 -45.963
4 16 -61.284 16 -51.423 -69.282 16 -40     -51.962 9 -30     -45.963 9 -38.567
4 16 -69.282 16 -40     -75.175 16 -27.362 -56.832 9 -20.521 -51.962 9 -30
4 16 -75.175 16 -27.362 -78.785 16 -13.892 -59.088 9 -10.419 -56.832 9 -20.521
4 16 -78.785 16 -13.892 -80     16   0     -60     9   0     -59.088 9 -10.419
4 16   0     16 -80      13.892 16 -78.785  10.419 9 -59.088   0     9 -60
4 16  13.892 16 -78.785  27.362 16 -75.175  20.521 9 -56.382  10.419 9 -59.088
4 16  27.362 16 -75.175  40     16 -69.282  30     9 -51.962  20.521 9 -56.382
4 16  40     16 -69.282  51.423 16 -61.284  38.567 9 -45.963  30     9 -51.962
4 16  51.423 16 -61.284  61.284 16 -51.423  45.963 9 -38.567  38.567 9 -45.963
4 16  61.284 16 -51.423  69.282 16 -40      51.962 9 -30      45.963 9 -38.567
4 16  69.282 16 -40      75.175 16 -27.362  56.832 9 -20.521  51.962 9 -30
4 16  75.175 16 -27.362  78.785 16 -13.892  59.088 9 -10.419  56.832 9 -20.521
4 16  78.785 16 -13.892  80     16   0      60     9   0      59.088 9 -10.419

1 16  10 0  10 1 0 0 0 1 0 0 0 1 stud.dat
1 16 -10 0  10 1 0 0 0 1 0 0 0 1 stud.dat
1 16 -10 0 -10 1 0 0 0 1 0 0 0 1 stud.dat
1 16  10 0 -10 1 0 0 0 1 0 0 0 1 stud.dat
1 16 0 4 0 1 0 0 0 -1 0 0 0 1 stud4a.dat
0