0 Slope Brick 45  2 x  2 Double Concave
0 Name: 40.dat
0 Author: James Jessiman
0 Original LDraw Part - LDraw beta 0.27 Archive

 1 16 10 20 -10 1 0 0 0 -1 0 0 0 1 stud4a.dat
 1 16 10 4 -10 6 0 0 0 0 0 0 0 6 3-4edge.dat
 1 16 10 4 -10 6 0 0 0 0 6 0 0 -6 1-8edge.dat
 1 16 10 4 -10 0 0 6 0 0 6 -6 0 0 1-8edge.dat
 1 16 10 4 -10 8 0 0 0 0 0 0 0 8 3-4edge.dat
 1 16 10 4 -10 8 0 0 0 0 8 0 0 -8 1-8edge.dat
 1 16 10 4 -10 0 0 8 0 0 8 -8 0 0 1-8edge.dat
 1 16 10 10 -10 0 0 6 0 -6 0 -6 0 0 1-4cyls.dat
 1 16 10 10 -10 6 0 0 0 -6 0 0 0 -6 1-4cyls.dat
 1 16 10 4 -10 6 0 0 0 16 0 0 0 6 3-4cyli.dat
 1 16 10 10 -10 6 0 0 0 10 0 0 0 -6 1-4cyli.dat
 1 16 10 12 -10 0 0 8 0 -8 0 -8 0 0 1-4cyls.dat
 1 16 10 12 -10 8 0 0 0 -8 0 0 0 -8 1-4cyls.dat
 1 16 10 4 -10 8 0 0 0 16 0 0 0 8 3-4cyli.dat
 1 16 10 12 -10 8 0 0 0 8 0 0 0 -8 1-4cyli.dat

 2 24 26 24 6 -6 24 6
 2 24 -6 24 6 -6 24 -26
 2 24 -6 24 -26 26 24 -26
 2 24 26 24 -26 26 24 6

 2 24 30 24 10 -10 24 10
 2 24 -10 24 10 -10 24 -30
 2 24 -10 24 -30 30 24 -30
 2 24 30 24 -30 30 24 10

 2 24 26 4 -10 26 4 6
 2 24 26 4 -10 10 4 -10
 2 24 10 4 -26 10 4 -10
 2 24 10 4 -26 -6 4 -26
 2 24 26 4  6 -6 4 6
 2 24 -6 4 -26 -6 4 6

 2 24 26 4 -10 26 20 -26
 2 24 26 20 -26 26 24 -26
 2 24 26 4 6 26 24 6
 2 24 10 4 -26 26 20 -26
 2 24 10 4 -10 26 20 -26
 2 24 -6 4 -26 -6 24 -26
 2 24 -6 4 6 -6 24 6

 2 24 30 0 -10 30 0 10
 2 24 30 0 -10 10 0 -10
 2 24 10 0 -30 10 0 -10
 2 24 10 0 -30 -10 0 -30
 2 24 30 0 10 -10 0 10
 2 24 -10 0 -30 -10 0 10

 2 24 30 0 -10 30 20 -30
 2 24 30 20 -30 30 24 -30
 2 24 30 0 10 30 24 10
 2 24 10 0 -30 30 20 -30
 2 24 10 0 -10 30 20 -30
 2 24 -10 0 -30 -10 24 -30
 2 24 -10 0 10 -10 24 10

 4 16 30 24 10 26 24 6 -6 24 6 -10 24 10
 4 16 -10 24 10 -6 24 6 -6 24 -26 -10 24 -30
 4 16 -10 24 -30 -6 24 -26 26 24 -26 30 24 -30
 4 16 30 24 -30 26 24 -26 26 24 6 30 24 10

 4 16 26 4 -10 26 4 6 -6 4 6 -6 4 -10
 4 16 10 4 -10 10 4 -26 -6 4 -26 -6 4 -10
 4 16 26 4 -10 26 20 -26 26 20 -26 10 4 -10
 4 16 10 4 -26 26 20 -26 26 20 -26 10 4 -10
 4 16 30 0 -10 30 0 10 -10 0 10 -10 0 -10
 4 16 10 0 -10 10 0 -30 -10 0 -30 -10 0 -10
 4 16 30 0 -10 30 20 -30 30 20 -30 10 0 -10
 4 16 10 0 -30 30 20 -30 30 20 -30 10 0 -10

 4 16 26 24 -26 26 4 -10 26 4 6 26 24 6
 4 16 26 24 -26 10 4 -26 -6 4 -26 -6 24 -26
 4 16 26 24   6 26 4 6 -6 4 6 -6 24 6
 4 16 -6 24 -26 -6 4 -26 -6 4 6 -6 24 6
 3 16 26 24 -26 26 20 -26 26 4 -10
 3 16 26 24 -26 26 20 -26 10 4 -26
 4 16 30 24 -30 30 0 -10 30 0 10 30 24 10
 4 16 30 24 -30 10 0 -30 -10 0 -30 -10 24 -30
 4 16 30 24 10 30 0 10 -10 0 10 -10 24 10
 4 16 -10 24 -30 -10 0 -30 -10 0 10 -10 24 10
 3 16 30 24 -30 30 20 -30 30 0 -10
 3 16 30 24 -30 30 20 -30 10 0 -30

 1 16 20 0 0 1 0 0 0 1 0 0 0 1 stud.dat
 1 16 0 0 0 1 0 0 0 1 0 0 0 1 stud.dat
 1 16 0 0 -20 1 0 0 0 1 0 0 0 1 stud.dat
0
