0 Plate  2 x  2 Round
0 Name: 4032.dat
0 Author: James Jessiman
0 Original LDraw Part - LDraw beta 0.27 Archive

 2 24 20    8  0    18.48 8  7.65
 2 24 18.48 8  7.65 16    8 11.36
 2 24 16    8 11.36 16    4 11.36
 2 24 16    4 11.36 14.14 4 14.14
 2 24 14.14 4 14.14 11.36 4 16
 2 24 11.36 4 16    11.36 8 16
 2 24 11.36 8 16     7.65 8 18.48
 2 24  7.65 8 18.48  0    8 20
 2 24 -20    8  0    -18.48 8  7.65
 2 24 -18.48 8  7.65 -16    8 11.36
 2 24 -16    8 11.36 -16    4 11.36
 2 24 -16    4 11.36 -14.14 4 14.14
 2 24 -14.14 4 14.14 -11.36 4 16
 2 24 -11.36 4 16    -11.36 8 16
 2 24 -11.36 8 16     -7.65 8 18.48
 2 24  -7.65 8 18.48   0    8 20
 2 24 20    8   0    18.48 8  -7.65
 2 24 18.48 8  -7.65 16    8 -11.36
 2 24 16    8 -11.36 16    4 -11.36
 2 24 16    4 -11.36 14.14 4 -14.14
 2 24 14.14 4 -14.14 11.36 4 -16
 2 24 11.36 4 -16    11.36 8 -16
 2 24 11.36 8 -16     7.65 8 -18.48
 2 24  7.65 8 -18.48  0    8 -20
 2 24 -20    8   0    -18.48 8  -7.65
 2 24 -18.48 8  -7.65 -16    8 -11.36
 2 24 -16    8 -11.36 -16    4 -11.36
 2 24 -16    4 -11.36 -14.14 4 -14.14
 2 24 -14.14 4 -14.14 -11.36 4 -16
 2 24 -11.36 4 -16    -11.36 8 -16
 2 24 -11.36 8 -16     -7.65 8 -18.48
 2 24  -7.65 8 -18.48  -0    8 -20

 2 24 16    8  0 16 8 11.36
 2 24 11.35 8 16  0 8 16
 2 24 16    4  0 16 4 11.36
 2 24 11.35 4 16  0 4 16
 2 24 -16    8  0 -16 8 11.36
 2 24 -11.35 8 16   0 8 16
 2 24 -16    4  0 -16 4 11.36
 2 24 -11.35 4 16   0 4 16
 2 24 16    8   0 16 8 -11.36
 2 24 11.35 8 -16  0 8 -16
 2 24 16    4   0 16 4 -11.36
 2 24 11.35 4 -16  0 4 -16
 2 24 -16    8   0 -16 8 -11.36
 2 24 -11.35 8 -16   0 8 -16
 2 24 -16    4   0 -16 4 -11.36
 2 24 -11.35 4 -16   0 4 -16

 1 16 0 4 0 1 0 0 0 -1 0 0 0 1 stud4a.dat
 1 16 0 4 0 8 0 0 0 0 0 0 0 8 4-4edge.dat

 1 16 0 4 0 1 0 0 0 0 0 0 0 1 axlehol3.dat
 1 16 0 0 0 1 0 0 0 4 0 0 0 1 axlehole.dat
 1 16 0 0 0 1 0 0 0 0 0 0 0 1 axlehol2.dat

 1 16 0 0 0 20 0 0 0 0 0 0 0 20 4-4edge.dat

 4 16 20 8  0 18.48 8  7.65 16    8 11.36 16 8  0
 4 16  0 8 20  7.65 8 18.48 11.36 8 16     0 8 16
 4 16 -20 8  0 -18.48 8  7.65 -16    8 11.36 -16 8  0
 4 16   0 8 20  -7.65 8 18.48 -11.36 8 16      0 8 16
 4 16 20 8   0 18.48 8  -7.65 16    8 -11.36 16 8   0
 4 16  0 8 -20  7.65 8 -18.48 11.36 8 -16     0 8 -16
 4 16 -20 8   0 -18.48 8  -7.65 -16    8 -11.36 -16 8   0
 4 16   0 8 -20  -7.65 8 -18.48 -11.36 8 -16      0 8 -16

 4 16 20    8  0    20    4  0    18.48 4  7.65 18.48 8  7.65
 4 16  0    8 20     0    4 20     7.65 4 18.48  7.65 8 18.48
 4 16 18.48 8  7.65 18.48 4  7.65 16    4 11.36 16    8 11.36
 4 16  7.65 8 18.48  7.65 4 18.48 11.36 4 16    11.36 8 16
 4 16 16    8 11.36 16    4 11.36 16    4  0    16    8  0
 4 16 11.36 8 16    11.36 4 16     0    4 16     0    8 16
 4 16 -20    8  0    -20    4  0    -18.48 4  7.65 -18.48 8  7.65
 4 16   0    8 20      0    4 20     -7.65 4 18.48  -7.65 8 18.48
 4 16 -18.48 8  7.65 -18.48 4  7.65 -16    4 11.36 -16    8 11.36
 4 16  -7.65 8 18.48  -7.65 4 18.48 -11.36 4 16    -11.36 8 16
 4 16 -16    8 11.36 -16    4 11.36 -16    4  0    -16    8  0
 4 16 -11.36 8 16    -11.36 4 16      0    4 16      0    8 16
 4 16 20    8   0    20    4   0    18.48 4  -7.65 18.48 8  -7.65
 4 16  0    8 -20     0    4 -20     7.65 4 -18.48  7.65 8 -18.48
 4 16 18.48 8  -7.65 18.48 4  -7.65 16    4 -11.36 16    8 -11.36
 4 16  7.65 8 -18.48  7.65 4 -18.48 11.36 4 -16    11.36 8 -16
 4 16 16    8 -11.36 16    4 -11.36 16    4   0    16    8   0
 4 16 11.36 8 -16    11.36 4 -16     0    4 -16     0    8 -16
 4 16 -20    8   0    -20    4   0    -18.48 4  -7.65 -18.48 8  -7.65
 4 16   0    8 -20      0    4 -20     -7.65 4 -18.48  -7.65 8 -18.48
 4 16 -18.48 8  -7.65 -18.48 4  -7.65 -16    4 -11.36 -16    8 -11.36
 4 16  -7.65 8 -18.48  -7.65 4 -18.48 -11.36 4 -16    -11.36 8 -16
 4 16 -16    8 -11.36 -16    4 -11.36 -16    4   0    -16    8   0
 4 16 -11.36 8 -16    -11.36 4 -16      0    4 -16      0    8 -16

 1 16 0 0 0 20 0 0 0 4 0 0 0 20 4-4cyli.dat

 4 16  8 4  0    16    4  0    16    4 11.36 5.65 4 5.65
 4 16 16 4 11.36 14.14 4 14.14 11.36 4 16    5.65 4 5.65
 4 16  0 4  8     0    4 16    11.36 4 16    5.65 4 5.65
 4 16  -8 4  0    -16    4  0    -16    4 11.36 -5.65 4 5.65
 4 16 -16 4 11.36 -14.14 4 14.14 -11.36 4 16    -5.65 4 5.65
 4 16   0 4  8      0    4 16    -11.36 4 16    -5.65 4 5.65
 4 16  8 4   0    16    4   0    16    4 -11.36 5.65 4 -5.65
 4 16 16 4 -11.36 14.14 4 -14.14 11.36 4 -16    5.65 4 -5.65
 4 16  0 4  -8     0    4 -16    11.36 4 -16    5.65 4 -5.65
 4 16  -8 4   0    -16    4   0    -16    4 -11.36 -5.65 4 -5.65
 4 16 -16 4 -11.36 -14.14 4 -14.14 -11.36 4 -16    -5.65 4 -5.65
 4 16   0 4  -8      0    4 -16    -11.36 4 -16    -5.65 4 -5.65

 4 16 0 0 6 -2.30 0 5.54 -7.65 0 18.48 0 0 20
 4 16 -2.30 0 5.54 -4.24 0 4.24 -14.14 0 14.14 -7.65 0 18.48
 4 16 -4.24 0 4.24 -5.54 0 2.30 -18.48 0 7.65 -14.14 0 14.14
 4 16 -5.54 0 2.30 -6 0 0 -20 0 0 -18.48 0 7.65
 4 16 -6 0 0 -5.54 0 -2.30 -18.48 0 -7.65 -20 0 0
 4 16 -5.54 0 -2.30 -4.24 0 -4.24 -14.14 0 -14.14 -18.48 0 -7.65
 4 16 -4.24 0 -4.24 -2.30 0 -5.54 -7.65 0 -18.48 -14.14 0 -14.14
 4 16 -2.30 0 -5.54 0 0 -6 0 0 -20 -7.65 0 -18.48
 4 16 0 0 -6 2.30 0 -5.54 7.65 0 -18.48 0 0 -20
 4 16 2.30 0 -5.54 4.24 0 -4.24 14.14 0 -14.14 7.65 0 -18.48
 4 16 4.24 0 -4.24 5.54 0 -2.30 18.48 0 -7.65 14.14 0 -14.14
 4 16 5.54 0 -2.30 6 0 0 20 0 0 18.48 0 -7.65
 4 16 6 0 0 5.54 0 2.30 18.48 0 7.65 20 0 0
 4 16 5.54 0 2.30 4.24 0 4.24 14.14 0 14.14 18.48 0 7.65
 4 16 4.24 0 4.24 2.30 0 5.54 7.65 0 18.48 14.14 0 14.14
 4 16 2.30 0 5.54 0 0 6 0 0 20 7.65 0 18.48

 5 24 0 4 20 0 8 20 -7.65 4 18.48 7.65 4 18.48
 5 24 -7.65 4 18.48 -7.65 8 18.48 -14.14 4 14.14 0 4 20
 5 24 -18.48 4 7.65 -18.48 8 7.65 -20 4 0 -14.14 4 14.14
 5 24 -20 4 0 -20 8 0 -18.48 4 -7.65 -18.48 4 7.65
 5 24 -18.48 4 -7.65 -18.48 8 -7.65 -14.14 4 -14.14 -20 4 0
 5 24 -7.65 4 -18.48 -7.65 8 -18.48 0 4 -20 -14.14 4 -14.14
 5 24 0 4 -20 0 8 -20 7.65 4 -18.48 -7.65 4 -18.48
 5 24 7.65 4 -18.48 7.65 8 -18.48 14.14 4 -14.14 0 4 -20
 5 24 18.48 4 -7.65 18.48 8 -7.65 20 4 0 14.14 4 -14.14
 5 24 20 4 0 20 8 0 18.48 4 7.65 18.48 4 -7.65
 5 24 18.48 4 7.65 18.48 8 7.65 14.14 4 14.14 20 4 0
 5 24 7.65 4 18.48 7.65 8 18.48 0 4 20 14.14 4 14.14


 1 16 10 0 10 1 0 0 0 1 0 0 0 1 stud.dat
 1 16 -10 0 10 1 0 0 0 1 0 0 0 1 stud.dat
 1 16 10 0 -10 1 0 0 0 1 0 0 0 1 stud.dat
 1 16 -10 0 -10 1 0 0 0 1 0 0 0 1 stud.dat
0
