0 Glass for Train Window  1 x  4 x  3
0 Name: 4034.dat
0 Author: James Jessiman
0 Official LCad update 99-01

 2 24 26 8 -10 -26 8 -10
 2 24 -30 12 -10 -30 60 -10
 2 24 -26 64 -10 26 64 -10
 2 24 30 60 -10 30 12 -10
 1 16 26 12 -10 4 0 0 0 0 -4 0 0 0 1-4edge.dat
 1 16 26 60 -10 4 0 0 0 0 4 0 0 0 1-4edge.dat
 1 16 -26 12 -10 -4 0 0 0 0 -4 0 0 0 1-4edge.dat
 1 16 -26 60 -10 -4 0 0 0 0 4 0 0 0 1-4edge.dat

 2 24 26 8 -6 -26 8 -6
 2 24 -30 12 -6 -30 60 -6
 2 24 -26 64 -6 -36 64 -6
 2 24 -36 64 -6 -36 4 -6
 2 24 -36 4 -6 36 4 -6
 2 24 36 4 -6 36 64 -6
 2 24 36 64 -6 26 64 -6
 2 24 30 60 -6 30 12 -6
 1 16 26 12 -6 4 0 0 0 0 -4 0 0 0 1-4edge.dat
 1 16 26 60 -6 4 0 0 0 0 4 0 0 0 1-4edge.dat
 1 16 -26 12 -6 -4 0 0 0 0 -4 0 0 0 1-4edge.dat
 1 16 -26 60 -6 -4 0 0 0 0 4 0 0 0 1-4edge.dat

 2 24 36 4 -2 -36 4 -2
 2 24 -36 4 -2 -36 64 -2
 2 24 -36 64 -2 36 64 -2
 2 24 36 64 -2 36 4 -2

 2 24 36 4 -2 36 4 -6
 2 24 -36 4 -2 -36 4 -6
 2 24 -36 64 -2 -36 64 -6
 2 24 36 64 -2 36 64 -6

 2 24 24 12 -10 -24 12 -10
 2 24 -26 14 -10 -26 28 -10
 2 24 -26 28 -10 26 28 -10
 2 24 26 28 -10 26 14 -10
 1 16 24 14 -10 2 0 0 0 0 -2 0 0 0 1-4edge.dat
 1 16 -24 14 -10 -2 0 0 0 0 -2 0 0 0 1-4edge.dat

 2 24 26 32 -10 -26 32 -10
 2 24 -26 32 -10 -26 58 -10
 2 24 -24 60 -10 24 60 -10
 2 24 26 58 -10 26 32 -10
 1 16 24 58 -10 2 0 0 0 0 2 0 0 0 1-4edge.dat
 1 16 -24 58 -10 -2 0 0 0 0 2 0 0 0 1-4edge.dat

 4 16  30 12 -10  30 60 -10  30 60 -6  30 12 -6
 4 16  26 64 -10 -26 64 -10 -26 64 -6  26 64 -6
 4 16 -30 60 -10 -30 12 -10 -30 12 -6 -30 60 -6
 4 16 -26  8 -10  26  8 -10  26  8 -6 -26  8 -6
 1 16 26 12 -10 4 0 0 0 0 -4 0 4 0 1-4cyli.dat
 1 16 26 60 -10 4 0 0 0 0 4 0 4 0 1-4cyli.dat
 1 16 -26 12 -10 -4 0 0 0 0 -4 0 4 0 1-4cyli.dat
 1 16 -26 60 -10 -4 0 0 0 0 4 0 4 0 1-4cyli.dat

 4 16 36 4 -6 36 64 -6 -36 64 -6 -36 4 -6

 4 16 36 4 -6 36 4 -2 -36 4 -2 -36 4 -6
 4 16 36 64 -6 36 64 -2 -36 64 -2 -36 64 -6
 4 16 36 4 -6 36 4 -2 36 64 -2 36 64 -6
 4 16 -36 4 -6 -36 4 -2 -36 64 -2 -36 64 -6

 1 16 26 12 -10 4 0 0 0 0 -4 0 0 0 1-4disc.dat
 1 16 26 60 -10 4 0 0 0 0 4 0 0 0 1-4disc.dat
 1 16 -26 12 -10 -4 0 0 0 0 -4 0 0 0 1-4disc.dat
 1 16 -26 60 -10 -4 0 0 0 0 4 0 0 0 1-4disc.dat

 4 16 26 8 -10 26 12 -10 -26 12 -10 -26 8 -10
 4 16 30 12 -10 30 60 -10 -30 60 -10 -30 12 -10
 4 16 26 60 -10 26 64 -10 -26 64 -10 -26 60 -10
 4 16 36 4 -2 36 64 -2 -36 64 -2 -36 4 -2
0