0 Tile  2 x  2 Round with SW Sith Infiltrator Pattern
0 Name: 4150ps2.dat
0 Author: Franklin W. Cain (fwcain@yahoo.com)
0 LDRAW_ORG Part UPDATE 2002-02

0 KEYWORDS Star Wars, Episode One, Darth Maul
0 CMDLINE -C7
0
 4 16 -20 0 0 -19 0 0 -17.554 0 -7.271 -18.478 0 -7.654
 4 16 20 0 0 19 0 0 17.554 0 -7.271 18.478 0 -7.654
 4 16 -20 0 0 -19 0 0 -17.554 0 7.271 -18.478 0 7.654
 4 16 20 0 0 19 0 0 17.554 0 7.271 18.478 0 7.654
 3 8 -19 0 0 -17.554 0 -7.271 -17.554 0 7.271
 3 8 19 0 0 17.554 0 -7.271 17.554 0 7.271
 4 16 -17.554 0 -7.271 -18.478 0 -7.654 -16 0 -9.596 -14.142 0 -14.142
 4 16 17.554 0 -7.271 18.478 0 -7.654 16 0 -9.596 14.142 0 -14.142
 4 16 -17.554 0 7.271 -18.478 0 7.654 -16 0 9.596 -14.142 0 14.142
 4 16 17.554 0 7.271 18.478 0 7.654 16 0 9.596 14.142 0 14.142
 4 8 -17.554 0 0 -17.554 0 -7.271 -16 0 -9.596 -16 0 0
 4 8 17.554 0 0 17.554 0 -7.271 16 0 -9.596 16 0 0
 4 8 -17.554 0 0 -17.554 0 7.271 -16 0 9.596 -16 0 0
 4 8 17.554 0 0 17.554 0 7.271 16 0 9.596 16 0 0
 4 16 -16 0 -9.596 -14.142 0 -14.142 -14.142 0 14.142 -16 0 9.596
 4 16 16 0 -9.596 14.142 0 -14.142 14.142 0 14.142 16 0 9.596
 4 16 -14.142 0 -14.142 -9 0 -15.219 -6.889 0 -16.630 -7.654 0 -18.478
 4 16 14.142 0 -14.142 9 0 -15.219 6.889 0 -16.630 7.654 0 -18.478
 4 16 -14.142 0 14.142 -9 0 15.219 -6.889 0 16.630 -7.654 0 18.478
 4 16 14.142 0 14.142 9 0 15.219 6.889 0 16.630 7.654 0 18.478
0
 4 0 -10.500 0 -8 -10.500 0 -9.500 -10 0 -9.500 -10 0 -8
 4 0 10.500 0 -8 10.500 0 -9.500 10 0 -9.500 10 0 -8
 2 0 -10.250 0 -8.250 -10.250 0 -9.250
 2 0 10.250 0 -8.250 10.250 0 -9.250
 4 16 -9 0 -9.500 -9 0 -15.219 -14.142 0 -14.142 -14.142 0 -9.500
 4 16 9 0 -9.500 9 0 -15.219 14.142 0 -14.142 14.142 0 -9.500
 4 16 -9 0 -8 -10 0 -8 -10 0 -9.500 -9 0 -9.500
 4 16 9 0 -8 10 0 -8 10 0 -9.500 9 0 -9.500
 4 16 -10.500 0 -8 -14.142 0 -8 -14.142 0 -9.500 -10.500 0 -9.500
 4 16 10.500 0 -8 14.142 0 -8 14.142 0 -9.500 10.500 0 -9.500
 4 16 -9 0 -8 -9 0 15.219 -14.142 0 14.142 -14.142 0 -8
 4 16 9 0 -8 9 0 15.219 14.142 0 14.142 14.142 0 -8
0
 4 0 -4.500 0 -16.605 -6.697 0 -16.168 -6.697 0 16.168 -4.500 0 16.605
 4 0 4.500 0 -16.605 6.697 0 -16.168 6.697 0 16.168 4.500 0 16.605
 4 0 -6.697 0 -16.168 -8.500 0 -14.963 -8.500 0 14.963 -6.697 0 16.168
 4 0 6.697 0 -16.168 8.500 0 -14.963 8.500 0 14.963 6.697 0 16.168
 4 8 -8.500 0 -14.963 -9 0 -15.219 -9 0 15.219 -8.500 0 14.963
 4 8 8.500 0 -14.963 9 0 -15.219 9 0 15.219 8.500 0 14.963
 2 8 -8.750 0 -15.091 -8.750 0 15.091
 2 8 8.750 0 -15.091 8.750 0 15.091
 4 8 -6.697 0 -16.168 -6.889 0 -16.630 -9 0 -15.219 -8.500 0 -14.963
 4 8 6.697 0 -16.168 6.889 0 -16.630 9 0 -15.219 8.500 0 -14.963
 4 8 -6.697 0 16.168 -6.889 0 16.630 -9 0 15.219 -8.500 0 14.963
 4 8 6.697 0 16.168 6.889 0 16.630 9 0 15.219 8.500 0 14.963
 2 8 -6.793 0 -16.399 -8.750 0 -15.091
 2 8 6.793 0 -16.399 8.750 0 -15.091
 2 8 -6.793 0 16.399 -8.750 0 15.091
 2 8 6.793 0 16.399 8.750 0 15.091
 4 8 -4 0 -17.204 -4.500 0 -16.605 -6.697 0 -16.168 -6.889 0 -16.630
 4 8 4 0 -17.204 4.500 0 -16.605 6.697 0 -16.168 6.889 0 -16.630
 4 8 -4 0 17.204 -4.500 0 16.605 -6.697 0 16.168 -6.889 0 16.630
 4 8 4 0 17.204 4.500 0 16.605 6.697 0 16.168 6.889 0 16.630
 2 8 -4.250 0 -16.905 -6.793 0 -16.399
 2 8 4.250 0 -16.905 6.793 0 -16.399
 2 8 -4.250 0 16.905 -6.793 0 16.399
 2 8 4.250 0 16.905 6.793 0 16.399
 4 8 -4 0 -17.204 -4.500 0 -16.605 -4.500 0 16.605 -4 0 17.204
 4 8 4 0 -17.204 4.500 0 -16.605 4.500 0 16.605 4 0 17.204
 2 8 -4.250 0 -16.905 -4.250 0 16.905
 2 8 4.250 0 -16.905 4.250 0 16.905
0
 4 16 -2.125 0 -19.577 -4 0 -17.204 -6.889 0 -16.630 -7.654 0 -18.478
 4 16 2.125 0 -19.577 4 0 -17.204 6.889 0 -16.630 7.654 0 -18.478
 4 16 -2.125 0 19.577 -4 0 17.204 -6.889 0 16.630 -7.654 0 18.478
 4 16 2.125 0 19.577 4 0 17.204 6.889 0 16.630 7.654 0 18.478
 4 16 -2.125 0 -19.577 -4 0 -17.204 -4 0 17.204 -2.125 0 19.577
 4 16 2.125 0 -19.577 4 0 -17.204 4 0 17.204 2.125 0 19.577
 4 16 -2.125 0 -13.750 -2.125 0 16.750 2.125 0 16.750 2.125 0 -13.750
0
 4 8 -1.875 0 -14 -1.875 0 -19.627 -2.125 0 -19.577 -2.125 0 -13.750
 4 8 1.875 0 -14 1.875 0 -19.627 2.125 0 -19.577 2.125 0 -13.750
 2 8 -2 0 -13.875 -2 0 -19.602
 2 8 2 0 -13.875 2 0 -19.602
 4 8 -1.875 0 -14 -2.125 0 -13.750 2.125 0 -13.750 1.875 0 -14 
 2 8 -2 0 -13.875 2 0 -13.875
 4 16 0 0 -14 -1.875 0 -14 -1.875 0 -19.627 0 0 -20
 4 16 0 0 -14 1.875 0 -14 1.875 0 -19.627 0 0 -20
0
 4 8 -1.875 0 17 -1.875 0 19.627 -2.125 0 19.577 -2.125 0 16.750
 4 8 1.875 0 17 1.875 0 19.627 2.125 0 19.577 2.125 0 16.750
 2 8 -2 0 16.875 -2 0 19.602
 2 8 2 0 16.875 2 0 19.602
 4 8 -1.875 0 17 -2.125 0 16.750 2.125 0 16.750 1.875 0 17 
 2 8 -2 0 16.875 2 0 16.875
 4 16 0 0 17 -1.875 0 17 -1.875 0 19.627 0 0 20
 4 16 0 0 17 1.875 0 17 1.875 0 19.627 0 0 20
0
 2 24 0 8 2 4 8 6
 2 24 4 8 6 6 8 4
 2 24 6 8 4 2 8 0
 2 24 0 8 2 -4 8 6
 2 24 -4 8 6 -6 8 4
 2 24 -6 8 4 -2 8 0
 2 24 0 8 -2 4 8 -6
 2 24 4 8 -6 6 8 -4
 2 24 6 8 -4 2 8 0
 2 24 0 8 -2 -4 8 -6
 2 24 -4 8 -6 -6 8 -4
 2 24 -6 8 -4 -2 8 0
 2 24 0 4 2 4 4 6
 2 24 4 4 6 6 4 4
 2 24 6 4 4 2 4 0
 2 24 0 4 2 -4 4 6
 2 24 -4 4 6 -6 4 4
 2 24 -6 4 4 -2 4 0
 2 24 0 4 -2 4 4 -6
 2 24 4 4 -6 6 4 -4
 2 24 6 4 -4 2 4 0
 2 24 0 4 -2 -4 4 -6
 2 24 -4 4 -6 -6 4 -4
 2 24 -6 4 -4 -2 4 0
 2 24 4 4 6 4 8 6
 2 24 6 4 4 6 8 4
 2 24 -4 4 6 -4 8 6
 2 24 -6 4 4 -6 8 4
 2 24 4 4 -6 4 8 -6
 2 24 6 4 -4 6 8 -4
 2 24 -4 4 -6 -4 8 -6
 2 24 -6 4 -4 -6 8 -4
 2 24 0 4 2 0 8 2
 2 24 0 4 -2 0 8 -2
 2 24 2 4 0 2 8 0
 2 24 -2 4 0 -2 8 0
0
 4 16 4 8 6 6 8 4 -6 8 -4 -4 8 -6
 4 16 -4 8 6 -6 8 4 6 8 -4 4 8 -6
 4 16 0 8 2 4 8 6 4 4 6 0 4 2
 4 16 4 8 6 6 8 4 6 4 4 4 4 6
 4 16 6 8 4 2 8 0 2 4 0 6 4 4
 4 16 0 8 2 -4 8 6 -4 4 6 0 4 2
 4 16 -4 8 6 -6 8 4 -6 4 4 -4 4 6
 4 16 -6 8 4 -2 8 0 -2 4 0 -6 4 4
 4 16 0 8 -2 4 8 -6 4 4 -6 0 4 -2
 4 16 4 8 -6 6 8 -4 6 4 -4 4 4 -6
 4 16 6 8 -4 2 8 0 2 4 0 6 4 -4
 4 16 0 8 -2 -4 8 -6 -4 4 -6 0 4 -2
 4 16 -4 8 -6 -6 8 -4 -6 4 -4 -4 4 -6
 4 16 -6 8 -4 -2 8 0 -2 4 0 -6 4 -4
0
 2 24 20 8 0 18.48 8 7.65
 2 24 18.48 8 7.65 16 8 11.36
 2 24 16 8 11.36 16 4 11.36
 2 24 16 4 11.36 14.14 4 14.14
 2 24 14.14 4 14.14 11.36 4 16
 2 24 11.36 4 16 11.36 8 16
 2 24 11.36 8 16 7.65 8 18.48
 2 24 7.65 8 18.48 0 8 20
 2 24 -20 8 0 -18.48 8 7.65
 2 24 -18.48 8 7.65 -16 8 11.36
 2 24 -16 8 11.36 -16 4 11.36
 2 24 -16 4 11.36 -14.14 4 14.14
 2 24 -14.14 4 14.14 -11.36 4 16
 2 24 -11.36 4 16 -11.36 8 16
 2 24 -11.36 8 16 -7.65 8 18.48
 2 24 -7.65 8 18.48 0 8 20
 2 24 20 8 0 18.48 8 -7.65
 2 24 18.48 8 -7.65 16 8 -11.36
 2 24 16 8 -11.36 16 4 -11.36
 2 24 16 4 -11.36 14.14 4 -14.14
 2 24 14.14 4 -14.14 11.36 4 -16
 2 24 11.36 4 -16 11.36 8 -16
 2 24 11.36 8 -16 7.65 8 -18.48
 2 24 7.65 8 -18.48 0 8 -20
 2 24 -20 8 0 -18.48 8 -7.65
 2 24 -18.48 8 -7.65 -16 8 -11.36
 2 24 -16 8 -11.36 -16 4 -11.36
 2 24 -16 4 -11.36 -14.14 4 -14.14
 2 24 -14.14 4 -14.14 -11.36 4 -16
 2 24 -11.36 4 -16 -11.36 8 -16
 2 24 -11.36 8 -16 -7.65 8 -18.48
 2 24 -7.65 8 -18.48 0 8 -20
0
 2 24 16 8 0 16 8 11.36
 2 24 11.35 8 16 0 8 16
 2 24 16 4 0 16 4 11.36
 2 24 11.35 4 16 0 4 16
 2 24 -16 8 0 -16 8 11.36
 2 24 -11.35 8 16 0 8 16
 2 24 -16 4 0 -16 4 11.36
 2 24 -11.35 4 16 0 4 16
 2 24 16 8 0 16 8 -11.36
 2 24 11.35 8 -16 0 8 -16
 2 24 16 4 0 16 4 -11.36
 2 24 11.35 4 -16 0 4 -16
 2 24 -16 8 0 -16 8 -11.36
 2 24 -11.35 8 -16 0 8 -16
 2 24 -16 4 0 -16 4 -11.36
 2 24 -11.35 4 -16 0 4 -16
0
 4 16 20 8 0 18.48 8 7.65 16 8 11.36 16 8 0
 4 16 0 8 20 7.65 8 18.48 11.36 8 16 0 8 16
 4 16 -20 8 0 -18.48 8 7.65 -16 8 11.36 -16 8 0
 4 16 0 8 20 -7.65 8 18.48 -11.36 8 16 0 8 16
 4 16 20 8 0 18.48 8 -7.65 16 8 -11.36 16 8 0
 4 16 0 8 -20 7.65 8 -18.48 11.36 8 -16 0 8 -16
 4 16 -20 8 0 -18.48 8 -7.65 -16 8 -11.36 -16 8 0
 4 16 0 8 -20 -7.65 8 -18.48 -11.36 8 -16 0 8 -16
0
 4 16 20 8 0 20 4 0 18.48 4 7.65 18.48 8 7.65
 4 16 0 8 20 0 4 20 7.65 4 18.48 7.65 8 18.48
 4 16 18.48 8 7.65 18.48 4 7.65 16 4 11.36 16 8 11.36
 4 16 7.65 8 18.48 7.65 4 18.48 11.36 4 16 11.36 8 16
 4 16 16 8 11.36 16 4 11.36 16 4 0 16 8 0
 4 16 11.36 8 16 11.36 4 16 0 4 16 0 8 16
 4 16 -20 8 0 -20 4 0 -18.48 4 7.65 -18.48 8 7.65
 4 16 0 8 20 0 4 20 -7.65 4 18.48 -7.65 8 18.48
 4 16 -18.48 8 7.65 -18.48 4 7.65 -16 4 11.36 -16 8 11.36
 4 16 -7.65 8 18.48 -7.65 4 18.48 -11.36 4 16 -11.36 8 16
 4 16 -16 8 11.36 -16 4 11.36 -16 4 0 -16 8 0
 4 16 -11.36 8 16 -11.36 4 16 0 4 16 0 8 16
 4 16 20 8 0 20 4 0 18.48 4 -7.65 18.48 8 -7.65
 4 16 0 8 -20 0 4 -20 7.65 4 -18.48 7.65 8 -18.48
 4 16 18.48 8 -7.65 18.48 4 -7.65 16 4 -11.36 16 8 -11.36
 4 16 7.65 8 -18.48 7.65 4 -18.48 11.36 4 -16 11.36 8 -16
 4 16 16 8 -11.36 16 4 -11.36 16 4 0 16 8 0
 4 16 11.36 8 -16 11.36 4 -16 0 4 -16 0 8 -16
 4 16 -20 8 0 -20 4 0 -18.48 4 -7.65 -18.48 8 -7.65
 4 16 0 8 -20 0 4 -20 -7.65 4 -18.48 -7.65 8 -18.48
 4 16 -18.48 8 -7.65 -18.48 4 -7.65 -16 4 -11.36 -16 8 -11.36
 4 16 -7.65 8 -18.48 -7.65 4 -18.48 -11.36 4 -16 -11.36 8 -16
 4 16 -16 8 -11.36 -16 4 -11.36 -16 4 0 -16 8 0
 4 16 -11.36 8 -16 -11.36 4 -16 0 4 -16 0 8 -16
0
 1 16 0 0 0 20 0 0 0 4 0 0 0 20 4-4cyli.dat
 1 16 0 4 0 20 0 0 0 0 0 0 0 20 4-4disc.dat
 1 16 0 0 0 20 0 0 0 0 0 0 0 20 4-4edge.dat
0
 5 24 0 4 20 0 8 20 -7.65 4 18.48 7.65 4 18.48
 5 24 -7.65 4 18.48 -7.65 8 18.48 -14.14 4 14.14 0 4 20
 5 24 -18.48 4 7.65 -18.48 8 7.65 -20 4 0 -14.14 4 14.14
 5 24 -20 4 0 -20 8 0 -18.48 4 -7.65 -18.48 4 7.65
 5 24 -18.48 4 -7.65 -18.48 8 -7.65 -14.14 4 -14.14 -20 4 0
 5 24 -7.65 4 -18.48 -7.65 8 -18.48 0 4 -20 -14.14 4 -14.14
 5 24 0 4 -20 0 8 -20 7.65 4 -18.48 -7.65 4 -18.48
 5 24 7.65 4 -18.48 7.65 8 -18.48 14.14 4 -14.14 0 4 -20
 5 24 18.48 4 -7.65 18.48 8 -7.65 20 4 0 14.14 4 -14.14
 5 24 20 4 0 20 8 0 18.48 4 7.65 18.48 4 -7.65
 5 24 18.48 4 7.65 18.48 8 7.65 14.14 4 14.14 20 4 0
 5 24 7.65 4 18.48 7.65 8 18.48 0 4 20 14.14 4 14.14
0
