0 Tile  2 x  2 Round with SW Imperial Pattern
0 Name: 4150ps5.dat
0 Author: Franklin W. Cain (fwcain@yahoo.com)
0 LDRAW_ORG Part UPDATE 2002-02

0 KEYWORDS Star Wars, Episode Four, hexagonal, Darth Vader, Empire, TIE Fighter

0 010902 CSC Fixed vertex sequence

 3 16 -20 0 0 -16 0 0 -15.862 0 -2.088
 3 16 20 0 0 16 0 0 15.862 0 -2.088
 3 16 -20 0 0 -16 0 0 -15.862 0 2.088
 3 16 20 0 0 16 0 0 15.862 0 2.088
 4 16 -20 0 0 -15.862 0 -2.088 -15.454 0 -4.141 -18.478 0 -7.654
 4 16 20 0 0 15.862 0 -2.088 15.454 0 -4.141 18.478 0 -7.654
 4 16 -20 0 0 -15.862 0 2.088 -15.454 0 4.141 -18.478 0 7.654
 4 16 20 0 0 15.862 0 2.088 15.454 0 4.141 18.478 0 7.654
 3 16 -18.478 0 -7.654 -15.454 0 -4.141 -14.782 0 -6.123
 3 16 18.478 0 -7.654 15.454 0 -4.141 14.782 0 -6.123
 3 16 -18.478 0 7.654 -15.454 0 4.141 -14.782 0 6.123
 3 16 18.478 0 7.654 15.454 0 4.141 14.782 0 6.123
 3 16 -18.478 0 -7.654 -14.782 0 -6.123 -13.856 0 -8 
 3 16 18.478 0 -7.654 14.782 0 -6.123 13.856 0 -8 
 3 16 -18.478 0 7.654 -14.782 0 6.123 -13.856 0 8 
 3 16 18.478 0 7.654 14.782 0 6.123 13.856 0 8 
 4 16 -18.478 0 -7.654 -13.856 0 -8 -12.694 0 -9.741 -14.142 0 -14.142
 4 16 18.478 0 -7.654 13.856 0 -8 12.694 0 -9.741 14.142 0 -14.142
 4 16 -18.478 0 7.654 -13.856 0 8 -12.694 0 9.741 -14.142 0 14.142
 4 16 18.478 0 7.654 13.856 0 8 12.694 0 9.741 14.142 0 14.142
 3 16 -14.142 0 -14.142 -12.694 0 -9.741 -11.314 0 -11.314
 3 16 14.142 0 -14.142 12.694 0 -9.741 11.314 0 -11.314
 3 16 -14.142 0 14.142 -12.694 0 9.741 -11.314 0 11.314
 3 16 14.142 0 14.142 12.694 0 9.741 11.314 0 11.314
 3 16 -14.142 0 -14.142 -11.314 0 -11.314 -9.741 0 -12.694
 3 16 14.142 0 -14.142 11.314 0 -11.314 9.741 0 -12.694
 3 16 -14.142 0 14.142 -11.314 0 11.314 -9.741 0 12.694
 3 16 14.142 0 14.142 11.314 0 11.314 9.741 0 12.694
 4 16 -14.142 0 -14.142 -9.741 0 -12.694 -8 0 -13.856 -7.654 0 -18.478
 4 16 14.142 0 -14.142 9.741 0 -12.694 8 0 -13.856 7.654 0 -18.478
 4 16 -14.142 0 14.142 -9.741 0 12.694 -8 0 13.856 -7.654 0 18.478
 4 16 14.142 0 14.142 9.741 0 12.694 8 0 13.856 7.654 0 18.478
 3 16 -7.654 0 -18.478 -8 0 -13.856 -6.123 0 -14.782
 3 16 7.654 0 -18.478 8 0 -13.856 6.123 0 -14.782
 3 16 -7.654 0 18.478 -8 0 13.856 -6.123 0 14.782
 3 16 7.654 0 18.478 8 0 13.856 6.123 0 14.782
 3 16 -7.654 0 -18.478 -6.123 0 -14.782 -4.141 0 -15.454
 3 16 7.654 0 -18.478 6.123 0 -14.782 4.141 0 -15.454
 3 16 -7.654 0 18.478 -6.123 0 14.782 -4.141 0 15.454
 3 16 7.654 0 18.478 6.123 0 14.782 4.141 0 15.454
 4 16 -7.654 0 -18.478 -4.141 0 -15.454 -2.088 0 -15.862 0 0 -20 
 4 16 7.654 0 -18.478 4.141 0 -15.454 2.088 0 -15.862 0 0 -20 
 4 16 -7.654 0 18.478 -4.141 0 15.454 -2.088 0 15.862 0 0 20 
 4 16 7.654 0 18.478 4.141 0 15.454 2.088 0 15.862 0 0 20 
 3 16 0 0 -20 -2.088 0 -15.862 0 0 -16 
 3 16 0 0 -20 2.088 0 -15.862 0 0 -16 
 3 16 0 0 20 -2.088 0 15.862 0 0 16 
 3 16 0 0 20 2.088 0 15.862 0 0 16 
0
 4 0 -16 0 0 -15.862 0 -2.088 -14.871 0 -1.958 -15 0 0 
 4 0 16 0 0 15.862 0 -2.088 14.871 0 -1.958 15 0 0 
 4 0 -16 0 0 -15.862 0 2.088 -14.871 0 1.958 -15 0 0 
 4 0 16 0 0 15.862 0 2.088 14.871 0 1.958 15 0 0 
 4 0 -15.862 0 -2.088 -15.454 0 -4.141 -14.488 0 -3.882 -14.871 0 -1.958
 4 0 15.862 0 -2.088 15.454 0 -4.141 14.488 0 -3.882 14.871 0 -1.958
 4 0 -15.862 0 2.088 -15.454 0 4.141 -14.488 0 3.882 -14.871 0 1.958
 4 0 15.862 0 2.088 15.454 0 4.141 14.488 0 3.882 14.871 0 1.958
 4 0 -15.454 0 -4.141 -14.782 0 -6.123 -13.859 0 -5.740 -14.488 0 -3.882
 4 0 15.454 0 -4.141 14.782 0 -6.123 13.859 0 -5.740 14.488 0 -3.882
 4 0 -15.454 0 4.141 -14.782 0 6.123 -13.859 0 5.740 -14.488 0 3.882
 4 0 15.454 0 4.141 14.782 0 6.123 13.859 0 5.740 14.488 0 3.882
 4 0 -14.782 0 -6.123 -13.856 0 -8 -12.990 0 -7.500 -13.859 0 -5.740
 4 0 14.782 0 -6.123 13.856 0 -8 12.990 0 -7.500 13.859 0 -5.740
 4 0 -14.782 0 6.123 -13.856 0 8 -12.990 0 7.500 -13.859 0 5.740
 4 0 14.782 0 6.123 13.856 0 8 12.990 0 7.500 13.859 0 5.740
 4 0 -13.856 0 -8 -12.694 0 -9.741 -11.901 0 -9.132 -12.990 0 -7.500
 4 0 13.856 0 -8 12.694 0 -9.741 11.901 0 -9.132 12.990 0 -7.500
 4 0 -13.856 0 8 -12.694 0 9.741 -11.901 0 9.132 -12.990 0 7.500
 4 0 13.856 0 8 12.694 0 9.741 11.901 0 9.132 12.990 0 7.500
 4 0 -12.694 0 -9.741 -11.314 0 -11.314 -10.606 0 -10.606 -11.901 0 -9.132
 4 0 12.694 0 -9.741 11.314 0 -11.314 10.606 0 -10.606 11.901 0 -9.132
 4 0 -12.694 0 9.741 -11.314 0 11.314 -10.606 0 10.606 -11.901 0 9.132
 4 0 12.694 0 9.741 11.314 0 11.314 10.606 0 10.606 11.901 0 9.132
 4 0 -11.314 0 -11.314 -9.741 0 -12.694 -9.132 0 -11.901 -10.606 0 -10.606
 4 0 11.314 0 -11.314 9.741 0 -12.694 9.132 0 -11.901 10.606 0 -10.606
 4 0 -11.314 0 11.314 -9.741 0 12.694 -9.132 0 11.901 -10.606 0 10.606
 4 0 11.314 0 11.314 9.741 0 12.694 9.132 0 11.901 10.606 0 10.606
 4 0 -9.741 0 -12.694 -8 0 -13.856 -7.500 0 -12.990 -9.132 0 -11.901
 4 0 9.741 0 -12.694 8 0 -13.856 7.500 0 -12.990 9.132 0 -11.901
 4 0 -9.741 0 12.694 -8 0 13.856 -7.500 0 12.990 -9.132 0 11.901
 4 0 9.741 0 12.694 8 0 13.856 7.500 0 12.990 9.132 0 11.901
 4 0 -8 0 -13.856 -6.123 0 -14.782 -5.740 0 -13.859 -7.500 0 -12.990
 4 0 8 0 -13.856 6.123 0 -14.782 5.740 0 -13.859 7.500 0 -12.990
 4 0 -8 0 13.856 -6.123 0 14.782 -5.740 0 13.859 -7.500 0 12.990
 4 0 8 0 13.856 6.123 0 14.782 5.740 0 13.859 7.500 0 12.990
 4 0 -6.123 0 -14.782 -4.141 0 -15.454 -3.882 0 -14.488 -5.740 0 -13.859
 4 0 6.123 0 -14.782 4.141 0 -15.454 3.882 0 -14.488 5.740 0 -13.859
 4 0 -6.123 0 14.782 -4.141 0 15.454 -3.882 0 14.488 -5.740 0 13.859
 4 0 6.123 0 14.782 4.141 0 15.454 3.882 0 14.488 5.740 0 13.859
 4 0 -4.141 0 -15.454 -2.088 0 -15.862 -1.958 0 -14.871 -3.882 0 -14.488
 4 0 4.141 0 -15.454 2.088 0 -15.862 1.958 0 -14.871 3.882 0 -14.488
 4 0 -4.141 0 15.454 -2.088 0 15.862 -1.958 0 14.871 -3.882 0 14.488
 4 0 4.141 0 15.454 2.088 0 15.862 1.958 0 14.871 3.882 0 14.488
 4 0 -2.088 0 -15.862 0 0 -16 0 0 -15 -1.958 0 -14.871
 4 0 2.088 0 -15.862 0 0 -16 0 0 -15 1.958 0 -14.871
 4 0 -2.088 0 15.862 0 0 16 0 0 15 -1.958 0 14.871
 4 0 2.088 0 15.862 0 0 16 0 0 15 1.958 0 14.871
0
0
 4 0 15 0 0 14.967 0 -.5 13.467 0 -.5 13.5 0 0
 4 0 15 0 0 14.967 0 .5 13.467 0 .5 13.5 0 0
 4 16 14.967 0 -.5 14.871 0 -1.958 13.384 0 -1.762 13.467 0 -.5
 4 16 14.967 0 .5 14.871 0 1.958 13.384 0 1.762 13.467 0 .5
 4 0 13.5 0 0 13.384 0 -1.762 11.897 0 -1.566 12 0 0
 4 0 13.5 0 0 13.384 0 1.762 11.897 0 1.566 12 0 0
0
 4 0 12 0 0 11.897 0 -1.566 10.41 0 -1.37 10.5 0 0
 4 0 12 0 0 11.897 0 1.566 10.41 0 1.37 10.5 0 0
 4 16 10.5 0 0 10.455 0 -.685 4.481 0 -.294 4.5 0 0
 4 16 10.5 0 0 10.455 0 .685 4.481 0 .294 4.5 0 0
 4 0 10.455 0 -.685 10.41 0 -1.37 4.461 0 -.587 4.481 0 -.294
 4 0 10.455 0 .685 10.41 0 1.37 4.461 0 .587 4.481 0 .294
0
 4 16 14.871 0 -1.958 14.488 0 -3.882 11.591 0 -3.106 11.897 0 -1.566
 4 16 14.871 0 1.958 14.488 0 3.882 11.591 0 3.106 11.897 0 1.566
 4 0 11.897 0 -1.566 11.591 0 -3.106 10.142 0 -2.717 10.41 0 -1.37
 4 0 11.897 0 1.566 11.591 0 3.106 10.142 0 2.717 10.41 0 1.37
 4 0 10.41 0 -1.37 10.142 0 -2.717 4.347 0 -1.165 4.461 0 -.587
 4 0 10.41 0 1.37 10.142 0 2.717 4.347 0 1.165 4.461 0 .587
0
 4 16 14.488 0 -3.882 13.859 0 -5.74 11.087 0 -4.592 11.591 0 -3.106
 4 16 14.488 0 3.882 13.859 0 5.74 11.087 0 4.592 11.591 0 3.106
 4 0 11.591 0 -3.106 11.087 0 -4.592 4.158 0 -1.722 4.347 0 -1.165
 4 0 11.591 0 3.106 11.087 0 4.592 4.158 0 1.722 4.347 0 1.165
0
 4 16 13.859 0 -5.74 12.99 0 -7.5 10.392 0 -6 11.087 0 -4.592
 4 16 13.859 0 5.74 12.99 0 7.5 10.392 0 6 11.087 0 4.592
 4 0 11.087 0 -4.592 10.392 0 -6 3.897 0 -2.25 4.158 0 -1.722
 4 0 11.087 0 4.592 10.392 0 6 3.897 0 2.25 4.158 0 1.722
0
0
 4 0 -15 0 0 -14.967 0 -.5 -13.467 0 -.5 -13.5 0 0
 4 0 -15 0 0 -14.967 0 .5 -13.467 0 .5 -13.5 0 0
 4 16 -14.967 0 -.5 -14.871 0 -1.958 -13.384 0 -1.762 -13.467 0 -.5
 4 16 -14.967 0 .5 -14.871 0 1.958 -13.384 0 1.762 -13.467 0 .5
 4 0 -13.5 0 0 -13.384 0 -1.762 -11.897 0 -1.566 -12 0 0
 4 0 -13.5 0 0 -13.384 0 1.762 -11.897 0 1.566 -12 0 0
0
 4 0 -12 0 0 -11.897 0 -1.566 -10.41 0 -1.37 -10.5 0 0
 4 0 -12 0 0 -11.897 0 1.566 -10.41 0 1.37 -10.5 0 0
 4 16 -10.5 0 0 -10.455 0 -.685 -4.481 0 -.294 -4.5 0 0
 4 16 -10.5 0 0 -10.455 0 .685 -4.481 0 .294 -4.5 0 0
 4 0 -10.455 0 -.685 -10.41 0 -1.37 -4.461 0 -.587 -4.481 0 -.294
 4 0 -10.455 0 .685 -10.41 0 1.37 -4.461 0 .587 -4.481 0 .294
0
 4 16 -14.871 0 -1.958 -14.488 0 -3.882 -11.591 0 -3.106 -11.897 0 -1.566
 4 16 -14.871 0 1.958 -14.488 0 3.882 -11.591 0 3.106 -11.897 0 1.566
 4 0 -11.897 0 -1.566 -11.591 0 -3.106 -10.142 0 -2.717 -10.41 0 -1.37
 4 0 -11.897 0 1.566 -11.591 0 3.106 -10.142 0 2.717 -10.41 0 1.37
 4 0 -10.41 0 -1.37 -10.142 0 -2.717 -4.347 0 -1.165 -4.461 0 -.587
 4 0 -10.41 0 1.37 -10.142 0 2.717 -4.347 0 1.165 -4.461 0 .587
0
 4 16 -14.488 0 -3.882 -13.859 0 -5.74 -11.087 0 -4.592 -11.591 0 -3.106
 4 16 -14.488 0 3.882 -13.859 0 5.74 -11.087 0 4.592 -11.591 0 3.106
 4 0 -11.591 0 -3.106 -11.087 0 -4.592 -4.158 0 -1.722 -4.347 0 -1.165
 4 0 -11.591 0 3.106 -11.087 0 4.592 -4.158 0 1.722 -4.347 0 1.165
0
 4 16 -13.859 0 -5.74 -12.99 0 -7.5 -10.392 0 -6 -11.087 0 -4.592
 4 16 -13.859 0 5.74 -12.99 0 7.5 -10.392 0 6 -11.087 0 4.592
 4 0 -11.087 0 -4.592 -10.392 0 -6 -3.897 0 -2.25 -4.158 0 -1.722
 4 0 -11.087 0 4.592 -10.392 0 6 -3.897 0 2.25 -4.158 0 1.722
0
0
 4 0 7.5 0 12.99 7.917 0 12.711 7.167 0 11.412 6.75 0 11.691
 4 0 7.5 0 12.99 7.05 0 13.211 6.3 0 11.912 6.75 0 11.691
 4 16 7.917 0 12.711 9.131 0 11.899 8.218 0 10.71 7.167 0 11.412
 4 16 7.05 0 13.211 5.74 0 13.857 5.166 0 12.472 6.3 0 11.912
 4 0 6.75 0 11.691 8.218 0 10.71 7.305 0 9.52 6 0 10.392
 4 0 6.75 0 11.691 5.166 0 12.472 4.592 0 11.086 6 0 10.392
0
 4 0 6 0 10.392 7.305 0 9.52 6.391 0 8.33 5.25 0 9.093
 4 0 6 0 10.392 4.592 0 11.086 4.019 0 9.7 5.25 0 9.093
 4 16 5.25 0 9.093 5.821 0 8.712 2.495 0 3.734 2.25 0 3.897
 4 16 5.25 0 9.093 4.634 0 9.397 1.986 0 4.028 2.25 0 3.897
 4 0 5.821 0 8.712 6.391 0 8.33 2.739 0 3.57 2.495 0 3.734
 4 0 4.634 0 9.397 4.019 0 9.7 1.722 0 4.157 1.986 0 4.028
0
 4 16 9.131 0 11.899 10.606 0 10.606 8.485 0 8.485 7.305 0 9.52
 4 16 5.74 0 13.857 3.882 0 14.488 3.106 0 11.591 4.592 0 11.086
 4 0 7.305 0 9.52 8.485 0 8.485 7.424 0 7.424 6.391 0 8.33
 4 0 4.592 0 11.086 3.106 0 11.591 2.718 0 10.141 4.019 0 9.7
 4 0 6.391 0 8.33 7.424 0 7.424 3.182 0 3.182 2.739 0 3.57
 4 0 4.019 0 9.7 2.718 0 10.141 1.165 0 4.347 1.722 0 4.157
0
 4 16 10.606 0 10.606 11.9 0 9.132 9.52 0 7.305 8.485 0 8.485
 4 16 3.882 0 14.488 1.959 0 14.872 1.567 0 11.897 3.106 0 11.591
 4 0 8.485 0 8.485 9.52 0 7.305 3.57 0 2.74 3.182 0 3.182
 4 0 3.106 0 11.591 1.567 0 11.897 .588 0 4.462 1.165 0 4.347
0
 4 16 11.9 0 9.132 12.99 0 7.499 10.392 0 5.999 9.52 0 7.305
 4 16 1.959 0 14.872 0 0 14.999 0 0 11.999 1.567 0 11.897
 4 0 9.52 0 7.305 10.392 0 5.999 3.897 0 2.25 3.57 0 2.74
 4 0 1.567 0 11.897 0 0 11.999 0 0 4.5 .588 0 4.462
0
0
 4 0 -7.5 0 12.99 -7.917 0 12.711 -7.167 0 11.412 -6.75 0 11.691
 4 0 -7.5 0 12.99 -7.05 0 13.211 -6.3 0 11.912 -6.75 0 11.691
 4 16 -7.917 0 12.711 -9.131 0 11.899 -8.218 0 10.71 -7.167 0 11.412
 4 16 -7.05 0 13.211 -5.74 0 13.857 -5.166 0 12.472 -6.3 0 11.912
 4 0 -6.75 0 11.691 -8.218 0 10.71 -7.305 0 9.52 -6 0 10.392
 4 0 -6.75 0 11.691 -5.166 0 12.472 -4.592 0 11.086 -6 0 10.392
0
 4 0 -6 0 10.392 -7.305 0 9.52 -6.391 0 8.33 -5.25 0 9.093
 4 0 -6 0 10.392 -4.592 0 11.086 -4.019 0 9.7 -5.25 0 9.093
 4 16 -5.25 0 9.093 -5.821 0 8.712 -2.495 0 3.734 -2.25 0 3.897
 4 16 -5.25 0 9.093 -4.634 0 9.397 -1.986 0 4.028 -2.25 0 3.897
 4 0 -5.821 0 8.712 -6.391 0 8.33 -2.739 0 3.57 -2.495 0 3.734
 4 0 -4.634 0 9.397 -4.019 0 9.7 -1.722 0 4.157 -1.986 0 4.028
0
 4 16 -9.131 0 11.899 -10.606 0 10.606 -8.485 0 8.485 -7.305 0 9.52
 4 16 -5.74 0 13.857 -3.882 0 14.488 -3.106 0 11.591 -4.592 0 11.086
 4 0 -7.305 0 9.52 -8.485 0 8.485 -7.424 0 7.424 -6.391 0 8.33
 4 0 -4.592 0 11.086 -3.106 0 11.591 -2.718 0 10.141 -4.019 0 9.7
 4 0 -6.391 0 8.33 -7.424 0 7.424 -3.182 0 3.182 -2.739 0 3.57
 4 0 -4.019 0 9.7 -2.718 0 10.141 -1.165 0 4.347 -1.722 0 4.157
0
 4 16 -10.606 0 10.606 -11.9 0 9.132 -9.52 0 7.305 -8.485 0 8.485
 4 16 -3.882 0 14.488 -1.959 0 14.872 -1.567 0 11.897 -3.106 0 11.591
 4 0 -8.485 0 8.485 -9.52 0 7.305 -3.57 0 2.74 -3.182 0 3.182
 4 0 -3.106 0 11.591 -1.567 0 11.897 -.588 0 4.462 -1.165 0 4.347
0
 4 16 -11.9 0 9.132 -12.99 0 7.499 -10.392 0 5.999 -9.52 0 7.305
 4 16 -1.959 0 14.872 0 0 14.999 0 0 11.999 -1.567 0 11.897
 4 0 -9.52 0 7.305 -10.392 0 5.999 -3.897 0 2.25 -3.57 0 2.74
 4 0 -1.567 0 11.897 0 0 11.999 0 0 4.5 -.588 0 4.462
0
0
 4 0 7.5 0 -12.99 7.917 0 -12.711 7.167 0 -11.412 6.75 0 -11.691
 4 0 7.5 0 -12.99 7.05 0 -13.211 6.3 0 -11.912 6.75 0 -11.691
 4 16 7.917 0 -12.711 9.131 0 -11.899 8.218 0 -10.71 7.167 0 -11.412
 4 16 7.05 0 -13.211 5.74 0 -13.857 5.166 0 -12.472 6.3 0 -11.912
 4 0 6.75 0 -11.691 8.218 0 -10.71 7.305 0 -9.52 6 0 -10.392
 4 0 6.75 0 -11.691 5.166 0 -12.472 4.592 0 -11.086 6 0 -10.392
0
 4 0 6 0 -10.392 7.305 0 -9.52 6.391 0 -8.33 5.25 0 -9.093
 4 0 6 0 -10.392 4.592 0 -11.086 4.019 0 -9.7 5.25 0 -9.093
 4 16 5.25 0 -9.093 5.821 0 -8.712 2.495 0 -3.734 2.25 0 -3.897
 4 16 5.25 0 -9.093 4.634 0 -9.397 1.986 0 -4.028 2.25 0 -3.897
 4 0 5.821 0 -8.712 6.391 0 -8.33 2.739 0 -3.57 2.495 0 -3.734
 4 0 4.634 0 -9.397 4.019 0 -9.7 1.722 0 -4.157 1.986 0 -4.028
0
 4 16 9.131 0 -11.899 10.606 0 -10.606 8.485 0 -8.485 7.305 0 -9.52
 4 16 5.74 0 -13.857 3.882 0 -14.488 3.106 0 -11.591 4.592 0 -11.086
 4 0 7.305 0 -9.52 8.485 0 -8.485 7.424 0 -7.424 6.391 0 -8.33
 4 0 4.592 0 -11.086 3.106 0 -11.591 2.718 0 -10.141 4.019 0 -9.7
 4 0 6.391 0 -8.33 7.424 0 -7.424 3.182 0 -3.182 2.739 0 -3.57
 4 0 4.019 0 -9.7 2.718 0 -10.141 1.165 0 -4.347 1.722 0 -4.157
0
 4 16 10.606 0 -10.606 11.9 0 -9.132 9.52 0 -7.305 8.485 0 -8.485
 4 16 3.882 0 -14.488 1.959 0 -14.872 1.567 0 -11.897 3.106 0 -11.591
 4 0 8.485 0 -8.485 9.52 0 -7.305 3.57 0 -2.74 3.182 0 -3.182
 4 0 3.106 0 -11.591 1.567 0 -11.897 .588 0 -4.462 1.165 0 -4.347
0
 4 16 11.9 0 -9.132 12.99 0 -7.499 10.392 0 -5.999 9.52 0 -7.305
 4 16 1.959 0 -14.872 0 0 -14.999 0 0 -11.999 1.567 0 -11.897
 4 0 9.52 0 -7.305 10.392 0 -5.999 3.897 0 -2.25 3.57 0 -2.74
 4 0 1.567 0 -11.897 0 0 -11.999 0 0 -4.5 .588 0 -4.462
0
0
 4 0 -7.5 0 -12.99 -7.917 0 -12.711 -7.167 0 -11.412 -6.75 0 -11.691
 4 0 -7.5 0 -12.99 -7.05 0 -13.211 -6.3 0 -11.912 -6.75 0 -11.691
 4 16 -7.917 0 -12.711 -9.131 0 -11.899 -8.218 0 -10.71 -7.167 0 -11.412
 4 16 -7.05 0 -13.211 -5.74 0 -13.857 -5.166 0 -12.472 -6.3 0 -11.912
 4 0 -6.75 0 -11.691 -8.218 0 -10.71 -7.305 0 -9.52 -6 0 -10.392
 4 0 -6.75 0 -11.691 -5.166 0 -12.472 -4.592 0 -11.086 -6 0 -10.392
0
 4 0 -6 0 -10.392 -7.305 0 -9.52 -6.391 0 -8.33 -5.25 0 -9.093
 4 0 -6 0 -10.392 -4.592 0 -11.086 -4.019 0 -9.7 -5.25 0 -9.093
 4 16 -5.25 0 -9.093 -5.821 0 -8.712 -2.495 0 -3.734 -2.25 0 -3.897
 4 16 -5.25 0 -9.093 -4.634 0 -9.397 -1.986 0 -4.028 -2.25 0 -3.897
 4 0 -5.821 0 -8.712 -6.391 0 -8.33 -2.739 0 -3.57 -2.495 0 -3.734
 4 0 -4.634 0 -9.397 -4.019 0 -9.7 -1.722 0 -4.157 -1.986 0 -4.028
0
 4 16 -9.131 0 -11.899 -10.606 0 -10.606 -8.485 0 -8.485 -7.305 0 -9.52
 4 16 -5.74 0 -13.857 -3.882 0 -14.488 -3.106 0 -11.591 -4.592 0 -11.086
 4 0 -7.305 0 -9.52 -8.485 0 -8.485 -7.424 0 -7.424 -6.391 0 -8.33
 4 0 -4.592 0 -11.086 -3.106 0 -11.591 -2.718 0 -10.141 -4.019 0 -9.7
 4 0 -6.391 0 -8.33 -7.424 0 -7.424 -3.182 0 -3.182 -2.739 0 -3.57
 4 0 -4.019 0 -9.7 -2.718 0 -10.141 -1.165 0 -4.347 -1.722 0 -4.157
0
 4 16 -10.606 0 -10.606 -11.9 0 -9.132 -9.52 0 -7.305 -8.485 0 -8.485
 4 16 -3.882 0 -14.488 -1.959 0 -14.872 -1.567 0 -11.897 -3.106 0 -11.591
 4 0 -8.485 0 -8.485 -9.52 0 -7.305 -3.57 0 -2.74 -3.182 0 -3.182
 4 0 -3.106 0 -11.591 -1.567 0 -11.897 -.588 0 -4.462 -1.165 0 -4.347
0
 4 16 -11.9 0 -9.132 -12.99 0 -7.499 -10.392 0 -5.999 -9.52 0 -7.305
 4 16 -1.959 0 -14.872 0 0 -14.999 0 0 -11.999 -1.567 0 -11.897
 4 0 -9.52 0 -7.305 -10.392 0 -5.999 -3.897 0 -2.25 -3.57 0 -2.74
 4 0 -1.567 0 -11.897 0 0 -11.999 0 0 -4.5 -.588 0 -4.462
0
0
 1 16 0 0 0 -4.5 0 0 0 1 0 0 0 -4.5 48\1-4disc.dat
 1 16 0 0 0 4.5 0 0 0 1 0 0 0 -4.5 48\1-4disc.dat
 1 16 0 0 0 -4.5 0 0 0 1 0 0 0 4.5 48\1-4disc.dat
 1 16 0 0 0 4.5 0 0 0 1 0 0 0 4.5 48\1-4disc.dat
0
0
 2 24 0 8 2 4 8 6
 2 24 4 8 6 6 8 4
 2 24 6 8 4 2 8 0
 2 24 0 8 2 -4 8 6
 2 24 -4 8 6 -6 8 4
 2 24 -6 8 4 -2 8 0
 2 24 0 8 -2 4 8 -6
 2 24 4 8 -6 6 8 -4
 2 24 6 8 -4 2 8 0
 2 24 0 8 -2 -4 8 -6
 2 24 -4 8 -6 -6 8 -4
 2 24 -6 8 -4 -2 8 0
 2 24 0 4 2 4 4 6
 2 24 4 4 6 6 4 4
 2 24 6 4 4 2 4 0
 2 24 0 4 2 -4 4 6
 2 24 -4 4 6 -6 4 4
 2 24 -6 4 4 -2 4 0
 2 24 0 4 -2 4 4 -6
 2 24 4 4 -6 6 4 -4
 2 24 6 4 -4 2 4 0
 2 24 0 4 -2 -4 4 -6
 2 24 -4 4 -6 -6 4 -4
 2 24 -6 4 -4 -2 4 0
 2 24 4 4 6 4 8 6
 2 24 6 4 4 6 8 4
 2 24 -4 4 6 -4 8 6
 2 24 -6 4 4 -6 8 4
 2 24 4 4 -6 4 8 -6
 2 24 6 4 -4 6 8 -4
 2 24 -4 4 -6 -4 8 -6
 2 24 -6 4 -4 -6 8 -4
 2 24 0 4 2 0 8 2
 2 24 0 4 -2 0 8 -2
 2 24 2 4 0 2 8 0
 2 24 -2 4 0 -2 8 0
0
 4 16 4 8 6 6 8 4 -4 8 -6 -6 8 -4 
 4 16 -4 8 6 -6 8 4 4 8 -6 6 8 -4 
 4 16 0 8 2 4 8 6 4 4 6 0 4 2
 4 16 4 8 6 6 8 4 6 4 4 4 4 6
 4 16 6 8 4 2 8 0 2 4 0 6 4 4
 4 16 0 8 2 -4 8 6 -4 4 6 0 4 2
 4 16 -4 8 6 -6 8 4 -6 4 4 -4 4 6
 4 16 -6 8 4 -2 8 0 -2 4 0 -6 4 4
 4 16 0 8 -2 4 8 -6 4 4 -6 0 4 -2
 4 16 4 8 -6 6 8 -4 6 4 -4 4 4 -6
 4 16 6 8 -4 2 8 0 2 4 0 6 4 -4
 4 16 0 8 -2 -4 8 -6 -4 4 -6 0 4 -2
 4 16 -4 8 -6 -6 8 -4 -6 4 -4 -4 4 -6
 4 16 -6 8 -4 -2 8 0 -2 4 0 -6 4 -4
0
 2 24 20 8 0 18.48 8 7.65
 2 24 18.48 8 7.65 16 8 11.36
 2 24 16 8 11.36 16 4 11.36
 2 24 16 4 11.36 14.14 4 14.14
 2 24 14.14 4 14.14 11.36 4 16
 2 24 11.36 4 16 11.36 8 16
 2 24 11.36 8 16 7.65 8 18.48
 2 24 7.65 8 18.48 0 8 20
 2 24 -20 8 0 -18.48 8 7.65
 2 24 -18.48 8 7.65 -16 8 11.36
 2 24 -16 8 11.36 -16 4 11.36
 2 24 -16 4 11.36 -14.14 4 14.14
 2 24 -14.14 4 14.14 -11.36 4 16
 2 24 -11.36 4 16 -11.36 8 16
 2 24 -11.36 8 16 -7.65 8 18.48
 2 24 -7.65 8 18.48 0 8 20
 2 24 20 8 0 18.48 8 -7.65
 2 24 18.48 8 -7.65 16 8 -11.36
 2 24 16 8 -11.36 16 4 -11.36
 2 24 16 4 -11.36 14.14 4 -14.14
 2 24 14.14 4 -14.14 11.36 4 -16
 2 24 11.36 4 -16 11.36 8 -16
 2 24 11.36 8 -16 7.65 8 -18.48
 2 24 7.65 8 -18.48 0 8 -20
 2 24 -20 8 0 -18.48 8 -7.65
 2 24 -18.48 8 -7.65 -16 8 -11.36
 2 24 -16 8 -11.36 -16 4 -11.36
 2 24 -16 4 -11.36 -14.14 4 -14.14
 2 24 -14.14 4 -14.14 -11.36 4 -16
 2 24 -11.36 4 -16 -11.36 8 -16
 2 24 -11.36 8 -16 -7.65 8 -18.48
 2 24 -7.65 8 -18.48 0 8 -20
0
 2 24 16 8 0 16 8 11.36
 2 24 11.35 8 16 0 8 16
 2 24 16 4 0 16 4 11.36
 2 24 11.35 4 16 0 4 16
 2 24 -16 8 0 -16 8 11.36
 2 24 -11.35 8 16 0 8 16
 2 24 -16 4 0 -16 4 11.36
 2 24 -11.35 4 16 0 4 16
 2 24 16 8 0 16 8 -11.36
 2 24 11.35 8 -16 0 8 -16
 2 24 16 4 0 16 4 -11.36
 2 24 11.35 4 -16 0 4 -16
 2 24 -16 8 0 -16 8 -11.36
 2 24 -11.35 8 -16 0 8 -16
 2 24 -16 4 0 -16 4 -11.36
 2 24 -11.35 4 -16 0 4 -16
0
 1 16 0 0 0 20 0 0 0 0 0 0 0 20 4-4edge.dat
0
 4 16 20 8 0 18.48 8 7.65 16 8 11.36 16 8 0
 4 16 0 8 20 7.65 8 18.48 11.36 8 16 0 8 16
 4 16 -20 8 0 -18.48 8 7.65 -16 8 11.36 -16 8 0
 4 16 0 8 20 -7.65 8 18.48 -11.36 8 16 0 8 16
 4 16 20 8 0 18.48 8 -7.65 16 8 -11.36 16 8 0
 4 16 0 8 -20 7.65 8 -18.48 11.36 8 -16 0 8 -16
 4 16 -20 8 0 -18.48 8 -7.65 -16 8 -11.36 -16 8 0
 4 16 0 8 -20 -7.65 8 -18.48 -11.36 8 -16 0 8 -16
0
 4 16 20 8 0 20 4 0 18.48 4 7.65 18.48 8 7.65
 4 16 0 8 20 0 4 20 7.65 4 18.48 7.65 8 18.48
 4 16 18.48 8 7.65 18.48 4 7.65 16 4 11.36 16 8 11.36
 4 16 7.65 8 18.48 7.65 4 18.48 11.36 4 16 11.36 8 16
 4 16 16 8 11.36 16 4 11.36 16 4 0 16 8 0
 4 16 11.36 8 16 11.36 4 16 0 4 16 0 8 16
 4 16 -20 8 0 -20 4 0 -18.48 4 7.65 -18.48 8 7.65
 4 16 0 8 20 0 4 20 -7.65 4 18.48 -7.65 8 18.48
 4 16 -18.48 8 7.65 -18.48 4 7.65 -16 4 11.36 -16 8 11.36
 4 16 -7.65 8 18.48 -7.65 4 18.48 -11.36 4 16 -11.36 8 16
 4 16 -16 8 11.36 -16 4 11.36 -16 4 0 -16 8 0
 4 16 -11.36 8 16 -11.36 4 16 0 4 16 0 8 16
 4 16 20 8 0 20 4 0 18.48 4 -7.65 18.48 8 -7.65
 4 16 0 8 -20 0 4 -20 7.65 4 -18.48 7.65 8 -18.48
 4 16 18.48 8 -7.65 18.48 4 -7.65 16 4 -11.36 16 8 -11.36
 4 16 7.65 8 -18.48 7.65 4 -18.48 11.36 4 -16 11.36 8 -16
 4 16 16 8 -11.36 16 4 -11.36 16 4 0 16 8 0
 4 16 11.36 8 -16 11.36 4 -16 0 4 -16 0 8 -16
 4 16 -20 8 0 -20 4 0 -18.48 4 -7.65 -18.48 8 -7.65
 4 16 0 8 -20 0 4 -20 -7.65 4 -18.48 -7.65 8 -18.48
 4 16 -18.48 8 -7.65 -18.48 4 -7.65 -16 4 -11.36 -16 8 -11.36
 4 16 -7.65 8 -18.48 -7.65 4 -18.48 -11.36 4 -16 -11.36 8 -16
 4 16 -16 8 -11.36 -16 4 -11.36 -16 4 0 -16 8 0
 4 16 -11.36 8 -16 -11.36 4 -16 0 4 -16 0 8 -16
0
 1 16 0 0 0 20 0 0 0 4 0 0 0 20 4-4cyli.dat
0
 1 16 0 4 0 20 0 0 0 0 0 0 0 20 4-4disc.dat
0
 5 24 0 4 20 0 8 20 -7.65 4 18.48 7.65 4 18.48
 5 24 -7.65 4 18.48 -7.65 8 18.48 -14.14 4 14.14 0 4 20
 5 24 -18.48 4 7.65 -18.48 8 7.65 -20 4 0 -14.14 4 14.14
 5 24 -20 4 0 -20 8 0 -18.48 4 -7.65 -18.48 4 7.65
 5 24 -18.48 4 -7.65 -18.48 8 -7.65 -14.14 4 -14.14 -20 4 0
 5 24 -7.65 4 -18.48 -7.65 8 -18.48 0 4 -20 -14.14 4 -14.14
 5 24 0 4 -20 0 8 -20 7.65 4 -18.48 -7.65 4 -18.48
 5 24 7.65 4 -18.48 7.65 8 -18.48 14.14 4 -14.14 0 4 -20
 5 24 18.48 4 -7.65 18.48 8 -7.65 20 4 0 14.14 4 -14.14
 5 24 20 4 0 20 8 0 18.48 4 7.65 18.48 4 -7.65
 5 24 18.48 4 7.65 18.48 8 7.65 14.14 4 14.14 20 4 0
 5 24 7.65 4 18.48 7.65 8 18.48 0 4 20 14.14 4 14.14
0
0 end of file
0
