0 Tile  2 x  2 Round with Lifepreserver Pattern
0 Name 4150p07.dat
0 Author: Thomas Burger
0 Official LCad update 97-01

4 16 0 0 0 0 0 -8.24999 3.15727 0 -7.62217 5.83357 0 -5.83357
4 16 0 0 0 5.83357 0 -5.83357 7.62217 0 -3.15727 8.24999 0 0
4 16 0 0 0 8.24999 0 0 7.62217 0 3.15727 5.83357 0 5.83357
4 16 0 0 0 5.83357 0 5.83357 3.15727 0 7.62217 0 0 8.24999
4 16 0 0 0 0 0 8.24999 -3.15727 0 7.62217 -5.83357 0 5.83357
4 16 0 0 0 0 0 8.24999 -3.15727 0 7.62217 -5.83357 0 5.83357
4 16 0 0 0 -5.83357 0 5.83357 -7.62217 0 3.15727 -8.24999 0 0
4 16 0 0 0 -8.24999 0 0 -7.62217 0 -3.15727 -5.83357 0 -5.83357
4 16 0 0 0 -5.83357 0 -5.83357 -3.15727 0 -7.62217 0 0 -8.24999
2 24 8.24999 0 0 7.62217 0 3.15727
2 24 7.62217 0 3.15727 5.83357 0 5.83357
2 24 5.83357 0 5.83357 3.15727 0 7.62217
2 24 3.15727 0 7.62217 0 0 8.24999
2 24 0 0 8.24999 -3.15727 0 7.62217
2 24 -3.15727 0 7.62217 -5.83357 0 5.83357
2 24 -5.83357 0 5.83357 -7.62217 0 3.15727
2 24 -8.24999 0 0 -7.62217 0 -3.15727
2 24 -7.62217 0 -3.15727 -5.83357 0 -5.83357
2 24 -5.83357 0 -5.83357 -3.15727 0 -7.62217
2 24 -3.15727 0 -7.62217 0 0 -8.24999
2 24 0 0 -8.24999 3.15727 0 -7.62217
2 24 3.15727 0 -7.62217 5.83357 0 -5.83357
2 24 5.83357 0 -5.83357 7.62217 0 -3.15727
2 24 7.62217 0 -3.15727 8.24999 0 0
4 16 -10.1115 0 -10.1115 -5.47262 0 -13.2118 -7.69225 0 -18.5704 -14.2127 0 -14.2127
4 16 -5.47262 0 -13.2118 0 0 -14.3 0 0 -20.1 -7.69225 0 -18.5704
4 16 0 0 -14.3 5.47262 0 -13.2118 7.69225 0 -18.5704 0 0 -20.1
4 16 5.47262 0 -13.2118 10.1115 0 -10.1115 14.2127 0 -14.2127 7.69225 0 -18.5704
4 16 10.1115 0 -10.1115 13.2118 0 -5.47262 18.5704 0 -7.69225 14.2127 0 -14.2127
4 16 13.2118 0 -5.47262 14.3 0 0 20.1 0 0 18.5704 0 -7.69225
4 16 14.3 0 0 13.2118 0 5.47262 18.5704 0 7.69225 20.1 0 0
4 16 13.2118 0 5.47262 10.1115 0 10.1115 14.2127 0 14.2127 18.5704 0 7.69225
4 16 10.1115 0 10.1115 5.47262 0 13.2118 7.69225 0 18.5704 14.2127 0 14.2127
4 16 5.47262 0 13.2118 0 0 14.3 0 0 20.1 7.69225 0 18.5704
4 16 0 0 14.3 -5.47262 0 13.2118 -7.69225 0 18.5704 0 0 20.1
4 16 -5.47262 0 13.2118 -10.1115 0 10.1115 -14.2127 0 14.2127 -7.69225 0 18.5704
4 16 -10.1115 0 10.1115 -13.2118 0 5.47262 -18.5704 0 7.69225 -14.2127 0 14.2127
4 16 -18.5704 0 7.69225 -13.2118 0 5.47262 -14.3 0 0 -20.1 0 0
4 16 -14.3 0 0 -13.2118 0 -5.47262 -18.5704 0 -7.69225 -20.1 0 0
4 16 -13.2118 0 -5.47262 -10.1115 0 -10.1115 -14.2127 0 -14.2127 -18.5704 0 -7.69225
2 24 -10.1115 0 -10.1115 -5.47262 0 -13.2118
2 24 -5.47262 0 -13.2118 0 0 -14.3
2 24 0 0 -14.3 5.47262 0 -13.2118
2 24 5.47262 0 -13.2118 10.1115 0 -10.1115
2 24 10.1115 0 -10.1115 13.2118 0 -5.47262
2 24 13.2118 0 -5.47262 14.3 0 0
2 24 14.3 0 0 13.2118 0 5.47262
2 24 13.2118 0 5.47262 10.1115 0 10.1115
2 24 10.1115 0 10.1115 5.47262 0 13.2118
2 24 5.47262 0 13.2118 0 0 14.3
2 24 0 0 14.3 -5.47262 0 13.2118
2 24 -5.47262 0 13.2118 -10.1115 0 10.1115
2 24 -10.1115 0 10.1115 -13.2118 0 5.47262
2 24 -13.2118 0 5.47262 -14.3 0 0
2 24 -14.3 0 0 -13.2118 0 -5.47262
2 24 -13.2118 0 -5.47262 -10.1115 0 -10.1115
2 24 0 0 14.3 0 0 8.24999
2 24 8.24999 0 0 14.3 0 0
2 24 0 0 -14.3 0 0 -8.24999
2 24 -14.3 0 0 -8.24999 0 0
4 15 0 0 14.3 0 0 8.24999 3.15727 0 7.62217 5.47262 0 13.2118
4 15 0 0 14.3 0 0 8.24999 3.15727 0 7.62217 5.47262 0 13.2118
4 15 3.15727 0 7.62217 5.83357 0 5.83357 10.1115 0 10.1115 5.47262 0 13.2118
4 15 5.83357 0 5.83357 7.62217 0 3.15727 13.2118 0 5.47262 10.1115 0 10.1115
4 15 7.62217 0 3.15727 13.2118 0 5.47262 14.3 0 0 8.24999 0 0
4 15 -14.3 0 0 -8.24999 0 0 -7.62217 0 -3.15727 -13.2118 0 -5.47262
4 15 -13.2118 0 -5.47262 -7.62217 0 -3.15727 -5.83357 0 -5.83357 -10.1115 0 -10.1115
4 15 -10.1115 0 -10.1115 -5.83357 0 -5.83357 -3.15727 0 -7.62217 -5.47262 0 -13.2118
4 15 -5.47262 0 -13.2118 -3.15727 0 -7.62217 0 0 -8.24999 0 0 -14.3
4 15 -5.47262 0 -13.2118 -3.15727 0 -7.62217 0 0 -8.24999 0 0 -14.3
4 4 0 0 14.3 0 0 8.24999 -3.15727 0 7.62217 -5.47262 0 13.2118
4 4 -14.3 0 0 -8.24999 0 0 -7.62217 0 3.15727 -13.2118 0 5.47262
4 4 -13.2118 0 5.47262 -10.1115 0 10.1115 -5.83357 0 5.83357 -7.62217 0 3.15727
4 4 -10.1115 0 10.1115 -5.47262 0 13.2118 -3.15727 0 7.62217 -5.83357 0 5.83357
4 4 8.24999 0 0 14.3 0 0 13.2118 0 -5.47262 7.62217 0 -3.15727
4 4 7.62217 0 -3.15727 13.2118 0 -5.47262 10.1115 0 -10.1115 5.83357 0 -5.83357
4 4 5.83357 0 -5.83357 10.1115 0 -10.1115 5.47262 0 -13.2118 3.15727 0 -7.62217
4 4 3.15727 0 -7.62217 5.47262 0 -13.2118 0 0 -14.3 0 0 -8.24999
0 Tile  2 x  2 Round
2 24 0 8 2 4 8 6 
2 24 4 8 6 6 8 4 
2 24 6 8 4 2 8 0 
2 24 0 8 2 -4 8 6 
2 24 -4 8 6 -6 8 4 
2 24 -6 8 4 -2 8 0 
2 24 0 8 -2 4 8 -6 
2 24 4 8 -6 6 8 -4 
2 24 6 8 -4 2 8 0 
2 24 0 8 -2 -4 8 -6 
2 24 -4 8 -6 -6 8 -4 
2 24 -6 8 -4 -2 8 0 
2 24 0 4 2 4 4 6 
2 24 4 4 6 6 4 4 
2 24 6 4 4 2 4 0 
2 24 0 4 2 -4 4 6 
2 24 -4 4 6 -6 4 4 
2 24 -6 4 4 -2 4 0 
2 24 0 4 -2 4 4 -6 
2 24 4 4 -6 6 4 -4 
2 24 6 4 -4 2 4 0 
2 24 0 4 -2 -4 4 -6 
2 24 -4 4 -6 -6 4 -4 
2 24 -6 4 -4 -2 4 0 
2 24 4 4 6 4 8 6 
2 24 6 4 4 6 8 4 
2 24 -4 4 6 -4 8 6 
2 24 -6 4 4 -6 8 4 
2 24 4 4 -6 4 8 -6 
2 24 6 4 -4 6 8 -4 
2 24 -4 4 -6 -4 8 -6 
2 24 -6 4 -4 -6 8 -4 
2 24 0 4 2 0 8 2 
2 24 0 4 -2 0 8 -2 
2 24 2 4 0 2 8 0 
2 24 -2 4 0 -2 8 0 
4 16 4 8 6 6 8 4 -6 8 -4 -4 8 -6 
4 16 -4 8 6 -6 8 4 6 8 -4 4 8 -6 
4 16 0 8 2 4 8 6 4 4 6 0 4 2 
4 16 4 8 6 6 8 4 6 4 4 4 4 6 
4 16 6 8 4 2 8 0 2 4 0 6 4 4 
4 16 0 8 2 -4 8 6 -4 4 6 0 4 2 
4 16 -4 8 6 -6 8 4 -6 4 4 -4 4 6 
4 16 -6 8 4 -2 8 0 -2 4 0 -6 4 4 
4 16 0 8 -2 4 8 -6 4 4 -6 0 4 -2 
4 16 4 8 -6 6 8 -4 6 4 -4 4 4 -6 
4 16 6 8 -4 2 8 0 2 4 0 6 4 -4 
4 16 0 8 -2 -4 8 -6 -4 4 -6 0 4 -2 
4 16 -4 8 -6 -6 8 -4 -6 4 -4 -4 4 -6 
4 16 -6 8 -4 -2 8 0 -2 4 0 -6 4 -4 
2 24 20 8 0 18.48 8 7.65 
2 24 18.48 8 7.65 16 8 11.36 
2 24 16 8 11.36 16 4 11.36 
2 24 16 4 11.36 14.14 4 14.14 
2 24 14.14 4 14.14 11.36 4 16 
2 24 11.36 4 16 11.36 8 16 
2 24 11.36 8 16 7.65 8 18.48 
2 24 7.65 8 18.48 0 8 20 
2 24 -20 8 0 -18.48 8 7.65 
2 24 -18.48 8 7.65 -16 8 11.36 
2 24 -16 8 11.36 -16 4 11.36 
2 24 -16 4 11.36 -14.14 4 14.14 
2 24 -14.14 4 14.14 -11.36 4 16 
2 24 -11.36 4 16 -11.36 8 16 
2 24 -11.36 8 16 -7.65 8 18.48 
2 24 -7.65 8 18.48 0 8 20 
2 24 20 8 0 18.48 8 -7.65 
2 24 18.48 8 -7.65 16 8 -11.36 
2 24 16 8 -11.36 16 4 -11.36 
2 24 16 4 -11.36 14.14 4 -14.14 
2 24 14.14 4 -14.14 11.36 4 -16 
2 24 11.36 4 -16 11.36 8 -16 
2 24 11.36 8 -16 7.65 8 -18.48 
2 24 7.65 8 -18.48 0 8 -20 
2 24 -20 8 0 -18.48 8 -7.65 
2 24 -18.48 8 -7.65 -16 8 -11.36 
2 24 -16 8 -11.36 -16 4 -11.36 
2 24 -16 4 -11.36 -14.14 4 -14.14 
2 24 -14.14 4 -14.14 -11.36 4 -16 
2 24 -11.36 4 -16 -11.36 8 -16 
2 24 -11.36 8 -16 -7.65 8 -18.48 
2 24 -7.65 8 -18.48 0 8 -20 
2 24 16 8 0 16 8 11.36 
2 24 11.35 8 16 0 8 16 
2 24 16 4 0 16 4 11.36 
2 24 11.35 4 16 0 4 16 
2 24 -16 8 0 -16 8 11.36 
2 24 -11.35 8 16 0 8 16 
2 24 -16 4 0 -16 4 11.36 
2 24 -11.35 4 16 0 4 16 
2 24 16 8 0 16 8 -11.36 
2 24 11.35 8 -16 0 8 -16 
2 24 16 4 0 16 4 -11.36 
2 24 11.35 4 -16 0 4 -16 
2 24 -16 8 0 -16 8 -11.36 
2 24 -11.35 8 -16 0 8 -16 
2 24 -16 4 0 -16 4 -11.36 
2 24 -11.35 4 -16 0 4 -16 
1 16 0 0 0 20 0 0 0 0 0 0 0 20 4-4edge.dat
4 16 20 8 0 18.48 8 7.65 16 8 11.36 16 8 0 
4 16 0 8 20 7.65 8 18.48 11.36 8 16 0 8 16 
4 16 -20 8 0 -18.48 8 7.65 -16 8 11.36 -16 8 0 
4 16 0 8 20 -7.65 8 18.48 -11.36 8 16 0 8 16 
4 16 20 8 0 18.48 8 -7.65 16 8 -11.36 16 8 0 
4 16 0 8 -20 7.65 8 -18.48 11.36 8 -16 0 8 -16 
4 16 -20 8 0 -18.48 8 -7.65 -16 8 -11.36 -16 8 0 
4 16 0 8 -20 -7.65 8 -18.48 -11.36 8 -16 0 8 -16 
4 16 20 8 0 20 4 0 18.48 4 7.65 18.48 8 7.65 
4 16 0 8 20 0 4 20 7.65 4 18.48 7.65 8 18.48 
4 16 18.48 8 7.65 18.48 4 7.65 16 4 11.36 16 8 11.36 
4 16 7.65 8 18.48 7.65 4 18.48 11.36 4 16 11.36 8 16 
4 16 16 8 11.36 16 4 11.36 16 4 0 16 8 0 
4 16 11.36 8 16 11.36 4 16 0 4 16 0 8 16 
4 16 -20 8 0 -20 4 0 -18.48 4 7.65 -18.48 8 7.65 
4 16 0 8 20 0 4 20 -7.65 4 18.48 -7.65 8 18.48 
4 16 -18.48 8 7.65 -18.48 4 7.65 -16 4 11.36 -16 8 11.36 
4 16 -7.65 8 18.48 -7.65 4 18.48 -11.36 4 16 -11.36 8 16 
4 16 -16 8 11.36 -16 4 11.36 -16 4 0 -16 8 0 
4 16 -11.36 8 16 -11.36 4 16 0 4 16 0 8 16 
4 16 20 8 0 20 4 0 18.48 4 -7.65 18.48 8 -7.65 
4 16 0 8 -20 0 4 -20 7.65 4 -18.48 7.65 8 -18.48 
4 16 18.48 8 -7.65 18.48 4 -7.65 16 4 -11.36 16 8 -11.36 
4 16 7.65 8 -18.48 7.65 4 -18.48 11.36 4 -16 11.36 8 -16 
4 16 16 8 -11.36 16 4 -11.36 16 4 0 16 8 0 
4 16 11.36 8 -16 11.36 4 -16 0 4 -16 0 8 -16 
4 16 -20 8 0 -20 4 0 -18.48 4 -7.65 -18.48 8 -7.65 
4 16 0 8 -20 0 4 -20 -7.65 4 -18.48 -7.65 8 -18.48 
4 16 -18.48 8 -7.65 -18.48 4 -7.65 -16 4 -11.36 -16 8 -11.36 
4 16 -7.65 8 -18.48 -7.65 4 -18.48 -11.36 4 -16 -11.36 8 -16 
4 16 -16 8 -11.36 -16 4 -11.36 -16 4 0 -16 8 0 
4 16 -11.36 8 -16 -11.36 4 -16 0 4 -16 0 8 -16 
1 16 0 0 0 20 0 0 0 4 0 0 0 20 4-4cyli.dat
1 16 0 4 0 20 0 0 0 0 0 0 0 20 4-4disc.dat
4 24 0 4 20 0 8 20 -7.65 4 18.48 7.65 4 18.48 
4 24 -7.65 4 18.48 -7.65 8 18.48 -14.14 4 14.14 0 4 20 
4 24 -18.48 4 7.65 -18.48 8 7.65 -20 4 0 -14.14 4 14.14 
4 24 -20 4 0 -20 8 0 -18.48 4 -7.65 -18.48 4 7.65 
4 24 -18.48 4 -7.65 -18.48 8 -7.65 -14.14 4 -14.14 -20 4 0 
4 24 -7.65 4 -18.48 -7.65 8 -18.48 0 4 -20 -14.14 4 -14.14 
4 24 0 4 -20 0 8 -20 7.65 4 -18.48 -7.65 4 -18.48 
4 24 7.65 4 -18.48 7.65 8 -18.48 14.14 4 -14.14 0 4 -20 
4 24 18.48 4 -7.65 18.48 8 -7.65 20 4 0 14.14 4 -14.14 
4 24 20 4 0 20 8 0 18.48 4 7.65 18.48 4 -7.65 
4 24 18.48 4 7.65 18.48 8 7.65 14.14 4 14.14 20 4 0 
4 24 7.65 4 18.48 7.65 8 18.48 0 4 20 14.14 4 14.14 
