0 Tile  2 x  2 Round with Yellow Arrow with Black Border Pattern
0 Name: 4150p04.dat
0 Author: (originally) James Jessiman
0 Author: (improved version) Bram Lambrecht
0 Official LCad update 99-01

 2 24 0 8 2 4 8 6
 2 24 4 8 6 6 8 4
 2 24 6 8 4 2 8 0
 2 24 -0 8 2 -4 8 6
 2 24 -4 8 6 -6 8 4
 2 24 -6 8 4 -2 8 0
 2 24 0 8 -2 4 8 -6
 2 24 4 8 -6 6 8 -4
 2 24 6 8 -4 2 8 -0
 2 24 -0 8 -2 -4 8 -6
 2 24 -4 8 -6 -6 8 -4
 2 24 -6 8 -4 -2 8 -0
 2 24 0 4 2 4 4 6
 2 24 4 4 6 6 4 4
 2 24 6 4 4 2 4 0
 2 24 -0 4 2 -4 4 6
 2 24 -4 4 6 -6 4 4
 2 24 -6 4 4 -2 4 0
 2 24 0 4 -2 4 4 -6
 2 24 4 4 -6 6 4 -4
 2 24 6 4 -4 2 4 -0
 2 24 -0 4 -2 -4 4 -6
 2 24 -4 4 -6 -6 4 -4
 2 24 -6 4 -4 -2 4 -0
 2 24 4 4 6 4 8 6
 2 24 6 4 4 6 8 4
 2 24 -4 4 6 -4 8 6
 2 24 -6 4 4 -6 8 4
 2 24 4 4 -6 4 8 -6
 2 24 6 4 -4 6 8 -4
 2 24 -4 4 -6 -4 8 -6
 2 24 -6 4 -4 -6 8 -4
 2 24 0 4 2 0 8 2
 2 24 0 4 -2 0 8 -2
 2 24 2 4 0 2 8 0
 2 24 -2 4 0 -2 8 0

 4 16 4 8 6 6 8 4 -6 8 -4 -4 8 -6
 4 16 -4 8 6 -6 8 4 6 8 -4 4 8 -6
 4 16 0 8 2 4 8 6 4 4 6 0 4 2
 4 16 4 8 6 6 8 4 6 4 4 4 4 6
 4 16 6 8 4 2 8 0 2 4 0 6 4 4
 4 16 -0 8 2 -4 8 6 -4 4 6 -0 4 2
 4 16 -4 8 6 -6 8 4 -6 4 4 -4 4 6
 4 16 -6 8 4 -2 8 0 -2 4 0 -6 4 4
 4 16 0 8 -2 4 8 -6 4 4 -6 0 4 -2
 4 16 4 8 -6 6 8 -4 6 4 -4 4 4 -6
 4 16 6 8 -4 2 8 -0 2 4 -0 6 4 -4
 4 16 -0 8 -2 -4 8 -6 -4 4 -6 -0 4 -2
 4 16 -4 8 -6 -6 8 -4 -6 4 -4 -4 4 -6
 4 16 -6 8 -4 -2 8 -0 -2 4 -0 -6 4 -4

 2 24 20    8  0    18.48 8  7.65
 2 24 18.48 8  7.65 16    8 11.36
 2 24 16    8 11.36 16    4 11.36
 2 24 16    4 11.36 14.14 4 14.14
 2 24 14.14 4 14.14 11.36 4 16
 2 24 11.36 4 16    11.36 8 16
 2 24 11.36 8 16     7.65 8 18.48
 2 24  7.65 8 18.48  0    8 20
 2 24 -20    8  0    -18.48 8  7.65
 2 24 -18.48 8  7.65 -16    8 11.36
 2 24 -16    8 11.36 -16    4 11.36
 2 24 -16    4 11.36 -14.14 4 14.14
 2 24 -14.14 4 14.14 -11.36 4 16
 2 24 -11.36 4 16    -11.36 8 16
 2 24 -11.36 8 16     -7.65 8 18.48
 2 24  -7.65 8 18.48   0    8 20
 2 24 20    8   0    18.48 8  -7.65
 2 24 18.48 8  -7.65 16    8 -11.36
 2 24 16    8 -11.36 16    4 -11.36
 2 24 16    4 -11.36 14.14 4 -14.14
 2 24 14.14 4 -14.14 11.36 4 -16
 2 24 11.36 4 -16    11.36 8 -16
 2 24 11.36 8 -16     7.65 8 -18.48
 2 24  7.65 8 -18.48  0    8 -20
 2 24 -20    8   0    -18.48 8  -7.65
 2 24 -18.48 8  -7.65 -16    8 -11.36
 2 24 -16    8 -11.36 -16    4 -11.36
 2 24 -16    4 -11.36 -14.14 4 -14.14
 2 24 -14.14 4 -14.14 -11.36 4 -16
 2 24 -11.36 4 -16    -11.36 8 -16
 2 24 -11.36 8 -16     -7.65 8 -18.48
 2 24  -7.65 8 -18.48  -0    8 -20

 2 24 16    8  0 16 8 11.36
 2 24 11.35 8 16  0 8 16
 2 24 16    4  0 16 4 11.36
 2 24 11.35 4 16  0 4 16
 2 24 -16    8  0 -16 8 11.36
 2 24 -11.35 8 16   0 8 16
 2 24 -16    4  0 -16 4 11.36
 2 24 -11.35 4 16   0 4 16
 2 24 16    8   0 16 8 -11.36
 2 24 11.35 8 -16  0 8 -16
 2 24 16    4   0 16 4 -11.36
 2 24 11.35 4 -16  0 4 -16
 2 24 -16    8   0 -16 8 -11.36
 2 24 -11.35 8 -16   0 8 -16
 2 24 -16    4   0 -16 4 -11.36
 2 24 -11.35 4 -16   0 4 -16

 1 16 0 0 0 20 0 0 0 0 0 0 0 20 4-4edge.dat

 4 16 20 8  0 18.48 8  7.65 16    8 11.36 16 8  0
 4 16  0 8 20  7.65 8 18.48 11.36 8 16     0 8 16
 4 16 -20 8  0 -18.48 8  7.65 -16    8 11.36 -16 8  0
 4 16   0 8 20  -7.65 8 18.48 -11.36 8 16      0 8 16
 4 16 20 8   0 18.48 8  -7.65 16    8 -11.36 16 8   0
 4 16  0 8 -20  7.65 8 -18.48 11.36 8 -16     0 8 -16
 4 16 -20 8   0 -18.48 8  -7.65 -16    8 -11.36 -16 8   0
 4 16   0 8 -20  -7.65 8 -18.48 -11.36 8 -16      0 8 -16

 4 16 20    8  0    20    4  0    18.48 4  7.65 18.48 8  7.65
 4 16  0    8 20     0    4 20     7.65 4 18.48  7.65 8 18.48
 4 16 18.48 8  7.65 18.48 4  7.65 16    4 11.36 16    8 11.36
 4 16  7.65 8 18.48  7.65 4 18.48 11.36 4 16    11.36 8 16
 4 16 16    8 11.36 16    4 11.36 16    4  0    16    8  0
 4 16 11.36 8 16    11.36 4 16     0    4 16     0    8 16
 4 16 -20    8  0    -20    4  0    -18.48 4  7.65 -18.48 8  7.65
 4 16   0    8 20      0    4 20     -7.65 4 18.48  -7.65 8 18.48
 4 16 -18.48 8  7.65 -18.48 4  7.65 -16    4 11.36 -16    8 11.36
 4 16  -7.65 8 18.48  -7.65 4 18.48 -11.36 4 16    -11.36 8 16
 4 16 -16    8 11.36 -16    4 11.36 -16    4  0    -16    8  0
 4 16 -11.36 8 16    -11.36 4 16      0    4 16      0    8 16
 4 16 20    8   0    20    4   0    18.48 4  -7.65 18.48 8  -7.65
 4 16  0    8 -20     0    4 -20     7.65 4 -18.48  7.65 8 -18.48
 4 16 18.48 8  -7.65 18.48 4  -7.65 16    4 -11.36 16    8 -11.36
 4 16  7.65 8 -18.48  7.65 4 -18.48 11.36 4 -16    11.36 8 -16
 4 16 16    8 -11.36 16    4 -11.36 16    4   0    16    8   0
 4 16 11.36 8 -16    11.36 4 -16     0    4 -16     0    8 -16
 4 16 -20    8   0    -20    4   0    -18.48 4  -7.65 -18.48 8  -7.65
 4 16   0    8 -20      0    4 -20     -7.65 4 -18.48  -7.65 8 -18.48
 4 16 -18.48 8  -7.65 -18.48 4  -7.65 -16    4 -11.36 -16    8 -11.36
 4 16  -7.65 8 -18.48  -7.65 4 -18.48 -11.36 4 -16    -11.36 8 -16
 4 16 -16    8 -11.36 -16    4 -11.36 -16    4   0    -16    8   0
 4 16 -11.36 8 -16    -11.36 4 -16      0    4 -16      0    8 -16

 1 16 0 0 0 20 0 0 0 4 0 0 0 20 4-4cyli.dat

 1 16 0 4 0 20 0 0 0 0 0 0 0 20 4-4disc.dat

 5 24 0 4 20 0 8 20 -7.65 4 18.48 7.65 4 18.48
 5 24 -7.65 4 18.48 -7.65 8 18.48 -14.14 4 14.14 0 4 20
 5 24 -18.48 4 7.65 -18.48 8 7.65 -20 4 0 -14.14 4 14.14
 5 24 -20 4 0 -20 8 0 -18.48 4 -7.65 -18.48 4 7.65
 5 24 -18.48 4 -7.65 -18.48 8 -7.65 -14.14 4 -14.14 -20 4 0
 5 24 -7.65 4 -18.48 -7.65 8 -18.48 0 4 -20 -14.14 4 -14.14
 5 24 0 4 -20 0 8 -20 7.65 4 -18.48 -7.65 4 -18.48
 5 24 7.65 4 -18.48 7.65 8 -18.48 14.14 4 -14.14 0 4 -20
 5 24 18.48 4 -7.65 18.48 8 -7.65 20 4 0 14.14 4 -14.14
 5 24 20 4 0 20 8 0 18.48 4 7.65 18.48 4 -7.65
 5 24 18.48 4 7.65 18.48 8 7.65 14.14 4 14.14 20 4 0
 5 24 7.65 4 18.48 7.65 8 18.48 0 4 20 14.14 4 14.14

4 0 0 0 16 0 0 18.539 7.515 0 3 6 0 4
4 0 6 0 4 7.515 0 3 2 0 3 2 0 4
4 0 2 0 3 3 0 3 3 0 -14 2 0 -14
4 0 3 0 -14 3 0 -15 -3 0 -15 -3 0 -14
4 0 -3 0 -14 -2 0 -15 -2 0 3 -3 0 3
4 0 -6 0 4 -7.517 0 3 -2 0 3 -2 0 4
4 0 0 0 16 0 0 18.539 -7.515 0 3 -6 0 4

 3 14 6 0 4 0 0 16 -6 0 4
 4 14 2 0 4 2 0 -14 -2 0 -14 -2 0 4

 3 16 0 0 20 0 0 18.539 7.6 0 18.4
 3 16 7.6 0 18.4 0 0 18.539 14 0 14
 3 16 0 0 18.539 14 0 14 7.515 0 3
 3 16 14 0 14 7.515 0 3 18.4 0 7.6
 3 16 18.4 0 7.6 7.515 0 3 20 0 0
 3 16 20 0 0 7.515 0 3 18.4 0 -7.6
 3 16 18.4 0 -7.6 7.515 0 3 14 0 -14
 4 16 14 0 -14 7.515 0 3 3 0 3 3 0 -15
 3 16 14 0 -14 3 0 -15 7.6 0 -18.4
 3 16 7.6 0 -18.4 3 0 -15 0 0 -20
 3 16 3 0 -15 0 0 -20 -3 0 -15
 3 16 0 0 20 0 0 18.539 -7.6 0 18.4
 3 16 -7.6 0 18.4 0 0 18.539 -14 0 14
 3 16 0 0 18.539 -14 0 14 -7.515 0 3
 3 16 -14 0 14 -7.515 0 3 -18.4 0 7.6
 3 16 -18.4 0 7.6 -7.515 0 3 -20 0 0
 3 16 -20 0 0 -7.515 0 3 -18.4 0 -7.6
 3 16 -18.4 0 -7.6 -7.515 0 3 -14 0 -14
 4 16 -14 0 -14 -7.515 0 3 -3 0 3 -3 0 -15
 3 16 -14 0 -14 -3 0 -15 -7.6 0 -18.4
 3 16 -7.6 0 -18.4 -3 0 -15 0 0 -20
0