0 Tile  2 x  2 Round with Grille Pattern
0 Name: 4150p01.dat
0 Author: Steve Bliss
0 Official LCAD Part - 2000-02 Update

0 BFC CERTIFY CW

4 16 -11.25 0 13.75 -6.8886 0 16.6302 -5.8335 0 16.9 -5.8335 0 13.75
4 0 -5.8335 0 13.75 -5.8335 0 16.9 -2.9165 0 17.5 -2.9165 0 13.75
4 16 2.9165 0 17.5 2.9165 0 13.75 -2.9165 0 13.75 -2.9165 0 17.5
3 16 -2.9165 0 17.5 0 0 18 2.9165 0 17.5
4 0 5.8335 0 16.9 5.8335 0 13.75 2.9165 0 13.75 2.9165 0 17.5
4 16 6.8886 0 16.6302 11.25 0 13.75 5.8335 0 13.75 5.8335 0 16.9
4 0 -12.7278 0 12.7278 -11.25 0 13.75 -11.25 0 11.25 -13.75 0 11.25
4 0 -11.25 0 11.25 -11.25 0 13.75 -5.8335 0 13.75 -5.8335 0 11.25
4 0 -5.8335 0 11.25 -5.8335 0 13.75 -2.9165 0 13.75 -2.9165 0 11.25
4 0 2.9165 0 13.75 2.9165 0 11.25 -2.9165 0 11.25 -2.9165 0 13.75
4 0 5.8335 0 13.75 5.8335 0 11.25 2.9165 0 11.25 2.9165 0 13.75
4 0 11.25 0 13.75 11.25 0 11.25 5.8335 0 11.25 5.8335 0 13.75
4 0 12.7278 0 12.7278 13.75 0 11.25 11.25 0 11.25 11.25 0 13.75
4 0 -13.75 0 5.8335 -13.75 0 11.25 -11.25 0 11.25 -11.25 0 5.8335
4 16 -11.25 0 5.8335 -11.25 0 11.25 -5.8335 0 11.25 -5.8335 0 5.8335
4 0 -5.8335 0 5.8335 -5.8335 0 11.25 -2.9165 0 11.25 -2.9165 0 5.8335
4 16 2.9165 0 11.25 2.9165 0 5.8335 -2.9165 0 5.8335 -2.9165 0 11.25
4 0 5.8335 0 11.25 5.8335 0 5.8335 2.9165 0 5.8335 2.9165 0 11.25
4 16 11.25 0 11.25 11.25 0 5.8335 5.8335 0 5.8335 5.8335 0 11.25
4 0 13.75 0 11.25 13.75 0 5.8335 11.25 0 5.8335 11.25 0 11.25
4 0 -13.75 0 2.9165 -13.75 0 5.8335 -11.25 0 5.8335 -11.25 0 2.9165
4 0 -11.25 0 2.9165 -11.25 0 5.8335 -5.8335 0 5.8335 -5.8335 0 2.9165
4 0 -5.8335 0 2.9165 -5.8335 0 5.8335 -2.9165 0 5.8335 -2.9165 0 2.9165
4 0 2.9165 0 5.8335 2.9165 0 2.9165 -2.9165 0 2.9165 -2.9165 0 5.8335
4 0 5.8335 0 5.8335 5.8335 0 2.9165 2.9165 0 2.9165 2.9165 0 5.8335
4 0 11.25 0 5.8335 11.25 0 2.9165 5.8335 0 2.9165 5.8335 0 5.8335
4 0 13.75 0 5.8335 13.75 0 2.9165 11.25 0 2.9165 11.25 0 5.8335
4 0 -13.75 0 -2.9165 -13.75 0 2.9165 -11.25 0 2.9165 -11.25 0 -2.9165
4 16 -11.25 0 -2.9165 -11.25 0 2.9165 -5.8335 0 2.9165 -5.8335 0 -2.9165
4 0 -5.8335 0 -2.9165 -5.8335 0 2.9165 -2.9165 0 2.9165 -2.9165 0 -2.9165
4 16 2.9165 0 2.9165 2.9165 0 -2.9165 -2.9165 0 -2.9165 -2.9165 0 2.9165
4 0 5.8335 0 2.9165 5.8335 0 -2.9165 2.9165 0 -2.9165 2.9165 0 2.9165
4 16 11.25 0 2.9165 11.25 0 -2.9165 5.8335 0 -2.9165 5.8335 0 2.9165
4 0 13.75 0 2.9165 13.75 0 -2.9165 11.25 0 -2.9165 11.25 0 2.9165
4 0 -13.75 0 -5.8335 -13.75 0 -2.9165 -11.25 0 -2.9165 -11.25 0 -5.8335
4 0 -11.25 0 -5.8335 -11.25 0 -2.9165 -5.8335 0 -2.9165 -5.8335 0 -5.8335
4 0 -5.8335 0 -5.8335 -5.8335 0 -2.9165 -2.9165 0 -2.9165 -2.9165 0 -5.8335
4 0 2.9165 0 -2.9165 2.9165 0 -5.8335 -2.9165 0 -5.8335 -2.9165 0 -2.9165
4 0 5.8335 0 -2.9165 5.8335 0 -5.8335 2.9165 0 -5.8335 2.9165 0 -2.9165
4 0 11.25 0 -2.9165 11.25 0 -5.8335 5.8335 0 -5.8335 5.8335 0 -2.9165
4 0 13.75 0 -2.9165 13.75 0 -5.8335 11.25 0 -5.8335 11.25 0 -2.9165
4 0 13.75 0 -5.8335 13.75 0 -11.25 11.25 0 -11.25 11.25 0 -5.8335
4 16 11.25 0 -5.8335 11.25 0 -11.25 5.8335 0 -11.25 5.8335 0 -5.8335
4 0 5.8335 0 -5.8335 5.8335 0 -11.25 2.9165 0 -11.25 2.9165 0 -5.8335
4 16 -2.9165 0 -11.25 -2.9165 0 -5.8335 2.9165 0 -5.8335 2.9165 0 -11.25
4 0 -5.8335 0 -11.25 -5.8335 0 -5.8335 -2.9165 0 -5.8335 -2.9165 0 -11.25
4 16 -11.25 0 -11.25 -11.25 0 -5.8335 -5.8335 0 -5.8335 -5.8335 0 -11.25
4 0 -13.75 0 -11.25 -13.75 0 -5.8335 -11.25 0 -5.8335 -11.25 0 -11.25
4 0 12.7278 0 -12.7278 11.25 0 -13.75 11.25 0 -11.25 13.75 0 -11.25
4 0 11.25 0 -11.25 11.25 0 -13.75 5.8335 0 -13.75 5.8335 0 -11.25
4 0 5.8335 0 -11.25 5.8335 0 -13.75 2.9165 0 -13.75 2.9165 0 -11.25
4 0 -2.9165 0 -13.75 -2.9165 0 -11.25 2.9165 0 -11.25 2.9165 0 -13.75
4 0 -5.8335 0 -13.75 -5.8335 0 -11.25 -2.9165 0 -11.25 -2.9165 0 -13.75
4 0 -11.25 0 -13.75 -11.25 0 -11.25 -5.8335 0 -11.25 -5.8335 0 -13.75
4 0 -12.7278 0 -12.7278 -13.75 0 -11.25 -11.25 0 -11.25 -11.25 0 -13.75
4 16 -6.8886 0 -16.6302 -11.25 0 -13.75 -5.8335 0 -13.75 -5.8335 0 -16.84
4 0 -5.8335 0 -16.84 -5.8335 0 -13.75 -2.9165 0 -13.75 -2.9165 0 -17.4201
4 16 -2.9165 0 -17.4201 -2.9165 0 -13.75 2.9165 0 -13.75 2.9165 0 -17.4201
3 16 2.9165 0 -17.4201 0 0 -18 -2.9165 0 -17.4201
4 0 5.8335 0 -13.75 5.8335 0 -16.84 2.9165 0 -17.4201 2.9165 0 -13.75
4 16 11.25 0 -13.75 6.8886 0 -16.6302 5.8335 0 -16.84 5.8335 0 -13.75
4 16 -13.75 0 -11.25 -16.6302 0 -6.8886 -16.84 0 -5.8335 -13.75 0 -5.8335
4 0 -13.75 0 -5.8335 -16.9 0 -5.8335 -17.4201 0 -2.9165 -13.75 0 -2.9165
4 16 -17.4201 0 2.9165 -13.75 0 2.9165 -13.75 0 -2.9165 -17.4201 0 -2.9165
3 16 -17.4201 0 -2.9165 -18 0 0 -17.4201 0 2.9165
4 0 -16.9 0 5.8335 -13.75 0 5.8335 -13.75 0 2.9165 -17.4201 0 2.9165
4 16 -16.6302 0 6.8886 -13.75 0 11.25 -13.75 0 5.8335 -16.84 0 5.8335
4 16 13.75 0 11.25 16.6302 0 6.8886 16.9 0 5.8335 13.75 0 5.8335
4 0 13.75 0 5.8335 16.9 0 5.8335 17.5 0 2.9165 13.75 0 2.9165
4 16 17.5 0 -2.9165 13.75 0 -2.9165 13.75 0 2.9165 17.5 0 2.9165
3 16 17.5 0 2.9165 18 0 0 17.5 0 -2.9165
4 0 16.9 0 -5.8335 13.75 0 -5.8335 13.75 0 -2.9165 17.5 0 -2.9165
4 16 16.6302 0 -6.8886 13.75 0 -11.25 13.75 0 -5.8335 16.9 0 -5.8335
1 0 0 0 0 1 0 0 0 1 0 0 0 1 1-4rin18.dat
1 0 0 0 0 0 0 1 0 1 0 -1 0 0 1-4rin18.dat
1 0 0 0 0 -1 0 0 0 1 0 0 0 -1 1-4rin18.dat
1 0 0 0 0 0 0 -1 0 1 0 1 0 0 1-4rin18.dat
1 16 0 0 0 1 0 0 0 1 0 0 0 1 1-4rin19.dat
1 16 0 0 0 0 0 1 0 1 0 -1 0 0 1-4rin19.dat
1 16 0 0 0 -1 0 0 0 1 0 0 0 -1 1-4rin19.dat
1 16 0 0 0 0 0 -1 0 1 0 1 0 0 1-4rin19.dat
0 Plain section - based on 4150.dat
2 24 0 8 2 4 8 6
2 24 4 8 6 6 8 4
2 24 6 8 4 2 8 0
2 24 0 8 2 -4 8 6
2 24 -4 8 6 -6 8 4
2 24 -6 8 4 -2 8 0
2 24 0 8 -2 4 8 -6
2 24 4 8 -6 6 8 -4
2 24 6 8 -4 2 8 0
2 24 0 8 -2 -4 8 -6
2 24 -4 8 -6 -6 8 -4
2 24 -6 8 -4 -2 8 0
2 24 0 4 2 4 4 6
2 24 4 4 6 6 4 4
2 24 6 4 4 2 4 0
2 24 0 4 2 -4 4 6
2 24 -4 4 6 -6 4 4
2 24 -6 4 4 -2 4 0
2 24 0 4 -2 4 4 -6
2 24 4 4 -6 6 4 -4
2 24 6 4 -4 2 4 0
2 24 0 4 -2 -4 4 -6
2 24 -4 4 -6 -6 4 -4
2 24 -6 4 -4 -2 4 0
2 24 4 4 6 4 8 6
2 24 6 4 4 6 8 4
2 24 -4 4 6 -4 8 6
2 24 -6 4 4 -6 8 4
2 24 4 4 -6 4 8 -6
2 24 6 4 -4 6 8 -4
2 24 -4 4 -6 -4 8 -6
2 24 -6 4 -4 -6 8 -4
2 24 0 4 2 0 8 2
2 24 0 4 -2 0 8 -2
2 24 2 4 0 2 8 0
2 24 -2 4 0 -2 8 0
4 16 -6 8 -4 -4 8 -6 6 8 4 4 8 6
4 16 -4 8 6 -6 8 4 4 8 -6 6 8 -4
4 16 0 8 2 4 8 6 4 4 6 0 4 2
4 16 4 8 6 6 8 4 6 4 4 4 4 6
4 16 6 8 4 2 8 0 2 4 0 6 4 4
4 16 -4 4 6 -4 8 6 0 8 2 0 4 2
4 16 -6 4 4 -6 8 4 -4 8 6 -4 4 6
4 16 -2 4 0 -2 8 0 -6 8 4 -6 4 4
4 16 4 4 -6 4 8 -6 0 8 -2 0 4 -2
4 16 6 4 -4 6 8 -4 4 8 -6 4 4 -6
4 16 2 4 0 2 8 0 6 8 -4 6 4 -4
4 16 0 8 -2 -4 8 -6 -4 4 -6 0 4 -2
4 16 -4 8 -6 -6 8 -4 -6 4 -4 -4 4 -6
4 16 -6 8 -4 -2 8 0 -2 4 0 -6 4 -4
2 24 20 8 0 18.48 8 7.65
2 24 18.48 8 7.65 16 8 11.36
2 24 16 8 11.36 16 4 11.36
2 24 16 4 11.36 14.14 4 14.14
2 24 14.14 4 14.14 11.36 4 16
2 24 11.36 4 16 11.36 8 16
2 24 11.36 8 16 7.65 8 18.48
2 24 7.65 8 18.48 0 8 20
2 24 -20 8 0 -18.48 8 7.65
2 24 -18.48 8 7.65 -16 8 11.36
2 24 -16 8 11.36 -16 4 11.36
2 24 -16 4 11.36 -14.14 4 14.14
2 24 -14.14 4 14.14 -11.36 4 16
2 24 -11.36 4 16 -11.36 8 16
2 24 -11.36 8 16 -7.65 8 18.48
2 24 -7.65 8 18.48 0 8 20
2 24 20 8 0 18.48 8 -7.65
2 24 18.48 8 -7.65 16 8 -11.36
2 24 16 8 -11.36 16 4 -11.36
2 24 16 4 -11.36 14.14 4 -14.14
2 24 14.14 4 -14.14 11.36 4 -16
2 24 11.36 4 -16 11.36 8 -16
2 24 11.36 8 -16 7.65 8 -18.48
2 24 7.65 8 -18.48 0 8 -20
2 24 -20 8 0 -18.48 8 -7.65
2 24 -18.48 8 -7.65 -16 8 -11.36
2 24 -16 8 -11.36 -16 4 -11.36
2 24 -16 4 -11.36 -14.14 4 -14.14
2 24 -14.14 4 -14.14 -11.36 4 -16
2 24 -11.36 4 -16 -11.36 8 -16
2 24 -11.36 8 -16 -7.65 8 -18.48
2 24 -7.65 8 -18.48 0 8 -20
2 24 16 8 0 16 8 11.36
2 24 11.35 8 16 0 8 16
2 24 16 4 0 16 4 11.36
2 24 11.35 4 16 0 4 16
2 24 -16 8 0 -16 8 11.36
2 24 -11.35 8 16 0 8 16
2 24 -16 4 0 -16 4 11.36
2 24 -11.35 4 16 0 4 16
2 24 16 8 0 16 8 -11.36
2 24 11.35 8 -16 0 8 -16
2 24 16 4 0 16 4 -11.36
2 24 11.35 4 -16 0 4 -16
2 24 -16 8 0 -16 8 -11.36
2 24 -11.35 8 -16 0 8 -16
2 24 -16 4 0 -16 4 -11.36
2 24 -11.35 4 -16 0 4 -16
1 16 0 0 0 20 0 0 0 0 0 0 0 20 4-4edge.dat
4 16 20 8 0 18.48 8 7.65 16 8 11.36 16 8 0
4 16 11.36 8 16 7.65 8 18.48 0 8 20 0 8 16
4 16 -16 8 11.36 -18.48 8 7.65 -20 8 0 -16 8 0
4 16 0 8 20 -7.65 8 18.48 -11.36 8 16 0 8 16
4 16 16 8 -11.36 18.48 8 -7.65 20 8 0 16 8 0
4 16 0 8 -20 7.65 8 -18.48 11.36 8 -16 0 8 -16
4 16 -20 8 0 -18.48 8 -7.65 -16 8 -11.36 -16 8 0
4 16 -11.36 8 -16 -7.65 8 -18.48 0 8 -20 0 8 -16
1 16 0 4 0 18.4776 0 7.6537 0 4 0 -7.6537 0 18.4776 1-8cyli.dat
1 16 0 4 0 -7.6537 0 18.4776 0 4 0 -18.4776 0 -7.6537 1-8cyli.dat
1 16 0 4 0 -18.4776 0 -7.6537 0 4 0 7.6537 0 -18.4776 1-8cyli.dat
1 16 0 4 0 7.6537 0 -18.4776 0 4 0 18.4776 0 7.6537 1-8cyli.dat
4 16 18.48 8 7.65 18.48 4 7.65 16 4 11.36 16 8 11.36
4 16 16 8 11.36 16 4 11.36 16 4 0 16 8 0
4 16 11.36 4 16 7.65 4 18.48 7.65 8 18.48 11.36 8 16
4 16 0 4 16 11.36 4 16 11.36 8 16 0 8 16
4 16 -16 4 11.36 -18.48 4 7.65 -18.48 8 7.65 -16 8 11.36
4 16 -7.65 8 18.48 -7.65 4 18.48 -11.36 4 16 -11.36 8 16
4 16 -16 4 0 -16 4 11.36 -16 8 11.36 -16 8 0
4 16 -11.36 8 16 -11.36 4 16 0 4 16 0 8 16
4 16 16 4 -11.36 18.48 4 -7.65 18.48 8 -7.65 16 8 -11.36
4 16 7.65 8 -18.48 7.65 4 -18.48 11.36 4 -16 11.36 8 -16
4 16 16 4 0 16 4 -11.36 16 8 -11.36 16 8 0
4 16 11.36 8 -16 11.36 4 -16 0 4 -16 0 8 -16
4 16 -18.48 8 -7.65 -18.48 4 -7.65 -16 4 -11.36 -16 8 -11.36
4 16 -11.36 4 -16 -7.65 4 -18.48 -7.65 8 -18.48 -11.36 8 -16
4 16 -16 8 -11.36 -16 4 -11.36 -16 4 0 -16 8 0
4 16 0 4 -16 -11.36 4 -16 -11.36 8 -16 0 8 -16
1 16 0 0 0 20 0 0 0 4 0 0 0 20 4-4cyli.dat
1 16 0 4 0 20 0 0 0 -1 0 0 0 -20 4-4disc.dat
5 24 0 4 20 0 8 20 -7.65 4 18.48 7.65 4 18.48
5 24 -7.65 4 18.48 -7.65 8 18.48 -14.14 4 14.14 0 4 20
5 24 -18.48 4 7.65 -18.48 8 7.65 -20 4 0 -14.14 4 14.14
5 24 -20 4 0 -20 8 0 -18.48 4 -7.65 -18.48 4 7.65
5 24 -18.48 4 -7.65 -18.48 8 -7.65 -14.14 4 -14.14 -20 4 0
5 24 -7.65 4 -18.48 -7.65 8 -18.48 0 4 -20 -14.14 4 -14.14
5 24 0 4 -20 0 8 -20 7.65 4 -18.48 -7.65 4 -18.48
5 24 7.65 4 -18.48 7.65 8 -18.48 14.14 4 -14.14 0 4 -20
5 24 18.48 4 -7.65 18.48 8 -7.65 20 4 0 14.14 4 -14.14
5 24 20 4 0 20 8 0 18.48 4 7.65 18.48 4 -7.65
5 24 18.48 4 7.65 18.48 8 7.65 14.14 4 14.14 20 4 0
5 24 7.65 4 18.48 7.65 8 18.48 0 4 20 14.14 4 14.14
0
