0 Tile  2 x  2 Round with Pizza Pattern
0 Name: 4150p02.dat
0 Author: Franklin W. Cain (fwcain@yahoo.com)
0 LDRAW_ORG Part UPDATE 2002-01

0 KEYWORDS food, pizza, pizzeria, town, pepperoni
0 CMDLINE -C14

 1 16 0 0 0 1 0 0 0 1 0 0 0 1 4-4disc.dat
0
0 mushrooms
0
 1 354 -7 0 -3 -1 0 0 0 1 0 0 0 -1 4-4disc.dat
 1 354 -12 0 -8 -1 0 0 0 1 0 0 0 -1 4-4disc.dat
 1 354 -14 0 -3 -1 0 0 0 1 0 0 0 -1 4-4disc.dat
 1 354 7 0 -3 1 0 0 0 1 0 0 0 -1 4-4disc.dat
 1 354 12 0 -8 1 0 0 0 1 0 0 0 -1 4-4disc.dat
 1 354 14 0 -3 1 0 0 0 1 0 0 0 -1 4-4disc.dat
 1 354 -7 0 3 -1 0 0 0 1 0 0 0 1 4-4disc.dat
 1 354 -12 0 8 -1 0 0 0 1 0 0 0 1 4-4disc.dat
 1 354 -14 0 3 -1 0 0 0 1 0 0 0 1 4-4disc.dat
 1 354 7 0 3 1 0 0 0 1 0 0 0 1 4-4disc.dat
 1 354 12 0 8 1 0 0 0 1 0 0 0 1 4-4disc.dat
 1 354 14 0 3 1 0 0 0 1 0 0 0 1 4-4disc.dat
 1 354 -3 0 -7 0 0 -1 0 1 0 -1 0 0 4-4disc.dat
 1 354 -8 0 -12 0 0 -1 0 1 0 -1 0 0 4-4disc.dat
 1 354 -3 0 -14 0 0 -1 0 1 0 -1 0 0 4-4disc.dat
 1 354 3 0 -7 0 0 1 0 1 0 -1 0 0 4-4disc.dat
 1 354 8 0 -12 0 0 1 0 1 0 -1 0 0 4-4disc.dat
 1 354 3 0 -14 0 0 1 0 1 0 -1 0 0 4-4disc.dat
 1 354 -3 0 7 0 0 -1 0 1 0 1 0 0 4-4disc.dat
 1 354 -8 0 12 0 0 -1 0 1 0 1 0 0 4-4disc.dat
 1 354 -3 0 14 0 0 -1 0 1 0 1 0 0 4-4disc.dat
 1 354 3 0 7 0 0 1 0 1 0 1 0 0 4-4disc.dat
 1 354 8 0 12 0 0 1 0 1 0 1 0 0 4-4disc.dat
 1 354 3 0 14 0 0 1 0 1 0 1 0 0 4-4disc.dat
0
0 individual slices
0
 4 16 -0.924 0 -0.383 -1 0 0 -18 0 0 -17.924 0 -0.383
 4 16 -0.924 0 -0.382 -0.707 0 -0.707 -12.728 0 -12.728 -12.943 0 -12.401
 4 16 -18.478 0 -7.654 -20 0 0 -18 0 0 -16.63 0 -6.889
 4 16 -18.478 0 -7.654 -14.142 0 -14.142 -12.728 0 -12.728 -16.63 0 -6.889
0
 1 12 -7 0 -3 -1 0 0 0 1 0 0 0 -1 4-4ndis.dat
 1 12 -12 0 -8 -1 0 0 0 1 0 0 0 -1 4-4ndis.dat
 1 12 -14 0 -3 -1 0 0 0 1 0 0 0 -1 4-4ndis.dat
0
 3 12 -0.924 0 -0.383 -6 0 -2 -6 0 -4
 4 12 -0.924 0 -0.383 -6 0 -2 -15 0 -2 -17.924 0 -0.383
 4 12 -0.924 0 -0.383 -6 0 -4 -11 0 -9 -12.943 0 -12.401
 3 12 -11 0 -9 -13 0 -9 -12.943 0 -12.401
 3 12 -13 0 -9 -12.943 0 -12.401 -16.63 0 -6.889
 3 12 -13 0 -9 -13 0 -7 -16.63 0 -6.889
 3 12 -13 0 -7 -15 0 -4 -16.63 0 -6.889
 3 12 -15 0 -4 -17.924 0 -0.383 -16.63 0 -6.889
 3 12 -15 0 -4 -15 0 -2 -17.924 0 -0.383
 4 12 -8 0 -2 -8 0 -4 -13 0 -4 -13 0 -2
 3 12 -6 0 -4 -11 0 -4 -11 0 -9
 4 12 -11 0 -4 -11 0 -7 -13 0 -7 -15 0 -4
0
0
 4 16 0.924 0 -0.383 1 0 0 18 0 0 17.924 0 -0.383
 4 16 0.924 0 -0.382 0.707 0 -0.707 12.728 0 -12.728 12.943 0 -12.401
 4 16 18.478 0 -7.654 20 0 0 18 0 0 16.63 0 -6.889
 4 16 18.478 0 -7.654 14.142 0 -14.142 12.728 0 -12.728 16.63 0 -6.889
0
 1 12 7 0 -3 1 0 0 0 1 0 0 0 -1 4-4ndis.dat
 1 12 12 0 -8 1 0 0 0 1 0 0 0 -1 4-4ndis.dat
 1 12 14 0 -3 1 0 0 0 1 0 0 0 -1 4-4ndis.dat
0
 3 12 0.924 0 -0.383 6 0 -2 6 0 -4
 4 12 0.924 0 -0.383 6 0 -2 15 0 -2 17.924 0 -0.383
 4 12 0.924 0 -0.383 6 0 -4 11 0 -9 12.943 0 -12.401
 3 12 11 0 -9 13 0 -9 12.943 0 -12.401
 3 12 13 0 -9 12.943 0 -12.401 16.63 0 -6.889
 3 12 13 0 -9 13 0 -7 16.63 0 -6.889
 3 12 13 0 -7 15 0 -4 16.63 0 -6.889
 3 12 15 0 -4 17.924 0 -0.383 16.63 0 -6.889
 3 12 15 0 -4 15 0 -2 17.924 0 -0.383
 4 12 8 0 -2 8 0 -4 13 0 -4 13 0 -2
 3 12 6 0 -4 11 0 -4 11 0 -9
 4 12 11 0 -4 11 0 -7 13 0 -7 15 0 -4
0
0
 4 16 -0.924 0 0.383 -1 0 0 -18 0 0 -17.924 0 0.383
 4 16 -0.924 0 0.382 -0.707 0 0.707 -12.728 0 12.728 -12.943 0 12.401
 4 16 -18.478 0 7.654 -20 0 0 -18 0 0 -16.63 0 6.889
 4 16 -18.478 0 7.654 -14.142 0 14.142 -12.728 0 12.728 -16.63 0 6.889
0
 1 12 -7 0 3 -1 0 0 0 1 0 0 0 1 4-4ndis.dat
 1 12 -12 0 8 -1 0 0 0 1 0 0 0 1 4-4ndis.dat
 1 12 -14 0 3 -1 0 0 0 1 0 0 0 1 4-4ndis.dat
0
 3 12 -0.924 0 0.383 -6 0 2 -6 0 4
 4 12 -0.924 0 0.383 -6 0 2 -15 0 2 -17.924 0 0.383
 4 12 -0.924 0 0.383 -6 0 4 -11 0 9 -12.943 0 12.401
 3 12 -11 0 9 -13 0 9 -12.943 0 12.401
 3 12 -13 0 9 -12.943 0 12.401 -16.63 0 6.889
 3 12 -13 0 9 -13 0 7 -16.63 0 6.889
 3 12 -13 0 7 -15 0 4 -16.63 0 6.889
 3 12 -15 0 4 -17.924 0 0.383 -16.63 0 6.889
 3 12 -15 0 4 -15 0 2 -17.924 0 0.383
 4 12 -8 0 2 -8 0 4 -13 0 4 -13 0 2
 3 12 -6 0 4 -11 0 4 -11 0 9
 4 12 -11 0 4 -11 0 7 -13 0 7 -15 0 4
0
0
 4 16 0.924 0 0.383 1 0 0 18 0 0 17.924 0 0.383
 4 16 0.924 0 0.382 0.707 0 0.707 12.728 0 12.728 12.943 0 12.401
 4 16 18.478 0 7.654 20 0 0 18 0 0 16.63 0 6.889
 4 16 18.478 0 7.654 14.142 0 14.142 12.728 0 12.728 16.63 0 6.889
0
 1 12 7 0 3 1 0 0 0 1 0 0 0 1 4-4ndis.dat
 1 12 12 0 8 1 0 0 0 1 0 0 0 1 4-4ndis.dat
 1 12 14 0 3 1 0 0 0 1 0 0 0 1 4-4ndis.dat
0
 3 12 0.924 0 0.383 6 0 2 6 0 4
 4 12 0.924 0 0.383 6 0 2 15 0 2 17.924 0 0.383
 4 12 0.924 0 0.383 6 0 4 11 0 9 12.943 0 12.401
 3 12 11 0 9 13 0 9 12.943 0 12.401
 3 12 13 0 9 12.943 0 12.401 16.63 0 6.889
 3 12 13 0 9 13 0 7 16.63 0 6.889
 3 12 13 0 7 15 0 4 16.63 0 6.889
 3 12 15 0 4 17.924 0 0.383 16.63 0 6.889
 3 12 15 0 4 15 0 2 17.924 0 0.383
 4 12 8 0 2 8 0 4 13 0 4 13 0 2
 3 12 6 0 4 11 0 4 11 0 9
 4 12 11 0 4 11 0 7 13 0 7 15 0 4
0
0
 4 16 -0.383 0 -0.924 0 0 -1 0 0 -18 -0.383 0 -17.924
 4 16 -0.382 0 -0.924 -0.707 0 -0.707 -12.728 0 -12.728 -12.401 0 -12.943
 4 16 -7.654 0 -18.478 0 0 -20 0 0 -18 -6.889 0 -16.63
 4 16 -7.654 0 -18.478 -14.142 0 -14.142 -12.728 0 -12.728 -6.889 0 -16.63
0
 1 12 -3 0 -7 0 0 -1 0 1 0 -1 0 0 4-4ndis.dat
 1 12 -8 0 -12 0 0 -1 0 1 0 -1 0 0 4-4ndis.dat
 1 12 -3 0 -14 0 0 -1 0 1 0 -1 0 0 4-4ndis.dat
0
 3 12 -0.383 0 -0.924 -2 0 -6 -4 0 -6
 4 12 -0.383 0 -0.924 -2 0 -6 -2 0 -15 -0.383 0 -17.924
 4 12 -0.383 0 -0.924 -4 0 -6 -9 0 -11 -12.401 0 -12.943
 3 12 -9 0 -11 -9 0 -13 -12.401 0 -12.943
 3 12 -9 0 -13 -12.401 0 -12.943 -6.889 0 -16.63
 3 12 -9 0 -13 -7 0 -13 -6.889 0 -16.63
 3 12 -7 0 -13 -4 0 -15 -6.889 0 -16.63
 3 12 -4 0 -15 -0.383 0 -17.924 -6.889 0 -16.63
 3 12 -4 0 -15 -2 0 -15 -0.383 0 -17.924
 4 12 -2 0 -8 -4 0 -8 -4 0 -13 -2 0 -13
 3 12 -4 0 -6 -4 0 -11 -9 0 -11
 4 12 -4 0 -11 -7 0 -11 -7 0 -13 -4 0 -15
0
0
 4 16 0.383 0 -0.924 0 0 -1 0 0 -18 0.383 0 -17.924
 4 16 0.382 0 -0.924 0.707 0 -0.707 12.728 0 -12.728 12.401 0 -12.943
 4 16 7.654 0 -18.478 0 0 -20 0 0 -18 6.889 0 -16.63
 4 16 7.654 0 -18.478 14.142 0 -14.142 12.728 0 -12.728 6.889 0 -16.63
0
 1 12 3 0 -7 0 0 1 0 1 0 -1 0 0 4-4ndis.dat
 1 12 8 0 -12 0 0 1 0 1 0 -1 0 0 4-4ndis.dat
 1 12 3 0 -14 0 0 1 0 1 0 -1 0 0 4-4ndis.dat
0
 3 12 0.383 0 -0.924 2 0 -6 4 0 -6
 4 12 0.383 0 -0.924 2 0 -6 2 0 -15 0.383 0 -17.924
 4 12 0.383 0 -0.924 4 0 -6 9 0 -11 12.401 0 -12.943
 3 12 9 0 -11 9 0 -13 12.401 0 -12.943
 3 12 9 0 -13 12.401 0 -12.943 6.889 0 -16.63
 3 12 9 0 -13 7 0 -13 6.889 0 -16.63
 3 12 7 0 -13 4 0 -15 6.889 0 -16.63
 3 12 4 0 -15 0.383 0 -17.924 6.889 0 -16.63
 3 12 4 0 -15 2 0 -15 0.383 0 -17.924
 4 12 2 0 -8 4 0 -8 4 0 -13 2 0 -13
 3 12 4 0 -6 4 0 -11 9 0 -11
 4 12 4 0 -11 7 0 -11 7 0 -13 4 0 -15
0
0
 4 16 -0.383 0 0.924 0 0 1 0 0 18 -0.383 0 17.924
 4 16 -0.382 0 0.924 -0.707 0 0.707 -12.728 0 12.728 -12.401 0 12.943
 4 16 -7.654 0 18.478 0 0 20 0 0 18 -6.889 0 16.63
 4 16 -7.654 0 18.478 -14.142 0 14.142 -12.728 0 12.728 -6.889 0 16.63
0
 1 12 -3 0 7 0 0 -1 0 1 0 1 0 0 4-4ndis.dat
 1 12 -8 0 12 0 0 -1 0 1 0 1 0 0 4-4ndis.dat
 1 12 -3 0 14 0 0 -1 0 1 0 1 0 0 4-4ndis.dat
0
 3 12 -0.383 0 0.924 -2 0 6 -4 0 6
 4 12 -0.383 0 0.924 -2 0 6 -2 0 15 -0.383 0 17.924
 4 12 -0.383 0 0.924 -4 0 6 -9 0 11 -12.401 0 12.943
 3 12 -9 0 11 -9 0 13 -12.401 0 12.943
 3 12 -9 0 13 -12.401 0 12.943 -6.889 0 16.63
 3 12 -9 0 13 -7 0 13 -6.889 0 16.63
 3 12 -7 0 13 -4 0 15 -6.889 0 16.63
 3 12 -4 0 15 -0.383 0 17.924 -6.889 0 16.63
 3 12 -4 0 15 -2 0 15 -0.383 0 17.924
 4 12 -2 0 8 -4 0 8 -4 0 13 -2 0 13
 3 12 -4 0 6 -4 0 11 -9 0 11
 4 12 -4 0 11 -7 0 11 -7 0 13 -4 0 15
0
0
 4 16 0.383 0 0.924 0 0 1 0 0 18 0.383 0 17.924
 4 16 0.382 0 0.924 0.707 0 0.707 12.728 0 12.728 12.401 0 12.943
 4 16 7.654 0 18.478 0 0 20 0 0 18 6.889 0 16.63
 4 16 7.654 0 18.478 14.142 0 14.142 12.728 0 12.728 6.889 0 16.63
0
 1 12 3 0 7 0 0 1 0 1 0 1 0 0 4-4ndis.dat
 1 12 8 0 12 0 0 1 0 1 0 1 0 0 4-4ndis.dat
 1 12 3 0 14 0 0 1 0 1 0 1 0 0 4-4ndis.dat
0
 3 12 0.383 0 0.924 2 0 6 4 0 6
 4 12 0.383 0 0.924 2 0 6 2 0 15 0.383 0 17.924
 4 12 0.383 0 0.924 4 0 6 9 0 11 12.401 0 12.943
 3 12 9 0 11 9 0 13 12.401 0 12.943
 3 12 9 0 13 12.401 0 12.943 6.889 0 16.63
 3 12 9 0 13 7 0 13 6.889 0 16.63
 3 12 7 0 13 4 0 15 6.889 0 16.63
 3 12 4 0 15 0.383 0 17.924 6.889 0 16.63
 3 12 4 0 15 2 0 15 0.383 0 17.924
 4 12 2 0 8 4 0 8 4 0 13 2 0 13
 3 12 4 0 6 4 0 11 9 0 11
 4 12 4 0 11 7 0 11 7 0 13 4 0 15
0
0 remainder of 2x2 tile
0
 2 24 0 8 2 4 8 6
 2 24 4 8 6 6 8 4
 2 24 6 8 4 2 8 0
 2 24 0 8 2 -4 8 6
 2 24 -4 8 6 -6 8 4
 2 24 -6 8 4 -2 8 0
 2 24 0 8 -2 4 8 -6
 2 24 4 8 -6 6 8 -4
 2 24 6 8 -4 2 8 0
 2 24 0 8 -2 -4 8 -6
 2 24 -4 8 -6 -6 8 -4
 2 24 -6 8 -4 -2 8 0
 2 24 0 4 2 4 4 6
 2 24 4 4 6 6 4 4
 2 24 6 4 4 2 4 0
 2 24 0 4 2 -4 4 6
 2 24 -4 4 6 -6 4 4
 2 24 -6 4 4 -2 4 0
 2 24 0 4 -2 4 4 -6
 2 24 4 4 -6 6 4 -4
 2 24 6 4 -4 2 4 0
 2 24 0 4 -2 -4 4 -6
 2 24 -4 4 -6 -6 4 -4
 2 24 -6 4 -4 -2 4 0
 2 24 4 4 6 4 8 6
 2 24 6 4 4 6 8 4
 2 24 -4 4 6 -4 8 6
 2 24 -6 4 4 -6 8 4
 2 24 4 4 -6 4 8 -6
 2 24 6 4 -4 6 8 -4
 2 24 -4 4 -6 -4 8 -6
 2 24 -6 4 -4 -6 8 -4
 2 24 0 4 2 0 8 2
 2 24 0 4 -2 0 8 -2
 2 24 2 4 0 2 8 0
 2 24 -2 4 0 -2 8 0
0
 4 16 4 8 6 6 8 4 -6 8 -4 -4 8 -6
 4 16 -4 8 6 -6 8 4 6 8 -4 4 8 -6
 4 16 0 8 2 4 8 6 4 4 6 0 4 2
 4 16 4 8 6 6 8 4 6 4 4 4 4 6
 4 16 6 8 4 2 8 0 2 4 0 6 4 4
 4 16 0 8 2 -4 8 6 -4 4 6 0 4 2
 4 16 -4 8 6 -6 8 4 -6 4 4 -4 4 6
 4 16 -6 8 4 -2 8 0 -2 4 0 -6 4 4
 4 16 0 8 -2 4 8 -6 4 4 -6 0 4 -2
 4 16 4 8 -6 6 8 -4 6 4 -4 4 4 -6
 4 16 6 8 -4 2 8 0 2 4 0 6 4 -4
 4 16 0 8 -2 -4 8 -6 -4 4 -6 0 4 -2
 4 16 -4 8 -6 -6 8 -4 -6 4 -4 -4 4 -6
 4 16 -6 8 -4 -2 8 0 -2 4 0 -6 4 -4
0
 2 24 20 8 0 18.48 8 7.65
 2 24 18.48 8 7.65 16 8 11.36
 2 24 16 8 11.36 16 4 11.36
 2 24 16 4 11.36 14.14 4 14.14
 2 24 14.14 4 14.14 11.36 4 16
 2 24 11.36 4 16 11.36 8 16
 2 24 11.36 8 16 7.65 8 18.48
 2 24 7.65 8 18.48 0 8 20
 2 24 -20 8 0 -18.48 8 7.65
 2 24 -18.48 8 7.65 -16 8 11.36
 2 24 -16 8 11.36 -16 4 11.36
 2 24 -16 4 11.36 -14.14 4 14.14
 2 24 -14.14 4 14.14 -11.36 4 16
 2 24 -11.36 4 16 -11.36 8 16
 2 24 -11.36 8 16 -7.65 8 18.48
 2 24 -7.65 8 18.48 0 8 20
 2 24 20 8 0 18.48 8 -7.65
 2 24 18.48 8 -7.65 16 8 -11.36
 2 24 16 8 -11.36 16 4 -11.36
 2 24 16 4 -11.36 14.14 4 -14.14
 2 24 14.14 4 -14.14 11.36 4 -16
 2 24 11.36 4 -16 11.36 8 -16
 2 24 11.36 8 -16 7.65 8 -18.48
 2 24 7.65 8 -18.48 0 8 -20
 2 24 -20 8 0 -18.48 8 -7.65
 2 24 -18.48 8 -7.65 -16 8 -11.36
 2 24 -16 8 -11.36 -16 4 -11.36
 2 24 -16 4 -11.36 -14.14 4 -14.14
 2 24 -14.14 4 -14.14 -11.36 4 -16
 2 24 -11.36 4 -16 -11.36 8 -16
 2 24 -11.36 8 -16 -7.65 8 -18.48
 2 24 -7.65 8 -18.48 0 8 -20
0
 2 24 16 8 0 16 8 11.36
 2 24 11.35 8 16 0 8 16
 2 24 16 4 0 16 4 11.36
 2 24 11.35 4 16 0 4 16
 2 24 -16 8 0 -16 8 11.36
 2 24 -11.35 8 16 0 8 16
 2 24 -16 4 0 -16 4 11.36
 2 24 -11.35 4 16 0 4 16
 2 24 16 8 0 16 8 -11.36
 2 24 11.35 8 -16 0 8 -16
 2 24 16 4 0 16 4 -11.36
 2 24 11.35 4 -16 0 4 -16
 2 24 -16 8 0 -16 8 -11.36
 2 24 -11.35 8 -16 0 8 -16
 2 24 -16 4 0 -16 4 -11.36
 2 24 -11.35 4 -16 0 4 -16
0
 1 16 0 0 0 20 0 0 0 0 0 0 0 20 4-4edge.dat
0
 4 16 20 8 0 18.48 8 7.65 16 8 11.36 16 8 0
 4 16 0 8 20 7.65 8 18.48 11.36 8 16 0 8 16
 4 16 -20 8 0 -18.48 8 7.65 -16 8 11.36 -16 8 0
 4 16 0 8 20 -7.65 8 18.48 -11.36 8 16 0 8 16
 4 16 20 8 0 18.48 8 -7.65 16 8 -11.36 16 8 0
 4 16 0 8 -20 7.65 8 -18.48 11.36 8 -16 0 8 -16
 4 16 -20 8 0 -18.48 8 -7.65 -16 8 -11.36 -16 8 0
 4 16 0 8 -20 -7.65 8 -18.48 -11.36 8 -16 0 8 -16
0
 4 16 20 8 0 20 4 0 18.48 4 7.65 18.48 8 7.65
 4 16 0 8 20 0 4 20 7.65 4 18.48 7.65 8 18.48
 4 16 18.48 8 7.65 18.48 4 7.65 16 4 11.36 16 8 11.36
 4 16 7.65 8 18.48 7.65 4 18.48 11.36 4 16 11.36 8 16
 4 16 16 8 11.36 16 4 11.36 16 4 0 16 8 0
 4 16 11.36 8 16 11.36 4 16 0 4 16 0 8 16
 4 16 -20 8 0 -20 4 0 -18.48 4 7.65 -18.48 8 7.65
 4 16 0 8 20 0 4 20 -7.65 4 18.48 -7.65 8 18.48
 4 16 -18.48 8 7.65 -18.48 4 7.65 -16 4 11.36 -16 8 11.36
 4 16 -7.65 8 18.48 -7.65 4 18.48 -11.36 4 16 -11.36 8 16
 4 16 -16 8 11.36 -16 4 11.36 -16 4 0 -16 8 0
 4 16 -11.36 8 16 -11.36 4 16 0 4 16 0 8 16
 4 16 20 8 0 20 4 0 18.48 4 -7.65 18.48 8 -7.65
 4 16 0 8 -20 0 4 -20 7.65 4 -18.48 7.65 8 -18.48
 4 16 18.48 8 -7.65 18.48 4 -7.65 16 4 -11.36 16 8 -11.36
 4 16 7.65 8 -18.48 7.65 4 -18.48 11.36 4 -16 11.36 8 -16
 4 16 16 8 -11.36 16 4 -11.36 16 4 0 16 8 0
 4 16 11.36 8 -16 11.36 4 -16 0 4 -16 0 8 -16
 4 16 -20 8 0 -20 4 0 -18.48 4 -7.65 -18.48 8 -7.65
 4 16 0 8 -20 0 4 -20 -7.65 4 -18.48 -7.65 8 -18.48
 4 16 -18.48 8 -7.65 -18.48 4 -7.65 -16 4 -11.36 -16 8 -11.36
 4 16 -7.65 8 -18.48 -7.65 4 -18.48 -11.36 4 -16 -11.36 8 -16
 4 16 -16 8 -11.36 -16 4 -11.36 -16 4 0 -16 8 0
 4 16 -11.36 8 -16 -11.36 4 -16 0 4 -16 0 8 -16
0
 1 16 0 0 0 20 0 0 0 4 0 0 0 20 4-4cyli.dat
0
 1 16 0 4 0 20 0 0 0 0 0 0 0 20 4-4disc.dat
0
 5 24 0 4 20 0 8 20 -7.65 4 18.48 7.65 4 18.48
 5 24 -7.65 4 18.48 -7.65 8 18.48 -14.14 4 14.14 0 4 20
 5 24 -18.48 4 7.65 -18.48 8 7.65 -20 4 0 -14.14 4 14.14
 5 24 -20 4 0 -20 8 0 -18.48 4 -7.65 -18.48 4 7.65
 5 24 -18.48 4 -7.65 -18.48 8 -7.65 -14.14 4 -14.14 -20 4 0
 5 24 -7.65 4 -18.48 -7.65 8 -18.48 0 4 -20 -14.14 4 -14.14
 5 24 0 4 -20 0 8 -20 7.65 4 -18.48 -7.65 4 -18.48
 5 24 7.65 4 -18.48 7.65 8 -18.48 14.14 4 -14.14 0 4 -20
 5 24 18.48 4 -7.65 18.48 8 -7.65 20 4 0 14.14 4 -14.14
 5 24 20 4 0 20 8 0 18.48 4 7.65 18.48 4 -7.65
 5 24 18.48 4 7.65 18.48 8 7.65 14.14 4 14.14 20 4 0
 5 24 7.65 4 18.48 7.65 8 18.48 0 4 20 14.14 4 14.14
0
