0 Tile  2 x  2 Round with SW Dejarik Hologame Board Pattern
0 Name: 4150ps3.dat
0 Author: Matt Schild
0 LDRAW_ORG Part UPDATE 2003-01

0 2002-05-27 MS fixed bad vertex sequences and coded part to color 16

2 24 0 8 2 4 8 6   
2 24 4 8 6 6 8 4   
2 24 6 8 4 2 8 0   
2 24 0 8 2 -4 8 6   
2 24 -4 8 6 -6 8 4   
2 24 -6 8 4 -2 8 0   
2 24 0 8 -2 4 8 -6   
2 24 4 8 -6 6 8 -4   
2 24 6 8 -4 2 8 0   
2 24 0 8 -2 -4 8 -6   
2 24 -4 8 -6 -6 8 -4   
2 24 -6 8 -4 -2 8 0
2 24 0 4 2 4 4 6
2 24 4 4 6 6 4 4
2 24 6 4 4 2 4 0
2 24 0 4 2 -4 4 6
2 24 -4 4 6 -6 4 4
2 24 -6 4 4 -2 4 0
2 24 0 4 -2 4 4 -6
2 24 4 4 -6 6 4 -4
2 24 6 4 -4 2 4 0
2 24 0 4 -2 -4 4 -6
2 24 -4 4 -6 -6 4 -4
2 24 -6 4 -4 -2 4 0
2 24 4 4 6 4 8 6
2 24 6 4 4 6 8 4
2 24 -4 4 6 -4 8 6
2 24 -6 4 4 -6 8 4      
2 24 4 4 -6 4 8 -6      
2 24 6 4 -4 6 8 -4      
2 24 -4 4 -6 -4 8 -6      
2 24 -6 4 -4 -6 8 -4      
2 24 0 4 2 0 8 2      
2 24 0 4 -2 0 8 -2      
2 24 2 4 0 2 8 0      
2 24 -2 4 0 -2 8 0      
4 16 4 8 6 6 8 4 -4 8 -6 -6 8 -4
4 16 -4 8 6 -6 8 4 4 8 -6 6 8 -4
4 16 0 8 2 4 8 6 4 4 6 0 4 2
4 16 4 8 6 6 8 4 6 4 4 4 4 6
4 16 6 8 4 2 8 0 2 4 0 6 4 4
4 16 0 8 2 -4 8 6 -4 4 6 0 4 2
4 16 -4 8 6 -6 8 4 -6 4 4 -4 4 6
4 16 -6 8 4 -2 8 0 -2 4 0 -6 4 4
4 16 0 8 -2 4 8 -6 4 4 -6 0 4 -2
4 16 4 8 -6 6 8 -4 6 4 -4 4 4 -6
4 16 6 8 -4 2 8 0 2 4 0 6 4 -4
4 16 0 8 -2 -4 8 -6 -4 4 -6 0 4 -2
4 16 -4 8 -6 -6 8 -4 -6 4 -4 -4 4 -6
4 16 -6 8 -4 -2 8 0 -2 4 0 -6 4 -4
2 24 20 8 0 18.48 8 7.65      
2 24 18.48 8 7.65 16 8 11.36      
2 24 16 8 11.36 16 4 11.36      
2 24 16 4 11.36 14.14 4 14.14      
2 24 14.14 4 14.14 11.36 4 16      
2 24 11.36 4 16 11.36 8 16      
2 24 11.36 8 16 7.65 8 18.48      
2 24 7.65 8 18.48 0 8 20      
2 24 -20 8 0 -18.48 8 7.65      
2 24 -18.48 8 7.65 -16 8 11.36
2 24 -16 8 11.36 -16 4 11.36
2 24 -16 4 11.36 -14.14 4 14.14
2 24 -14.14 4 14.14 -11.36 4 16
2 24 -11.36 4 16 -11.36 8 16
2 24 -11.36 8 16 -7.65 8 18.48
2 24 -7.65 8 18.48 0 8 20
2 24 20 8 0 18.48 8 -7.65
2 24 18.48 8 -7.65 16 8 -11.36
2 24 16 8 -11.36 16 4 -11.36
2 24 16 4 -11.36 14.14 4 -14.14
2 24 14.14 4 -14.14 11.36 4 -16
2 24 11.36 4 -16 11.36 8 -16
2 24 11.36 8 -16 7.65 8 -18.48
2 24 7.65 8 -18.48 0 8 -20
2 24 -20 8 0 -18.48 8 -7.65
2 24 -18.48 8 -7.65 -16 8 -11.36
2 24 -16 8 -11.36 -16 4 -11.36
2 24 -16 4 -11.36 -14.14 4 -14.14
2 24 -14.14 4 -14.14 -11.36 4 -16
2 24 -11.36 4 -16 -11.36 8 -16
2 24 -11.36 8 -16 -7.65 8 -18.48
2 24 -7.65 8 -18.48 0 8 -20
2 24 16 8 0 16 8 11.36
2 24 11.35 8 16 0 8 16
2 24 16 4 0 16 4 11.36
2 24 11.35 4 16 0 4 16
2 24 -16 8 0 -16 8 11.36
2 24 -11.35 8 16 0 8 16
2 24 -16 4 0 -16 4 11.36
2 24 -11.35 4 16 0 4 16
2 24 16 8 0 16 8 -11.36
2 24 11.35 8 -16 0 8 -16       
2 24 16 4 0 16 4 -11.36       
2 24 11.35 4 -16 0 4 -16       
2 24 -16 8 0 -16 8 -11.36       
2 24 -11.35 8 -16 0 8 -16       
2 24 -16 4 0 -16 4 -11.36       
2 24 -11.35 4 -16 0 4 -16       
1 16 0 0 0 20 0 0 0 0 0 0 0 20 4-4edge.dat
4 16 20 8 0 18.48 8 7.65 16 8 11.36 16 8 0 
4 16 0 8 20 7.65 8 18.48 11.36 8 16 0 8 16 
4 16 -20 8 0 -18.48 8 7.65 -16 8 11.36 -16 8 0 
4 16 0 8 20 -7.65 8 18.48 -11.36 8 16 0 8 16 
4 16 20 8 0 18.48 8 -7.65 16 8 -11.36 16 8 0 
4 16 0 8 -20 7.65 8 -18.48 11.36 8 -16 0 8 -16 
4 16 -20 8 0 -18.48 8 -7.65 -16 8 -11.36 -16 8 0 
4 16 0 8 -20 -7.65 8 -18.48 -11.36 8 -16 0 8 -16 
4 16 20 8 0 20 4 0 18.48 4 7.65 18.48 8 7.65
4 16 0 8 20 0 4 20 7.65 4 18.48 7.65 8 18.48
4 16 18.48 8 7.65 18.48 4 7.65 16 4 11.36 16 8 11.36
4 16 7.65 8 18.48 7.65 4 18.48 11.36 4 16 11.36 8 16
4 16 16 8 11.36 16 4 11.36 16 4 0 16 8 0
4 16 11.36 8 16 11.36 4 16 0 4 16 0 8 16
4 16 -20 8 0 -20 4 0 -18.48 4 7.65 -18.48 8 7.65
4 16 0 8 20 0 4 20 -7.65 4 18.48 -7.65 8 18.48
4 16 -18.48 8 7.65 -18.48 4 7.65 -16 4 11.36 -16 8 11.36
4 16 -7.65 8 18.48 -7.65 4 18.48 -11.36 4 16 -11.36 8 16
4 16 -16 8 11.36 -16 4 11.36 -16 4 0 -16 8 0
4 16 -11.36 8 16 -11.36 4 16 0 4 16 0 8 16
4 16 20 8 0 20 4 0 18.48 4 -7.65 18.48 8 -7.65
4 16 0 8 -20 0 4 -20 7.65 4 -18.48 7.65 8 -18.48
4 16 18.48 8 -7.65 18.48 4 -7.65 16 4 -11.36 16 8 -11.36
4 16 7.65 8 -18.48 7.65 4 -18.48 11.36 4 -16 11.36 8 -16
4 16 16 8 -11.36 16 4 -11.36 16 4 0 16 8 0 
4 16 11.36 8 -16 11.36 4 -16 0 4 -16 0 8 -16 
4 16 -20 8 0 -20 4 0 -18.48 4 -7.65 -18.48 8 -7.65 
4 16 0 8 -20 0 4 -20 -7.65 4 -18.48 -7.65 8 -18.48 
4 16 -18.48 8 -7.65 -18.48 4 -7.65 -16 4 -11.36 -16 8 -11.36 
4 16 -7.65 8 -18.48 -7.65 4 -18.48 -11.36 4 -16 -11.36 8 -16 
4 16 -16 8 -11.36 -16 4 -11.36 -16 4 0 -16 8 0 
4 16 -11.36 8 -16 -11.36 4 -16 0 4 -16 0 8 -16 
1 16 0 0 0 20 0 0 0 4 0 0 0 20 4-4cyli.dat
1 16 0 4 0 20 0 0 0 0 0 0 0 20 4-4disc.dat
5 24 0 4 20 0 8 20 -7.65 4 18.48 7.65 4 18.48 
5 24 -7.65 4 18.48 -7.65 8 18.48 -14.14 4 14.14 0 4 20 
5 24 -18.48 4 7.65 -18.48 8 7.65 -20 4 0 -14.14 4 14.14 
5 24 -20 4 0 -20 8 0 -18.48 4 -7.65 -18.48 4 7.65 
5 24 -18.48 4 -7.65 -18.48 8 -7.65 -14.14 4 -14.14 -20 4 0 
5 24 -7.65 4 -18.48 -7.65 8 -18.48 0 4 -20 -14.14 4 -14.14 
5 24 0 4 -20 0 8 -20 7.65 4 -18.48 -7.65 4 -18.48 
5 24 7.65 4 -18.48 7.65 8 -18.48 14.14 4 -14.14 0 4 -20 
5 24 18.48 4 -7.65 18.48 8 -7.65 20 4 0 14.14 4 -14.14 
5 24 20 4 0 20 8 0 18.48 4 7.65 18.48 4 -7.65 
5 24 18.48 4 7.65 18.48 8 7.65 14.14 4 14.14 20 4 0 
5 24 7.65 4 18.48 7.65 8 18.48 0 4 20 14.14 4 14.14 
0 Pattern             
1 383 0 0 0 1 0 0 0 1 0 0 0 1 s\4150ps3a.dat
4 16 0 0 20 0 0 17.5 4.5 0 17 7.6 0 18.4 
4 16 9.75 0 16.9 8.75 0 15.2 4.5 0 17 7.6 0 18.4 
4 16 -9.75 0 16.9 -8.75 0 15.2 -4.5 0 17 -7.6 0 18.4 
4 16 0 0 20 0 0 17.5 -4.5 0 17 -7.6 0 18.4 
4 16 9.75 0 16.9 8.75 0 15.2 12.4 0 12.4 14 0 14 
4 16 5 0 8.4 8.75 0 15.2 12.4 0 12.4 7.1 0 7.1 
4 16 16.9 0 9.75 15.2 0 8.75 12.4 0 12.4 14 0 14 
4 16 8.4 0 5 15.2 0 8.75 12.4 0 12.4 7.1 0 7.1 
4 16 -16.9 0 9.75 -15.2 0 8.75 -12.4 0 12.4 -14 0 14
4 16 -9.75 0 16.9 -8.75 0 15.2 -12.4 0 12.4 -14 0 14
4 16 0 0 10 0 0 17.5 -4.5 0 17 -2.6 0 9.6
4 16 -5 0 8.4 -8.75 0 15.2 -4.5 0 17 -2.6 0 9.6
4 16 -20 0 0 -17.5 0 0 -17 0 4.5 -18.4 0 7.6
4 16 -16.9 0 9.75 -15.2 0 8.75 -17 0 4.5 -18.4 0 7.6
4 16 16.9 0 9.75 15.2 0 8.75 17 0 4.5 18.4 0 7.6
4 16 20 0 0 17.5 0 0 17 0 4.5 18.4 0 7.6
4 16 -10 0 0 -17.5 0 0 -17 0 4.5 -9.6 0 2.6
4 16 -8.4 0 5 -15.2 0 8.75 -17 0 4.5 -9.6 0 2.6
4 16 0 0 10 0 0 2.5 0.65 0 2.4 2.6 0 9.6
4 16 5 0 8.4 1.25 0 2.15 0.65 0 2.4 2.6 0 9.6
4 16 -5 0 8.4 -1.25 0 2.15 -1.75 0 1.75 -7.1 0 7.1
4 16 -8.4 0 5 -2.15 0 1.25 -1.75 0 1.75 -7.1 0 7.1
4 16 8.4 0 5 2.15 0 1.25 2.4 0 0.65 9.6 0 2.6
4 16 10 0 0 2.5 0 0 2.4 0 0.65 9.6 0 2.6
4 16 -8.4 0 -5 -2.15 0 -1.25 -2.4 0 -0.65 -9.6 0 -2.6
4 16 -10 0 0 -2.5 0 0 -2.4 0 -0.65 -9.6 0 -2.6
4 16 5 0 -8.4 1.25 0 -2.15 1.75 0 -1.75 7.1 0 -7.1
4 16 8.4 0 -5 2.15 0 -1.25 1.75 0 -1.75 7.1 0 -7.1
4 16 0 0 -10 0 0 -2.5 -0.65 0 -2.4 -2.6 0 -9.6
4 16 -5 0 -8.4 -1.25 0 -2.15 -0.65 0 -2.4 -2.6 0 -9.6
4 16 10 0 0 17.5 0 0 17 0 -4.5 9.6 0 -2.6
4 16 8.4 0 -5 15.2 0 -8.75 17 0 -4.5 9.6 0 -2.6
4 16 -16.9 0 -9.75 -15.2 0 -8.75 -17 0 -4.5 -18.4 0 -7.6
4 16 -20 0 0 -17.5 0 0 -17 0 -4.5 -18.4 0 -7.6
4 16 20 0 0 17.5 0 0 17 0 -4.5 18.4 0 -7.6
4 16 16.9 0 -9.75 15.2 0 -8.75 17 0 -4.5 18.4 0 -7.6
4 16 0 0 -10 0 0 -17.5 4.5 0 -17 2.6 0 -9.6
4 16 5 0 -8.4 8.75 0 -15.2 4.5 0 -17 2.6 0 -9.6
4 16 -5 0 -8.4 -8.75 0 -15.2 -12.4 0 -12.4 -7.1 0 -7.1
4 16 -8.4 0 -5 -15.2 0 -8.75 -12.4 0 -12.4 -7.1 0 -7.1
4 16 16.9 0 -9.75 15.2 0 -8.75 12.4 0 -12.4 14 0 -14
4 16 9.75 0 -16.9 8.75 0 -15.2 12.4 0 -12.4 14 0 -14
4 16 -9.75 0 -16.9 -8.75 0 -15.2 -12.4 0 -12.4 -14 0 -14
4 16 -16.9 0 -9.75 -15.2 0 -8.75 -12.4 0 -12.4 -14 0 -14
4 16 9.75 0 -16.9 8.75 0 -15.2 4.5 0 -17 7.6 0 -18.4
4 16 0 0 -20 0 0 -17.5 4.5 0 -17 7.6 0 -18.4
4 16 0 0 -20 0 0 -17.5 -4.5 0 -17 -7.6 0 -18.4
4 16 -9.75 0 -16.9 -8.75 0 -15.2 -4.5 0 -17 -7.6 0 -18.4
0             
