0 Train Track Sleeper
0 Name: 4166.DAT
0 Author: Leonardo Zide
0 Official LCad update 98-08

1 16 60 4 0 1 0 0 0 -1 0 0 0 1 stud4.dat
1 16 40 4 0 1 0 0 0 -1 0 0 0 1 stud4.dat
1 16 20 4 0 1 0 0 0 -1 0 0 0 1 stud4.dat

1 16 0 0 0 6 0 0 0 8 0 0 0 6 4-4cyli.dat
1 16 0 0 0 6 0 0 0 0 0 0 0 6 4-4edge.dat
1 16 0 8 0 6 0 0 0 0 0 0 0 6 4-4edge.dat
1 16 0 8 0 8 0 0 0 0 0 0 0 8 4-4edge.dat
1 16 0 8 0 8 0 0 0 -4 0 0 0 8 4-4cyli.dat
4 16 0 8 6 -2.3 8 5.54 -3.06 8 7.39 0 8 8
4 16 -2.3 8 5.54 -4.24 8 4.24 -5.66 8 5.66 -3.06 8 7.39
4 16 -4.24 8 4.24 -5.54 8 2.3 -7.39 8 3.06 -5.66 8 5.66
4 16 -5.54 8 2.3 -6 8 0 -8 8 0 -7.39 8 3.06
4 16 -6 8 0 -5.54 8 -2.3 -7.39 8 -3.06 -8 8 0
4 16 -5.54 8 -2.3 -4.24 8 -4.24 -5.66 8 -5.66 -7.39 8 -3.06
4 16 -4.24 8 -4.24 -2.3 8 -5.54 -3.06 8 -7.39 -5.66 8 -5.66
4 16 -2.3 8 -5.54 0 8 -6 0 8 -8 -3.06 8 -7.39
4 16 0 8 -6 2.3 8 -5.54 3.06 8 -7.39 0 8 -8
4 16 2.3 8 -5.54 4.24 8 -4.24 5.66 8 -5.66 3.06 8 -7.39
4 16 4.24 8 -4.24 5.54 8 -2.3 7.39 8 -3.06 5.66 8 -5.66
4 16 5.54 8 -2.3 6 8 0 8 8 0 7.39 8 -3.06
4 16 6 8 0 5.54 8 2.3 7.39 8 3.06 8 8 0
4 16 5.54 8 2.3 4.24 8 4.24 5.66 8 5.66 7.39 8 3.06
4 16 4.24 8 4.24 2.3 8 5.54 3.06 8 7.39 5.66 8 5.66
4 16 2.3 8 5.54 0 8 6 0 8 8 3.06 8 7.39

1 16 -20 4 0 1 0 0 0 -1 0 0 0 1 stud4.dat
1 16 -40 4 0 1 0 0 0 -1 0 0 0 1 stud4.dat
1 16 -60 4 0 1 0 0 0 -1 0 0 0 1 stud4.dat

4 16 -80 0 -20 -6 0 -20 -6 0 20 -80 0 20
4 16  80 0 -20  6 0 -20  6 0 20  80 0 20
4 16  -6 0 -20  -6 0 -6  6 0 -6  6 0 -20
4 16  -6 0  20  -6 0  6  6 0  6  6 0  20
2 24 -80 0 -20 80 0 -20
2 24 -80 0 20 80 0 20
2 24 -80 0 -20 -80 0 20
2 24 80 0 -20 80 0 20
1 16 0 0 0 6 0 0 0 0 0 0 0 6 4-4ndis.dat

4 16 -76 4 -16  -6 4 -16 -6 4 16 -76 4  16
4 16  76 4 -16   6 4 -16  6 4 16  76 4  16
4 16  -6 4 -16  -6 4  -6  6 4 -6   6 4 -16
4 16  -6 4  16  -6 4   6  6 4  6   6 4  16
2 24 -76 4 -16  76 4 -16
2 24 -76 4  16  76 4  16
2 24 -76 4 -16 -76 4  16
2 24  76 4 -16  76 4  16
1 16 0 4 0 6 0 0 0 0 0 0 0 6 4-4ndis.dat

4 16 80 8 -20 76 8 -16 64 8 -16 64 8 -20
4 16 80 8 -20 80 8 20 80 0 20 80 0 -20
2 24 80 8 -20 80 0 -20
2 24 80 8 20 80 0 20
4 16 76 8 -16 76 8 16 76 4 16 76 4 -16
2 24 76 8 -16 76 8 16
2 24 80 8 -20 80 8 20
1 16 64 6 -18  0 6 0 0 0 -2 2 0 0 rect.dat
1 16 56 6 -18  0 6 0 0 0 -2 2 0 0 rect.dat
4 16 56 4 -20 56 4 -16 64 4 -16 64 4 -20
4 16 64 8 -16 76 8 -16 76 4 -16 64 4 -16
2 24 56 4 -20 64 4 -20
2 24 56 4 -16 64 4 -16
2 24 64 8 -20 80 8 -20
2 24 64 8 -16 76 8 -16

4 16 -80 8 20 -76 8 16 -64 8 16 -64 8 20
1 16 -64 6 18  0 6 0 0 0 -2 2 0 0 rect.dat
1 16 -56 6 18  0 6 0 0 0 -2 2 0 0 rect.dat
4 16 -56 4 20 -56 4 16 -64 4 16 -64 4 20
4 16 -64 8 16 -76 8 16 -76 4 16 -64 4 16
2 24 -56 4 20 -64 4 20
2 24 -56 4 16 -64 4 16
2 24 -64 8 20 -80 8 20
2 24 -64 8 16 -76 8 16

4 16 80 8 20 76 8 16 64 8 16 64 8 20
1 16 64 6 18  0 6 0 0 0 -2 2 0 0 rect.dat
1 16 56 6 18  0 6 0 0 0 -2 2 0 0 rect.dat
4 16 56 4 20 56 4 16 64 4 16 64 4 20
4 16 64 8 16 76 8 16 76 4 16 64 4 16
2 24 56 4 20 64 4 20
2 24 56 4 16 64 4 16
2 24 64 8 20 80 8 20
2 24 64 8 16 76 8 16

4 16 -80 8 -20 -76 8 -16 -64 8 -16 -64 8 -20
4 16 -80 8 -20 -80 8 20 -80 0 20 -80 0 -20
2 24 -80 8 -20 -80 0 -20
2 24 -80 8 20 -80 0 20
4 16 -76 8 -16 -76 8 16 -76 4 16 -76 4 -16
2 24 -76 8 -16 -76 8 16
2 24 -80 8 -20 -80 8 20
1 16 -64 6 -18  0 6 0 0 0 -2 2 0 0 rect.dat
1 16 -56 6 -18  0 6 0 0 0 -2 2 0 0 rect.dat
4 16 -56 4 -20 -56 4 -16 -64 4 -16 -64 4 -20
4 16 -64 8 -16 -76 8 -16 -76 4 -16 -64 4 -16
2 24 -56 4 -20 -64 4 -20
2 24 -56 4 -16 -64 4 -16
2 24 -64 8 -20 -80 8 -20
2 24 -64 8 -16 -76 8 -16

4 16 -56 8 16 -56 8 20  56 8 20  56 8 16
4 16 -56 8 20 -56 0 20  56 0 20  56 8 20
4 16 -56 0 20 -56 4 20 -64 4 20 -64 0 20
4 16  56 0 20  56 4 20  64 4 20  64 0 20
4 16 -64 0 20 -64 8 20 -80 8 20 -80 0 20
4 16  64 0 20  64 8 20  80 8 20  80 0 20
2 24 -56 8 16  56 8 16
2 24 -56 8 20  56 8 20
4 16 -56 8 16  56 8 16  56 4 16 -56 4 16

4 16 -56 8 -16 -56 8 -20 56 8 -20 56 8 -16
4 16 -56 8 -20 -56 0 -20 56 0 -20 56 8 -20
4 16 -56 0 -20 -56 4 -20 -64 4 -20 -64 0 -20
4 16 56 0 -20 56 4 -20 64 4 -20 64 0 -20
4 16 -64 0 -20 -64 8 -20 -80 8 -20 -80 0 -20
4 16 64 0 -20 64 8 -20 80 8 -20 80 0 -20
2 24 -56 8 -16 56 8 -16
2 24 -56 8 -20 56 8 -20
4 16 -56 8 -16 56 8 -16 56 4 -16 -56 4 -16
4 16 -80 8 20 -76 8 16 -76 8 -16 -80 8 -20
4 16 80 8 -20 76 8 -16 76 8 16 80 8 20

1 16 70 0 10 1 0 0 0 1 0 0 0 1 stud.dat

4 16 52 0 6 58 0 6 58 -4 6 52 -4 6
4 16 52 0 14 58 0 14 58 -4 14 52 -4 14
1 16 58 -2 10 0 6 0 0 0 -2 4 0 0 rect.dat
2 24 52 0 6 58 0 6
2 24 52 0 14 58 0 14
4 16 58 -4 14 58 -4 6 55 -4 6 55 -4 14
2 24 55 -4 6 58 -4 6
2 24 55 -4 14 58 -4 14
2 24 55 -4 14 55 -4 6
4 16 55 -4 14 55 -4 6 55 -9 6 55 -9 14
4 16 52 0 6 52 0 14 52 -9 14 52 -9 6
2 24 55 -4 6 55 -9 6
2 24 55 -4 14 55 -9 14
4 16 52 -4 6 55 -4 6 55 -9 6 52 -9 6
4 16 52 -4 14 55 -4 14 55 -9 14 52 -9 14
2 24 52 0 6 52 -9 6
2 24 52 0 14 52 -9 14
1 16 53.5 -9 10 1.5 0 0 0 1 0 0 0 4 rect.dat

4 16 48 0 6 42 0 6 42 -4 6 48 -4 6
4 16 48 0 14 42 0 14 42 -4 14 48 -4 14
1 16 42 -2 10 0 -6 0 0 0 -2 4 0 0 rect.dat
2 24 48 0 6 42 0 6
2 24 48 0 14 42 0 14
4 16 42 -4 14 42 -4 6 45 -4 6 45 -4 14
2 24 45 -4 6 42 -4 6
2 24 45 -4 14 42 -4 14
2 24 45 -4 14 45 -4 6
4 16 45 -4 14 45 -4 6 45 -9 6 45 -9 14
4 16 48 0 6 48 0 14 48 -9 14 48 -9 6
2 24 45 -4 6 45 -9 6
2 24 45 -4 14 45 -9 14
4 16 48 -4 6 45 -4 6 45 -9 6 48 -9 6
4 16 48 -4 14 45 -4 14 45 -9 14 48 -9 14
2 24 48 0 6 48 -9 6
2 24 48 0 14 48 -9 14
1 16 46.5 -9 10 -1.5 0 0 0 1 0 0 0 4 rect.dat

1 16 30 0 10 1 0 0 0 1 0 0 0 1 stud.dat
1 16 10 0 10 1 0 0 0 1 0 0 0 1 stud.dat
1 16 -10 0 10 1 0 0 0 1 0 0 0 1 stud.dat
1 16 -30 0 10 1 0 0 0 1 0 0 0 1 stud.dat

4 16 -48 0 6 -42 0 6 -42 -4 6 -48 -4 6
4 16 -48 0 14 -42 0 14 -42 -4 14 -48 -4 14
1 16 -42 -2 10 0 6 0 0 0 -2 4 0 0 rect.dat
2 24 -48 0 6 -42 0 6
2 24 -48 0 14 -42 0 14
4 16 -42 -4 14 -42 -4 6 -45 -4 6 -45 -4 14
2 24 -45 -4 6 -42 -4 6
2 24 -45 -4 14 -42 -4 14
2 24 -45 -4 14 -45 -4 6
4 16 -45 -4 14 -45 -4 6 -45 -9 6 -45 -9 14
4 16 -48 0 6 -48 0 14 -48 -9 14 -48 -9 6
2 24 -45 -4 6 -45 -9 6
2 24 -45 -4 14 -45 -9 14
4 16 -48 -4 6 -45 -4 6 -45 -9 6 -48 -9 6
4 16 -48 -4 14 -45 -4 14 -45 -9 14 -48 -9 14
2 24 -48 0 6 -48 -9 6
2 24 -48 0 14 -48 -9 14
1 16 -46.5 -9 10 1.5 0 0 0 1 0 0 0 4 rect.dat

4 16 -52 0 6 -58 0 6 -58 -4 6 -52 -4 6
4 16 -52 0 14 -58 0 14 -58 -4 14 -52 -4 14
1 16 -58 -2 10 0 -6 0 0 0 -2 4 0 0 rect.dat
2 24 -52 0 6 -58 0 6
2 24 -52 0 14 -58 0 14
4 16 -58 -4 14 -58 -4 6 -55 -4 6 -55 -4 14
2 24 -55 -4 6 -58 -4 6
2 24 -55 -4 14 -58 -4 14
2 24 -55 -4 14 -55 -4 6
4 16 -55 -4 14 -55 -4 6 -55 -9 6 -55 -9 14
4 16 -52 0 6 -52 0 14 -52 -9 14 -52 -9 6
2 24 -55 -4 6 -55 -9 6
2 24 -55 -4 14 -55 -9 14
4 16 -52 -4 6 -55 -4 6 -55 -9 6 -52 -9 6
4 16 -52 -4 14 -55 -4 14 -55 -9 14 -52 -9 14
2 24 -52 0 6 -52 -9 6
2 24 -52 0 14 -52 -9 14
1 16 -53.5 -9 10 -1.5 0 0 0 1 0 0 0 4 rect.dat

1 16 -70 0 10 1 0 0 0 1 0 0 0 1 stud.dat
1 16 70 0 -10 1 0 0 0 1 0 0 0 1 stud.dat

4 16 52 0 -14 58 0 -14 58 -4 -14 52 -4 -14
4 16 52 0 -6 58 0 -6 58 -4 -6 52 -4 -6
1 16 58 -2 -10 0 6 0 0 0 -2 4 0 0 rect.dat
2 24 52 0 -14 58 0 -14
2 24 52 0 -6 58 0 -6
4 16 58 -4 -6 58 -4 -14 55 -4 -14 55 -4 -6
2 24 55 -4 -14 58 -4 -14
2 24 55 -4 -6 58 -4 -6
2 24 55 -4 -6 55 -4 -14
4 16 55 -4 -6 55 -4 -14 55 -9 -14 55 -9 -6
4 16 52 0 -14 52 0 -6 52 -9 -6 52 -9 -14
2 24 55 -4 -14 55 -9 -14
2 24 55 -4 -6 55 -9 -6
4 16 52 -4 -14 55 -4 -14 55 -9 -14 52 -9 -14
4 16 52 -4 -6 55 -4 -6 55 -9 -6 52 -9 -6
2 24 52 0 -14 52 -9 -14
2 24 52 0 -6 52 -9 -6
1 16 53.5 -9 -10 1.5 0 0 0 1 0 0 0 4 rect.dat

4 16 48 0 -14 42 0 -14 42 -4 -14 48 -4 -14
4 16 48 0 -6 42 0 -6 42 -4 -6 48 -4 -6
1 16 42 -2 -10 0 -6 0 0 0 -2 4 0 0 rect.dat
2 24 48 0 -14 42 0 -14
2 24 48 0 -6 42 0 -6
4 16 42 -4 -6 42 -4 -14 45 -4 -14 45 -4 -6
2 24 45 -4 -14 42 -4 -14
2 24 45 -4 -6 42 -4 -6
2 24 45 -4 -6 45 -4 -14
4 16 45 -4 -6 45 -4 -14 45 -9 -14 45 -9 -6
4 16 48 0 -14 48 0 -6 48 -9 -6 48 -9 -14
2 24 45 -4 -14 45 -9 -14
2 24 45 -4 -6 45 -9 -6
4 16 48 -4 -14 45 -4 -14 45 -9 -14 48 -9 -14
4 16 48 -4 -6 45 -4 -6 45 -9 -6 48 -9 -6
2 24 48 0 -14 48 -9 -14
2 24 48 0 -6 48 -9 -6
1 16 46.5 -9 -10 -1.5 0 0 0 1 0 0 0 4 rect.dat

1 16 30 0 -10 1 0 0 0 1 0 0 0 1 stud.dat
1 16 10 0 -10 1 0 0 0 1 0 0 0 1 stud.dat
1 16 -10 0 -10 1 0 0 0 1 0 0 0 1 stud.dat
1 16 -30 0 -10 1 0 0 0 1 0 0 0 1 stud.dat

4 16 -48 0 -14 -42 0 -14 -42 -4 -14 -48 -4 -14
4 16 -48 0 -6 -42 0 -6 -42 -4 -6 -48 -4 -6
1 16 -42 -2 -10 0 6 0 0 0 -2 4 0 0 rect.dat
2 24 -48 0 -14 -42 0 -14
2 24 -48 0 -6 -42 0 -6
4 16 -42 -4 -6 -42 -4 -14 -45 -4 -14 -45 -4 -6
2 24 -45 -4 -14 -42 -4 -14
2 24 -45 -4 -6 -42 -4 -6
2 24 -45 -4 -6 -45 -4 -14
4 16 -45 -4 -6 -45 -4 -14 -45 -9 -14 -45 -9 -6
4 16 -48 0 -14 -48 0 -6 -48 -9 -6 -48 -9 -14
2 24 -45 -4 -14 -45 -9 -14
2 24 -45 -4 -6 -45 -9 -6
4 16 -48 -4 -14 -45 -4 -14 -45 -9 -14 -48 -9 -14
4 16 -48 -4 -6 -45 -4 -6 -45 -9 -6 -48 -9 -6
2 24 -48 0 -14 -48 -9 -14
2 24 -48 0 -6 -48 -9 -6
1 16 -46.5 -9 -10 1.5 0 0 0 1 0 0 0 4 rect.dat

4 16 -52 0 -14 -58 0 -14 -58 -4 -14 -52 -4 -14
4 16 -52 0 -6 -58 0 -6 -58 -4 -6 -52 -4 -6
1 16 -58 -2 -10 0 -6 0 0 0 -2 4 0 0 rect.dat
2 24 -52 0 -14 -58 0 -14
2 24 -52 0 -6 -58 0 -6
4 16 -58 -4 -6 -58 -4 -14 -55 -4 -14 -55 -4 -6
2 24 -55 -4 -14 -58 -4 -14
2 24 -55 -4 -6 -58 -4 -6
2 24 -55 -4 -6 -55 -4 -14
4 16 -55 -4 -6 -55 -4 -14 -55 -9 -14 -55 -9 -6
4 16 -52 0 -14 -52 0 -6 -52 -9 -6 -52 -9 -14
2 24 -55 -4 -14 -55 -9 -14
2 24 -55 -4 -6 -55 -9 -6
4 16 -52 -4 -14 -55 -4 -14 -55 -9 -14 -52 -9 -14
4 16 -52 -4 -6 -55 -4 -6 -55 -9 -6 -52 -9 -6
2 24 -52 0 -14 -52 -9 -14
2 24 -52 0 -6 -52 -9 -6
1 16 -53.5 -9 -10 -1.5 0 0 0 1 0 0 0 4 rect.dat

1 16 -70 0 -10 1 0 0 0 1 0 0 0 1 stud.dat
