0 Ladder 2.5 x 14 (needs work)
0 name 4207.dat
0 Created by Tore Eriksson
0 Official LCad update 97-01

4 16  -140 0 23.33  140 0 23.33  140 0 18  -140 0 18
2 24  -140 0 23.33  -140 0 18
2 24  140 0 23.33  140 0 18
1 16  0 -4 18  140 0 0   0 0 4  0 0 0 rect.dat
1 16  0 -1.33 23.33  140 0 0   0 0 1.33  0 0 0 rect.dat
2 24  -140 -2.66 23.33  -140 -2.66 20.66
2 24  140 -2.66 23.33  140 -2.66 20.66
1 16  0 -4 20.66  140 0 0   0 0 1.33  0 0 0 rect.dat
4 16  -140 -2.66 23.33  140 -2.66 23.33  140 -2.66 20.66  -140 -2.66 20.66

4 16  -140 -5.33 20.66  140 -5.33 20.66  140 -5.33 26  -140 -5.33 26
4 16  -140 -8 18  140 -8 18  140 -8 23.33  -140 -8 23.33
2 24  -140 -5.33 20.66  -140 -5.33 26
2 24  140 -5.33 20.66  140 -5.33 26
2 24  -140 -8 18  -140 -8 23.33
2 24  140 -8 18  140 -8 23.33
1 16  0 -9.33 23.33  140 0 0  0 0 1.33  0 0 0  rect.dat
1 16  0 -9.33 26  140 0 0  0 0 4  0 0 0  rect.dat

4 16  -140 -10.66 23.33  140 -10.66 23.33  140 -10.66 20.66  -140 -10.66 20.66
2 24  -140 -10.66 23.33  -140 -10.66 20.66
2 24  140 -10.66 23.33  140 -10.66 20.66
1 16  0 -12 20.66  140 0 0   0 0 1.33  0 0 0 rect.dat
4 16  -140 -13.33 26  140 -13.33 26  140 -13.33 20.66 -140 -13.33 20.66
2 24  -140 -13.33 26  -140 -13.33 20.66
2 24  140 -13.33 26  140 -13.33 20.66


4 16  -140 0 -23.33  140 0 -23.33  140 0 -18  -140 0 -18
2 24  -140 0 -23.33  -140 0 -18
2 24  140 0 -23.33  140 0 -18
1 16  0 -4 -18  140 0 0   0 0 4  0 0 0 rect.dat
1 16  0 -1.33 -23.33  140 0 0   0 0 1.33  0 0 0 rect.dat
2 24  -140 -2.66 -23.33  -140 -2.66 -20.66
2 24  140 -2.66 -23.33  140 -2.66 -20.66
1 16  0 -4 -20.66  140 0 0   0 0 1.33  0 0 0 rect.dat
4 16  -140 -2.66 -23.33  140 -2.66 -23.33  140 -2.66 -20.66  -140 -2.66 -20.66

4 16  -140 -5.33 -20.66  140 -5.33 -20.66  140 -5.33 -26  -140 -5.33 -26
4 16  -140 -8 -18  140 -8 -18  140 -8 -23.33  -140 -8 -23.33
2 24  -140 -5.33 -20.66  -140 -5.33 -26
2 24  140 -5.33 -20.66  140 -5.33 -26
2 24  -140 -8 -18  -140 -8 -23.33
2 24  140 -8 -18  140 -8 -23.33
1 16  0 -9.33 -23.33  140 0 0  0 0 1.33  0 0 0  rect.dat
1 16  0 -9.33 -26  140 0 0  0 0 4  0 0 0  rect.dat

4 16  -140 -10.66 -23.33  140 -10.66 -23.33  140 -10.66 -20.66  -140 -10.66 -20.66
2 24  -140 -10.66 -23.33  -140 -10.66 -20.66
2 24  140 -10.66 -23.33  140 -10.66 -20.66
1 16  0 -12 -20.66  140 0 0   0 0 1.33  0 0 0 rect.dat
4 16  -140 -13.33 -26  140 -13.33 -26  140 -13.33 -20.66 -140 -13.33 -20.66
2 24  -140 -13.33 -26  -140 -13.33 -20.66
2 24  140 -13.33 -26  140 -13.33 -20.66


4 16  -140 0 23.33  -140 0 18 -140 -2.66 18 -140 -2.66 23.33
4 16  -140 -2.66 20.66  -140 -2.66 18  -140 -5.33 18  -140 -5.33 20.66
4 16  -140 -5.33 26  -140 -5.33 18  -140 -8 18  -140 -8 26
4 16  -140 -8 26  -140 -8 23.33  -140 -10.66 23.33  -140 -10.66 26
4 16  -140 -10.66 26  -140 -10.66 20.66  -140 -13.33 20.66  -140 -13.33 26
4 16  140 0 23.33  140 0 18 140 -2.66 18 140 -2.66 23.33
4 16  140 -2.66 20.66  140 -2.66 18  140 -5.33 18  140 -5.33 20.66
4 16  140 -5.33 26  140 -5.33 18  140 -8 18  140 -8 26
4 16  140 -8 26  140 -8 23.33  140 -10.66 23.33  140 -10.66 26
4 16  140 -10.66 26  140 -10.66 20.66  140 -13.33 20.66  140 -13.33 26
4 16  -140 0 -23.33  -140 0 -18 -140 -2.66 -18 -140 -2.66 -23.33
4 16  -140 -2.66 -20.66  -140 -2.66 -18  -140 -5.33 -18  -140 -5.33 -20.66
4 16  -140 -5.33 -26  -140 -5.33 -18  -140 -8 -18  -140 -8 -26
4 16  -140 -8 -26  -140 -8 -23.33  -140 -10.66 -23.33  -140 -10.66 -26
4 16  -140 -10.66 -26  -140 -10.66 -20.66  -140 -13.33 -20.66  -140 -13.33 -26
4 16  140 0 -23.33  140 0 -18 140 -2.66 -18 140 -2.66 -23.33
4 16  140 -2.66 -20.66  140 -2.66 -18  140 -5.33 -18  140 -5.33 -20.66
4 16  140 -5.33 -26  140 -5.33 -18  140 -8 -18  140 -8 -26
4 16  140 -8 -26  140 -8 -23.33  140 -10.66 -23.33  140 -10.66 -26
4 16  140 -10.66 -26  140 -10.66 -20.66  140 -13.33 -20.66  140 -13.33 -26


1 16 -120 -2.5 0  4 0 0  0 2.5 0  0 0 18 box.dat
1 16 -100 -2.5 0  4 0 0  0 2.5 0  0 0 18 box.dat
1 16  -80 -2.5 0  4 0 0  0 2.5 0  0 0 18 box.dat
1 16  -60 -2.5 0  4 0 0  0 2.5 0  0 0 18 box.dat
1 16  -40 -2.5 0  4 0 0  0 2.5 0  0 0 18 box.dat
1 16  -20 -2.5 0  4 0 0  0 2.5 0  0 0 18 box.dat
1 16    0 -2.5 0  4 0 0  0 2.5 0  0 0 18 box.dat
1 16   20 -2.5 0  4 0 0  0 2.5 0  0 0 18 box.dat
1 16   40 -2.5 0  4 0 0  0 2.5 0  0 0 18 box.dat
1 16   60 -2.5 0  4 0 0  0 2.5 0  0 0 18 box.dat
1 16   80 -2.5 0  4 0 0  0 2.5 0  0 0 18 box.dat
1 16  100 -2.5 0  4 0 0  0 2.5 0  0 0 18 box.dat
1 16  120 -2.5 0  4 0 0  0 2.5 0  0 0 18 box.dat

1 16  -120 -5 -2  2 0 0  0 0 -2  0 4 0 2-4cyli.dat
2 24  -118 -5 -2  -118 -5 2
2 24  -122 -5 -2  -122 -5 2
1 16  -120 -5 -2  2 0 0  0 0 0  0 0 -2 2-4edge.dat
1 16  -120 -5 2  2 0 0  0 0 0  0 0 2 2-4edge.dat
1 16  -120 -5 -2  2 0 0  0 -2 0  0 0 -2  2-8sphe.dat
1 16  -120 -5 2  2 0 0  0 -2 0  0 0 2  2-8sphe.dat

1 16  120 -5 -2  2 0 0  0 0 -2  0 4 0 2-4cyli.dat
2 24  118 -5 -2  118 -5 2
2 24  122 -5 -2  122 -5 2
1 16  120 -5 -2  2 0 0  0 0 0  0 0 -2 2-4edge.dat
1 16  120 -5 2  2 0 0  0 0 0  0 0 2 2-4edge.dat
1 16  120 -5 -2  2 0 0  0 -2 0  0 0 -2  2-8sphe.dat
1 16  120 -5 2  2 0 0  0 -2 0  0 0 2  2-8sphe.dat

