0 Hose Reel  2 x  4 x  2 Holder with Fire Logo Pattern
0 Name: 4209p01.dat
0 Author: Ryan Dennett 
0 Author: Pattern Thomas Burger
0 Official LCad update 99-02

1 16 20 44 0 1 0 0 0 -1 0 0 0 1 stud4.dat
1 16 0 44 0 1 0 0 0 -1 0 0 0 1 stud4.dat
1 16 -20 44 0 1 0 0 0 -1 0 0 0 1 stud4.dat
1 16 0 48 0 36 0 0 0 -4 0 0 0 16 box5.dat
4 16 40 48 20 36 48 16 -36 48 16 -40 48 20
4 16 40 48 -20 36 48 -16 -36 48 -16 -40 48 -20
4 16 40 48 20 36 48 16 36 48 -16 40 48 -20
4 16 -40 48 20 -36 48 16 -36 48 -16 -40 48 -20
2 24 40 48 20 -40 48 20
2 24 -40 48 20 -40 48 -20
2 24 -40 48 -20 40 48 -20
2 24 40 48 -20 40 48 20
2 24 36 40 20 -36 40 20
2 24 -36 40 20 -36 40 -20
2 24 -36 40 -20 36 40 -20
2 24 36 40 -20 36 40 20
2 24 36 4 20 -36 4 20
2 24 -36 4 20 -36 4 -20
2 24 -36 4 -20 36 4 -20
2 24 36 4 -20 36 4 20
2 24 40 0 20 -40 0 20
2 24 -40 0 20 -40 0 -20
2 24 -40 0 -20 40 0 -20
2 24 40 0 -20 40 0 20
2 24 36 4 20 36 40 20
2 24 -36 4 20 -36 40 20
2 24 36 4 -20 36 40 -20
2 24 -36 4 -20 -36 40 -20
2 24 40 0 20 40 48 20
2 24 -40 0 20 -40 48 20
2 24 40 0 -20 40 48 -20
2 24 -40 0 -20 -40 48 -20
2 24 2 4 12 2 4 -12
2 24 -2 4 12 -2 4 -12
2 24 2 8 12 2 8 -12
2 24 -2 8 12 -2 8 -12
1 16 0 4 12 2 0 0 0 0 0 0 0 2 2-4edge.dat
1 16 0 4 -12 2 0 0 0 0 0 0 0 -2 2-4edge.dat
1 16 0 8 12 2 0 0 0 0 0 0 0 2 2-4edge.dat
1 16 0 8 -12 2 0 0 0 0 0 0 0 -2 2-4edge.dat
1 16 36 22 -10 0 0 0 4 0 0 0 0 4 4-4edge.dat
1 16 34 22 -10 0 0 0 4 0 0 0 0 4 4-4edge.dat
1 16 -34 22 -10 0 0 0 4 0 0 0 0 4 4-4edge.dat
1 16 -36 22 -10 0 0 0 4 0 0 0 0 4 4-4edge.dat
1 16 0 4 12 2 0 0 0 4 0 0 0 2 2-4cyli.dat
1 16 0 4 -12 2 0 0 0 4 0 0 0 -2 2-4cyli.dat
1 16 0 8 12 2 0 0 0 0 0 0 0 2 2-4disc.dat
1 16 0 8 -12 2 0 0 0 0 0 0 0 -2 2-4disc.dat
4 16 2 4 12 2 8 12 2 8 -13 2 4 -12
4 16 -2 4 12 -2 8 12 -2 8 -13 -2 4 -12
4 16 2 4 12 2 4 -12 -2 4 -12 -2 4 12
1 16 34 22 -10 0 0 0 4 0 0 0 0 4 4-4disc.dat
1 16 -34 22 -10 0 0 0 4 0 0 0 0 4 4-4disc.dat
1 16 34 22 -10 0 2 0 4 0 0 0 0 4 4-4cyli.dat
1 16 -34 22 -10 0 -2 0 4 0 0 0 0 4 4-4cyli.dat
4 16 36 40 20 36 40 -20 -36 40 -20 -36 40 20
4 16 36 4 20 36 4 -20 -36 4 -20 -36 4 20
4 16 40 0 20 40 0 -20 -40 0 -20 -40 0 20
4 16 40 48 20 40 0 20 40 0 -20 40 48 -20
4 16 36 40 20 36 4 20 36 4 -20 36 40 -20
4 16 -36 40 20 -36 4 20 -36 4 -20 -36 40 -20
4 16 -40 48 20 -40 0 20 -40 0 -20 -40 48 -20
4 16 40 48 20 36 40 20 -36 40 20 -40 48 20
4 16 40 0 20 36 4 20 -36 4 20 -40 0 20
4 16 40 48 20 36 40 20 36 4 20 40 0 20
4 16 -40 48 20 -36 40 20 -36 4 20 -40 0 20
4 16 40 48 -20 36 40 -20 -36 40 -20 -40 48 -20
4 16 40 0 -20 36 4 -20 -36 4 -20 -40 0 -20
4 16 40 48 -20 36 40 -20 36 4 -20 40 0 -20
4 16 -40 48 -20 -36 40 -20 -36 4 -20 -40 0 -20
1 16 30 0 10 1 0 0 0 1 0 0 0 1 stud2.dat
1 16 10 0 10 1 0 0 0 1 0 0 0 1 stud2.dat
1 16 -10 0 10 1 0 0 0 1 0 0 0 1 stud2.dat
1 16 -30 0 10 1 0 0 0 1 0 0 0 1 stud2.dat
1 16 30 0 -10 1 0 0 0 1 0 0 0 1 stud2.dat
1 16 10 0 -10 1 0 0 0 1 0 0 0 1 stud2.dat
1 16 -10 0 -10 1 0 0 0 1 0 0 0 1 stud2.dat
1 16 -30 0 -10 1 0 0 0 1 0 0 0 1 stud2.dat
3 4 -41 16 8.5 -41 18.5 7.25 -41 17.75 5
4 4 -41 18.5 7.25 -41 17.75 5 -41 21 2.25 -41 21.25 6.75
4 4 -41 21.25 6.75 -41 21 2.25 -41 23.75 3.75 -41 24.25 7
4 4 -41 24.25 7 -41 23.75 3.75 -41 26.75 4 -41 27 7.25
4 4 -41 27 7.25 -41 26.75 4 -41 29.75 3.25 -41 29.75 6.75
4 4 -41 29.75 6.75 -41 31.5 4.75 -41 32.25 2.25 -41 29.75 3.25
3 366 -41 33.25 0 -41 33.75 -2.75 -41 31.25 -1.75
4 366 -41 32.25 2.25 -41 33.25 0 -41 31.25 -1.75 -41 28 -0.75
4 366 -41 32.25 2.25 -41 29.75 3.25 -41 26.75 4 -41 28 -0.75
4 366 -41 23.75 3.75 -41 25 -1 -41 28 -0.75 -41 26.75 4
4 366 -41 21 2.25 -41 23.75 3.75 -41 25 -1 -41 21.5 -2
4 366 -41 18 2 -41 21 2.25 -41 21.5 -2 -41 17.75 -1.5
4 366 -41 15 3.25 -41 15.5 1.25 -41 17.75 -1.5 -41 18 2
3 14 -41 15 -3.5 -41 17.75 -4.75 -41 17.25 -8.25
4 14 -41 17.75 -4.75 -41 20 -3.75 -41 20.5 -8.5 -41 17.25 -8.25
4 14 -41 20 -3.75 -41 21.5 -2 -41 23.25 -7 -41 20.5 -8.5
4 14 -41 21.5 -2 -41 25 -1 -41 26 -6.5 -41 23.25 -7
4 14 -41 25 -1 -41 28 -0.75 -41 28.5 -5.75 -41 26 -6.5
4 14 -41 31.25 -1.75 -41 28 -0.75 -41 28.5 -5.75 -41 31 -6
4 14 -41 33.75 -2.75 -41 31.25 -1.75 -41 31 -6 -41 33.75 -7.75
4 14 -41 33.75 -2.75 -41 33.75 -7.75 -41 34 -9.5 -41 35.25 -8
3 0 -41 13 12 -41 16 8.5 -41 37 12
3 0 -41 17.75 5 -41 21 2.25 -41 18 2
4 0 -41 16 8.5 -41 15 3.25 -41 18 2 -41 17.75 5
4 0 -41 15.5 1.25 -41 15 -3.5 -41 17.75 -4.75 -41 17.75 -1.5
4 0 -41 17.75 -1.5 -41 17.75 -4.75 -41 20 -3.75 -41 21.5 -2
3 0 -41 13 12 -41 16 8.5 -41 15 3.25
4 0 -41 13 12 -41 15.5 1.25 -41 15 -3.5 -41 13 -12
4 0 -41 13 12 -41 15.5 1.25 -41 15 -3.5 -41 13 -12
4 0 -41 13 -12 -41 15 -3.5 -41 17.25 -8.25 -41 20.5 -8.5
4 0 -41 13 -12 -41 26 -6.5 -41 28.5 -5.75 -41 31 -6
4 0 -41 13 -12 -41 31 -6 -41 33.75 -7.75 -41 34 -9.5
3 0 -41 13 -12 -41 34 -9.5 -41 37 -12
4 0 -41 37 12 -41 16 8.5 -41 18.5 7.25 -41 21.25 6.75
4 0 -41 37 12 -41 21.25 6.75 -41 24.25 7 -41 27 7.25
4 0 -41 37 12 -41 27 7.25 -41 29.75 6.75 -41 31.5 4.75
3 0 -41 37 12 -41 31.5 4.75 -41 32.25 2.25
4 0 -41 37 12 -41 32.25 2.25 -41 33.75 -2.75 -41 35.25 -8
4 0 -41 37 12 -41 35.25 -8 -41 34 -9.5 -41 37 -12
3 4 41 15 -7.5 41 17.5 -6.25 41 16.75 -4
4 4 41 17.5 -6.25 41 16.75 -4 41 20 -1.25 41 20.25 -5.75
4 4 41 20.25 -5.75 41 20 -1.25 41 22.75 -2.75 41 23.25 -6
4 4 41 23.25 -6 41 22.75 -2.75 41 25.75 -3 41 26 -6.25
4 4 41 26 -6.25 41 25.75 -3 41 28.75 -2.25 41 28.75 -5.75
4 4 41 28.75 -5.75 41 30.5 -3.75 41 31.25 -1.25 41 28.75 -2.25
3 366 41 32.25 1 41 32.75 3.75 41 30.25 2.75
4 366 41 31.25 -1.25 41 32.25 1 41 30.25 2.75 41 27 1.75
4 366 41 31.25 -1.25 41 28.75 -2.25 41 25.75 -3 41 27 1.75
4 366 41 22.75 -2.75 41 24 2 41 27 1.75 41 25.75 -3
4 366 41 20 -1.25 41 22.75 -2.75 41 24 2 41 20.5 3
4 366 41 17 -1 41 20 -1.25 41 20.5 3 41 16.75 2.5
4 366 41 14 -2.25 41 14.5 -0.25 41 16.75 2.5 41 17 -1
3 14 41 14 4.5 41 16.75 5.75 41 16.25 9.25
4 14 41 16.75 5.75 41 19 4.75 41 19.5 9.5 41 16.25 9.25
4 14 41 19 4.75 41 20.5 3 41 22.25 8 41 19.5 9.5
4 14 41 20.5 3 41 24 2 41 25 7.5 41 22.25 8
4 14 41 24 2 41 27 1.75 41 27.5 6.75 41 25 7.5
4 14 41 30.25 2.75 41 27 1.75 41 27.5 6.75 41 30 7
4 14 41 32.75 3.75 41 30.25 2.75 41 30 7 41 32.75 8.75
4 14 41 32.75 3.75 41 32.75 8.75 41 33 10.5 41 34.25 9
3 0 41 12 -11 41 15 -7.5 41 36 -11
3 0 41 16.75 -4 41 20 -1.25 41 17 -1
4 0 41 15 -7.5 41 14 -2.25 41 17 -1 41 16.75 -4
4 0 41 14.5 -0.25 41 14 4.5 41 16.75 5.75 41 16.75 2.5
4 0 41 16.75 2.5 41 16.75 5.75 41 19 4.75 41 20.5 3
3 0 41 12 -11 41 15 -7.5 41 14 -2.25
4 0 41 12 -11 41 14.5 -0.25 41 14 4.5 41 12 13
4 0 41 12 -11 41 14.5 -0.25 41 14 4.5 41 12 13
4 0 41 12 13 41 14 4.5 41 16.25 9.25 41 19.5 9.5
4 0 41 12 13 41 25 7.5 41 27.5 6.75 41 30 7
4 0 41 12 13 41 30 7 41 32.75 8.75 41 33 10.5
3 0 41 12 13 41 33 10.5 41 36 13
4 0 41 36 -11 41 15 -7.5 41 17.5 -6.25 41 20.25 -5.75
4 0 41 36 -11 41 20.25 -5.75 41 23.25 -6 41 26 -6.25
4 0 41 36 -11 41 26 -6.25 41 28.75 -5.75 41 30.5 -3.75
3 0 41 36 -11 41 30.5 -3.75 41 31.25 -1.25
4 0 41 36 -11 41 31.25 -1.25 41 32.75 3.75 41 34.25 9
4 0 41 36 -11 41 34.25 9 41 33 10.5 41 36 13
0