0 Hose Reel  2 x  4 x  2 Holder
0 Name: 4209.dat
0 Author: James Jessiman
0 Original LDraw Part - LDraw beta 0.27 Archive

 1 16 20 44 0 1 0 0 0 -1 0 0 0 1 stud4.dat
 1 16 0 44 0 1 0 0 0 -1 0 0 0 1 stud4.dat
 1 16 -20 44 0 1 0 0 0 -1 0 0 0 1 stud4.dat
 1 16 0 48 0 36 0 0 0 -4 0 0 0 16 box5.dat
 4 16 40 48 20 36 48 16 -36 48 16 -40 48 20
 4 16 40 48 -20 36 48 -16 -36 48 -16 -40 48 -20
 4 16 40 48 20 36 48 16 36 48 -16 40 48 -20
 4 16 -40 48 20 -36 48 16 -36 48 -16 -40 48 -20

 2 24 40 48 20 -40 48 20
 2 24 -40 48 20 -40 48 -20
 2 24 -40 48 -20 40 48 -20
 2 24 40 48 -20 40 48 20

 2 24 36 40 20 -36 40 20
 2 24 -36 40 20 -36 40 -20
 2 24 -36 40 -20 36 40 -20
 2 24 36 40 -20 36 40 20

 2 24 36 4 20 -36 4 20
 2 24 -36 4 20 -36 4 -20
 2 24 -36 4 -20 36 4 -20
 2 24 36 4 -20 36 4 20

 2 24 40 0 20 -40 0 20
 2 24 -40 0 20 -40 0 -20
 2 24 -40 0 -20 40 0 -20
 2 24 40 0 -20 40 0 20

 2 24 36 4 20 36 40 20
 2 24 -36 4 20 -36 40 20
 2 24 36 4 -20 36 40 -20
 2 24 -36 4 -20 -36 40 -20

 2 24 40 0 20 40 48 20
 2 24 -40 0 20 -40 48 20
 2 24 40 0 -20 40 48 -20
 2 24 -40 0 -20 -40 48 -20

 2 24 2 4 12 2 4 -12
 2 24 -2 4 12 -2 4 -12
 2 24 2 8 12 2 8 -12
 2 24 -2 8 12 -2 8 -12

 1 16 0 4 12 2 0 0 0 0 0 0 0 2 2-4edge.dat
 1 16 0 4 -12 2 0 0 0 0 0 0 0 -2 2-4edge.dat
 1 16 0 8 12 2 0 0 0 0 0 0 0 2 2-4edge.dat
 1 16 0 8 -12 2 0 0 0 0 0 0 0 -2 2-4edge.dat

 1 16 36 22 -10 0 0 0 4 0 0 0 0 4 4-4edge.dat
 1 16 34 22 -10 0 0 0 4 0 0 0 0 4 4-4edge.dat
 1 16 -34 22 -10 0 0 0 4 0 0 0 0 4 4-4edge.dat
 1 16 -36 22 -10 0 0 0 4 0 0 0 0 4 4-4edge.dat

 1 16 0 4 12 2 0 0 0 4 0 0 0 2 2-4cyli.dat
 1 16 0 4 -12 2 0 0 0 4 0 0 0 -2 2-4cyli.dat
 1 16 0 8 12 2 0 0 0 0 0 0 0 2 2-4disc.dat
 1 16 0 8 -12 2 0 0 0 0 0 0 0 -2 2-4disc.dat

 4 16 2 4 12 2 8 12 2 8 -13 2 4 -12
 4 16 -2 4 12 -2 8 12 -2 8 -13 -2 4 -12
 4 16 2 4 12 2 4 -12 -2 4 -12 -2 4 12

 1 16 34 22 -10 0 0 0 4 0 0 0 0 4 4-4disc.dat
 1 16 -34 22 -10 0 0 0 4 0 0 0 0 4 4-4disc.dat
 1 16 34 22 -10 0 2 0 4 0 0 0 0 4 4-4cyli.dat
 1 16 -34 22 -10 0 -2 0 4 0 0 0 0 4 4-4cyli.dat

 4 16 36 40 20 36 40 -20 -36 40 -20 -36 40 20
 4 16 36 4 20 36 4 -20 -36 4 -20 -36 4 20
 4 16 40 0 20 40 0 -20 -40 0 -20 -40 0 20

 4 16 40 48 20 40 0 20 40 0 -20 40 48 -20
 4 16 36 40 20 36 4 20 36 4 -20 36 40 -20
 4 16 -36 40 20 -36 4 20 -36 4 -20 -36 40 -20
 4 16 -40 48 20 -40 0 20 -40 0 -20 -40 48 -20

 4 16 40 48 20 36 40 20 -36 40 20 -40 48 20
 4 16 40 0 20 36 4 20 -36 4 20 -40 0 20
 4 16 40 48 20 36 40 20 36 4 20 40 0 20
 4 16 -40 48 20 -36 40 20 -36 4 20 -40 0 20
 4 16 40 48 -20 36 40 -20 -36 40 -20 -40 48 -20
 4 16 40 0 -20 36 4 -20 -36 4 -20 -40 0 -20
 4 16 40 48 -20 36 40 -20 36 4 -20 40 0 -20
 4 16 -40 48 -20 -36 40 -20 -36 4 -20 -40 0 -20

 1 16 30 0 10 1 0 0 0 1 0 0 0 1 stud2.dat
 1 16 10 0 10 1 0 0 0 1 0 0 0 1 stud2.dat
 1 16 -10 0 10 1 0 0 0 1 0 0 0 1 stud2.dat
 1 16 -30 0 10 1 0 0 0 1 0 0 0 1 stud2.dat
 1 16 30 0 -10 1 0 0 0 1 0 0 0 1 stud2.dat
 1 16 10 0 -10 1 0 0 0 1 0 0 0 1 stud2.dat
 1 16 -10 0 -10 1 0 0 0 1 0 0 0 1 stud2.dat
 1 16 -30 0 -10 1 0 0 0 1 0 0 0 1 stud2.dat
0
