0 Panel  1 x  4 x  3 with Red Cross and Stripe Pattern
0 Name: 4215p02.dat
0 Author: James Jessiman
0 Original LDraw Part - LDraw beta 0.27 Archive

 1 16 20 68 0 1 0 0 0 -1 0 0 0 1 stud3.dat
 1 16 0 68 0 1 0 0 0 -1 0 0 0 1 stud3.dat
 1 16 -20 68 0 1 0 0 0 -1 0 0 0 1 stud3.dat

 1 16 0 72 0 36 0 0 0 -4 0 0 0 6 box5.dat

 4 16 40 72 10 36 72 6 -36 72 6 -40 72 10
 4 16 -40 72 10 -36 72 6 -36 72 -6 -40 72 -10
 4 16 -40 72 -10 -36 72 -6 36 72 -6 40 72 -10
 4 16 40 72 -10 36 72 -6 36 72 6 40 72 10

 2 24 40 72 10 -40 72 10
 2 24 -40 72 10 -40 72 -10
 2 24 -40 72 -10 40 72 -10
 2 24 40 72 -10 40 72 10

 2 24 40 64 6 -40 64 6
 2 24 -40 64 6 -40 64 -10
 2 24 -40 64 -10 40 64 -10
 2 24 40 64 -10 40 64 6

 2 24 40 4 6 -40 4 6
 2 24 -40 4 6 -40 4 -10
 2 24 -40 4 -10 40 4 -10
 2 24 40 4 -10 40 4 6

 2 24 40 0 10 -40 0 10
 2 24 -40 0 10 -40 0 -10
 2 24 -40 0 -10 40 0 -10
 2 24 40 0 -10 40 0 10

 2 24 40 0 -10 40 4 -10
 2 24 -40 0 -10 -40 4 -10
 2 24 40 4 6 40 64 6
 2 24 -40 4 6 -40 64 6
 2 24 40 64 -10 40 72 -10
 2 24 -40 64 -10 -40 72 -10
 2 24 40 0 10 40 72 10
 2 24 -40 0 10 -40 72 10

 4 16 40 64 6 40 64 -10 -40 64 -10 -40 64 6
 4 16 40 4 6 40 4 -10 -40 4 -10 -40 4 6
 4 16 40 0 10 40 0 -10 -40 0 -10 -40 0 10

 4 16 -40 72 10 -40 72 -10 -40 64 -10 -40 64 10
 4 16 -40 72 -10 40 72 -10 40 64 -10 -40 64 -10
 4 16 40 72 -10 40 72 10 40 64 10 40 64 -10

 4 16 -40 64 10 -40 64 6 -40 4 6 -40 4 10
 4 16 -40 64 6 40 64 6 40 4 6 -40 4 6
 4 16 40 64 6 40 64 10 40 4 10 40 4 6

 4 16 -40 4 10 -40 4 -10 -40 0 -10 -40 0 10
 4 16 -40 4 -10 40 4 -10 40 0 -10 -40 0 -10
 4 16 40 4 -10 40 4 10 40 0 10 40 0 -10

 1 16 30 0 0 1 0 0 0 1 0 0 0 1 stud2.dat
 1 16 10 0 0 1 0 0 0 1 0 0 0 1 stud2.dat
 1 16 -10 0 0 1 0 0 0 1 0 0 0 1 stud2.dat
 1 16 -30 0 0 1 0 0 0 1 0 0 0 1 stud2.dat

 1 4 0 60 10 40 0 0 0 0 12 0 0 0 rect.dat

 2 24 40 48 10 -40 48 10
 2 24 -40 48 10 -40 0 10
 2 24 -40 0 10 40 0 10
 2 24 40 0 10 40 48 10

 2 12 5 38 10 -5 38 10
 2 12 -5 38 10 -5 29 10
 2 12 -5 29 10 -14 29 10
 2 12 -14 29 10 -14 19 10
 2 12 -14 19 10 -5 19 10
 2 12 -5 19 10 -5 10 10
 2 12 -5 10 10 5 10 10
 2 12 5 10 10 5 19 10
 2 12 5 19 10 14 19 10
 2 12 14 19 10 14 29 10
 2 12 14 29 10 5 29 10
 2 12 5 29 10 5 38 10

 4 4 5 38 10 5 10 10 -5 10 10 -5 38 10
 4 4 14 29 10 14 19 10 -14 19 10 -14 29 10

 4 16 40 48 10 5 38 10 -5 38 10 -40 48 10
 4 16 -40 48 10 -5 38 10 -5 29 10 -14 29 10
 4 16 -40 48 10 -14 29 10 -14 19 10 -40 0 10
 4 16 -40 0 10 -14 19 10 -5 19 10 -5 10 10
 4 16 40 48 10 5 38 10 5 29 10 14 29 10
 4 16 40 48 10 14 29 10 14 19 10 40 0 10
 4 16 40 0 10 14 19 10 5 19 10 5 10 10
 4 16 40 0 10 5 10 10 -5 10 10 -40 0 10
0
