0 Panel  1 x  4 x  3 Right with Blue Stripe Pattern
0 Name: 4215p04.dat
0 Author: Kevin M Bane
0 Official LCad update 99-06

1 16 20 68 0 1 0 0 0 -1 0 0 0 1 stud3.dat
1 16 0 68 0 1 0 0 0 -1 0 0 0 1 stud3.dat
1 16 -20 68 0 1 0 0 0 -1 0 0 0 1 stud3.dat

1 16 0 72 0 36 0 0 0 -4 0 0 0 6 box5.dat

4 16 40 72 10 36 72 6 -36 72 6 -40 72 10
4 16 -40 72 10 -36 72 6 -36 72 -6 -40 72 -10
4 16 -40 72 -10 -36 72 -6 36 72 -6 40 72 -10
4 16 40 72 -10 36 72 -6 36 72 6 40 72 10

2 24 40 72 10 -40 72 10
2 24 -40 72 10 -40 72 -10
2 24 -40 72 -10 40 72 -10
2 24 40 72 -10 40 72 10

2 24 40 64 6 -40 64 6
2 24 -40 64 6 -40 64 -10
2 24 -40 64 -10 40 64 -10
2 24 40 64 -10 40 64 6

2 24 40 4 6 -40 4 6
2 24 -40 4 6 -40 4 -10
2 24 -40 4 -10 40 4 -10
2 24 40 4 -10 40 4 6

2 24 40 0 10 -40 0 10
2 24 -40 0 10 -40 0 -10
2 24 -40 0 -10 40 0 -10
2 24 40 0 -10 40 0 10

2 24 40 0 -10 40 4 -10
2 24 -40 0 -10 -40 4 -10
2 24 40 4 6 40 64 6
2 24 -40 4 6 -40 64 6
2 24 40 64 -10 40 72 -10
2 24 -40 64 -10 -40 72 -10
2 24 40 0 10 40 72 10
2 24 -40 0 10 -40 72 10

4 16 40 64 6 40 64 -10 -40 64 -10 -40 64 6
4 16 40 4 6 40 4 -10 -40 4 -10 -40 4 6
4 16 40 0 10 40 0 -10 -40 0 -10 -40 0 10

4 16 -40 72 10 -40 72 -10 -40 64 -10 -40 64 10
4 16 -40 72 -10 40 72 -10 40 64 -10 -40 64 -10
4 16 40 72 -10 40 72 10 40 64 10 40 64 -10

4 16 -40 64 10 -40 64 6 -40 4 6 -40 4 10
4 16 -40 64 6 40 64 6 40 4 6 -40 4 6
4 16 40 64 6 40 64 10 40 4 10 40 4 6

4 16 -40 4 10 -40 4 -10 -40 0 -10 -40 0 10
4 16 -40 4 -10 40 4 -10 40 0 -10 -40 0 -10
4 16 40 4 -10 40 4 10 40 0 10 40 0 -10

1 16 30 0 0 1 0 0 0 1 0 0 0 1 stud2.dat
1 16 10 0 0 1 0 0 0 1 0 0 0 1 stud2.dat
1 16 -10 0 0 1 0 0 0 1 0 0 0 1 stud2.dat
1 16 -30 0 0 1 0 0 0 1 0 0 0 1 stud2.dat

4 16 -20 0 10 -20 19 10 -40 19 10 -40 0 10
1 16 -25 19 10 0 0 5 5 0 0 0 1 0 1-4disc.dat
4 16 -25 19 10 -25 24 10 -40 24 10 -40 19 10
4 1 20 0 10 20 25 10 -20 25 10 -20 0 10
1 1 -25 19 10 0 0 5 5 0 0 0 1 0 1-4ndis.dat
4 1 20 24 10 20 34 10 -40 34 10 -40 24 10
1 1 5 33 10 0 0 15 15 0 0 0 1 0 1-4disc.dat
4 1 5 33 10 5 48 10 -40 48 10 -40 33 10
4 16 40 0 10 40 72 10 20 48 10 20 0 10
1 16 5 33 10 0 0 15 15 0 0 0 1 0 1-4ndis.dat
4 16 20 48 10 40 72 10 -40 72 10 -40 48 10
2 24 -20 0 10 -20 19 10
1 16 -25 19 10 0 0 5 5 0 0 0 1 0 1-4edge.dat
2 24 -25 24 10 -40 24 10
2 24 20 0 10 20 33 10
1 16 5 33 10 0 0 15 15 0 0 0 1 0 1-4edge.dat
2 24 5 48 10 -40 48 10
0