0 Panel  1 x  4 x  3 Left with Red/Blue Stripe Pattern
0 Name: 4215ap07.dat
0 Author: Kevin M Bane
0 LDRAW_ORG Part UPDATE 2002-05

0 2001-Dec-02 BB Replaced non-decorated portion with reference to s\4215as01.dat

1 16 -17.5 5.5 10 0 0 -2.5 2.5 0 0 0 1 0 48\1-4disc.dat
1 16 -35 11 10 0 0 -5 5 0 0 0 1 0 48\1-4ndis.dat
1 16 0 0 0 -1 0 0 0 1 0 0 0 1 s\4215as01.DAT
1 4 -17.5 5.5 10 0 0 -2.5 2.5 0 0 0 1 0 48\1-4ndis.dat
1 4 -35 11 10 0 0 -5 5 0 0 0 1 0 48\1-4disc.dat

4 1 -40 24 10 -40 48 10 40 48 10 40 24 10
4 16 -18 5.5 10 -18 8 10 40 8 10 40 5.5 10
4 16 -20 0 10 -20 5.5 10 40 5.5 10 40 0 10
4 16 -40 16 10 -40 24 10 40 24 10 40 16 10
4 16 -40 48 10 -40 72 10 40 72 10 40 48 10
4 4 -20 8 10 -20 11 10 40 11 10 40 8 10
4 4 -35 11 10 -35 16 10 40 16 10 40 11 10
4 4 -40 0 10 -40 11 10 -20 11 10 -20 0 10
0
