0 Panel  1 x  4 x  3 with 1/2 Black Pattern (Right Side)
0 Name: 4215p77.dat
0 Author: Thomas Burger
0 LDRAW_ORG Part UPDATE 2001-03

3 0 40 0 10 40 72 10 -40 72 10
2 24 40 0 10 -40 72 10
3 16 40 0 10 -40 0 10 -40 72 10
0 Panel  1 x  4 x  3 without front

 1 16 20 68 0 1 0 0 0 -1 0 0 0 1 stud3.dat
 1 16 0 68 0 1 0 0 0 -1 0 0 0 1 stud3.dat
 1 16 -20 68 0 1 0 0 0 -1 0 0 0 1 stud3.dat

 1 16 0 72 0 36 0 0 0 -4 0 0 0 6 box5.dat

 4 16 40 72 10 36 72 6 -36 72 6 -40 72 10
 4 16 -40 72 10 -36 72 6 -36 72 -6 -40 72 -10
 4 16 -40 72 -10 -36 72 -6 36 72 -6 40 72 -10
 4 16 40 72 -10 36 72 -6 36 72 6 40 72 10

 2 24 40 72 10 -40 72 10
 2 24 -40 72 10 -40 72 -10
 2 24 -40 72 -10 40 72 -10
 2 24 40 72 -10 40 72 10

 2 24 40 64 6 -40 64 6
 2 24 -40 64 6 -40 64 -10
 2 24 -40 64 -10 40 64 -10
 2 24 40 64 -10 40 64 6

 2 24 40 4 6 -40 4 6
 2 24 -40 4 6 -40 4 -10
 2 24 -40 4 -10 40 4 -10
 2 24 40 4 -10 40 4 6

 2 24 40 0 10 -40 0 10
 2 24 -40 0 10 -40 0 -10
 2 24 -40 0 -10 40 0 -10
 2 24 40 0 -10 40 0 10

 2 24 40 0 -10 40 4 -10
 2 24 -40 0 -10 -40 4 -10
 2 24 40 4 6 40 64 6
 2 24 -40 4 6 -40 64 6
 2 24 40 64 -10 40 72 -10
 2 24 -40 64 -10 -40 72 -10
 2 24 40 0 10 40 72 10
 2 24 -40 0 10 -40 72 10

 4 16 40 64 6 40 64 -10 -40 64 -10 -40 64 6
 4 16 40 4 6 40 4 -10 -40 4 -10 -40 4 6
 4 16 40 0 10 40 0 -10 -40 0 -10 -40 0 10

 4 16 -40 72 10 -40 72 -10 -40 64 -10 -40 64 10
 4 16 -40 72 -10 40 72 -10 40 64 -10 -40 64 -10
 4 16 40 72 -10 40 72 10 40 64 10 40 64 -10

0 4 16 40 72 10 -40 72 10 -40 0 10 40 0 10
 4 16 -40 64 10 -40 64 6 -40 4 6 -40 4 10
 4 16 -40 64 6 40 64 6 40 4 6 -40 4 6
 4 16 40 64 6 40 64 10 40 4 10 40 4 6

 4 16 -40 4 10 -40 4 -10 -40 0 -10 -40 0 10
 4 16 -40 4 -10 40 4 -10 40 0 -10 -40 0 -10
 4 16 40 4 -10 40 4 10 40 0 10 40 0 -10

 1 16 30 0 0 1 0 0 0 1 0 0 0 1 stud2.dat
 1 16 10 0 0 1 0 0 0 1 0 0 0 1 stud2.dat
 1 16 -10 0 0 1 0 0 0 1 0 0 0 1 stud2.dat
 1 16 -30 0 0 1 0 0 0 1 0 0 0 1 stud2.dat
0
