0 Panel  1 x  4 x  3 with Window and Red Stripe Pattern
0 Name: 4215p01.dat
0 Author: James Jessiman
0 Original LDraw Part - LDraw beta 0.27 Archive

 1 16 20 68 0 1 0 0 0 -1 0 0 0 1 stud3.dat
 1 16 0 68 0 1 0 0 0 -1 0 0 0 1 stud3.dat
 1 16 -20 68 0 1 0 0 0 -1 0 0 0 1 stud3.dat

 1 16 0 72 0 36 0 0 0 -4 0 0 0 6 box5.dat

 4 16 40 72 10 36 72 6 -36 72 6 -40 72 10
 4 16 -40 72 10 -36 72 6 -36 72 -6 -40 72 -10
 4 16 -40 72 -10 -36 72 -6 36 72 -6 40 72 -10
 4 16 40 72 -10 36 72 -6 36 72 6 40 72 10

 2 24 40 72 10 -40 72 10
 2 24 -40 72 10 -40 72 -10
 2 24 -40 72 -10 40 72 -10
 2 24 40 72 -10 40 72 10

 2 24 40 64 6 -40 64 6
 2 24 -40 64 6 -40 64 -10
 2 24 -40 64 -10 40 64 -10
 2 24 40 64 -10 40 64 6

 2 24 40 4 6 -40 4 6
 2 24 -40 4 6 -40 4 -10
 2 24 -40 4 -10 40 4 -10
 2 24 40 4 -10 40 4 6

 2 24 40 0 10 -40 0 10
 2 24 -40 0 10 -40 0 -10
 2 24 -40 0 -10 40 0 -10
 2 24 40 0 -10 40 0 10

 2 24 40 0 -10 40 4 -10
 2 24 -40 0 -10 -40 4 -10
 2 24 40 4 6 40 64 6
 2 24 -40 4 6 -40 64 6
 2 24 40 64 -10 40 72 -10
 2 24 -40 64 -10 -40 72 -10
 2 24 40 0 10 40 72 10
 2 24 -40 0 10 -40 72 10

 4 16 40 64 6 40 64 -10 -40 64 -10 -40 64 6
 4 16 40 4 6 40 4 -10 -40 4 -10 -40 4 6
 4 16 40 0 10 40 0 -10 -40 0 -10 -40 0 10

 4 16 -40 72 10 -40 72 -10 -40 64 -10 -40 64 10
 4 16 -40 72 -10 40 72 -10 40 64 -10 -40 64 -10
 4 16 40 72 -10 40 72 10 40 64 10 40 64 -10

 4 16 -40 64 10 -40 64 6 -40 4 6 -40 4 10
 4 16 -40 64 6 40 64 6 40 4 6 -40 4 6
 4 16 40 64 6 40 64 10 40 4 10 40 4 6

 4 16 -40 4 10 -40 4 -10 -40 0 -10 -40 0 10
 4 16 -40 4 -10 40 4 -10 40 0 -10 -40 0 -10
 4 16 40 4 -10 40 4 10 40 0 10 40 0 -10

 1 16 30 0 0 1 0 0 0 1 0 0 0 1 stud2.dat
 1 16 10 0 0 1 0 0 0 1 0 0 0 1 stud2.dat
 1 16 -10 0 0 1 0 0 0 1 0 0 0 1 stud2.dat
 1 16 -30 0 0 1 0 0 0 1 0 0 0 1 stud2.dat

 1 4 0 60 10 40 0 0 0 0 12 0 0 0 rect.dat

 2 8 40 48 10 -40 48 10
 2 8 -40 48 10 -40 0 10
 2 8 -40 0 10 40 0 10
 2 8 40 0 10 40 48 10

 2 8 32 45 10 -32 45 10
 1 15 -32 41 10 -4 0 0 0 0 4 0 0 0 1-4edge.dat
 2 8 -36 41 10 36 41 10
 1 15 32 41 10 4 0 0 0 0 4 0 0 0 1-4edge.dat

 2 8 36 38 10 -36 38 10
 2 8 -36 38 10 -36 35 10
 2 8 -36 35 10 36 35 10
 2 8 36 35 10 36 38 10

 2 8 36 32 10 -36 32 10
 2 8 -36 32 10 -36 29 10
 2 8 -36 29 10 36 29 10
 2 8 36 29 10 36 32 10

 2 8 36 26 10 -36 26 10
 2 8 -36 26 10 -36 23 10
 2 8 -36 23 10 36 23 10
 2 8 36 23 10 36 26 10

 2 8 36 20 10 -36 20 10
 2 8 -36 20 10 -36 17 10
 2 8 -36 17 10 36 17 10
 2 8 36 17 10 36 20 10

 2 8 36 14 10 -36 14 10
 2 8 -36 14 10 -36 11 10
 2 8 -36 11 10 36 11 10
 2 8 36 11 10 36 14 10

 2 8 36 8 10 -36 8 10
 1 15 -32 8 10 -4 0 0 0 0 -4 0 0 0 1-4edge.dat
 2 8 -32 4 10 32 4 10
 1 15 32 8 10 4 0 0 0 0 -4 0 0 0 1-4edge.dat

 1 15 -32 41 10 -4 0 0 0 0 4 0 0 0 1-4ndis.dat
 1 15 32 41 10 4 0 0 0 0 4 0 0 0 1-4ndis.dat
 1 15 -32 8 10 -4 0 0 0 0 -4 0 0 0 1-4ndis.dat
 1 15 32 8 10 4 0 0 0 0 -4 0 0 0 1-4ndis.dat

 4 15 40 48 10 36 45 10 -36 45 10 -40 48 10
 4 15 -40 48 10 -36 45 10 -36 4 10 -40 0 10
 4 15 -40 0 10 -36 4 10 36 4 10 40 0 10
 4 15 40 0 10 36 4 10 36 45 10 40 48 10
 4 15 36 41 10 36 38 10 -36 38 10 -36 41 10
 4 15 36 35 10 36 32 10 -36 32 10 -36 35 10
 4 15 36 29 10 36 26 10 -36 26 10 -36 29 10
 4 15 36 23 10 36 20 10 -36 20 10 -36 23 10
 4 15 36 17 10 36 14 10 -36 14 10 -36 17 10
 4 15 36 11 10 36 8 10 -36 8 10 -36 11 10

 1 16 -32 41 10 -4 0 0 0 0 4 0 0 0 1-4disc.dat
 1 16 32 41 10 4 0 0 0 0 4 0 0 0 1-4disc.dat
 1 16 -32 8 10 -4 0 0 0 0 -4 0 0 0 1-4disc.dat
 1 16 32 8 10 4 0 0 0 0 -4 0 0 0 1-4disc.dat

 4 16 32 45 10 32 41 10 -32 41 10 -32 45 10
 4 16 36 38 10 36 35 10 -36 35 10 -36 38 10
 4 16 36 32 10 36 29 10 -36 29 10 -36 32 10
 4 16 36 26 10 36 23 10 -36 23 10 -36 26 10
 4 16 36 20 10 36 17 10 -36 17 10 -36 20 10
 4 16 36 14 10 36 11 10 -36 11 10 -36 14 10
 4 16 32 8 10 32 4 10 -32 4 10 -32 8 10
0
