0 Panel  1 x  4 x  3 with Red Cross Pattern
0 Name: 4215p66.dat
0 Author: Joachim Probst (jprobst@shadow-corner.ows.es)
0 Official LCad Part 2000-01

 1 16 20 68 0 1 0 0 0 -1 0 0 0 1 stud3.dat
 1 16 0 68 0 1 0 0 0 -1 0 0 0 1 stud3.dat
 1 16 -20 68 0 1 0 0 0 -1 0 0 0 1 stud3.dat

 1 16 0 72 0 36 0 0 0 -4 0 0 0 6 box5.dat

 4 16 40 72 10 36 72 6 -36 72 6 -40 72 10
 4 16 -40 72 10 -36 72 6 -36 72 -6 -40 72 -10
 4 16 -40 72 -10 -36 72 -6 36 72 -6 40 72 -10
 4 16 40 72 -10 36 72 -6 36 72 6 40 72 10

 2 24 40 72 10 -40 72 10
 2 24 -40 72 10 -40 72 -10
 2 24 -40 72 -10 40 72 -10
 2 24 40 72 -10 40 72 10

 2 24 40 64 6 -40 64 6
 2 24 -40 64 6 -40 64 -10
 2 24 -40 64 -10 40 64 -10
 2 24 40 64 -10 40 64 6

 2 24 40 4 6 -40 4 6
 2 24 -40 4 6 -40 4 -10
 2 24 -40 4 -10 40 4 -10
 2 24 40 4 -10 40 4 6

 2 24 40 0 10 -40 0 10
 2 24 -40 0 10 -40 0 -10
 2 24 -40 0 -10 40 0 -10
 2 24 40 0 -10 40 0 10

 2 24 40 0 -10 40 4 -10
 2 24 -40 0 -10 -40 4 -10
 2 24 40 4 6 40 64 6
 2 24 -40 4 6 -40 64 6
 2 24 40 64 -10 40 72 -10
 2 24 -40 64 -10 -40 72 -10
 2 24 40 0 10 40 72 10
 2 24 -40 0 10 -40 72 10

 4 16 40 64 6 40 64 -10 -40 64 -10 -40 64 6
 4 16 40 4 6 40 4 -10 -40 4 -10 -40 4 6
 4 16 40 0 10 40 0 -10 -40 0 -10 -40 0 10

 4 16 -40 72 10 -40 72 -10 -40 64 -10 -40 64 10
 4 16 -40 72 -10 40 72 -10 40 64 -10 -40 64 -10
 4 16 40 72 -10 40 72 10 40 64 10 40 64 -10

 4 16 -40 64 10 -40 64 6 -40 4 6 -40 4 10
 4 16 -40 64 6 40 64 6 40 4 6 -40 4 6
 4 16 40 64 6 40 64 10 40 4 10 40 4 6

 4 16 -40 4 10 -40 4 -10 -40 0 -10 -40 0 10
 4 16 -40 4 -10 40 4 -10 40 0 -10 -40 0 -10
 4 16 40 4 -10 40 4 10 40 0 10 40 0 -10

 1 16 30 0 0 1 0 0 0 1 0 0 0 1 stud2.dat
 1 16 10 0 0 1 0 0 0 1 0 0 0 1 stud2.dat
 1 16 -10 0 0 1 0 0 0 1 0 0 0 1 stud2.dat
 1 16 -30 0 0 1 0 0 0 1 0 0 0 1 stud2.dat

 0 Red Cross Pattern

 4 4 5 51 10 -5 51 10 5 21 10 -5 21 10
 4 4 15 41 10 -15 41 10 15 31 10 -15 31 10

 0 Background

 4 16 40 72 10 5 72 10 40 41 10 5 41 10
 4 16 -40 72 10 -5 72 10 -40 41 10 -5 41 10
 4 16 40 0 10 5 0 10 40 31 10 5 31 10
 4 16 -40 0 10 -5 0 10 -40 31 10 -5 31 10
 4 16 15 41 10 40 41 10 15 31 10 40 31 10
 4 16 -15 41 10 -40 41 10 -15 31 10 -40 31 10
 4 16 5 72 10 -5 72 10 5 51 10 -5 51 10
 4 16 5 21 10 -5 21 10 5 0 10 -5 0 10
0
