0 Panel  1 x  4 x  3 Right with Red/Blue Stripe Pattern
0 Name: 4215p05.dat
0 Author: Kevin M Bane
0 Official LCad update 99-06

1 16 20 68 0 1 0 0 0 -1 0 0 0 1 stud3.dat
1 16 0 68 0 1 0 0 0 -1 0 0 0 1 stud3.dat
1 16 -20 68 0 1 0 0 0 -1 0 0 0 1 stud3.dat

1 16 0 72 0 36 0 0 0 -4 0 0 0 6 box5.dat

4 16 40 72 10 36 72 6 -36 72 6 -40 72 10
4 16 -40 72 10 -36 72 6 -36 72 -6 -40 72 -10
4 16 -40 72 -10 -36 72 -6 36 72 -6 40 72 -10
4 16 40 72 -10 36 72 -6 36 72 6 40 72 10

2 24 40 72 10 -40 72 10
2 24 -40 72 10 -40 72 -10
2 24 -40 72 -10 40 72 -10
2 24 40 72 -10 40 72 10

2 24 40 64 6 -40 64 6
2 24 -40 64 6 -40 64 -10
2 24 -40 64 -10 40 64 -10
2 24 40 64 -10 40 64 6

2 24 40 4 6 -40 4 6
2 24 -40 4 6 -40 4 -10
2 24 -40 4 -10 40 4 -10
2 24 40 4 -10 40 4 6

2 24 40 0 10 -40 0 10
2 24 -40 0 10 -40 0 -10
2 24 -40 0 -10 40 0 -10
2 24 40 0 -10 40 0 10

2 24 40 0 -10 40 4 -10
2 24 -40 0 -10 -40 4 -10
2 24 40 4 6 40 64 6
2 24 -40 4 6 -40 64 6
2 24 40 64 -10 40 72 -10
2 24 -40 64 -10 -40 72 -10
2 24 40 0 10 40 72 10
2 24 -40 0 10 -40 72 10

4 16 40 64 6 40 64 -10 -40 64 -10 -40 64 6
4 16 40 4 6 40 4 -10 -40 4 -10 -40 4 6
4 16 40 0 10 40 0 -10 -40 0 -10 -40 0 10

4 16 -40 72 10 -40 72 -10 -40 64 -10 -40 64 10
4 16 -40 72 -10 40 72 -10 40 64 -10 -40 64 -10
4 16 40 72 -10 40 72 10 40 64 10 40 64 -10

4 16 -40 64 10 -40 64 6 -40 4 6 -40 4 10
4 16 -40 64 6 40 64 6 40 4 6 -40 4 6
4 16 40 64 6 40 64 10 40 4 10 40 4 6

4 16 -40 4 10 -40 4 -10 -40 0 -10 -40 0 10
4 16 -40 4 -10 40 4 -10 40 0 -10 -40 0 -10
4 16 40 4 -10 40 4 10 40 0 10 40 0 -10

1 16 30 0 0 1 0 0 0 1 0 0 0 1 stud2.dat
1 16 10 0 0 1 0 0 0 1 0 0 0 1 stud2.dat
1 16 -10 0 0 1 0 0 0 1 0 0 0 1 stud2.dat
1 16 -30 0 0 1 0 0 0 1 0 0 0 1 stud2.dat

4 16 20 0 10 20 6 10 -40 6 10 -40 0 10
1 16 17.5 5.5 10 0 0 2.5 2.5 0 0 0 1 0 1-4disc.dat
4 16 18 5 10 18 8 10 -40 8 10 -40 5 10
4 4 40 0 10 40 12 10 20 12 10 20 0 10
1 4 17.5 5.5 10 0 0 2.5 2.5 0 0 0 1 0 1-4ndis.dat
4 4 20 8 10 40 12 10 -40 12 10 -40 8 10
1 4 35 11 10 0 0 5 5 0 0 0 1 0 1-4disc.dat
4 4 35 11 10 35 16 10 -40 16 10 -40 11 10
1 16 35 11 10 0 0 5 5 0 0 0 1 0 1-4ndis.dat
4 16 40 16 10 40 24 10 -40 24 10 -40 16 10
4 1 40 24 10 40 48 10 -40 48 10 -40 24 10
4 16 40 48 10 40 72 10 -40 72 10 -40 48 10
2 24 20 0 10 20 5.5 10
1 16 17.5 5.5 10 0 0 2.5 2.5 0 0 0 1 0 1-4edge.dat
2 24 17.5 8 10 -40 8 10
2 24 40 0 10 40 11 10
1 16 35 11 10 0 0 5 5 0 0 0 1 0 1-4edge.dat
2 24 35 16 10 -40 16 10
2 24 40 24 10 -40 24 10
2 24 40 48 10 -40 48 10
0