0 Brick  1 x  2 with Groove
0 Name: 4216.dat
0 Author: Jaco van der Molen
0 Official LCad update 97-17

 1 16 -10 24 0 0 0 6 0 6 0 -6 0 0 1-4edge.dat
 2 24 -16 24 -6 -10 24 -6 
 2 24 -16 24 -6 -16 24 6 
 2 24 -16 24 6 16 24 6 
 2 24 16 24 -6 16 24 6 
 2 24 10 24 -6 16 24 -6 
 1 16 10 24 0 -6 0 0 0 6 0 0 0 -6 1-4edge.dat
 1 16 0 24 0 4 0 0 0 4 0 0 0 4 2-4edge.dat
 1 16 3 24 -6 1 0 0 0 1 0 0 0 1 1-4edge.dat
 2 24 -3 24 -5 3 24 -5 
 1 16 -3 24 -6 0 0 -1 0 1 0 1 0 0 1-4edge.dat
 2 24 -4 24 -10 -4 24 -6 
 2 24 -20 24 -10 -4 24 -10 
 2 24 -20 24 -10 -20 24 10 
 2 24 -20 24 10 20 24 10 
 2 24 20 24 -10 20 24 10 
 2 24 4 24 -10 20 24 -10 
 2 24 4 24 -10 4 24 -6 
 4 16 20 24 10 16 24 6 -16 24 6 -20 24 10 
 4 16 -20 24 10 -16 24 6 -16 24 -6 -20 24 -10 
 4 16 20 24 -10 16 24 -6 16 24 6 20 24 10 
 4 16 -4 24 -10 -4 24 -6 -16 24 -6 -20 24 -10 
 4 16 4 24 -10 4 24 -6 16 24 -6 20 24 -10 
 1 16 -10 24 0 0 0 6 0 6 0 -6 0 0 1-4ndis.dat
 1 16 10 24 0 -6 0 0 0 6 0 0 0 -6 1-4ndis.dat
 4 16 -4 24 0 -4 24 -5 4 24 -5 4 24 0 
 1 16 3 24 -6 1 0 0 0 1 0 0 0 1 1-4ndis.dat
 1 16 -3 24 -6 0 0 -1 0 1 0 1 0 0 1-4ndis.dat
 1 16 0 24 0 4 0 0 0 4 0 0 0 4 2-4disc.DAT
 1 16 -10 4 0 0 0 6 0 6 0 -6 0 0 1-4edge.dat
 2 24 -16 4 -6 -10 4 -6 
 2 24 -16 4 -6 -16 4 6 
 2 24 -16 4 6 16 4 6 
 2 24 16 4 -6 16 4 6 
 2 24 10 4 -6 16 4 -6 
 1 16 10 4 0 -6 0 0 0 6 0 0 0 -6 1-4edge.dat
 1 16 0 4 0 4 0 0 0 4 0 0 0 4 2-4edge.dat
 1 16 3 0 -6 1 0 0 0 1 0 0 0 1 1-4edge.dat
 2 24 -3 0 -5 3 0 -5 
 1 16 -3 0 -6 0 0 -1 0 1 0 1 0 0 1-4edge.dat
 2 24 -4 0 -10 -4 0 -6 
 2 24 -20 0 -10 -4 0 -10 
 2 24 -20 0 -10 -20 0 10 
 2 24 -20 0 10 20 0 10 
 2 24 20 0 -10 20 0 10 
 2 24 4 0 -10 20 0 -10 
 2 24 4 0 -10 4 0 -6 
 2 24 -16 4 -6 -16 24 -6 
 2 24 -16 4 6 -16 24 6 
 2 24 16 4 6 16 24 6 
 2 24 16 4 -6 16 24 -6 
 1 16 0 4 0 4 0 0 0 20 0 0 0 4 2-4cyli.dat
 1 16 -10 4 0 0 0 6 0 20 0 -6 0 0 1-4cyli.dat
 4 16 -16 4 -6 -10 4 -6 -10 24 -6 -16 24 -6 
 4 16 -16 4 -6 -16 4 6 -16 24 6 -16 24 -6 
 4 16 -16 4 6 16 4 6 16 24 6 -16 24 6 
 4 16 16 4 -6 16 4 6 16 24 6 16 24 -6 
 4 16 10 4 -6 16 4 -6 16 24 -6 10 24 -6 
 1 16 10 8 0 -6 0 0 0 20 0 0 0 -6 1-4cyli.dat
 4 16 -16 4 6 -16 4 -6 -10 4 -6 -10 4 6 
 4 16 10 4 6 10 4 -6 16 4 -6 16 4 6 
 4 16 4 4 0 10 4 0 10 4 6 4 4 6 
 4 16 -10 4 0 -4 4 0 -4 4 6 -10 4 6 
 4 16 -4 4 6 -4 4 4 4 4 4 4 4 6 
 1 16 -10 4 0 0 0 6 0 6 0 -6 0 0 1-4disc.dat
 1 16 10 4 0 -6 0 0 0 6 0 0 0 -6 1-4disc.dat
 1 16 0 4 0 4 0 0 0 4 0 0 0 4 1-4ndis.DAT
 1 16 0 4 0 0 0 -4 0 4 0 4 0 0 1-4ndis.DAT
 2 24 20 0 -10 20 24 -10 
 2 24 -20 0 -10 -20 24 -10 
 2 24 -20 0 10 -20 24 10 
 2 24 20 0 10 20 24 10 
 2 24 -4 0 -10 -4 24 -10 
 2 24 4 0 -10 4 24 -10 
 1 16 3 0 -6 1 0 0 0 24 0 0 0 1 1-4cyli.dat
 4 16 -3 0 -5 3 0 -5 3 24 -5 -3 24 -5 
 1 16 -3 0 -6 0 0 -1 0 24 0 1 0 0 1-4cyli.dat
 4 16 -4 0 -6 -4 0 -10 -4 24 -10 -4 24 -6 
 4 16 -20 0 -10 -4 0 -10 -4 24 -10 -20 24 -10 
 4 16 -20 0 10 -20 0 -10 -20 24 -10 -20 24 10 
 4 16 -20 0 10 20 0 10 20 24 10 -20 24 10 
 4 16 20 0 10 20 0 -10 20 24 -10 20 24 10 
 4 16 4 0 -10 20 0 -10 20 24 -10 4 24 -10 
 4 16 4 0 -6 4 0 -10 4 24 -10 4 24 -6 
 4 16 -20 0 10 -20 0 -10 -4 0 -10 -4 0 10 
 4 16 4 0 10 4 0 -10 20 0 -10 20 0 10 
 4 16 -4 0 10 -4 0 -5 4 0 -5 4 0 10 
 1 16 3 0 -6 1 0 0 0 1 0 0 0 1 1-4ndis.dat
 1 16 -3 0 -6 0 0 -1 0 1 0 1 0 0 1-4ndis.dat
 1 16 10 0 0 1 0 0 0 1 0 0 0 1 stud.dat
 1 16 -10 0 0 1 0 0 0 1 0 0 0 1 stud.dat
0