0 Brick  1 x 14 with Groove
0 Name: 4217.dat
0 Author: Christian M. Angele (c.m.angele@t-online.de)
0 Official LCad update 97-17

0 release: 19971130
0
0 stud3
 1 16 120 4 0 1 0 0 0 -5 0 0 0 1 stud3.dat
 1 16 100 4 0 1 0 0 0 -5 0 0 0 1 stud3.dat
 1 16 80 4 0 1 0 0 0 -5 0 0 0 1 stud3.dat
 1 16 60 4 0 1 0 0 0 -5 0 0 0 1 stud3.dat
 1 16 40 4 0 1 0 0 0 -5 0 0 0 1 stud3.dat
 1 16 20 4 0 1 0 0 0 -5 0 0 0 1 stud3.dat
 1 16 0 4 0 1 0 0 0 -5 0 0 0 1 stud3.dat
 1 16 -20 4 0 1 0 0 0 -5 0 0 0 1 stud3.dat
 1 16 -40 4 0 1 0 0 0 -5 0 0 0 1 stud3.dat
 1 16 -60 4 0 1 0 0 0 -5 0 0 0 1 stud3.dat
 1 16 -80 4 0 1 0 0 0 -5 0 0 0 1 stud3.dat
 1 16 -100 4 0 1 0 0 0 -5 0 0 0 1 stud3.dat
 1 16 -120 4 0 1 0 0 0 -5 0 0 0 1 stud3.dat
0 inner box bottom
 2 24 136 24 -6 136 24 6 
 2 24 136 24 6 -136 24 6 
 2 24 -136 24 6 -136 24 -6 
 2 24 -136 24 -6 -128 24 -6 
 2 24 -128 24 -6 -124 24 -1 
 2 24 -124 24 -1 -116 24 -1 
 2 24 -116 24 -1 -112 24 -6 
 2 24 -112 24 -6 112 24 -6 
 2 24 112 24 -6 116 24 -1 
 2 24 116 24 -1 124 24 -1 
 2 24 124 24 -1 128 24 -6 
 2 24 128 24 -6 136 24 -6 
0 inner box side
 2 24 136 24 -6 136 4 -6 
 2 24 136 24 6 136 4 6 
 2 24 -136 24 6 -136 4 6 
 2 24 -136 24 -6 -136 4 -6 
 2 24 -128 24 -6 -128 4 -6 
 2 24 -124 24 -1 -124 4 -1 
 2 24 -116 24 -1 -116 4 -1 
 2 24 -112 24 -6 -112 16 -6 
 2 24 112 24 -6 112 16 -6 
 2 24 116 24 -1 116 4 -1 
 2 24 124 24 -1 124 4 -1 
 2 24 128 24 -6 128 4 -6 
 2 24 -116 16 -1 -112 16 -6 
 2 24 -112 16 -6 112 16 -6 
 2 24 112 16 -6 116 16 -1 
 2 24 -116 16 -1 116 16 -1 
0 inner box top
 2 24 136 4 -6 136 4 6 
 2 24 136 4 6 -136 4 6 
 2 24 -136 4 6 -136 4 -6 
 2 24 -136 4 -6 -128 4 -6 
 2 24 -128 4 -6 -124 4 -1 
 2 24 -124 4 -1 -116 4 -1 
 2 24 -116 4 -1 116 4 -1 
 2 24 116 4 -1 124 4 -1 
 2 24 124 4 -1 128 4 -6 
 2 24 128 4 -6 136 4 -6 
0 inner box side
 4 16 136 24 -6 136 24 6 136 4 -6 136 4 6 
 4 16 136 24 6 -136 24 6 136 4 6 -136 4 6 
 4 16 -136 24 6 -136 24 -6 -136 4 6 -136 4 -6 
 4 16 -136 24 -6 -128 24 -6 -136 4 -6 -128 4 -6 
 4 16 -128 24 -6 -124 24 -1 -128 4 -6 -124 4 -1 
 4 16 -124 24 -1 -116 24 -1 -124 4 -1 -116 4 -1 
 4 16 -116 24 -1 -112 24 -6 -116 16 -1 -112 16 -6 
 4 16 -112 24 -6 112 24 -6 -112 16 -6 112 16 -6 
 4 16 112 24 -6 116 24 -1 112 16 -6 116 16 -1 
 4 16 116 24 -1 124 24 -1 116 4 -1 124 4 -1 
 4 16 124 24 -1 128 24 -6 124 4 -1 128 4 -6 
 4 16 128 24 -6 136 24 -6 128 4 -6 136 4 -6 
 4 16 -112 16 -6 112 16 -6 -116 16 -1 116 16 -1 
 4 16 -116 16 -1 116 16 -1 -116 4 -1 116 4 -1 
0 inner box top
 4 16 -136 4 -6 136 4 -6 -136 4 6 136 4 6 
0 outer box bottom
 2 24 140 24 -10 140 24 10 
 2 24 140 24 10 -140 24 10 
 2 24 -140 24 10 -140 24 -10 
 2 24 -140 24 -10 -124 24 -10 
 2 24 -124 24 -10 -124 24 -5 
 2 24 -124 24 -5 -116 24 -5 
 2 24 -116 24 -5 -116 24 -10 
 2 24 -116 24 -10 116 24 -10 
 2 24 116 24 -10 116 24 -5 
 2 24 116 24 -5 124 24 -5 
 2 24 124 24 -5 124 24 -10 
 2 24 124 24 -10 140 24 -10 
0 outer box side
 2 24 140 24 -10 140 0 -10 
 2 24 140 24 10 140 0 10 
 2 24 -140 24 10 -140 0 10 
 2 24 -140 24 -10 -140 0 -10 
 2 24 -124 24 -10 -124 16 -10 
 2 24 -124 24 -5 -124 16 -5 
 2 24 -116 24 -5 -116 16 -5 
 2 24 -116 24 -10 -116 16 -10 
 2 24 116 24 -10 116 16 -10 
 2 24 116 24 -5 116 16 -5 
 2 24 124 24 -5 124 16 -5 
 2 24 124 24 -10 124 16 -10 
 1 16 -110 16 -10 0 0 -14 -14 0 0 0 -1 0 1-4edge.dat
 1 16 -110 16 -5 0 0 -14 -14 0 0 0 -1 0 1-4edge.dat
 1 16 -110 16 -5 0 0 -6 -6 0 0 0 -1 0 1-4edge.dat
 1 16 -110 16 -10 0 0 -6 -6 0 0 0 -1 0 1-4edge.dat
 1 16 110 16 -10 6 0 0 0 0 -6 0 -1 0 1-4edge.dat
 1 16 110 16 -5 6 0 0 0 0 -6 0 -1 0 1-4edge.dat
 1 16 110 16 -5 14 0 0 0 0 -14 0 -1 0 1-4edge.dat
 1 16 110 16 -10 14 0 0 0 0 -14 0 -1 0 1-4edge.dat
 2 24 -110 10 -10 110 10 -10 
 2 24 -110 10 -5 110 10 -5 
 2 24 -110 2 -10 110 2 -10 
 2 24 -110 2 -5 110 2 -5 
0 outer box top
 2 24 140 0 -10 140 0 10 
 2 24 140 0 10 -140 0 10 
 2 24 -140 0 10 -140 0 -10 
 2 24 -140 0 -10 140 0 -10 
0 inner+outer box bottom
 4 16 140 24 -10 136 24 -6 136 24 6 140 24 10 
 4 16 140 24 10 136 24 6 -136 24 6 -140 24 10 
 4 16 -140 24 10 -136 24 6 -136 24 -6 -140 24 -10 
 4 16 -140 24 -10 -124 24 -10 -136 24 -6 -128 24 -6 
 3 16 -124 24 -10 -124 24 -1 -128 24 -6 
 4 16 -124 24 -5 -116 24 -5 -124 24 -1 -116 24 -1 
 3 16 -116 24 -10 -116 24 -1 -112 24 -6 
 4 16 -116 24 -10 116 24 -10 -112 24 -6 112 24 -6 
 3 16 116 24 -10 116 24 -1 112 24 -6 
 4 16 124 24 -5 116 24 -5 124 24 -1 116 24 -1 
 3 16 124 24 -10 124 24 -1 128 24 -6 
 4 16 140 24 -10 124 24 -10 136 24 -6 128 24 -6 
0 outer box side
 4 16 140 24 -10 140 24 10 140 0 -10 140 0 10 
 4 16 140 24 10 -140 24 10 140 0 10 -140 0 10 
 4 16 -140 24 10 -140 24 -10 -140 0 10 -140 0 -10 
 4 16 -140 24 -10 -124 24 -10 -140 0 -10 -124 0 -10 
 4 16 -124 24 -10 -124 24 -5 -124 16 -10 -124 16 -5 
 4 16 -124 24 -5 -116 24 -5 -124 16 -5 -116 16 -5 
 4 16 -116 24 -5 -116 24 -10 -116 16 -5 -116 16 -10 
 4 16 -116 24 -10 116 24 -10 -116 16 -10 116 16 -10 
 4 16 116 24 -10 116 24 -5 116 16 -10 116 16 -5 
 4 16 116 24 -5 124 24 -5 116 16 -5 124 16 -5 
 4 16 124 24 -5 124 24 -10 124 16 -5 124 16 -10 
 4 16 124 24 -10 140 24 -10 124 0 -10 140 0 -10 
 1 16 -110 16 -10 0 0 -14 -14 0 0 0 1 0 1-4ndis.dat
 1 16 -110 16 -10 0 0 -14 -14 0 0 0 5 0 1-4cyli.dat
 1 16 -110 16 -5 0 0 -14 -14 0 0 0 1 0 1-4disc.dat
 1 16 -110 16 -10 0 0 -6 -6 0 0 0 5 0 1-4cyli.dat
 1 16 -110 16 -10 0 0 -6 -6 0 0 0 1 0 1-4disc.dat
 4 16 -110 16 -10 110 16 -10 -110 10 -10 110 10 -10 
 1 16 110 16 -10 6 0 0 0 0 -6 0 1 0 1-4disc.dat
 1 16 110 16 -10 6 0 0 0 0 -6 0 5 0 1-4cyli.dat
 1 16 110 16 -5 14 0 0 0 0 -14 0 1 0 1-4disc.dat
 1 16 110 16 -10 14 0 0 0 0 -14 0 5 0 1-4cyli.dat
 1 16 110 16 -10 14 0 0 0 0 -14 0 1 0 1-4ndis.dat
 4 16 -110 10 -10 110 10 -10 -110 10 -5 110 10 -5 
 4 16 -110 10 -5 110 10 -5 -110 2 -5 110 2 -5 
 4 16 -110 2 -10 110 2 -10 -110 2 -5 110 2 -5 
 4 16 -124 2 -10 124 2 -10 -124 0 -10 124 0 -10 
0 outer box top
 4 16 -140 0 -10 140 0 -10 -140 0 10 140 0 10 
0 stud
 1 16 130 0 0 1 0 0 0 1 0 0 0 1 stud.dat
 1 16 110 0 0 1 0 0 0 1 0 0 0 1 stud.dat
 1 16 90 0 0 1 0 0 0 1 0 0 0 1 stud.dat
 1 16 70 0 0 1 0 0 0 1 0 0 0 1 stud.dat
 1 16 50 0 0 1 0 0 0 1 0 0 0 1 stud.dat
 1 16 30 0 0 1 0 0 0 1 0 0 0 1 stud.dat
 1 16 10 0 0 1 0 0 0 1 0 0 0 1 stud.dat
 1 16 -10 0 0 1 0 0 0 1 0 0 0 1 stud.dat
 1 16 -30 0 0 1 0 0 0 1 0 0 0 1 stud.dat
 1 16 -50 0 0 1 0 0 0 1 0 0 0 1 stud.dat
 1 16 -70 0 0 1 0 0 0 1 0 0 0 1 stud.dat
 1 16 -90 0 0 1 0 0 0 1 0 0 0 1 stud.dat
 1 16 -110 0 0 1 0 0 0 1 0 0 0 1 stud.dat
 1 16 -130 0 0 1 0 0 0 1 0 0 0 1 stud.dat
0
