0 Grab Jaw Holder
0 Name: 4220.dat
0 Author: (c)Remco Braak 1997 (rbraak@nat.vu.nl)
0 Official LCad update 97-17

4 16 10 10 7 10 -10 7 -10 -10 7 -10 10 7
2 24 10 5 7 10 10 7
2 24 10 10 7 -10 10 7
2 24 -10 10 7 -10 5 7
2 24 10 -5 7 10 -10 7
2 24 10 -10 7 -10 -10 7
2 24 -10 -10 7 -10 -5 7

1 16 0 0 10	10 0 0 0 0 10 0 1 0 rect.dat
4 16 10 10 7 10 -10 7 10 -10 10 10 10 10
4 16 -10 10 7 -10 -10 7 -10 -10 10 -10 10 10
4 16 10 10 7 -10 10 7 -10 10 10 10 10 10
4 16 10 -10 7 -10 -10 7 -10 -10 10 10 -10 10
2 24 10 10 7 10 10 10
2 24 10 -10 7 10 -10 10
2 24 -10 10 7 -10 10 10
2 24 -10 -10 7 -10 -10 10

1 16 0 0 10 0 1 0 1 0 0 0 0 -1 arm2.dat
1 16 0 0 10 0 0 10 10 0 0 0 1 0 4-4edge.dat

1 16 7.14 0 0	0 -14.28 0		3 0 0		0 0 3 4-4cyli.dat
1 16 7.14 0 0	0 1 0 3 0 0 0 0 3 4-4edge.dat
1 16 1.42 0 0	0 1 0 3 0 0 0 0 3 4-4edge.dat
1 16 -1.42 0 0	0 1 0 3 0 0 0 0 3 4-4edge.dat
1 16 -7.14 0 0	0 1 0 3 0 0 0 0 3 4-4edge.dat

1 16 10 0 0		0 -2.84 0		5 0 0 	0 0 -5	2-4cyli.dat
1 16 1.42 0 0	0 -2.84 0		5 0 0 	0 0 -5	2-4cyli.dat
1 16 -7.14 0 0	0 -2.84 0		5 0 0 	0 0 -5	2-4cyli.dat
1 16 10 0 0		0 1 0	5 0 0 0 0 -5 2-4disc.dat
1 16 7.14 0 0		0 1 0	5 0 0 0 0 -5 2-4disc.dat
1 16 1.42 0 0		0 1 0	5 0 0 0 0 -5 2-4disc.dat
1 16 -1.42 0 0		0 1 0	5 0 0 0 0 -5 2-4disc.dat
1 16 -7.14 0 0		0 1 0	5 0 0 0 0 -5 2-4disc.dat
1 16 -10 0 0		0 1 0	5 0 0 0 0 -5 2-4disc.dat
1 16 10 0 0		0 1 0	5 0 0 0 0 -5 2-4edge.dat
1 16 7.14 0 0		0 1 0	5 0 0 0 0 -5 2-4edge.dat
1 16 1.42 0 0		0 1 0	5 0 0 0 0 -5 2-4edge.dat
1 16 -1.42 0 0		0 1 0	5 0 0 0 0 -5 2-4edge.dat
1 16 -7.14 0 0		0 1 0	5 0 0 0 0 -5 2-4edge.dat
1 16 -10 0 0		0 1 0	5 0 0 0 0 -5 2-4edge.dat

4 16 10 -5 0	10 5 0		10 5 7		10 -5 7
4 16 7.14 -5 0	7.14 5 0		7.14 5 7		7.14 -5 7
4 16 1.42 -5 0	1.42 5 0		1.42 5 7		1.42 -5 7
4 16 -1.42 -5 0	-1.42 5 0		-1.42 5 7		-1.42 -5 7
4 16 -7.14 -5 0	-7.14 5 0		-7.14 5 7		-7.14 -5 7
4 16 -10 -5 0	-10 5 0		-10 5 7		-10 -5 7

4 16 10 -5 0	10 -5 7		7.14 -5 7		7.14 -5 0
4 16 10 5 0		10 5 7		7.14 5 7		7.14 5 0
4 16 1.42 -5 0	1.42 -5 7		-1.42 -5 7		-1.42 -5 0
4 16 1.42 5 0	1.42 5 7		-1.42 5 7		-1.42 5 0
4 16 -10 -5 0	-10 -5 7		-7.14 -5 7		-7.14 -5 0
4 16 -10 5 0	-10 5 7		-7.14 5 7		-7.14 5 0

2 24 10 -5 0	10 -5 7
2 24 7.14 -5 0	7.14 -5 7
2 24 1.42 -5 0	1.42 -5 7
2 24 -10 -5 0	-10 -5 7
2 24 -7.14 -5 0	-7.14 -5 7
2 24 -1.42 -5 0	-1.42 -5 7
2 24 10 5 0		10 5 7
2 24 7.14 5 0	7.14 5 7
2 24 1.42 5 0	1.42 5 7
2 24 -10 5 0	-10 5 7
2 24 -7.14 5 0	-7.14 5 7
2 24 -1.42 5 0	-1.42 5 7

2 24 10 -5 7	7.14 -5 7
2 24 7.14 -5 7	7.14 5 7
2 24 7.14 5 7	10 5 7
2 24 -10 -5 7	-7.14 -5 7
2 24 -7.14 -5 7	-7.14 5 7
2 24 -7.14 5 7	-10 5 7
2 24 1.42 -5 7	1.42 5 7
2 24 1.42 5 7	-1.42 5 7
2 24 -1.42 5 7	-1.42 -5 7
2 24 -1.42 -5 7	1.42 -5 7
0
