0 Plate  2 x  2 with Jet Engine

 1 16 0 26 40 6 0 0 0 0 6 0 0 0 4-4edge.dat
 1 16 0 26 -40 6 0 0 0 0 6 0 0 0 4-4edge.dat
 1 16 0 26 -36 4 0 0 0 0 4 0 0 0 4-4edge.dat
 1 16 0 26 -36 4 0 0 0 0 4 0 -4 0 4-4cyli.dat
 1 16 0 26 -40 1 0 0 0 0 1 0 1 0 stud2a.dat
 1 16 0 26 40 6 0 0 0 0 6 0 -60 0 4-4cyli.dat
 1 16 0 26 -36 1 0 0 0 0 1 0 16 0 axlehole.dat
 1 16 0 26 -36 1 0 0 0 0 1 0 0 0 axlehol2.dat
 1 16 0 26 -20 1 0 0 0 0 1 0 0 0 axlehol3.dat

 1 16 -11 4 0 9 0 0 0 0 0 0 0 20 rect.dat
 1 16 0 0 0 20 0 0 0 0 0 0 0 20 rect.dat
 2 24 20 0 20 20 4 20
 2 24 -20 0 20 -20 4 20
 2 24 20 0 -20 20 4 -20
 2 24 -20 0 -20 -20 4 -20
 4 16 20 4 20 20 0 20 -20 0 20 -20 4 20
 4 16 -20 4 20 -20 0 20 -20 0 -20 -20 4 -20
 4 16 -20 4 -20 -20 0 -20 20 0 -20 20 4 -20
 4 16 20 4 -20 20 0 -20 20 0 20 20 4 20
 1 16 11 4 0 9 0 0 0 0 0 0 0 20 rect.dat

 2 24 1.83 12.12 16 2 4 20
 2 24 -1.83 12.12 16 -2 4 20
 2 24 1.83 12.12 -16 2 4 -20
 2 24 -1.83 12.12 -16 -2 4 -20
 2 24 1.83 12.12 16 -1.83 12.12 16
 2 24 1.83 12.12 -16 -1.83 12.12 -16
 2 24 2 4 20 -2 4 20
 2 24 2 4 -20 -2 4 -20
 4 16 1.83 12.12 16 2 4 20 -2 4 20 -1.83 12.12 16
 4 16 1.83 12.12 -16 2 4 -20 -2 4 -20 -1.83 12.12 -16
 4 16 1.83 12.12 16 2 4 20 2 4 -20 1.83 12.12 -16
 4 16 -1.83 12.12 16 -2 4 20 -2 4 -20 -1.83 12.12 -16

 1 16 10 0 10 1 0 0 0 1 0 0 0 1 stud2.dat
 1 16 -10 0 10 1 0 0 0 1 0 0 0 1 stud2.dat
 1 16 10 0 -10 1 0 0 0 1 0 0 0 1 stud2.dat
 1 16 -10 0 -10 1 0 0 0 1 0 0 0 1 stud2.dat

 4 16 6 26 40 5.54 23.70 40 7.39 22.94 40 8 26 40
 4 16 6 26 -40 5.54 23.70 -40 7.39 22.94 -40 8 26 -40
 4 16 4 26 -36 3.70 24.47 -36 5.54 23.70 -36 6 26 -36
 4 16 5.54 23.70 40 4.24 21.76 40 5.66 20.34 40 7.39 22.94 40
 4 16 5.54 23.70 -40 4.24 21.76 -40 5.66 20.34 -40 7.39 22.94 -40
 4 16 3.70 24.47 -36 2.83 23.17 -36 4.24 21.76 -36 5.54 23.70 -36
 4 16 4.24 21.76 40 2.30 20.46 40 3.06 18.61 40 5.66 20.34 40
 4 16 4.24 21.76 -40 2.30 20.46 -40 3.06 18.61 -40 5.66 20.34 -40
 4 16 2.83 23.17 -36 1.53 22.30 -36 2.30 20.46 -36 4.24 21.76 -36
 4 16 2.30 20.46 40 0 20 40 0 18 40 3.06 18.61 40
 4 16 2.30 20.46 -40 0 20 -40 0 18 -40 3.06 18.61 -40
 4 16 1.53 22.30 -36 0 22 -36 0 20 -36 2.30 20.46 -36
 4 16 0 20 40 -2.30 20.46 40 -3.06 18.61 40 0 18 40
 4 16 0 20 -40 -2.30 20.46 -40 -3.06 18.61 -40 0 18 -40
 4 16 0 22 -36 -1.53 22.30 -36 -2.30 20.46 -36 0 20 -36
 4 16 -2.30 20.46 40 -4.24 21.76 40 -5.66 20.34 40 -3.06 18.61 40
 4 16 -2.30 20.46 -40 -4.24 21.76 -40 -5.66 20.34 -40 -3.06 18.61 -40
 4 16 -1.53 22.30 -36 -2.83 23.17 -36 -4.24 21.76 -36 -2.30 20.46 -36
 4 16 -4.24 21.76 40 -5.54 23.70 40 -7.39 22.94 40 -5.66 20.34 40
 4 16 -4.24 21.76 -40 -5.54 23.70 -40 -7.39 22.94 -40 -5.66 20.34 -40
 4 16 -2.83 23.17 -36 -3.70 24.47 -36 -5.54 23.70 -36 -4.24 21.76 -36
 4 16 -5.54 23.70 40 -6 26 40 -8 26 40 -7.39 22.94 40
 4 16 -5.54 23.70 -40 -6 26 -40 -8 26 -40 -7.39 22.94 -40
 4 16 -3.70 24.47 -36 -4 26 -36 -6 26 -36 -5.54 23.70 -36
 4 16 -6 26 40 -5.54 28.30 40 -7.39 29.06 40 -8 26 40
 4 16 -6 26 -40 -5.54 28.30 -40 -7.39 29.06 -40 -8 26 -40
 4 16 -4 26 -36 -3.70 27.53 -36 -5.54 28.30 -36 -6 26 -36
 4 16 -5.54 28.30 40 -4.24 30.24 40 -5.66 31.66 40 -7.39 29.06 40
 4 16 -5.54 28.30 -40 -4.24 30.24 -40 -5.66 31.66 -40 -7.39 29.06 -40
 4 16 -3.70 27.53 -36 -2.83 28.83 -36 -4.24 30.24 -36 -5.54 28.30 -36
 4 16 -4.24 30.24 40 -2.30 31.54 40 -3.06 33.39 40 -5.66 31.66 40
 4 16 -4.24 30.24 -40 -2.30 31.54 -40 -3.06 33.39 -40 -5.66 31.66 -40
 4 16 -2.83 28.83 -36 -1.53 29.70 -36 -2.30 31.54 -36 -4.24 30.24 -36
 4 16 -2.30 31.54 40 0 32 40 0 34 40 -3.06 33.39 40
 4 16 -2.30 31.54 -40 0 32 -40 0 34 -40 -3.06 33.39 -40
 4 16 -1.53 29.70 -36 0 30 -36 0 32 -36 -2.30 31.54 -36
 4 16 0 32 40 2.30 31.54 40 3.06 33.39 40 0 34 40
 4 16 0 32 -40 2.30 31.54 -40 3.06 33.39 -40 0 34 -40
 4 16 0 30 -36 1.53 29.70 -36 2.30 31.54 -36 0 32 -36
 4 16 2.30 31.54 40 4.24 30.24 40 5.66 31.66 40 3.06 33.39 40
 4 16 2.30 31.54 -40 4.24 30.24 -40 5.66 31.66 -40 3.06 33.39 -40
 4 16 1.53 29.70 -36 2.83 28.83 -36 4.24 30.24 -36 2.30 31.54 -36
 4 16 4.24 30.24 40 5.54 28.30 40 7.39 29.06 40 5.66 31.66 40
 4 16 4.24 30.24 -40 5.54 28.30 -40 7.39 29.06 -40 5.66 31.66 -40
 4 16 2.83 28.83 -36 3.70 27.53 -36 5.54 28.30 -36 4.24 30.24 -36
 4 16 5.54 28.30 40 6 26 40 8 26 40 7.39 29.06 40
 4 16 5.54 28.30 -40 6 26 -40 8 26 -40 7.39 29.06 -40
 4 16 3.70 27.53 -36 4 26 -36 6 26 -36 5.54 28.30 -36

 2 24 8.92 24.83 40 8.31 22.56 40
 2 24 8.92 24.83 40 9.91 24.69 40
 2 24 8.92 27.17 40 9.91 27.31 40
 2 24 9.91 24.69 40 9.91 27.31 40
 2 24 8.92 24.83 40 8.92 24.83 -40
 2 24 8.92 27.17 40 8.92 27.17 -40
 2 24 9.91 24.69 40 13.88 24.17 16
 2 24 9.91 27.31 40 13.88 27.83 16
 2 24 13.88 24.17 16 13.88 24.17 -16
 2 24 13.88 27.83 16 13.88 27.83 -16
 2 24 13.88 24.17 -16 9.91 24.69 -40
 2 24 13.88 27.83 -16 9.91 27.31 -40
 2 24 8.92 24.83 -40 8.31 22.56 -40
 2 24 8.92 24.83 -40 9.91 24.69 -40
 2 24 8.92 27.17 -40 9.91 27.31 -40
 2 24 9.91 24.69 -40 9.91 27.31 -40
 4 16 7.93 24.96 40 9.91 24.69 40 9.91 27.31 40 7.93 27.04 40
 4 16 7.39 22.94 40 8.31 22.56 40 8.92 24.83 40 7.93 24.96 40
 4 16 8.92 24.83 40 8.31 22.56 40 8.31 22.56 -40 8.92 24.83 -40
 4 16 9.91 24.69 40 9.91 27.31 40 13.88 27.83 16 13.88 24.17 16
 4 16 13.88 24.17 16 13.88 27.83 16 13.88 27.83 -16 13.88 24.17 -16
 4 16 9.91 24.69 -40 9.91 27.31 -40 13.88 27.83 -16 13.88 24.17 -16
 4 16 8.92 24.83 40 9.91 24.69 40 9.91 24.69 -40 8.92 24.83 -40
 4 16 8.92 27.17 40 9.91 27.31 40 9.91 27.31 -40 8.92 27.17 -40
 4 16 9.91 24.69 40 13.88 24.17 16 13.88 24.17 -16 9.91 24.69 -40
 4 16 9.91 27.31 40 13.88 27.83 16 13.88 27.83 -16 9.91 27.31 -40
 4 16 7.93 24.96 -40 9.91 24.69 -40 9.91 27.31 -40 7.93 27.04 -40
 4 16 7.39 22.94 -40 8.31 22.56 -40 8.92 24.83 -40 7.93 24.96 -40
 2 24 7.14 20.52 40 5.48 18.86 40
 2 24 7.14 20.52 40 7.93 19.91 40
 2 24 8.31 22.56 40 9.24 22.17 40
 2 24 7.93 19.91 40 9.24 22.17 40
 2 24 7.14 20.52 40 7.14 20.52 -40
 2 24 8.31 22.56 40 8.31 22.56 -40
 2 24 7.93 19.91 40 11.11 17.48 16
 2 24 9.24 22.17 40 12.93 20.64 16
 2 24 11.11 17.48 16 11.11 17.48 -16
 2 24 12.93 20.64 16 12.93 20.64 -16
 2 24 11.11 17.48 -16 7.93 19.91 -40
 2 24 12.93 20.64 -16 9.24 22.17 -40
 2 24 7.14 20.52 -40 5.48 18.86 -40
 2 24 7.14 20.52 -40 7.93 19.91 -40
 2 24 8.31 22.56 -40 9.24 22.17 -40
 2 24 7.93 19.91 -40 9.24 22.17 -40
 4 16 6.35 21.13 40 7.93 19.91 40 9.24 22.17 40 7.39 22.94 40
 4 16 4.87 19.65 40 5.48 18.86 40 7.14 20.52 40 6.35 21.13 40
 4 16 7.14 20.52 40 5.48 18.86 40 5.48 18.86 -40 7.14 20.52 -40
 4 16 7.93 19.91 40 9.24 22.17 40 12.93 20.64 16 11.11 17.48 16
 4 16 11.11 17.48 16 12.93 20.64 16 12.93 20.64 -16 11.11 17.48 -16
 4 16 7.93 19.91 -40 9.24 22.17 -40 12.93 20.64 -16 11.11 17.48 -16
 4 16 7.14 20.52 40 7.93 19.91 40 7.93 19.91 -40 7.14 20.52 -40
 4 16 8.31 22.56 40 9.24 22.17 40 9.24 22.17 -40 8.31 22.56 -40
 4 16 7.93 19.91 40 11.11 17.48 16 11.11 17.48 -16 7.93 19.91 -40
 4 16 9.24 22.17 40 12.93 20.64 16 12.93 20.64 -16 9.24 22.17 -40
 4 16 6.35 21.13 -40 7.93 19.91 -40 9.24 22.17 -40 7.39 22.94 -40
 4 16 4.87 19.65 -40 5.48 18.86 -40 7.14 20.52 -40 6.35 21.13 -40
 2 24 3.44 17.69 40 1.17 17.08 40
 2 24 3.44 17.69 40 3.83 16.76 40
 2 24 5.48 18.86 40 6.09 18.07 40
 2 24 3.83 16.76 40 6.09 18.07 40
 2 24 3.44 17.69 40 3.44 17.69 -40
 2 24 5.48 18.86 40 5.48 18.86 -40
 2 24 3.83 16.76 40 5.36 13.07 16
 2 24 6.09 18.07 40 8.52 14.89 16
 2 24 5.36 13.07 16 5.36 13.07 -16
 2 24 8.52 14.89 16 8.52 14.89 -16
 2 24 5.36 13.07 -16 3.83 16.76 -40
 2 24 8.52 14.89 -16 6.09 18.07 -40
 2 24 3.44 17.69 -40 1.17 17.08 -40
 2 24 3.44 17.69 -40 3.83 16.76 -40
 2 24 5.48 18.86 -40 6.09 18.07 -40
 2 24 3.83 16.76 -40 6.09 18.07 -40
 4 16 3.06 18.61 40 3.83 16.76 40 6.09 18.07 40 4.87 19.65 40
 4 16 1.04 18.07 40 1.17 17.08 40 3.44 17.69 40 3.06 18.61 40
 4 16 3.44 17.69 40 1.17 17.08 40 1.17 17.08 -40 3.44 17.69 -40
 4 16 3.83 16.76 40 6.09 18.07 40 8.52 14.89 16 5.36 13.07 16
 4 16 5.36 13.07 16 8.52 14.89 16 8.52 14.89 -16 5.36 13.07 -16
 4 16 3.83 16.76 -40 6.09 18.07 -40 8.52 14.89 -16 5.36 13.07 -16
 4 16 3.44 17.69 40 3.83 16.76 40 3.83 16.76 -40 3.44 17.69 -40
 4 16 5.48 18.86 40 6.09 18.07 40 6.09 18.07 -40 5.48 18.86 -40
 4 16 3.83 16.76 40 5.36 13.07 16 5.36 13.07 -16 3.83 16.76 -40
 4 16 6.09 18.07 40 8.52 14.89 16 8.52 14.89 -16 6.09 18.07 -40
 4 16 3.06 18.61 -40 3.83 16.76 -40 6.09 18.07 -40 4.87 19.65 -40
 4 16 1.04 18.07 -40 1.17 17.08 -40 3.44 17.69 -40 3.06 18.61 -40
 2 24 -1.17 17.08 40 -3.44 17.69 40
 2 24 -1.17 17.08 40 -1.31 16.09 40
 2 24 1.17 17.08 40 1.31 16.09 40
 2 24 -1.31 16.09 40 1.31 16.09 40
 2 24 -1.17 17.08 40 -1.17 17.08 -40
 2 24 1.17 17.08 40 1.17 17.08 -40
 2 24 -1.31 16.09 40 -1.83 12.12 16
 2 24 1.31 16.09 40 1.83 12.12 16
 2 24 -1.83 12.12 16 -1.83 12.12 -16
 2 24 1.83 12.12 16 1.83 12.12 -16
 2 24 -1.83 12.12 -16 -1.31 16.09 -40
 2 24 1.83 12.12 -16 1.31 16.09 -40
 2 24 -1.17 17.08 -40 -3.44 17.69 -40
 2 24 -1.17 17.08 -40 -1.31 16.09 -40
 2 24 1.17 17.08 -40 1.31 16.09 -40
 2 24 -1.31 16.09 -40 1.31 16.09 -40
 4 16 -1.04 18.07 40 -1.31 16.09 40 1.31 16.09 40 1.04 18.07 40
 4 16 -3.06 18.61 40 -3.44 17.69 40 -1.17 17.08 40 -1.04 18.07 40
 4 16 -1.17 17.08 40 -3.44 17.69 40 -3.44 17.69 -40 -1.17 17.08 -40
 4 16 -1.31 16.09 40 1.31 16.09 40 1.83 12.12 16 -1.83 12.12 16
 4 16 -1.83 12.12 16 1.83 12.12 16 1.83 12.12 -16 -1.83 12.12 -16
 4 16 -1.31 16.09 -40 1.31 16.09 -40 1.83 12.12 -16 -1.83 12.12 -16
 4 16 -1.17 17.08 40 -1.31 16.09 40 -1.31 16.09 -40 -1.17 17.08 -40
 4 16 1.17 17.08 40 1.31 16.09 40 1.31 16.09 -40 1.17 17.08 -40
 4 16 -1.31 16.09 40 -1.83 12.12 16 -1.83 12.12 -16 -1.31 16.09 -40
 4 16 1.31 16.09 40 1.83 12.12 16 1.83 12.12 -16 1.31 16.09 -40
 4 16 -1.04 18.07 -40 -1.31 16.09 -40 1.31 16.09 -40 1.04 18.07 -40
 4 16 -3.06 18.61 -40 -3.44 17.69 -40 -1.17 17.08 -40 -1.04 18.07 -40
 2 24 -5.48 18.86 40 -7.14 20.52 40
 2 24 -5.48 18.86 40 -6.09 18.07 40
 2 24 -3.44 17.69 40 -3.83 16.76 40
 2 24 -6.09 18.07 40 -3.83 16.76 40
 2 24 -5.48 18.86 40 -5.48 18.86 -40
 2 24 -3.44 17.69 40 -3.44 17.69 -40
 2 24 -6.09 18.07 40 -8.52 14.89 16
 2 24 -3.83 16.76 40 -5.36 13.07 16
 2 24 -8.52 14.89 16 -8.52 14.89 -16
 2 24 -5.36 13.07 16 -5.36 13.07 -16
 2 24 -8.52 14.89 -16 -6.09 18.07 -40
 2 24 -5.36 13.07 -16 -3.83 16.76 -40
 2 24 -5.48 18.86 -40 -7.14 20.52 -40
 2 24 -5.48 18.86 -40 -6.09 18.07 -40
 2 24 -3.44 17.69 -40 -3.83 16.76 -40
 2 24 -6.09 18.07 -40 -3.83 16.76 -40
 4 16 -4.87 19.65 40 -6.09 18.07 40 -3.83 16.76 40 -3.06 18.61 40
 4 16 -6.35 21.13 40 -7.14 20.52 40 -5.48 18.86 40 -4.87 19.65 40
 4 16 -5.48 18.86 40 -7.14 20.52 40 -7.14 20.52 -40 -5.48 18.86 -40
 4 16 -6.09 18.07 40 -3.83 16.76 40 -5.36 13.07 16 -8.52 14.89 16
 4 16 -8.52 14.89 16 -5.36 13.07 16 -5.36 13.07 -16 -8.52 14.89 -16
 4 16 -6.09 18.07 -40 -3.83 16.76 -40 -5.36 13.07 -16 -8.52 14.89 -16
 4 16 -5.48 18.86 40 -6.09 18.07 40 -6.09 18.07 -40 -5.48 18.86 -40
 4 16 -3.44 17.69 40 -3.83 16.76 40 -3.83 16.76 -40 -3.44 17.69 -40
 4 16 -6.09 18.07 40 -8.52 14.89 16 -8.52 14.89 -16 -6.09 18.07 -40
 4 16 -3.83 16.76 40 -5.36 13.07 16 -5.36 13.07 -16 -3.83 16.76 -40
 4 16 -4.87 19.65 -40 -6.09 18.07 -40 -3.83 16.76 -40 -3.06 18.61 -40
 4 16 -6.35 21.13 -40 -7.14 20.52 -40 -5.48 18.86 -40 -4.87 19.65 -40
 2 24 -8.31 22.56 40 -8.92 24.83 40
 2 24 -8.31 22.56 40 -9.24 22.17 40
 2 24 -7.14 20.52 40 -7.93 19.91 40
 2 24 -9.24 22.17 40 -7.93 19.91 40
 2 24 -8.31 22.56 40 -8.31 22.56 -40
 2 24 -7.14 20.52 40 -7.14 20.52 -40
 2 24 -9.24 22.17 40 -12.93 20.64 16
 2 24 -7.93 19.91 40 -11.11 17.48 16
 2 24 -12.93 20.64 16 -12.93 20.64 -16
 2 24 -11.11 17.48 16 -11.11 17.48 -16
 2 24 -12.93 20.64 -16 -9.24 22.17 -40
 2 24 -11.11 17.48 -16 -7.93 19.91 -40
 2 24 -8.31 22.56 -40 -8.92 24.83 -40
 2 24 -8.31 22.56 -40 -9.24 22.17 -40
 2 24 -7.14 20.52 -40 -7.93 19.91 -40
 2 24 -9.24 22.17 -40 -7.93 19.91 -40
 4 16 -7.39 22.94 40 -9.24 22.17 40 -7.93 19.91 40 -6.35 21.13 40
 4 16 -7.93 24.96 40 -8.92 24.83 40 -8.31 22.56 40 -7.39 22.94 40
 4 16 -8.31 22.56 40 -8.92 24.83 40 -8.92 24.83 -40 -8.31 22.56 -40
 4 16 -9.24 22.17 40 -7.93 19.91 40 -11.11 17.48 16 -12.93 20.64 16
 4 16 -12.93 20.64 16 -11.11 17.48 16 -11.11 17.48 -16 -12.93 20.64 -16
 4 16 -9.24 22.17 -40 -7.93 19.91 -40 -11.11 17.48 -16 -12.93 20.64 -16
 4 16 -8.31 22.56 40 -9.24 22.17 40 -9.24 22.17 -40 -8.31 22.56 -40
 4 16 -7.14 20.52 40 -7.93 19.91 40 -7.93 19.91 -40 -7.14 20.52 -40
 4 16 -9.24 22.17 40 -12.93 20.64 16 -12.93 20.64 -16 -9.24 22.17 -40
 4 16 -7.93 19.91 40 -11.11 17.48 16 -11.11 17.48 -16 -7.93 19.91 -40
 4 16 -7.39 22.94 -40 -9.24 22.17 -40 -7.93 19.91 -40 -6.35 21.13 -40
 4 16 -7.93 24.96 -40 -8.92 24.83 -40 -8.31 22.56 -40 -7.39 22.94 -40
 2 24 -8.92 27.17 40 -8.31 29.44 40
 2 24 -8.92 27.17 40 -9.91 27.31 40
 2 24 -8.92 24.83 40 -9.91 24.69 40
 2 24 -9.91 27.31 40 -9.91 24.69 40
 2 24 -8.92 27.17 40 -8.92 27.17 -40
 2 24 -8.92 24.83 40 -8.92 24.83 -40
 2 24 -9.91 27.31 40 -13.88 27.83 16
 2 24 -9.91 24.69 40 -13.88 24.17 16
 2 24 -13.88 27.83 16 -13.88 27.83 -16
 2 24 -13.88 24.17 16 -13.88 24.17 -16
 2 24 -13.88 27.83 -16 -9.91 27.31 -40
 2 24 -13.88 24.17 -16 -9.91 24.69 -40
 2 24 -8.92 27.17 -40 -8.31 29.44 -40
 2 24 -8.92 27.17 -40 -9.91 27.31 -40
 2 24 -8.92 24.83 -40 -9.91 24.69 -40
 2 24 -9.91 27.31 -40 -9.91 24.69 -40
 4 16 -7.93 27.04 40 -9.91 27.31 40 -9.91 24.69 40 -7.93 24.96 40
 4 16 -7.39 29.06 40 -8.31 29.44 40 -8.92 27.17 40 -7.93 27.04 40
 4 16 -8.92 27.17 40 -8.31 29.44 40 -8.31 29.44 -40 -8.92 27.17 -40
 4 16 -9.91 27.31 40 -9.91 24.69 40 -13.88 24.17 16 -13.88 27.83 16
 4 16 -13.88 27.83 16 -13.88 24.17 16 -13.88 24.17 -16 -13.88 27.83 -16
 4 16 -9.91 27.31 -40 -9.91 24.69 -40 -13.88 24.17 -16 -13.88 27.83 -16
 4 16 -8.92 27.17 40 -9.91 27.31 40 -9.91 27.31 -40 -8.92 27.17 -40
 4 16 -8.92 24.83 40 -9.91 24.69 40 -9.91 24.69 -40 -8.92 24.83 -40
 4 16 -9.91 27.31 40 -13.88 27.83 16 -13.88 27.83 -16 -9.91 27.31 -40
 4 16 -9.91 24.69 40 -13.88 24.17 16 -13.88 24.17 -16 -9.91 24.69 -40
 4 16 -7.93 27.04 -40 -9.91 27.31 -40 -9.91 24.69 -40 -7.93 24.96 -40
 4 16 -7.39 29.06 -40 -8.31 29.44 -40 -8.92 27.17 -40 -7.93 27.04 -40
 2 24 -7.14 31.48 40 -5.48 33.14 40
 2 24 -7.14 31.48 40 -7.93 32.09 40
 2 24 -8.31 29.44 40 -9.24 29.83 40
 2 24 -7.93 32.09 40 -9.24 29.83 40
 2 24 -7.14 31.48 40 -7.14 31.48 -40
 2 24 -8.31 29.44 40 -8.31 29.44 -40
 2 24 -7.93 32.09 40 -11.11 34.52 16
 2 24 -9.24 29.83 40 -12.93 31.36 16
 2 24 -11.11 34.52 16 -11.11 34.52 -16
 2 24 -12.93 31.36 16 -12.93 31.36 -16
 2 24 -11.11 34.52 -16 -7.93 32.09 -40
 2 24 -12.93 31.36 -16 -9.24 29.83 -40
 2 24 -7.14 31.48 -40 -5.48 33.14 -40
 2 24 -7.14 31.48 -40 -7.93 32.09 -40
 2 24 -8.31 29.44 -40 -9.24 29.83 -40
 2 24 -7.93 32.09 -40 -9.24 29.83 -40
 4 16 -6.35 30.87 40 -7.93 32.09 40 -9.24 29.83 40 -7.39 29.06 40
 4 16 -4.87 32.35 40 -5.48 33.14 40 -7.14 31.48 40 -6.35 30.87 40
 4 16 -7.14 31.48 40 -5.48 33.14 40 -5.48 33.14 -40 -7.14 31.48 -40
 4 16 -7.93 32.09 40 -9.24 29.83 40 -12.93 31.36 16 -11.11 34.52 16
 4 16 -11.11 34.52 16 -12.93 31.36 16 -12.93 31.36 -16 -11.11 34.52 -16
 4 16 -7.93 32.09 -40 -9.24 29.83 -40 -12.93 31.36 -16 -11.11 34.52 -16
 4 16 -7.14 31.48 40 -7.93 32.09 40 -7.93 32.09 -40 -7.14 31.48 -40
 4 16 -8.31 29.44 40 -9.24 29.83 40 -9.24 29.83 -40 -8.31 29.44 -40
 4 16 -7.93 32.09 40 -11.11 34.52 16 -11.11 34.52 -16 -7.93 32.09 -40
 4 16 -9.24 29.83 40 -12.93 31.36 16 -12.93 31.36 -16 -9.24 29.83 -40
 4 16 -6.35 30.87 -40 -7.93 32.09 -40 -9.24 29.83 -40 -7.39 29.06 -40
 4 16 -4.87 32.35 -40 -5.48 33.14 -40 -7.14 31.48 -40 -6.35 30.87 -40
 2 24 -3.44 34.31 40 -1.17 34.92 40
 2 24 -3.44 34.31 40 -3.83 35.24 40
 2 24 -5.48 33.14 40 -6.09 33.93 40
 2 24 -3.83 35.24 40 -6.09 33.93 40
 2 24 -3.44 34.31 40 -3.44 34.31 -40
 2 24 -5.48 33.14 40 -5.48 33.14 -40
 2 24 -3.83 35.24 40 -5.36 38.93 16
 2 24 -6.09 33.93 40 -8.52 37.11 16
 2 24 -5.36 38.93 16 -5.36 38.93 -16
 2 24 -8.52 37.11 16 -8.52 37.11 -16
 2 24 -5.36 38.93 -16 -3.83 35.24 -40
 2 24 -8.52 37.11 -16 -6.09 33.93 -40
 2 24 -3.44 34.31 -40 -1.17 34.92 -40
 2 24 -3.44 34.31 -40 -3.83 35.24 -40
 2 24 -5.48 33.14 -40 -6.09 33.93 -40
 2 24 -3.83 35.24 -40 -6.09 33.93 -40
 4 16 -3.06 33.39 40 -3.83 35.24 40 -6.09 33.93 40 -4.87 32.35 40
 4 16 -1.04 33.93 40 -1.17 34.92 40 -3.44 34.31 40 -3.06 33.39 40
 4 16 -3.44 34.31 40 -1.17 34.92 40 -1.17 34.92 -40 -3.44 34.31 -40
 4 16 -3.83 35.24 40 -6.09 33.93 40 -8.52 37.11 16 -5.36 38.93 16
 4 16 -5.36 38.93 16 -8.52 37.11 16 -8.52 37.11 -16 -5.36 38.93 -16
 4 16 -3.83 35.24 -40 -6.09 33.93 -40 -8.52 37.11 -16 -5.36 38.93 -16
 4 16 -3.44 34.31 40 -3.83 35.24 40 -3.83 35.24 -40 -3.44 34.31 -40
 4 16 -5.48 33.14 40 -6.09 33.93 40 -6.09 33.93 -40 -5.48 33.14 -40
 4 16 -3.83 35.24 40 -5.36 38.93 16 -5.36 38.93 -16 -3.83 35.24 -40
 4 16 -6.09 33.93 40 -8.52 37.11 16 -8.52 37.11 -16 -6.09 33.93 -40
 4 16 -3.06 33.39 -40 -3.83 35.24 -40 -6.09 33.93 -40 -4.87 32.35 -40
 4 16 -1.04 33.93 -40 -1.17 34.92 -40 -3.44 34.31 -40 -3.06 33.39 -40
 2 24 1.17 34.92 40 3.44 34.31 40
 2 24 1.17 34.92 40 1.31 35.91 40
 2 24 -1.17 34.92 40 -1.31 35.91 40
 2 24 1.31 35.91 40 -1.31 35.91 40
 2 24 1.17 34.92 40 1.17 34.92 -40
 2 24 -1.17 34.92 40 -1.17 34.92 -40
 2 24 1.31 35.91 40 1.83 39.88 16
 2 24 -1.31 35.91 40 -1.83 39.88 16
 2 24 1.83 39.88 16 1.83 39.88 -16
 2 24 -1.83 39.88 16 -1.83 39.88 -16
 2 24 1.83 39.88 -16 1.31 35.91 -40
 2 24 -1.83 39.88 -16 -1.31 35.91 -40
 2 24 1.17 34.92 -40 3.44 34.31 -40
 2 24 1.17 34.92 -40 1.31 35.91 -40
 2 24 -1.17 34.92 -40 -1.31 35.91 -40
 2 24 1.31 35.91 -40 -1.31 35.91 -40
 4 16 1.04 33.93 40 1.31 35.91 40 -1.31 35.91 40 -1.04 33.93 40
 4 16 3.06 33.39 40 3.44 34.31 40 1.17 34.92 40 1.04 33.93 40
 4 16 1.17 34.92 40 3.44 34.31 40 3.44 34.31 -40 1.17 34.92 -40
 4 16 1.31 35.91 40 -1.31 35.91 40 -1.83 39.88 16 1.83 39.88 16
 4 16 1.83 39.88 16 -1.83 39.88 16 -1.83 39.88 -16 1.83 39.88 -16
 4 16 1.31 35.91 -40 -1.31 35.91 -40 -1.83 39.88 -16 1.83 39.88 -16
 4 16 1.17 34.92 40 1.31 35.91 40 1.31 35.91 -40 1.17 34.92 -40
 4 16 -1.17 34.92 40 -1.31 35.91 40 -1.31 35.91 -40 -1.17 34.92 -40
 4 16 1.31 35.91 40 1.83 39.88 16 1.83 39.88 -16 1.31 35.91 -40
 4 16 -1.31 35.91 40 -1.83 39.88 16 -1.83 39.88 -16 -1.31 35.91 -40
 4 16 1.04 33.93 -40 1.31 35.91 -40 -1.31 35.91 -40 -1.04 33.93 -40
 4 16 3.06 33.39 -40 3.44 34.31 -40 1.17 34.92 -40 1.04 33.93 -40
 2 24 5.48 33.14 40 7.14 31.48 40
 2 24 5.48 33.14 40 6.09 33.93 40
 2 24 3.44 34.31 40 3.83 35.24 40
 2 24 6.09 33.93 40 3.83 35.24 40
 2 24 5.48 33.14 40 5.48 33.14 -40
 2 24 3.44 34.31 40 3.44 34.31 -40
 2 24 6.09 33.93 40 8.52 37.11 16
 2 24 3.83 35.24 40 5.36 38.93 16
 2 24 8.52 37.11 16 8.52 37.11 -16
 2 24 5.36 38.93 16 5.36 38.93 -16
 2 24 8.52 37.11 -16 6.09 33.93 -40
 2 24 5.36 38.93 -16 3.83 35.24 -40
 2 24 5.48 33.14 -40 7.14 31.48 -40
 2 24 5.48 33.14 -40 6.09 33.93 -40
 2 24 3.44 34.31 -40 3.83 35.24 -40
 2 24 6.09 33.93 -40 3.83 35.24 -40
 4 16 4.87 32.35 40 6.09 33.93 40 3.83 35.24 40 3.06 33.39 40
 4 16 6.35 30.87 40 7.14 31.48 40 5.48 33.14 40 4.87 32.35 40
 4 16 5.48 33.14 40 7.14 31.48 40 7.14 31.48 -40 5.48 33.14 -40
 4 16 6.09 33.93 40 3.83 35.24 40 5.36 38.93 16 8.52 37.11 16
 4 16 8.52 37.11 16 5.36 38.93 16 5.36 38.93 -16 8.52 37.11 -16
 4 16 6.09 33.93 -40 3.83 35.24 -40 5.36 38.93 -16 8.52 37.11 -16
 4 16 5.48 33.14 40 6.09 33.93 40 6.09 33.93 -40 5.48 33.14 -40
 4 16 3.44 34.31 40 3.83 35.24 40 3.83 35.24 -40 3.44 34.31 -40
 4 16 6.09 33.93 40 8.52 37.11 16 8.52 37.11 -16 6.09 33.93 -40
 4 16 3.83 35.24 40 5.36 38.93 16 5.36 38.93 -16 3.83 35.24 -40
 4 16 4.87 32.35 -40 6.09 33.93 -40 3.83 35.24 -40 3.06 33.39 -40
 4 16 6.35 30.87 -40 7.14 31.48 -40 5.48 33.14 -40 4.87 32.35 -40
 2 24 8.31 29.44 40 8.92 27.17 40
 2 24 8.31 29.44 40 9.24 29.83 40
 2 24 7.14 31.48 40 7.93 32.09 40
 2 24 9.24 29.83 40 7.93 32.09 40
 2 24 8.31 29.44 40 8.31 29.44 -40
 2 24 7.14 31.48 40 7.14 31.48 -40
 2 24 9.24 29.83 40 12.93 31.36 16
 2 24 7.93 32.09 40 11.11 34.52 16
 2 24 12.93 31.36 16 12.93 31.36 -16
 2 24 11.11 34.52 16 11.11 34.52 -16
 2 24 12.93 31.36 -16 9.24 29.83 -40
 2 24 11.11 34.52 -16 7.93 32.09 -40
 2 24 8.31 29.44 -40 8.92 27.17 -40
 2 24 8.31 29.44 -40 9.24 29.83 -40
 2 24 7.14 31.48 -40 7.93 32.09 -40
 2 24 9.24 29.83 -40 7.93 32.09 -40
 4 16 7.39 29.06 40 9.24 29.83 40 7.93 32.09 40 6.35 30.87 40
 4 16 7.93 27.04 40 8.92 27.17 40 8.31 29.44 40 7.39 29.06 40
 4 16 8.31 29.44 40 8.92 27.17 40 8.92 27.17 -40 8.31 29.44 -40
 4 16 9.24 29.83 40 7.93 32.09 40 11.11 34.52 16 12.93 31.36 16
 4 16 12.93 31.36 16 11.11 34.52 16 11.11 34.52 -16 12.93 31.36 -16
 4 16 9.24 29.83 -40 7.93 32.09 -40 11.11 34.52 -16 12.93 31.36 -16
 4 16 8.31 29.44 40 9.24 29.83 40 9.24 29.83 -40 8.31 29.44 -40
 4 16 7.14 31.48 40 7.93 32.09 40 7.93 32.09 -40 7.14 31.48 -40
 4 16 9.24 29.83 40 12.93 31.36 16 12.93 31.36 -16 9.24 29.83 -40
 4 16 7.93 32.09 40 11.11 34.52 16 11.11 34.52 -16 7.93 32.09 -40
 4 16 7.39 29.06 -40 9.24 29.83 -40 7.93 32.09 -40 6.35 30.87 -40
 4 16 7.93 27.04 -40 8.92 27.17 -40 8.31 29.44 -40 7.39 29.06 -40
