0 Technic Plate  1 x  6 with Holes
0 Name: 4262.dat
0 Author: James Jessiman
0 Original LDraw Part - LDraw beta 0.27 Archive

 1 16 20 4 0 1 0 0 0 -1 0 0 0 1 stud3.dat
 1 16 0 4 0 1 0 0 0 -1 0 0 0 1 stud3.dat
 1 16 -20 4 0 1 0 0 0 -1 0 0 0 1 stud3.dat

 1 16 0 8 0 36 0 0 0 -4 0 0 0 6 box5.dat

 4 16 40 8 10 36 8 6 -36 8 6 -40 8 10
 4 16 40 8 -10 36 8 -6 -36 8 -6 -40 8 -10
 4 16 40 8 10 36 8 6 36 8 -6 40 8 -10
 4 16 -40 8 10 -36 8 6 -36 8 -6 -40 8 -10

 2 24 40 8 10 -40 8 10
 2 24 40 8 -10 -40 8 -10

 1 16 40 7 0 0 0 0 1 0 0 0 0 10 rect.dat
 1 16 -40 7 0 0 0 0 1 0 0 0 0 10 rect.dat

 4 16 40 8 10 40 0 10 -40 0 10 -40 8 10
 4 16 40 8 -10 40 0 -10 -40 0 -10 -40 8 -10

 2 24 40 0 10 -40 0 10
 2 24 40 0 -10 -40 0 -10

 4 16 40 0 10 40 0 -10 -40 0 -10 -40 0 10

 1 16 50 0 0 0 0 1 0 1 0 -1 0 0 steerend.dat
 1 16 -50 0 0 0 0 -1 0 1 0 1 0 0 steerend.dat

 1 16 30 0 0 1 0 0 0 1 0 0 0 1 stud2.dat
 1 16 10 0 0 1 0 0 0 1 0 0 0 1 stud2.dat
 1 16 -10 0 0 1 0 0 0 1 0 0 0 1 stud2.dat
 1 16 -30 0 0 1 0 0 0 1 0 0 0 1 stud2.dat
0
