0 Technic Plate  1 x  4 with Holes
0 Name: 4263.dat
0 Author: James Jessiman
0 Original LDraw Part - LDraw beta 0.27 Archive

 1 16 0 4 0 1 0 0 0 -1 0 0 0 1 stud3.dat

 1 16 0 8 0 16 0 0 0 -4 0 0 0 6 box5.dat

 4 16 20 8 10 16 8 6 -16 8 6 -20 8 10
 4 16 20 8 -10 16 8 -6 -16 8 -6 -20 8 -10
 4 16 20 8 10 16 8 6 16 8 -6 20 8 -10
 4 16 -20 8 10 -16 8 6 -16 8 -6 -20 8 -10

 2 24 20 8 10 -20 8 10
 2 24 20 8 -10 -20 8 -10

 1 16 20 7 0 0 0 0 1 0 0 0 0 10 rect.dat
 1 16 -20 7 0 0 0 0 1 0 0 0 0 10 rect.dat

 4 16 20 8 10 20 0 10 -20 0 10 -20 8 10
 4 16 20 8 -10 20 0 -10 -20 0 -10 -20 8 -10

 2 24 20 0 10 -20 0 10
 2 24 20 0 -10 -20 0 -10

 4 16 20 0 10 20 0 -10 -20 0 -10 -20 0 10

 1 16 30 0 0 0 0 1 0 1 0 -1 0 0 steerend.dat
 1 16 -30 0 0 0 0 -1 0 1 0 1 0 0 steerend.dat

 1 16 10 0 0 1 0 0 0 1 0 0 0 1 stud2.dat
 1 16 -10 0 0 1 0 0 0 1 0 0 0 1 stud2.dat
0
