0 Technic Bush 1/2 Smooth
0 Name: 4265c.dat
0 Author: Steve Bliss
0 Official LCad update 99-05

0 CATEGORY Technic
0 KEYWORDS small pulley, half-bushing, ring, round
0 Not CW-compliant

1 16 0 0 -5 9 0 0 0 0 9 0 1 0 4-4edge.dat
1 16 0 0 -2.5 9 0 0 0 0 9 0 1 0 4-4edge.dat
1 16 0 0 2.5 9 0 0 0 0 9 0 1 0 4-4edge.dat
1 16 0 0 5 9 0 0 0 0 9 0 1 0 4-4edge.dat
2 24 -6 0 -5 -5.58 -2 -5
2 24 0 -6 -5 -2 -5.58 -5
2 24 6 0 -5 5.58 2 -5
2 24 0 6 -5 2 5.58 -5
2 24 -6 0 5 -5.58 -2 5
2 24 0 -6 5 -2 -5.58 5
2 24 6 0 5 5.58 2 5
2 24 0 6 5 2 5.58 5
1 16 0 0 -5 9 0 0 0 0 9 0 2.5 0 4-4cyli.dat
1 16 0 0 2.5 9 0 0 0 0 9 0 2.5 0 4-4cyli.dat
5 24 9 0 -2.5 7.232 0 -1.768 8.315 -3.444 -2.5 8.315 3.444 -2.5
5 24 7.232 0 -1.768 6.557 0 -0.529 6.681 -2.768 -1.768 6.681 2.768 -1.768
5 24 6.557 0 -0.529 6.557 0 0.529 6.057 -2.509 -0.529 6.057 2.509 -0.529
5 24 6.557 0 0.529 7.232 0 1.768 6.057 -2.509 0.529 6.057 2.509 0.529
5 24 7.232 0 1.768 9 0 2.5 6.681 -2.768 1.768 6.681 2.768 1.768
2 24 9 0 -2.5 8.315 3.444 -2.5
5 24 7.232 0 -1.768 6.681 2.768 -1.768 9 0 -2.5 6.557 0 -0.529
5 24 6.557 0 -0.529 6.057 2.509 -0.529 7.232 0 -1.768 6.557 0 0.529
5 24 6.557 0 0.529 6.057 2.509 0.529 6.557 0 -0.529 7.232 0 1.768
5 24 7.232 0 1.768 6.681 2.768 1.768 6.557 0 0.529 9 0 2.5
2 24 9 0 2.5 8.315 3.444 2.5
4 16 9 0 -2.5 7.232 0 -1.768 6.681 2.768 -1.768 8.315 3.444 -2.5
4 16 7.232 0 -1.768 6.557 0 -0.529 6.057 2.509 -0.529 6.681 2.768 -1.768
4 16 6.557 0 -0.529 6.557 0 0.529 6.057 2.509 0.529 6.057 2.509 -0.529
4 16 6.557 0 0.529 7.232 0 1.768 6.681 2.768 1.768 6.057 2.509 0.529
4 16 7.232 0 1.768 9 0 2.5 8.315 3.444 2.5 6.681 2.768 1.768
5 24 8.315 3.444 -2.5 6.681 2.768 -1.768 9 0 -2.5 6.364 6.364 -2.5
5 24 6.681 2.768 -1.768 6.057 2.509 -0.529 7.232 0 -1.768 5.114 5.114 -1.768
5 24 6.057 2.509 -0.529 6.057 2.509 0.529 6.557 0 -0.529 4.636 4.636 -0.529
5 24 6.057 2.509 0.529 6.681 2.768 1.768 6.557 0 0.529 4.636 4.636 0.529
5 24 6.681 2.768 1.768 8.315 3.444 2.5 7.232 0 1.768 5.114 5.114 1.768
2 24 8.315 3.444 -2.5 6.364 6.364 -2.5
5 24 6.681 2.768 -1.768 5.114 5.114 -1.768 8.315 3.444 -2.5 6.057 2.509 -0.529
5 24 6.057 2.509 -0.529 4.636 4.636 -0.529 6.681 2.768 -1.768 6.057 2.509 0.529
5 24 6.057 2.509 0.529 4.636 4.636 0.529 6.057 2.509 -0.529 6.681 2.768 1.768
5 24 6.681 2.768 1.768 5.114 5.114 1.768 6.057 2.509 0.529 8.315 3.444 2.5
2 24 8.315 3.444 2.5 6.364 6.364 2.5
4 16 8.315 3.444 -2.5 6.681 2.768 -1.768 5.114 5.114 -1.768 6.364 6.364 -2.5
4 16 6.681 2.768 -1.768 6.057 2.509 -0.529 4.636 4.636 -0.529 5.114 5.114 -1.768
4 16 6.057 2.509 -0.529 6.057 2.509 0.529 4.636 4.636 0.529 4.636 4.636 -0.529
4 16 6.057 2.509 0.529 6.681 2.768 1.768 5.114 5.114 1.768 4.636 4.636 0.529
4 16 6.681 2.768 1.768 8.315 3.444 2.5 6.364 6.364 2.5 5.114 5.114 1.768
5 24 6.364 6.364 -2.5 5.114 5.114 -1.768 8.315 3.444 -2.5 3.444 8.315 -2.5
5 24 5.114 5.114 -1.768 4.636 4.636 -0.529 6.681 2.768 -1.768 2.768 6.681 -1.768
5 24 4.636 4.636 -0.529 4.636 4.636 0.529 6.057 2.509 -0.529 2.509 6.057 -0.529
5 24 4.636 4.636 0.529 5.114 5.114 1.768 6.057 2.509 0.529 2.509 6.057 0.529
5 24 5.114 5.114 1.768 6.364 6.364 2.5 6.681 2.768 1.768 2.768 6.681 1.768
2 24 6.364 6.364 -2.5 3.444 8.315 -2.5
5 24 5.114 5.114 -1.768 2.768 6.681 -1.768 6.364 6.364 -2.5 4.636 4.636 -0.529
5 24 4.636 4.636 -0.529 2.509 6.057 -0.529 5.114 5.114 -1.768 4.636 4.636 0.529
5 24 4.636 4.636 0.529 2.509 6.057 0.529 4.636 4.636 -0.529 5.114 5.114 1.768
5 24 5.114 5.114 1.768 2.768 6.681 1.768 4.636 4.636 0.529 6.364 6.364 2.5
2 24 6.364 6.364 2.5 3.444 8.315 2.5
4 16 6.364 6.364 -2.5 5.114 5.114 -1.768 2.768 6.681 -1.768 3.444 8.315 -2.5
4 16 5.114 5.114 -1.768 4.636 4.636 -0.529 2.509 6.057 -0.529 2.768 6.681 -1.768
4 16 4.636 4.636 -0.529 4.636 4.636 0.529 2.509 6.057 0.529 2.509 6.057 -0.529
4 16 4.636 4.636 0.529 5.114 5.114 1.768 2.768 6.681 1.768 2.509 6.057 0.529
4 16 5.114 5.114 1.768 6.364 6.364 2.5 3.444 8.315 2.5 2.768 6.681 1.768
5 24 3.444 8.315 -2.5 2.768 6.681 -1.768 6.364 6.364 -2.5 0 9 -2.5
5 24 2.768 6.681 -1.768 2.509 6.057 -0.529 5.114 5.114 -1.768 0 7.232 -1.768
5 24 2.509 6.057 -0.529 2.509 6.057 0.529 4.636 4.636 -0.529 0 6.557 -0.529
5 24 2.509 6.057 0.529 2.768 6.681 1.768 4.636 4.636 0.529 0 6.557 0.529
5 24 2.768 6.681 1.768 3.444 8.315 2.5 5.114 5.114 1.768 0 7.232 1.768
2 24 3.444 8.315 -2.5 0 9 -2.5
5 24 2.768 6.681 -1.768 0 7.232 -1.768 3.444 8.315 -2.5 2.509 6.057 -0.529
5 24 2.509 6.057 -0.529 0 6.557 -0.529 2.768 6.681 -1.768 2.509 6.057 0.529
5 24 2.509 6.057 0.529 0 6.557 0.529 2.509 6.057 -0.529 2.768 6.681 1.768
5 24 2.768 6.681 1.768 0 7.232 1.768 2.509 6.057 0.529 3.444 8.315 2.5
2 24 3.444 8.315 2.5 0 9 2.5
4 16 3.444 8.315 -2.5 2.768 6.681 -1.768 0 7.232 -1.768 0 9 -2.5
4 16 2.768 6.681 -1.768 2.509 6.057 -0.529 0 6.557 -0.529 0 7.232 -1.768
4 16 2.509 6.057 -0.529 2.509 6.057 0.529 0 6.557 0.529 0 6.557 -0.529
4 16 2.509 6.057 0.529 2.768 6.681 1.768 0 7.232 1.768 0 6.557 0.529
4 16 2.768 6.681 1.768 3.444 8.315 2.5 0 9 2.5 0 7.232 1.768
5 24 0 9 -2.5 0 7.232 -1.768 3.444 8.315 -2.5 -3.444 8.315 -2.5
5 24 0 7.232 -1.768 0 6.557 -0.529 2.768 6.681 -1.768 -2.768 6.681 -1.768
5 24 0 6.557 -0.529 0 6.557 0.529 2.509 6.057 -0.529 -2.509 6.057 -0.529
5 24 0 6.557 0.529 0 7.232 1.768 2.509 6.057 0.529 -2.509 6.057 0.529
5 24 0 7.232 1.768 0 9 2.5 2.768 6.681 1.768 -2.768 6.681 1.768
2 24 0 9 -2.5 -3.444 8.315 -2.5
5 24 0 7.232 -1.768 -2.768 6.681 -1.768 0 9 -2.5 0 6.557 -0.529
5 24 0 6.557 -0.529 -2.509 6.057 -0.529 0 7.232 -1.768 0 6.557 0.529
5 24 0 6.557 0.529 -2.509 6.057 0.529 0 6.557 -0.529 0 7.232 1.768
5 24 0 7.232 1.768 -2.768 6.681 1.768 0 6.557 0.529 0 9 2.5
2 24 0 9 2.5 -3.444 8.315 2.5
4 16 0 9 -2.5 0 7.232 -1.768 -2.768 6.681 -1.768 -3.444 8.315 -2.5
4 16 0 7.232 -1.768 0 6.557 -0.529 -2.509 6.057 -0.529 -2.768 6.681 -1.768
4 16 0 6.557 -0.529 0 6.557 0.529 -2.509 6.057 0.529 -2.509 6.057 -0.529
4 16 0 6.557 0.529 0 7.232 1.768 -2.768 6.681 1.768 -2.509 6.057 0.529
4 16 0 7.232 1.768 0 9 2.5 -3.444 8.315 2.5 -2.768 6.681 1.768
5 24 -3.444 8.315 -2.5 -2.768 6.681 -1.768 0 9 -2.5 -6.364 6.364 -2.5
5 24 -2.768 6.681 -1.768 -2.509 6.057 -0.529 0 7.232 -1.768 -5.114 5.114 -1.768
5 24 -2.509 6.057 -0.529 -2.509 6.057 0.529 0 6.557 -0.529 -4.636 4.636 -0.529
5 24 -2.509 6.057 0.529 -2.768 6.681 1.768 0 6.557 0.529 -4.636 4.636 0.529
5 24 -2.768 6.681 1.768 -3.444 8.315 2.5 0 7.232 1.768 -5.114 5.114 1.768
2 24 -3.444 8.315 -2.5 -6.364 6.364 -2.5
5 24 -2.768 6.681 -1.768 -5.114 5.114 -1.768 -3.444 8.315 -2.5 -2.509 6.057 -0.529
5 24 -2.509 6.057 -0.529 -4.636 4.636 -0.529 -2.768 6.681 -1.768 -2.509 6.057 0.529
5 24 -2.509 6.057 0.529 -4.636 4.636 0.529 -2.509 6.057 -0.529 -2.768 6.681 1.768
5 24 -2.768 6.681 1.768 -5.114 5.114 1.768 -2.509 6.057 0.529 -3.444 8.315 2.5
2 24 -3.444 8.315 2.5 -6.364 6.364 2.5
4 16 -3.444 8.315 -2.5 -2.768 6.681 -1.768 -5.114 5.114 -1.768 -6.364 6.364 -2.5
4 16 -2.768 6.681 -1.768 -2.509 6.057 -0.529 -4.636 4.636 -0.529 -5.114 5.114 -1.768
4 16 -2.509 6.057 -0.529 -2.509 6.057 0.529 -4.636 4.636 0.529 -4.636 4.636 -0.529
4 16 -2.509 6.057 0.529 -2.768 6.681 1.768 -5.114 5.114 1.768 -4.636 4.636 0.529
4 16 -2.768 6.681 1.768 -3.444 8.315 2.5 -6.364 6.364 2.5 -5.114 5.114 1.768
5 24 -6.364 6.364 -2.5 -5.114 5.114 -1.768 -3.444 8.315 -2.5 -8.315 3.444 -2.5
5 24 -5.114 5.114 -1.768 -4.636 4.636 -0.529 -2.768 6.681 -1.768 -6.681 2.768 -1.768
5 24 -4.636 4.636 -0.529 -4.636 4.636 0.529 -2.509 6.057 -0.529 -6.057 2.509 -0.529
5 24 -4.636 4.636 0.529 -5.114 5.114 1.768 -2.509 6.057 0.529 -6.057 2.509 0.529
5 24 -5.114 5.114 1.768 -6.364 6.364 2.5 -2.768 6.681 1.768 -6.681 2.768 1.768
2 24 -6.364 6.364 -2.5 -8.315 3.444 -2.5
5 24 -5.114 5.114 -1.768 -6.681 2.768 -1.768 -6.364 6.364 -2.5 -4.636 4.636 -0.529
5 24 -4.636 4.636 -0.529 -6.057 2.509 -0.529 -5.114 5.114 -1.768 -4.636 4.636 0.529
5 24 -4.636 4.636 0.529 -6.057 2.509 0.529 -4.636 4.636 -0.529 -5.114 5.114 1.768
5 24 -5.114 5.114 1.768 -6.681 2.768 1.768 -4.636 4.636 0.529 -6.364 6.364 2.5
2 24 -6.364 6.364 2.5 -8.315 3.444 2.5
4 16 -6.364 6.364 -2.5 -5.114 5.114 -1.768 -6.681 2.768 -1.768 -8.315 3.444 -2.5
4 16 -5.114 5.114 -1.768 -4.636 4.636 -0.529 -6.057 2.509 -0.529 -6.681 2.768 -1.768
4 16 -4.636 4.636 -0.529 -4.636 4.636 0.529 -6.057 2.509 0.529 -6.057 2.509 -0.529
4 16 -4.636 4.636 0.529 -5.114 5.114 1.768 -6.681 2.768 1.768 -6.057 2.509 0.529
4 16 -5.114 5.114 1.768 -6.364 6.364 2.5 -8.315 3.444 2.5 -6.681 2.768 1.768
5 24 -8.315 3.444 -2.5 -6.681 2.768 -1.768 -6.364 6.364 -2.5 -9 0 -2.5
5 24 -6.681 2.768 -1.768 -6.057 2.509 -0.529 -5.114 5.114 -1.768 -7.232 0 -1.768
5 24 -6.057 2.509 -0.529 -6.057 2.509 0.529 -4.636 4.636 -0.529 -6.557 0 -0.529
5 24 -6.057 2.509 0.529 -6.681 2.768 1.768 -4.636 4.636 0.529 -6.557 0 0.529
5 24 -6.681 2.768 1.768 -8.315 3.444 2.5 -5.114 5.114 1.768 -7.232 0 1.768
2 24 -8.315 3.444 -2.5 -9 0 -2.5
5 24 -6.681 2.768 -1.768 -7.232 0 -1.768 -8.315 3.444 -2.5 -6.057 2.509 -0.529
5 24 -6.057 2.509 -0.529 -6.557 0 -0.529 -6.681 2.768 -1.768 -6.057 2.509 0.529
5 24 -6.057 2.509 0.529 -6.557 0 0.529 -6.057 2.509 -0.529 -6.681 2.768 1.768
5 24 -6.681 2.768 1.768 -7.232 0 1.768 -6.057 2.509 0.529 -8.315 3.444 2.5
2 24 -8.315 3.444 2.5 -9 0 2.5
4 16 -8.315 3.444 -2.5 -6.681 2.768 -1.768 -7.232 0 -1.768 -9 0 -2.5
4 16 -6.681 2.768 -1.768 -6.057 2.509 -0.529 -6.557 0 -0.529 -7.232 0 -1.768
4 16 -6.057 2.509 -0.529 -6.057 2.509 0.529 -6.557 0 0.529 -6.557 0 -0.529
4 16 -6.057 2.509 0.529 -6.681 2.768 1.768 -7.232 0 1.768 -6.557 0 0.529
4 16 -6.681 2.768 1.768 -8.315 3.444 2.5 -9 0 2.5 -7.232 0 1.768
5 24 -9 0 -2.5 -7.232 0 -1.768 -8.315 3.444 -2.5 -8.315 -3.444 -2.5
5 24 -7.232 0 -1.768 -6.557 0 -0.529 -6.681 2.768 -1.768 -6.681 -2.768 -1.768
5 24 -6.557 0 -0.529 -6.557 0 0.529 -6.057 2.509 -0.529 -6.057 -2.509 -0.529
5 24 -6.557 0 0.529 -7.232 0 1.768 -6.057 2.509 0.529 -6.057 -2.509 0.529
5 24 -7.232 0 1.768 -9 0 2.5 -6.681 2.768 1.768 -6.681 -2.768 1.768
2 24 -9 0 -2.5 -8.315 -3.444 -2.5
5 24 -7.232 0 -1.768 -6.681 -2.768 -1.768 -9 0 -2.5 -6.557 0 -0.529
5 24 -6.557 0 -0.529 -6.057 -2.509 -0.529 -7.232 0 -1.768 -6.557 0 0.529
5 24 -6.557 0 0.529 -6.057 -2.509 0.529 -6.557 0 -0.529 -7.232 0 1.768
5 24 -7.232 0 1.768 -6.681 -2.768 1.768 -6.557 0 0.529 -9 0 2.5
2 24 -9 0 2.5 -8.315 -3.444 2.5
4 16 -9 0 -2.5 -7.232 0 -1.768 -6.681 -2.768 -1.768 -8.315 -3.444 -2.5
4 16 -7.232 0 -1.768 -6.557 0 -0.529 -6.057 -2.509 -0.529 -6.681 -2.768 -1.768
4 16 -6.557 0 -0.529 -6.557 0 0.529 -6.057 -2.509 0.529 -6.057 -2.509 -0.529
4 16 -6.557 0 0.529 -7.232 0 1.768 -6.681 -2.768 1.768 -6.057 -2.509 0.529
4 16 -7.232 0 1.768 -9 0 2.5 -8.315 -3.444 2.5 -6.681 -2.768 1.768
5 24 -8.315 -3.444 -2.5 -6.681 -2.768 -1.768 -9 0 -2.5 -6.364 -6.364 -2.5
5 24 -6.681 -2.768 -1.768 -6.057 -2.509 -0.529 -7.232 0 -1.768 -5.114 -5.114 -1.768
5 24 -6.057 -2.509 -0.529 -6.057 -2.509 0.529 -6.557 0 -0.529 -4.636 -4.636 -0.529
5 24 -6.057 -2.509 0.529 -6.681 -2.768 1.768 -6.557 0 0.529 -4.636 -4.636 0.529
5 24 -6.681 -2.768 1.768 -8.315 -3.444 2.5 -7.232 0 1.768 -5.114 -5.114 1.768
2 24 -8.315 -3.444 -2.5 -6.364 -6.364 -2.5
5 24 -6.681 -2.768 -1.768 -5.114 -5.114 -1.768 -8.315 -3.444 -2.5 -6.057 -2.509 -0.529
5 24 -6.057 -2.509 -0.529 -4.636 -4.636 -0.529 -6.681 -2.768 -1.768 -6.057 -2.509 0.529
5 24 -6.057 -2.509 0.529 -4.636 -4.636 0.529 -6.057 -2.509 -0.529 -6.681 -2.768 1.768
5 24 -6.681 -2.768 1.768 -5.114 -5.114 1.768 -6.057 -2.509 0.529 -8.315 -3.444 2.5
2 24 -8.315 -3.444 2.5 -6.364 -6.364 2.5
4 16 -8.315 -3.444 -2.5 -6.681 -2.768 -1.768 -5.114 -5.114 -1.768 -6.364 -6.364 -2.5
4 16 -6.681 -2.768 -1.768 -6.057 -2.509 -0.529 -4.636 -4.636 -0.529 -5.114 -5.114 -1.768
4 16 -6.057 -2.509 -0.529 -6.057 -2.509 0.529 -4.636 -4.636 0.529 -4.636 -4.636 -0.529
4 16 -6.057 -2.509 0.529 -6.681 -2.768 1.768 -5.114 -5.114 1.768 -4.636 -4.636 0.529
4 16 -6.681 -2.768 1.768 -8.315 -3.444 2.5 -6.364 -6.364 2.5 -5.114 -5.114 1.768
5 24 -6.364 -6.364 -2.5 -5.114 -5.114 -1.768 -8.315 -3.444 -2.5 -3.444 -8.315 -2.5
5 24 -5.114 -5.114 -1.768 -4.636 -4.636 -0.529 -6.681 -2.768 -1.768 -2.768 -6.681 -1.768
5 24 -4.636 -4.636 -0.529 -4.636 -4.636 0.529 -6.057 -2.509 -0.529 -2.509 -6.057 -0.529
5 24 -4.636 -4.636 0.529 -5.114 -5.114 1.768 -6.057 -2.509 0.529 -2.509 -6.057 0.529
5 24 -5.114 -5.114 1.768 -6.364 -6.364 2.5 -6.681 -2.768 1.768 -2.768 -6.681 1.768
2 24 -6.364 -6.364 -2.5 -3.444 -8.315 -2.5
5 24 -5.114 -5.114 -1.768 -2.768 -6.681 -1.768 -6.364 -6.364 -2.5 -4.636 -4.636 -0.529
5 24 -4.636 -4.636 -0.529 -2.509 -6.057 -0.529 -5.114 -5.114 -1.768 -4.636 -4.636 0.529
5 24 -4.636 -4.636 0.529 -2.509 -6.057 0.529 -4.636 -4.636 -0.529 -5.114 -5.114 1.768
5 24 -5.114 -5.114 1.768 -2.768 -6.681 1.768 -4.636 -4.636 0.529 -6.364 -6.364 2.5
2 24 -6.364 -6.364 2.5 -3.444 -8.315 2.5
4 16 -6.364 -6.364 -2.5 -5.114 -5.114 -1.768 -2.768 -6.681 -1.768 -3.444 -8.315 -2.5
4 16 -5.114 -5.114 -1.768 -4.636 -4.636 -0.529 -2.509 -6.057 -0.529 -2.768 -6.681 -1.768
4 16 -4.636 -4.636 -0.529 -4.636 -4.636 0.529 -2.509 -6.057 0.529 -2.509 -6.057 -0.529
4 16 -4.636 -4.636 0.529 -5.114 -5.114 1.768 -2.768 -6.681 1.768 -2.509 -6.057 0.529
4 16 -5.114 -5.114 1.768 -6.364 -6.364 2.5 -3.444 -8.315 2.5 -2.768 -6.681 1.768
5 24 -3.444 -8.315 -2.5 -2.768 -6.681 -1.768 -6.364 -6.364 -2.5 0 -9 -2.5
5 24 -2.768 -6.681 -1.768 -2.509 -6.057 -0.529 -5.114 -5.114 -1.768 0 -7.232 -1.768
5 24 -2.509 -6.057 -0.529 -2.509 -6.057 0.529 -4.636 -4.636 -0.529 0 -6.557 -0.529
5 24 -2.509 -6.057 0.529 -2.768 -6.681 1.768 -4.636 -4.636 0.529 0 -6.557 0.529
5 24 -2.768 -6.681 1.768 -3.444 -8.315 2.5 -5.114 -5.114 1.768 0 -7.232 1.768
2 24 -3.444 -8.315 -2.5 0 -9 -2.5
5 24 -2.768 -6.681 -1.768 0 -7.232 -1.768 -3.444 -8.315 -2.5 -2.509 -6.057 -0.529
5 24 -2.509 -6.057 -0.529 0 -6.557 -0.529 -2.768 -6.681 -1.768 -2.509 -6.057 0.529
5 24 -2.509 -6.057 0.529 0 -6.557 0.529 -2.509 -6.057 -0.529 -2.768 -6.681 1.768
5 24 -2.768 -6.681 1.768 0 -7.232 1.768 -2.509 -6.057 0.529 -3.444 -8.315 2.5
2 24 -3.444 -8.315 2.5 0 -9 2.5
4 16 -3.444 -8.315 -2.5 -2.768 -6.681 -1.768 0 -7.232 -1.768 0 -9 -2.5
4 16 -2.768 -6.681 -1.768 -2.509 -6.057 -0.529 0 -6.557 -0.529 0 -7.232 -1.768
4 16 -2.509 -6.057 -0.529 -2.509 -6.057 0.529 0 -6.557 0.529 0 -6.557 -0.529
4 16 -2.509 -6.057 0.529 -2.768 -6.681 1.768 0 -7.232 1.768 0 -6.557 0.529
4 16 -2.768 -6.681 1.768 -3.444 -8.315 2.5 0 -9 2.5 0 -7.232 1.768
5 24 0 -9 -2.5 0 -7.232 -1.768 -3.444 -8.315 -2.5 3.444 -8.315 -2.5
5 24 0 -7.232 -1.768 0 -6.557 -0.529 -2.768 -6.681 -1.768 2.768 -6.681 -1.768
5 24 0 -6.557 -0.529 0 -6.557 0.529 -2.509 -6.057 -0.529 2.509 -6.057 -0.529
5 24 0 -6.557 0.529 0 -7.232 1.768 -2.509 -6.057 0.529 2.509 -6.057 0.529
5 24 0 -7.232 1.768 0 -9 2.5 -2.768 -6.681 1.768 2.768 -6.681 1.768
2 24 0 -9 -2.5 3.444 -8.315 -2.5
5 24 0 -7.232 -1.768 2.768 -6.681 -1.768 0 -9 -2.5 0 -6.557 -0.529
5 24 0 -6.557 -0.529 2.509 -6.057 -0.529 0 -7.232 -1.768 0 -6.557 0.529
5 24 0 -6.557 0.529 2.509 -6.057 0.529 0 -6.557 -0.529 0 -7.232 1.768
5 24 0 -7.232 1.768 2.768 -6.681 1.768 0 -6.557 0.529 0 -9 2.5
2 24 0 -9 2.5 3.444 -8.315 2.5
4 16 0 -9 -2.5 0 -7.232 -1.768 2.768 -6.681 -1.768 3.444 -8.315 -2.5
4 16 0 -7.232 -1.768 0 -6.557 -0.529 2.509 -6.057 -0.529 2.768 -6.681 -1.768
4 16 0 -6.557 -0.529 0 -6.557 0.529 2.509 -6.057 0.529 2.509 -6.057 -0.529
4 16 0 -6.557 0.529 0 -7.232 1.768 2.768 -6.681 1.768 2.509 -6.057 0.529
4 16 0 -7.232 1.768 0 -9 2.5 3.444 -8.315 2.5 2.768 -6.681 1.768
5 24 3.444 -8.315 -2.5 2.768 -6.681 -1.768 0 -9 -2.5 6.364 -6.364 -2.5
5 24 2.768 -6.681 -1.768 2.509 -6.057 -0.529 0 -7.232 -1.768 5.114 -5.114 -1.768
5 24 2.509 -6.057 -0.529 2.509 -6.057 0.529 0 -6.557 -0.529 4.636 -4.636 -0.529
5 24 2.509 -6.057 0.529 2.768 -6.681 1.768 0 -6.557 0.529 4.636 -4.636 0.529
5 24 2.768 -6.681 1.768 3.444 -8.315 2.5 0 -7.232 1.768 5.114 -5.114 1.768
2 24 3.444 -8.315 -2.5 6.364 -6.364 -2.5
5 24 2.768 -6.681 -1.768 5.114 -5.114 -1.768 3.444 -8.315 -2.5 2.509 -6.057 -0.529
5 24 2.509 -6.057 -0.529 4.636 -4.636 -0.529 2.768 -6.681 -1.768 2.509 -6.057 0.529
5 24 2.509 -6.057 0.529 4.636 -4.636 0.529 2.509 -6.057 -0.529 2.768 -6.681 1.768
5 24 2.768 -6.681 1.768 5.114 -5.114 1.768 2.509 -6.057 0.529 3.444 -8.315 2.5
2 24 3.444 -8.315 2.5 6.364 -6.364 2.5
4 16 3.444 -8.315 -2.5 2.768 -6.681 -1.768 5.114 -5.114 -1.768 6.364 -6.364 -2.5
4 16 2.768 -6.681 -1.768 2.509 -6.057 -0.529 4.636 -4.636 -0.529 5.114 -5.114 -1.768
4 16 2.509 -6.057 -0.529 2.509 -6.057 0.529 4.636 -4.636 0.529 4.636 -4.636 -0.529
4 16 2.509 -6.057 0.529 2.768 -6.681 1.768 5.114 -5.114 1.768 4.636 -4.636 0.529
4 16 2.768 -6.681 1.768 3.444 -8.315 2.5 6.364 -6.364 2.5 5.114 -5.114 1.768
5 24 6.364 -6.364 -2.5 5.114 -5.114 -1.768 3.444 -8.315 -2.5 8.315 -3.444 -2.5
5 24 5.114 -5.114 -1.768 4.636 -4.636 -0.529 2.768 -6.681 -1.768 6.681 -2.768 -1.768
5 24 4.636 -4.636 -0.529 4.636 -4.636 0.529 2.509 -6.057 -0.529 6.057 -2.509 -0.529
5 24 4.636 -4.636 0.529 5.114 -5.114 1.768 2.509 -6.057 0.529 6.057 -2.509 0.529
5 24 5.114 -5.114 1.768 6.364 -6.364 2.5 2.768 -6.681 1.768 6.681 -2.768 1.768
2 24 6.364 -6.364 -2.5 8.315 -3.444 -2.5
5 24 5.114 -5.114 -1.768 6.681 -2.768 -1.768 6.364 -6.364 -2.5 4.636 -4.636 -0.529
5 24 4.636 -4.636 -0.529 6.057 -2.509 -0.529 5.114 -5.114 -1.768 4.636 -4.636 0.529
5 24 4.636 -4.636 0.529 6.057 -2.509 0.529 4.636 -4.636 -0.529 5.114 -5.114 1.768
5 24 5.114 -5.114 1.768 6.681 -2.768 1.768 4.636 -4.636 0.529 6.364 -6.364 2.5
2 24 6.364 -6.364 2.5 8.315 -3.444 2.5
4 16 6.364 -6.364 -2.5 5.114 -5.114 -1.768 6.681 -2.768 -1.768 8.315 -3.444 -2.5
4 16 5.114 -5.114 -1.768 4.636 -4.636 -0.529 6.057 -2.509 -0.529 6.681 -2.768 -1.768
4 16 4.636 -4.636 -0.529 4.636 -4.636 0.529 6.057 -2.509 0.529 6.057 -2.509 -0.529
4 16 4.636 -4.636 0.529 5.114 -5.114 1.768 6.681 -2.768 1.768 6.057 -2.509 0.529
4 16 5.114 -5.114 1.768 6.364 -6.364 2.5 8.315 -3.444 2.5 6.681 -2.768 1.768
5 24 8.315 -3.444 -2.5 6.681 -2.768 -1.768 6.364 -6.364 -2.5 9 0 -2.5
5 24 6.681 -2.768 -1.768 6.057 -2.509 -0.529 5.114 -5.114 -1.768 7.232 0 -1.768
5 24 6.057 -2.509 -0.529 6.057 -2.509 0.529 4.636 -4.636 -0.529 6.557 0 -0.529
5 24 6.057 -2.509 0.529 6.681 -2.768 1.768 4.636 -4.636 0.529 6.557 0 0.529
5 24 6.681 -2.768 1.768 8.315 -3.444 2.5 5.114 -5.114 1.768 7.232 0 1.768
2 24 8.315 -3.444 -2.5 9 0 -2.5
5 24 6.681 -2.768 -1.768 7.232 0 -1.768 8.315 -3.444 -2.5 6.057 -2.509 -0.529
5 24 6.057 -2.509 -0.529 6.557 0 -0.529 6.681 -2.768 -1.768 6.057 -2.509 0.529
5 24 6.057 -2.509 0.529 6.557 0 0.529 6.057 -2.509 -0.529 6.681 -2.768 1.768
5 24 6.681 -2.768 1.768 7.232 0 1.768 6.057 -2.509 0.529 8.315 -3.444 2.5
2 24 8.315 -3.444 2.5 9 0 2.5
4 16 8.315 -3.444 -2.5 6.681 -2.768 -1.768 7.232 0 -1.768 9 0 -2.5
4 16 6.681 -2.768 -1.768 6.057 -2.509 -0.529 6.557 0 -0.529 7.232 0 -1.768
4 16 6.057 -2.509 -0.529 6.057 -2.509 0.529 6.557 0 0.529 6.557 0 -0.529
4 16 6.057 -2.509 0.529 6.681 -2.768 1.768 7.232 0 1.768 6.557 0 0.529
4 16 6.681 -2.768 1.768 8.315 -3.444 2.5 9 0 2.5 7.232 0 1.768
2 24 5.58 2 -5 4 2 -5
2 24 4 2 -5 2.5 2.5 -5
2 24 2.5 2.5 -5 2 4 -5
2 24 2 4 -5 2 5.58 -5
2 24 6 0 5 5.58 2 5
2 24 5.58 2 5 4 2 5
2 24 4 2 5 2.5 2.5 5
2 24 2.5 2.5 5 2 4 5
2 24 2 4 5 2 5.58 5
2 24 2 5.58 5 0 6 5
5 24 6 0 -5 6 0 5 6 -6 -5 5.58 2 -5
2 24 5.58 2 -5 5.58 2 5
5 24 2.5 2.5 -5 2.5 2.5 5 4 2 -5 2 4 -5
2 24 2 5.58 -5 2 5.58 5
5 24 0 6 -5 0 6 5 2 5.58 -5 -6 6 -5
4 16 6 0 -5 5.58 2 -5 5.58 2 5 6 0 5
4 16 5.58 2 -5 4 2 -5 5.58 2 5 4 2 5
4 16 4 2 -5 2.5 2.5 -5 4 2 5 2.5 2.5 5
4 16 2.5 2.5 -5 2 4 -5 2.5 2.5 5 2 4 5
4 16 2 4 -5 2 5.58 -5 2 4 5 2 5.58 5
4 16 0 6 -5 2 5.58 -5 2 5.58 5 0 6 5
4 16 5.58 2 -5 4 2 -5 5.52 2.28 -5 4.26 4.26 -5
4 16 4 2 -5 2.5 2.5 -5 2 4 -5 4.26 4.26 -5
4 16 2 5.58 -5 2 4 -5 2.28 5.52 -5 4.26 4.26 -5
4 16 5.58 2 5 4 2 5 5.52 2.28 5 4.26 4.26 5
4 16 4 2 5 2.5 2.5 5 2 4 5 4.26 4.26 5
4 16 2 5.58 5 2 4 5 2.28 5.52 5 4.26 4.26 5
2 24 -3.743 4.577 -5 -2.5 2.5 -5
2 24 -2.5 2.5 -5 -4.577 3.743 -5
2 24 -3.743 4.577 5 -2.5 2.5 5
2 24 -2.5 2.5 5 -4.577 3.743 5
2 24 -3.743 4.577 -5 -3.743 4.577 5
2 24 -2.5 2.5 -5 -2.5 2.5 5
2 24 -4.577 3.743 -5 -4.577 3.743 5
2 24 0 6 -5 -2.296 5.543 -5
2 24 -2.296 5.543 -5 -3.743 4.577 -5
2 24 -4.577 3.743 -5 -5.543 2.296 -5
2 24 -5.543 2.296 -5 -6 0 -5
2 24 0 6 5 -2.296 5.543 5
2 24 -2.296 5.543 5 -3.743 4.577 5
2 24 -4.577 3.743 5 -5.543 2.296 5
2 24 -5.543 2.296 5 -6 0 5
5 24 0 6 -5 0 6 5 -2.296 5.543 -5 6 6 -5
5 24 -2.296 5.543 -5 -2.296 5.543 5 -4.243 4.243 -5 0 6 -5
5 24 -5.543 2.296 -5 -5.543 2.296 5 -6 0 -5 -4.243 4.243 -5
5 24 -6 0 -5 -6 0 5 -5.543 2.296 -5 -6 -6 -5
3 16 -3.743 4.577 -5 -2.5 2.5 -5 -4.577 3.743 -5
3 16 -3.743 4.577 5 -2.5 2.5 5 -4.577 3.743 5
4 16 0 6 -5 -2.296 5.543 -5 -2.296 5.543 5 0 6 5
4 16 -2.296 5.543 -5 -3.743 4.577 -5 -3.743 4.577 5 -2.296 5.543 5
4 16 -3.743 4.577 -5 -2.5 2.5 -5 -2.5 2.5 5 -3.743 4.577 5
4 16 -2.5 2.5 -5 -4.577 3.743 -5 -4.577 3.743 5 -2.5 2.5 5
4 16 -4.577 3.743 -5 -5.543 2.296 -5 -5.543 2.296 5 -4.577 3.743 5
4 16 -5.543 2.296 -5 -6 0 -5 -6 0 5 -5.543 2.296 5
2 24 3.743 -4.577 -5 2.5 -2.5 -5
2 24 2.5 -2.5 -5 4.577 -3.743 -5
2 24 3.743 -4.577 5 2.5 -2.5 5
2 24 2.5 -2.5 5 4.577 -3.743 5
2 24 3.743 -4.577 -5 3.743 -4.577 5
2 24 2.5 -2.5 -5 2.5 -2.5 5
2 24 4.577 -3.743 -5 4.577 -3.743 5
2 24 0 -6 -5 2.296 -5.543 -5
2 24 2.296 -5.543 -5 3.743 -4.577 -5
2 24 4.577 -3.743 -5 5.543 -2.296 -5
2 24 5.543 -2.296 -5 6 0 -5
2 24 0 -6 5 2.296 -5.543 5
2 24 2.296 -5.543 5 3.743 -4.577 5
2 24 4.577 -3.743 5 5.543 -2.296 5
2 24 5.543 -2.296 5 6 0 5
5 24 0 -6 -5 0 -6 5 2.296 -5.543 -5 -6 -6 -5
5 24 2.296 -5.543 -5 2.296 -5.543 5 4.243 -4.243 -5 0 -6 -5
5 24 5.543 -2.296 -5 5.543 -2.296 5 6 0 -5 4.243 -4.243 -5
5 24 6 0 -5 6 0 5 5.543 -2.296 -5 6 6 -5
3 16 3.743 -4.577 -5 2.5 -2.5 -5 4.577 -3.743 -5
3 16 3.743 -4.577 5 2.5 -2.5 5 4.577 -3.743 5
4 16 0 -6 -5 2.296 -5.543 -5 2.296 -5.543 5 0 -6 5
4 16 2.296 -5.543 -5 3.743 -4.577 -5 3.743 -4.577 5 2.296 -5.543 5
4 16 3.743 -4.577 -5 2.5 -2.5 -5 2.5 -2.5 5 3.743 -4.577 5
4 16 2.5 -2.5 -5 4.577 -3.743 -5 4.577 -3.743 5 2.5 -2.5 5
4 16 4.577 -3.743 -5 5.543 -2.296 -5 5.543 -2.296 5 4.577 -3.743 5
4 16 5.543 -2.296 -5 6 0 -5 6 0 5 5.543 -2.296 5
1 16 0 0 -5 3 0 0 0 0 3 0 1 0 ring2.dat
1 16 0 0 5 3 0 0 0 0 3 0 1 0 ring2.dat
2 24 -5.58 -2 -5 -4 -2 -5
2 24 -4 -2 -5 -2.5 -2.5 -5
2 24 -2.5 -2.5 -5 -2 -4 -5
2 24 -2 -4 -5 -2 -5.58 -5
2 24 -6 0 5 -5.58 -2 5
2 24 -5.58 -2 5 -4 -2 5
2 24 -4 -2 5 -2.5 -2.5 5
2 24 -2.5 -2.5 5 -2 -4 5
2 24 -2 -4 5 -2 -5.58 5
2 24 -2 -5.58 5 0 -6 5
5 24 -6 0 -5 -6 0 5 -6 6 -5 -5.58 -2 -5
2 24 -5.58 -2 -5 -5.58 -2 5
5 24 -2.5 -2.5 -5 -2.5 -2.5 5 -4 -2 -5 -2 -4 -5
2 24 -2 -5.58 -5 -2 -5.58 5
5 24 0 -6 -5 0 -6 5 -2 -5.58 -5 6 -6 -5
4 16 -6 0 -5 -5.58 -2 -5 -5.58 -2 5 -6 0 5
4 16 -5.58 -2 -5 -4 -2 -5 -5.58 -2 5 -4 -2 5
4 16 -4 -2 -5 -2.5 -2.5 -5 -4 -2 5 -2.5 -2.5 5
4 16 -2.5 -2.5 -5 -2 -4 -5 -2.5 -2.5 5 -2 -4 5
4 16 -2 -4 -5 -2 -5.58 -5 -2 -4 5 -2 -5.58 5
4 16 0 -6 -5 -2 -5.58 -5 -2 -5.58 5 0 -6 5
4 16 -5.58 -2 -5 -4 -2 -5 -5.52 -2.28 -5 -4.26 -4.26 -5
4 16 -4 -2 -5 -2.5 -2.5 -5 -2 -4 -5 -4.26 -4.26 -5
4 16 -2 -5.58 -5 -2 -4 -5 -2.28 -5.52 -5 -4.26 -4.26 -5
4 16 -5.58 -2 5 -4 -2 5 -5.52 -2.28 5 -4.26 -4.26 5
4 16 -4 -2 5 -2.5 -2.5 5 -2 -4 5 -4.26 -4.26 5
4 16 -2 -5.58 5 -2 -4 5 -2.28 -5.52 5 -4.26 -4.26 5
0