0 Space Radar Dish  6 x  6 Webbed (needs work)
0 Name 4285.dat
0 Created by Tore Eriksson
0 Official LCad update 97-16

0 Inlined: 1 16  0 10 0  60 0 0  0 6 0  0 0 60  3232cyed.dat
2 24 60 10 0 58.8 10 11.7
2 24 58.8 10 11.7 55.44 10 22.98
2 24 55.44 10 22.98 49.8 10 33.36
2 24 49.8 10 33.36 42.42 10 42.42
2 24 42.42 10 42.42 33.36 10 49.8
2 24 33.36 10 49.8 22.98 10 55.44
2 24 22.98 10 55.44 11.7 10 58.8
2 24 11.7 10 58.8 0 10 60

2 24 60 16 0 58.8 16 11.7
2 24 58.8 16 11.7 55.44 16 22.98
2 24 55.44 16 22.98 49.8 16 33.36
2 24 49.8 16 33.36 42.42 16 42.42
2 24 42.42 16 42.42 33.36 16 49.8
2 24 33.36 16 49.8 22.98 16 55.44
2 24 22.98 16 55.44 11.7 16 58.8
2 24 11.7 16 58.8 0 16 60

4 16 60 10 0 58.8 10 11.7 58.8 16 11.7 60 16 0
4 16 58.8 10 11.7 55.44 10 22.98 55.44 16 22.98 58.8 16 11.7
4 16 55.44 10 22.98 49.8 10 33.36 49.8 16 33.36 55.44 16 22.98
4 16 49.8 10 33.36 42.42 10 42.42 42.42 16 42.42 49.8 16 33.36
4 16 42.42 10 42.42 33.36 10 49.8 33.36 16 49.8 42.42 16 42.42
4 16 33.36 10 49.8 22.98 10 55.44 22.98 16 55.44 33.36 16 49.8
4 16 22.98 10 55.44 11.7 10 58.8 11.7 16 58.8 22.98 16 55.44
4 16 11.7 10 58.8 0 10 60 0 16 60 11.7 16 58.8

5 24 60 10 0 60 16 0 58.8 10 -11.7 58.8 10 11.7
5 24 58.8 10 11.7 58.8 16 11.7 60 10 0 55.44 10 22.98
5 24 55.44 10 22.98 55.44 16 22.98 58.8 10 11.7 49.8 10 33.36
5 24 49.8 10 33.36 49.8 16 33.36 55.44 10 22.98 42.42 10 42.42
5 24 42.42 10 42.42 42.42 16 42.42 49.8 10 33.36 33.36 10 49.8
5 24 33.36 10 49.8 33.36 16 49.8 42.42 10 42.42 22.98 10 55.44
5 24 22.98 10 55.44 22.98 16 55.44 33.36 10 49.8 11.7 10 58.8

2 24 -60 10 0 -58.8 10 11.7
2 24 -58.8 10 11.7 -55.44 10 22.98
2 24 -55.44 10 22.98 -49.8 10 33.36
2 24 -49.8 10 33.36 -42.42 10 42.42
2 24 -42.42 10 42.42 -33.36 10 49.8
2 24 -33.36 10 49.8 -22.98 10 55.44
2 24 -22.98 10 55.44 -11.7 10 58.8
2 24 -11.7 10 58.8 0 10 60

2 24 -60 16 0 -58.8 16 11.7
2 24 -58.8 16 11.7 -55.44 16 22.98
2 24 -55.44 16 22.98 -49.8 16 33.36
2 24 -49.8 16 33.36 -42.42 16 42.42
2 24 -42.42 16 42.42 -33.36 16 49.8
2 24 -33.36 16 49.8 -22.98 16 55.44
2 24 -22.98 16 55.44 -11.7 16 58.8
2 24 -11.7 16 58.8 0 16 60

4 16 -60 10 0 -58.8 10 11.7 -58.8 16 11.7 -60 16 0
4 16 -58.8 10 11.7 -55.44 10 22.98 -55.44 16 22.98 -58.8 16 11.7
4 16 -55.44 10 22.98 -49.8 10 33.36 -49.8 16 33.36 -55.44 16 22.98
4 16 -49.8 10 33.36 -42.42 10 42.42 -42.42 16 42.42 -49.8 16 33.36
4 16 -42.42 10 42.42 -33.36 10 49.8 -33.36 16 49.8 -42.42 16 42.42
4 16 -33.36 10 49.8 -22.98 10 55.44 -22.98 16 55.44 -33.36 16 49.8
4 16 -22.98 10 55.44 -11.7 10 58.8 -11.7 16 58.8 -22.98 16 55.44
4 16 -11.7 10 58.8 0 10 60 0 16 60 -11.7 16 58.8

5 24 -60 10 0 -60 16 0 -58.8 10 -11.7 -58.8 10 11.7
5 24 -58.8 10 11.7 -58.8 16 11.7 -60 10 0 -55.44 10 22.98
5 24 -55.44 10 22.98 -55.44 16 22.98 -58.8 10 11.7 -49.8 10 33.36
5 24 -49.8 10 33.36 -49.8 16 33.36 -55.44 10 22.98 -42.42 10 42.42
5 24 -42.42 10 42.42 -42.42 16 42.42 -49.8 10 33.36 -33.36 10 49.8
5 24 -33.36 10 49.8 -33.36 16 49.8 -42.42 10 42.42 -22.98 10 55.44
5 24 -22.98 10 55.44 -22.98 16 55.44 -33.36 10 49.8 -11.7 10 58.8

2 24 -60 10 0 -58.8 10 -11.7
2 24 -58.8 10 -11.7 -55.44 10 -22.98
2 24 -55.44 10 -22.98 -49.8 10 -33.36
2 24 -49.8 10 -33.36 -42.42 10 -42.42
2 24 -42.42 10 -42.42 -33.36 10 -49.8
2 24 -33.36 10 -49.8 -22.98 10 -55.44
2 24 -22.98 10 -55.44 -11.7 10 -58.8
2 24 -11.7 10 -58.8 0 10 -60

2 24 -60 16 0 -58.8 16 -11.7
2 24 -58.8 16 -11.7 -55.44 16 -22.98
2 24 -55.44 16 -22.98 -49.8 16 -33.36
2 24 -49.8 16 -33.36 -42.42 16 -42.42
2 24 -42.42 16 -42.42 -33.36 16 -49.8
2 24 -33.36 16 -49.8 -22.98 16 -55.44
2 24 -22.98 16 -55.44 -11.7 16 -58.8
2 24 -11.7 16 -58.8 0 16 -60

4 16 -60 10 0 -58.8 10 -11.7 -58.8 16 -11.7 -60 16 0
4 16 -58.8 10 -11.7 -55.44 10 -22.98 -55.44 16 -22.98 -58.8 16 -11.7
4 16 -55.44 10 -22.98 -49.8 10 -33.36 -49.8 16 -33.36 -55.44 16 -22.98
4 16 -49.8 10 -33.36 -42.42 10 -42.42 -42.42 16 -42.42 -49.8 16 -33.36
4 16 -42.42 10 -42.42 -33.36 10 -49.8 -33.36 16 -49.8 -42.42 16 -42.42
4 16 -33.36 10 -49.8 -22.98 10 -55.44 -22.98 16 -55.44 -33.36 16 -49.8
4 16 -22.98 10 -55.44 -11.7 10 -58.8 -11.7 16 -58.8 -22.98 16 -55.44
4 16 -11.7 10 -58.8 0 10 -60 0 16 -60 -11.7 16 -58.8

5 24 -60 10 0 -60 16 0 -58.8 10 11.7 -58.8 10 -11.7
5 24 -58.8 10 -11.7 -58.8 16 -11.7 -60 10 0 -55.44 10 -22.98
5 24 -55.44 10 -22.98 -55.44 16 -22.98 -58.8 10 -11.7 -49.8 10 -33.36
5 24 -49.8 10 -33.36 -49.8 16 -33.36 -55.44 10 -22.98 -42.42 10 -42.42
5 24 -42.42 10 -42.42 -42.42 16 -42.42 -49.8 10 -33.36 -33.36 10 -49.8
5 24 -33.36 10 -49.8 -33.36 16 -49.8 -42.42 10 -42.42 -22.98 10 -55.44
5 24 -22.98 10 -55.44 -22.98 16 -55.44 -33.36 10 -49.8 -11.7 10 -58.8

2 24 60 10 0 58.8 10 -11.7
2 24 58.8 10 -11.7 55.44 10 -22.98
2 24 55.44 10 -22.98 49.8 10 -33.36
2 24 49.8 10 -33.36 42.42 10 -42.42
2 24 42.42 10 -42.42 33.36 10 -49.8
2 24 33.36 10 -49.8 22.98 10 -55.44
2 24 22.98 10 -55.44 11.7 10 -58.8
2 24 11.7 10 -58.8 0 10 -60

2 24 60 16 0 58.8 16 -11.7
2 24 58.8 16 -11.7 55.44 16 -22.98
2 24 55.44 16 -22.98 49.8 16 -33.36
2 24 49.8 16 -33.36 42.42 16 -42.42
2 24 42.42 16 -42.42 33.36 16 -49.8
2 24 33.36 16 -49.8 22.98 16 -55.44
2 24 22.98 16 -55.44 11.7 16 -58.8
2 24 11.7 16 -58.8 0 16 -60

4 16 60 10 0 58.8 10 -11.7 58.8 16 -11.7 60 16 0
4 16 58.8 10 -11.7 55.44 10 -22.98 55.44 16 -22.98 58.8 16 -11.7
4 16 55.44 10 -22.98 49.8 10 -33.36 49.8 16 -33.36 55.44 16 -22.98
4 16 49.8 10 -33.36 42.42 10 -42.42 42.42 16 -42.42 49.8 16 -33.36
4 16 42.42 10 -42.42 33.36 10 -49.8 33.36 16 -49.8 42.42 16 -42.42
4 16 33.36 10 -49.8 22.98 10 -55.44 22.98 16 -55.44 33.36 16 -49.8
4 16 22.98 10 -55.44 11.7 10 -58.8 11.7 16 -58.8 22.98 16 -55.44
4 16 11.7 10 -58.8 0 10 -60 0 16 -60 11.7 16 -58.8

5 24 60 10 0 60 16 0 58.8 10 11.7 58.8 10 -11.7
5 24 58.8 10 -11.7 58.8 16 -11.7 60 10 0 55.44 10 -22.98
5 24 55.44 10 -22.98 55.44 16 -22.98 58.8 10 -11.7 49.8 10 -33.36
5 24 49.8 10 -33.36 49.8 16 -33.36 55.44 10 -22.98 42.42 10 -42.42
5 24 42.42 10 -42.42 42.42 16 -42.42 49.8 10 -33.36 33.36 10 -49.8
5 24 33.36 10 -49.8 33.36 16 -49.8 42.42 10 -42.42 22.98 10 -55.44
5 24 22.98 10 -55.44 22.98 16 -55.44 33.36 10 -49.8 11.7 10 -58.8

0 Inlined: 1 16  0 10.75 0  57 0 0  0 5.25 0  0 0 57  3232cyed.dat
2 24 57 10.75 0 55.86 10.75 11.115
2 24 55.86 10.75 11.115 52.668 10.75 21.831
2 24 52.668 10.75 21.831 47.31 10.75 31.692
2 24 47.31 10.75 31.692 40.299 10.75 40.299
2 24 40.299 10.75 40.299 31.692 10.75 47.31
2 24 31.692 10.75 47.31 21.831 10.75 52.668
2 24 21.831 10.75 52.668 11.115 10.75 55.86
2 24 11.115 10.75 55.86 0 10.75 57

2 24 57 16 0 55.86 16 11.115
2 24 55.86 16 11.115 52.668 16 21.831
2 24 52.668 16 21.831 47.31 16 31.692
2 24 47.31 16 31.692 40.299 16 40.299
2 24 40.299 16 40.299 31.692 16 47.31
2 24 31.692 16 47.31 21.831 16 52.668
2 24 21.831 16 52.668 11.115 16 55.86
2 24 11.115 16 55.86 0 16 57

4 16 57 10.75 0 55.86 10.75 11.115 55.86 16 11.115 57 16 0
4 16 55.86 10.75 11.115 52.668 10.75 21.831 52.668 16 21.831 55.86 16 11.115
4 16 52.668 10.75 21.831 47.31 10.75 31.692 47.31 16 31.692 52.668 16 21.831
4 16 47.31 10.75 31.692 40.299 10.75 40.299 40.299 16 40.299 47.31 16 31.692
4 16 40.299 10.75 40.299 31.692 10.75 47.31 31.692 16 47.31 40.299 16 40.299
4 16 31.692 10.75 47.31 21.831 10.75 52.668 21.831 16 52.668 31.692 16 47.31
4 16 21.831 10.75 52.668 11.115 10.75 55.86 11.115 16 55.86 21.831 16 52.668
4 16 11.115 10.75 55.86 0 10.75 57 0 16 57 11.115 16 55.86

5 24 57 10.75 0 57 16 0 55.86 10.75 -11.115 55.86 10.75 11.115
5 24 55.86 10.75 11.115 55.86 16 11.115 57 10.75 0 52.668 10.75 21.831
5 24 52.668 10.75 21.831 52.668 16 21.831 55.86 10.75 11.115 47.31 10.75 31.692
5 24 47.31 10.75 31.692 47.31 16 31.692 52.668 10.75 21.831 40.299 10.75 40.299
5 24 40.299 10.75 40.299 40.299 16 40.299 47.31 10.75 31.692 31.692 10.75 47.31
5 24 31.692 10.75 47.31 31.692 16 47.31 40.299 10.75 40.299 21.831 10.75 52.668
5 24 21.831 10.75 52.668 21.831 16 52.668 31.692 10.75 47.31 11.115 10.75 55.86

2 24 -57 10.75 0 -55.86 10.75 11.115
2 24 -55.86 10.75 11.115 -52.668 10.75 21.831
2 24 -52.668 10.75 21.831 -47.31 10.75 31.692
2 24 -47.31 10.75 31.692 -40.299 10.75 40.299
2 24 -40.299 10.75 40.299 -31.692 10.75 47.31
2 24 -31.692 10.75 47.31 -21.831 10.75 52.668
2 24 -21.831 10.75 52.668 -11.115 10.75 55.86
2 24 -11.115 10.75 55.86 0 10.75 57

2 24 -57 16 0 -55.86 16 11.115
2 24 -55.86 16 11.115 -52.668 16 21.831
2 24 -52.668 16 21.831 -47.31 16 31.692
2 24 -47.31 16 31.692 -40.299 16 40.299
2 24 -40.299 16 40.299 -31.692 16 47.31
2 24 -31.692 16 47.31 -21.831 16 52.668
2 24 -21.831 16 52.668 -11.115 16 55.86
2 24 -11.115 16 55.86 0 16 57

4 16 -57 10.75 0 -55.86 10.75 11.115 -55.86 16 11.115 -57 16 0
4 16 -55.86 10.75 11.115 -52.668 10.75 21.831 -52.668 16 21.831 -55.86 16 11.115
4 16 -52.668 10.75 21.831 -47.31 10.75 31.692 -47.31 16 31.692 -52.668 16 21.831
4 16 -47.31 10.75 31.692 -40.299 10.75 40.299 -40.299 16 40.299 -47.31 16 31.692
4 16 -40.299 10.75 40.299 -31.692 10.75 47.31 -31.692 16 47.31 -40.299 16 40.299
4 16 -31.692 10.75 47.31 -21.831 10.75 52.668 -21.831 16 52.668 -31.692 16 47.31
4 16 -21.831 10.75 52.668 -11.115 10.75 55.86 -11.115 16 55.86 -21.831 16 52.668
4 16 -11.115 10.75 55.86 0 10.75 57 0 16 57 -11.115 16 55.86

5 24 -57 10.75 0 -57 16 0 -55.86 10.75 -11.115 -55.86 10.75 11.115
5 24 -55.86 10.75 11.115 -55.86 16 11.115 -57 10.75 0 -52.668 10.75 21.831
5 24 -52.668 10.75 21.831 -52.668 16 21.831 -55.86 10.75 11.115 -47.31 10.75 31.692
5 24 -47.31 10.75 31.692 -47.31 16 31.692 -52.668 10.75 21.831 -40.299 10.75 40.299
5 24 -40.299 10.75 40.299 -40.299 16 40.299 -47.31 10.75 31.692 -31.692 10.75 47.31
5 24 -31.692 10.75 47.31 -31.692 16 47.31 -40.299 10.75 40.299 -21.831 10.75 52.668
5 24 -21.831 10.75 52.668 -21.831 16 52.668 -31.692 10.75 47.31 -11.115 10.75 55.86

2 24 -57 10.75 0 -55.86 10.75 -11.115
2 24 -55.86 10.75 -11.115 -52.668 10.75 -21.831
2 24 -52.668 10.75 -21.831 -47.31 10.75 -31.692
2 24 -47.31 10.75 -31.692 -40.299 10.75 -40.299
2 24 -40.299 10.75 -40.299 -31.692 10.75 -47.31
2 24 -31.692 10.75 -47.31 -21.831 10.75 -52.668
2 24 -21.831 10.75 -52.668 -11.115 10.75 -55.86
2 24 -11.115 10.75 -55.86 0 10.75 -57

2 24 -57 16 0 -55.86 16 -11.115
2 24 -55.86 16 -11.115 -52.668 16 -21.831
2 24 -52.668 16 -21.831 -47.31 16 -31.692
2 24 -47.31 16 -31.692 -40.299 16 -40.299
2 24 -40.299 16 -40.299 -31.692 16 -47.31
2 24 -31.692 16 -47.31 -21.831 16 -52.668
2 24 -21.831 16 -52.668 -11.115 16 -55.86
2 24 -11.115 16 -55.86 0 16 -57

4 16 -57 10.75 0 -55.86 10.75 -11.115 -55.86 16 -11.115 -57 16 0
4 16 -55.86 10.75 -11.115 -52.668 10.75 -21.831 -52.668 16 -21.831 -55.86 16 -11.115
4 16 -52.668 10.75 -21.831 -47.31 10.75 -31.692 -47.31 16 -31.692 -52.668 16 -21.831
4 16 -47.31 10.75 -31.692 -40.299 10.75 -40.299 -40.299 16 -40.299 -47.31 16 -31.692
4 16 -40.299 10.75 -40.299 -31.692 10.75 -47.31 -31.692 16 -47.31 -40.299 16 -40.299
4 16 -31.692 10.75 -47.31 -21.831 10.75 -52.668 -21.831 16 -52.668 -31.692 16 -47.31
4 16 -21.831 10.75 -52.668 -11.115 10.75 -55.86 -11.115 16 -55.86 -21.831 16 -52.668
4 16 -11.115 10.75 -55.86 0 10.75 -57 0 16 -57 -11.115 16 -55.86

5 24 -57 10.75 0 -57 16 0 -55.86 10.75 11.115 -55.86 10.75 -11.115
5 24 -55.86 10.75 -11.115 -55.86 16 -11.115 -57 10.75 0 -52.668 10.75 -21.831
5 24 -52.668 10.75 -21.831 -52.668 16 -21.831 -55.86 10.75 -11.115 -47.31 10.75 -31.692
5 24 -47.31 10.75 -31.692 -47.31 16 -31.692 -52.668 10.75 -21.831 -40.299 10.75 -40.299
5 24 -40.299 10.75 -40.299 -40.299 16 -40.299 -47.31 10.75 -31.692 -31.692 10.75 -47.31
5 24 -31.692 10.75 -47.31 -31.692 16 -47.31 -40.299 10.75 -40.299 -21.831 10.75 -52.668
5 24 -21.831 10.75 -52.668 -21.831 16 -52.668 -31.692 10.75 -47.31 -11.115 10.75 -55.86

2 24 57 10.75 0 55.86 10.75 -11.115
2 24 55.86 10.75 -11.115 52.668 10.75 -21.831
2 24 52.668 10.75 -21.831 47.31 10.75 -31.692
2 24 47.31 10.75 -31.692 40.299 10.75 -40.299
2 24 40.299 10.75 -40.299 31.692 10.75 -47.31
2 24 31.692 10.75 -47.31 21.831 10.75 -52.668
2 24 21.831 10.75 -52.668 11.115 10.75 -55.86
2 24 11.115 10.75 -55.86 0 10.75 -57

2 24 57 16 0 55.86 16 -11.115
2 24 55.86 16 -11.115 52.668 16 -21.831
2 24 52.668 16 -21.831 47.31 16 -31.692
2 24 47.31 16 -31.692 40.299 16 -40.299
2 24 40.299 16 -40.299 31.692 16 -47.31
2 24 31.692 16 -47.31 21.831 16 -52.668
2 24 21.831 16 -52.668 11.115 16 -55.86
2 24 11.115 16 -55.86 0 16 -57

4 16 57 10.75 0 55.86 10.75 -11.115 55.86 16 -11.115 57 16 0
4 16 55.86 10.75 -11.115 52.668 10.75 -21.831 52.668 16 -21.831 55.86 16 -11.115
4 16 52.668 10.75 -21.831 47.31 10.75 -31.692 47.31 16 -31.692 52.668 16 -21.831
4 16 47.31 10.75 -31.692 40.299 10.75 -40.299 40.299 16 -40.299 47.31 16 -31.692
4 16 40.299 10.75 -40.299 31.692 10.75 -47.31 31.692 16 -47.31 40.299 16 -40.299
4 16 31.692 10.75 -47.31 21.831 10.75 -52.668 21.831 16 -52.668 31.692 16 -47.31
4 16 21.831 10.75 -52.668 11.115 10.75 -55.86 11.115 16 -55.86 21.831 16 -52.668
4 16 11.115 10.75 -55.86 0 10.75 -57 0 16 -57 11.115 16 -55.86

5 24 57 10.75 0 57 16 0 55.86 10.75 11.115 55.86 10.75 -11.115
5 24 55.86 10.75 -11.115 55.86 16 -11.115 57 10.75 0 52.668 10.75 -21.831
5 24 52.668 10.75 -21.831 52.668 16 -21.831 55.86 10.75 -11.115 47.31 10.75 -31.692
5 24 47.31 10.75 -31.692 47.31 16 -31.692 52.668 10.75 -21.831 40.299 10.75 -40.299
5 24 40.299 10.75 -40.299 40.299 16 -40.299 47.31 10.75 -31.692 31.692 10.75 -47.31
5 24 31.692 10.75 -47.31 31.692 16 -47.31 40.299 10.75 -40.299 21.831 10.75 -52.668
5 24 21.831 10.75 -52.668 21.831 16 -52.668 31.692 10.75 -47.31 11.115 10.75 -55.86

1 16  0 0 0  6 0 0  0 0 0  0 0 6  4-4edge.dat
1 16  0 0 0  6 0 0  0 0 0  0 0 6  ring1.dat
1 16  0 0 0  6 0 0  0 0 0  0 0 6  ring2.dat
1 16  0 0 0  6 0 0  0 0 0  0 0 6  ring3.dat
1 16  0 0 0  6 0 0  0 4 0  0 0 6  4-4cyli.dat
1 16  0 2 0  24 0 0  0 6 0  0 0 24  4-4cyli.dat
2 24 23.5 0 4 22.174 0 9.185
2 24 -23.5 0 -4 -23.5 2 -4
2 24 -23.5 0 4 -23.5 2 4
2 24 23.5 0 -4 23.5 2 -4
2 24 23.5 0 4 23.5 2 4
2 24 -4 0 -23.5 -4 2 -23.5
2 24 -4 0 23.5 -4 2 23.5
2 24 4 0 -23.5 4 2 -23.5
2 24 4 0 23.5 4 2 23.5

0 Inlined: 1 16  0 0 0  1 0 0  0 1 0  0 0 1 1-8web.dat
4 16 60 16 0 58.63 16 -12.73 55.7 16 -12.09 57 16 0
4 16 58.63 16 -12.73 55.7 16 -12.09 52.66 16 -21.81 55.43 16 -22.96
4 16 58.63 16 12.73 55.7 16 12.09 52.66 16 21.81 55.43 16 22.96
4 16 60 16 0 58.63 16 12.73 55.7 16 12.09 57 16 0
2 24 23.5 0 -4 22.174 0 -9.185
2 24 23.5 0 4 22.174 0 9.185
2 24 23.5 0 -4 35.78 2 -4
2 24 23.5 2 -4 24 2 0
2 24 23.5 2 4 24 2 0
2 24 41.8 3.5 -4 53.85 7.5 -4
4 16 23.5 0 4 23.5 0 -4 35.78 2 -4 35.78 2 4
4 16 23.5 2 4 23.5 2 -4 35.78 4 -4 35.78 4 4
4 16 23.5 0 -4 35.78 2 -4 35.78 4 -4 23.5 2 -4
4 16 23.5 0 4 35.78 2 4 35.78 4 4 23.5 2 4
2 24 23.5 2 -4 35.78 4 -4
2 24 41.8 5.5 -4 54.85 9.9 -4
2 24 41.8 3.5 -4 41.8 5.5 -4
2 24 41.8 3.5 4 41.8 5.5 4
2 24 53.85 7.5 -4 54.85 9.9 -4
2 24 53.85 7.5 4 54.85 9.9 4
2 24 23.5 0 4 35.78 2 4
2 24 35.78 2 -4 35.78 4 -4
2 24 35.78 2 4 35.78 4 4
2 24 41.8 3.5 4 53.85 7.5 4
4 16 41.8 3.5 -4 53.85 7.5 -4 54.85 9.9 -4 41.8 5.5 -4
4 16 41.8 3.5 4 53.85 7.5 4 54.85 9.9 4 41.8 5.5 4
4 16 41.8 3.5 4 41.8 3.5 -4 53.85 7.5 4 53.85 7.5 -4
4 16 41.8 5.5 4 41.8 5.5 -4 54.85 9.9 4 54.85 9.9 -4
2 24 23.5 2 4 35.78 4 4
2 24 41.8 5.5 4 54.85 9.9 4
2 24 53.94 9.9 -10.73 50.81 9.9 -21.05
2 24 54.85 9.9 -4 53.94 9.9 -10.73
2 24 54.85 9.9 4 53.94 9.9 10.73
2 24 53.94 9.9 10.73 50.81 9.9 21.05
4 16 57 10.75 0 55 9.9 0 53.94 9.9 -10.73 55.9 10.75 -11.12
4 16 57 10.75 0 55 9.9 0 53.94 9.9 10.73 55.9 10.75 11.12
4 16 55.9 10.75 11.12 53.94 9.9 10.73 50.81 9.9 21.05 52.66 10.75 21.81
4 16 35.78 2 4 35.78 2 -4 41.8 3.5 -4 41.8 3.5 4
2 24 35.18 2 -7.64 33.26 2 -13.78
2 24 35.18 4 -7.64 33.26 4 -13.78
4 16 35.18 2 -7.64 33.26 2 -13.78 38.8 3.5 -16.07 41 3.5 -8.91
4 16 35.18 4 -7.64 33.26 4 -13.78 38.8 5.5 -16.07 41 5.5 -8.91
4 16 35.18 2 -7.64 33.26 2 -13.78 33.26 4 -13.78 35.18 4 -7.64
4 16 38.8 3.5 -16.07 41 3.5 -8.91 41 5.5 -8.91 38.8 5.5 -16.07
2 24 35.78 2 -4 35.18 2 -7.64
2 24 35.78 4 -4 35.18 4 -7.64
4 16 35.78 2 -4 35.18 2 -7.64 41 3.5 -8.91 41.8 3.5 -4
4 16 35.78 4 -4 35.18 4 -7.64 41 5.5 -8.91 41.8 5.5 -4
4 16 35.78 2 -4 35.18 2 -7.64 35.18 4 -7.64 35.78 4 -4
4 16 41 3.5 -8.91 41.8 3.5 -4 41.8 5.5 -4 41 5.5 -8.91
4 16 35.78 2 4 35.18 2 7.64 41 3.5 8.91 41.8 3.5 4
4 16 35.78 4 4 35.18 4 7.64 41 5.5 8.91 41.8 5.5 4
4 16 35.78 2 4 35.18 2 7.64 35.18 4 7.64 35.78 4 4
4 16 41 3.5 8.91 41.8 3.5 4 41.8 5.5 4 41 5.5 8.91
2 24 35.78 2 4 35.18 2 7.64
2 24 35.78 4 4 35.18 4 7.64
2 24 35.18 2 7.64 33.26 2 13.78
2 24 35.18 4 7.64 33.26 4 13.78
4 16 35.18 2 7.64 33.26 2 13.78 38.8 3.5 16.07 41 3.5 8.91
4 16 35.18 4 7.64 33.26 4 13.78 38.8 5.5 16.07 41 5.5 8.91
4 16 35.18 2 7.64 33.26 2 13.78 33.26 4 13.78 35.18 4 7.64
4 16 38.8 3.5 16.07 41 3.5 8.91 41 5.5 8.91 38.8 5.5 16.07
2 24 41 3.5 -8.91 38.8 3.5 -16.07
2 24 41.8 3.5 -4 41 3.5 -8.91
2 24 41.8 3.5 4 41 3.5 8.91
2 24 41 3.5 8.91 38.8 3.5 16.07
2 24 41 5.5 -8.91 38.8 5.5 -16.07
2 24 41.8 5.5 -4 41 5.5 -8.91
2 24 41.8 5.5 4 41 5.5 8.91
2 24 41 5.5 8.91 38.8 5.5 16.07
4 16 35.78 4 4 35.78 4 -4 41.8 5.5 -4 41.8 5.5 4
3 16 53.85 7.5 -4 53.85 7.5 4 60 10 0
4 16 53.85 7.5 -4 60 10 0 58.85 10 -12.73 52.77 7.5 -11.46
4 16 53.85 7.5 4 60 10 0 58.85 10 12.73 52.77 7.5 11.46
4 16 52.77 7.5 11.46 49.89 7.5 20.66 55.43 10 22.96 58.85 10 12.73
4 16 52.77 7.5 -11.46 49.89 7.5 -20.66 55.43 10 -22.96 58.85 10 -12.73
2 24 53.85 7.5 4 52.77 7.5 11.46
2 24 52.77 7.5 11.46 49.89 7.5 20.66
2 24 53.85 7.5 -4 52.77 7.5 -11.46
2 24 52.77 7.5 -11.46 49.89 7.5 -20.66

0 Inlined: 1 16  0 0 0  0.707 0 -0.707 0 1 0  0.707 0 0.707 1-8web.dat
4 16 42.42 16 42.42 50.45 16 32.45 47.93 16 30.83 40.3 16 40.3
4 16 50.45 16 32.45 47.93 16 30.83 52.65 16 21.81 55.42 16 22.96
4 16 32.45 16 50.45 30.83 16 47.93 21.81 16 52.65 22.96 16 55.42
4 16 42.42 16 42.42 32.45 16 50.45 30.83 16 47.93 40.3 16 40.3
2 24 19.44 0 13.786 22.17 0 9.183
2 24 13.786 0 19.44 9.183 0 22.17
2 24 19.44 0 13.786 28.12 2 22.47
2 24 19.44 2 13.786 16.97 2 16.97
2 24 13.786 2 19.44 16.97 2 16.97
2 24 32.38 3.5 26.725 40.9 7.5 35.24
4 16 13.786 0 19.44 19.44 0 13.786 28.12 2 22.47 22.47 2 28.12
4 16 13.786 2 19.44 19.44 2 13.786 28.12 4 22.47 22.47 4 28.12
4 16 19.44 0 13.786 28.12 2 22.47 28.12 4 22.47 19.44 2 13.786
4 16 13.786 0 19.44 22.47 2 28.12 22.47 4 28.12 13.786 2 19.44
2 24 19.44 2 13.786 28.12 4 22.47
2 24 32.38 5.5 26.725 41.61 9.9 35.95
2 24 32.38 3.5 26.725 32.38 5.5 26.725
2 24 26.725 3.5 32.38 26.725 5.5 32.38
2 24 40.9 7.5 35.24 41.61 9.9 35.95
2 24 35.24 7.5 40.9 35.95 9.9 41.61
2 24 13.786 0 19.44 22.47 2 28.12
2 24 28.12 2 22.47 28.12 4 22.47
2 24 22.47 2 28.12 22.47 4 28.12
2 24 26.725 3.5 32.38 35.24 7.5 40.9
4 16 32.38 3.5 26.725 40.9 7.5 35.24 41.61 9.9 35.95 32.38 5.5 26.725
4 16 26.725 3.5 32.38 35.24 7.5 40.9 35.95 9.9 41.61 26.725 5.5 32.38
4 16 26.725 3.5 32.38 32.38 3.5 26.725 35.24 7.5 40.9 40.9 7.5 35.24
4 16 26.725 5.5 32.38 32.38 5.5 26.725 35.95 9.9 41.61 41.61 9.9 35.95
2 24 13.786 2 19.44 22.47 4 28.12
2 24 26.725 5.5 32.38 35.95 9.9 41.61
2 24 45.72 9.9 30.55 50.805 9.9 21.04
2 24 41.61 9.9 35.95 45.72 9.9 30.55
2 24 35.95 9.9 41.61 30.55 9.9 45.72
2 24 30.55 9.9 45.72 21.04 9.9 50.805
4 16 40.3 10.75 40.3 38.885 9.9 38.885 45.72 9.9 30.55 47.38 10.75 31.66
4 16 40.3 10.75 40.3 38.885 9.9 38.885 30.55 9.9 45.72 31.66 10.75 47.38
4 16 31.66 10.75 47.38 30.55 9.9 45.72 21.04 9.9 50.805 21.81 10.75 52.65
4 16 22.47 2 28.12 28.12 2 22.47 32.38 3.5 26.725 26.725 3.5 32.38
2 24 30.274 2 19.47 33.26 2 13.77
2 24 30.274 4 19.47 33.26 4 13.77
4 16 30.274 2 19.47 33.26 2 13.77 38.79 3.5 16.07 35.286 3.5 22.69
4 16 30.274 4 19.47 33.26 4 13.77 38.79 5.5 16.07 35.286 5.5 22.69
4 16 30.274 2 19.47 33.26 2 13.77 33.26 4 13.77 30.274 4 19.47
4 16 38.79 3.5 16.07 35.286 3.5 22.69 35.286 5.5 22.69 38.79 5.5 16.07
2 24 28.12 2 22.47 30.274 2 19.47
2 24 28.12 4 22.47 30.274 4 19.47
4 16 28.12 2 22.47 30.274 2 19.47 35.286 3.5 22.69 32.38 3.5 26.725
4 16 28.12 4 22.47 30.274 4 19.47 35.286 5.5 22.69 32.38 5.5 26.725
4 16 28.12 2 22.47 30.274 2 19.47 30.274 4 19.47 28.12 4 22.47
4 16 35.286 3.5 22.69 32.38 3.5 26.725 32.38 5.5 26.725 35.286 5.5 22.69
4 16 22.47 2 28.12 19.47 2 30.274 22.69 3.5 35.286 26.725 3.5 32.38
4 16 22.47 4 28.12 19.47 4 30.274 22.69 5.5 35.286 26.725 5.5 32.38
4 16 22.47 2 28.12 19.47 2 30.274 19.47 4 30.274 22.47 4 28.12
4 16 22.69 3.5 35.286 26.725 3.5 32.38 26.725 5.5 32.38 22.69 5.5 35.286
2 24 22.47 2 28.12 19.47 2 30.274
2 24 22.47 4 28.12 19.47 4 30.274
2 24 19.47 2 30.274 13.77 2 33.26
2 24 19.47 4 30.274 13.77 4 33.26
4 16 19.47 2 30.274 13.77 2 33.26 16.07 3.5 38.79 22.69 3.5 35.286
4 16 19.47 4 30.274 13.77 4 33.26 16.07 5.5 38.79 22.69 5.5 35.286
4 16 19.47 2 30.274 13.77 2 33.26 13.77 4 33.26 19.47 4 30.274
4 16 16.07 3.5 38.79 22.69 3.5 35.286 22.69 5.5 35.286 16.07 5.5 38.79
2 24 35.286 3.5 22.69 38.79 3.5 16.07
2 24 32.38 3.5 26.725 35.286 3.5 22.69
2 24 26.725 3.5 32.38 22.69 3.5 35.286
2 24 22.69 3.5 35.286 16.07 3.5 38.79
2 24 35.286 5.5 22.69 38.79 5.5 16.07
2 24 32.38 5.5 26.725 35.286 5.5 22.69
2 24 26.725 5.5 32.38 22.69 5.5 35.286
2 24 22.69 5.5 35.286 16.07 5.5 38.79
4 16 22.47 4 28.12 28.12 4 22.47 32.38 5.5 26.725 26.725 5.5 32.38
3 16 40.9 7.5 35.24 35.24 7.5 40.9 42.42 10 42.42
4 16 40.9 7.5 35.24 42.42 10 42.42 50.61 10 32.61 45.41 7.5 29.21
4 16 35.24 7.5 40.9 42.42 10 42.42 32.61 10 50.61 29.21 7.5 45.41
4 16 29.21 7.5 45.41 20.67 7.5 49.88 22.96 10 55.42 32.61 10 50.61
4 16 45.41 7.5 29.21 49.88 7.5 20.67 55.42 10 22.96 50.61 10 32.61
2 24 35.24 7.5 40.9 29.21 7.5 45.41
2 24 29.21 7.5 45.41 20.67 7.5 49.88
2 24 40.9 7.5 35.24 45.41 7.5 29.21
2 24 45.41 7.5 29.21 49.88 7.5 20.67

0 Inlined: 1 16  0 0 0  0 0 -1  0 1 0  1 0 0 1-8web.dat
4 16 0 16 60 12.73 16 58.63 12.09 16 55.7 0 16 57
4 16 12.73 16 58.63 12.09 16 55.7 21.81 16 52.66 22.96 16 55.43
4 16 -12.73 16 58.63 -12.09 16 55.7 -21.81 16 52.66 -22.96 16 55.43
4 16 0 16 60 -12.73 16 58.63 -12.09 16 55.7 0 16 57
2 24 4 0 23.5 9.185 0 22.174
2 24 -4 0 23.5 -9.185 0 22.174
2 24 4 0 23.5 4 2 35.78
2 24 4 2 23.5 0 2 24
2 24 -4 2 23.5 0 2 24
2 24 4 3.5 41.8 4 7.5 53.85
4 16 -4 0 23.5 4 0 23.5 4 2 35.78 -4 2 35.78
4 16 -4 2 23.5 4 2 23.5 4 4 35.78 -4 4 35.78
4 16 4 0 23.5 4 2 35.78 4 4 35.78 4 2 23.5
4 16 -4 0 23.5 -4 2 35.78 -4 4 35.78 -4 2 23.5
2 24 4 2 23.5 4 4 35.78
2 24 4 5.5 41.8 4 9.9 54.85
2 24 4 3.5 41.8 4 5.5 41.8
2 24 -4 3.5 41.8 -4 5.5 41.8
2 24 4 7.5 53.85 4 9.9 54.85
2 24 -4 7.5 53.85 -4 9.9 54.85
2 24 -4 0 23.5 -4 2 35.78
2 24 4 2 35.78 4 4 35.78
2 24 -4 2 35.78 -4 4 35.78
2 24 -4 3.5 41.8 -4 7.5 53.85
4 16 4 3.5 41.8 4 7.5 53.85 4 9.9 54.85 4 5.5 41.8
4 16 -4 3.5 41.8 -4 7.5 53.85 -4 9.9 54.85 -4 5.5 41.8
4 16 -4 3.5 41.8 4 3.5 41.8 -4 7.5 53.85 4 7.5 53.85
4 16 -4 5.5 41.8 4 5.5 41.8 -4 9.9 54.85 4 9.9 54.85
2 24 -4 2 23.5 -4 4 35.78
2 24 -4 5.5 41.8 -4 9.9 54.85
2 24 10.73 9.9 53.94 21.05 9.9 50.81
2 24 4 9.9 54.85 10.73 9.9 53.94
2 24 -4 9.9 54.85 -10.73 9.9 53.94
2 24 -10.73 9.9 53.94 -21.05 9.9 50.81
4 16 0 10.75 57 0 9.9 55 10.73 9.9 53.94 11.12 10.75 55.9
4 16 0 10.75 57 0 9.9 55 -10.73 9.9 53.94 -11.12 10.75 55.9
4 16 -11.12 10.75 55.9 -10.73 9.9 53.94 -21.05 9.9 50.81 -21.81 10.75 52.66
4 16 -4 2 35.78 4 2 35.78 4 3.5 41.8 -4 3.5 41.8
2 24 7.64 2 35.18 13.78 2 33.26
2 24 7.64 4 35.18 13.78 4 33.26
4 16 7.64 2 35.18 13.78 2 33.26 16.07 3.5 38.8 8.91 3.5 41
4 16 7.64 4 35.18 13.78 4 33.26 16.07 5.5 38.8 8.91 5.5 41
4 16 7.64 2 35.18 13.78 2 33.26 13.78 4 33.26 7.64 4 35.18
4 16 16.07 3.5 38.8 8.91 3.5 41 8.91 5.5 41 16.07 5.5 38.8
2 24 4 2 35.78 7.64 2 35.18
2 24 4 4 35.78 7.64 4 35.18
4 16 4 2 35.78 7.64 2 35.18 8.91 3.5 41 4 3.5 41.8
4 16 4 4 35.78 7.64 4 35.18 8.91 5.5 41 4 5.5 41.8
4 16 4 2 35.78 7.64 2 35.18 7.64 4 35.18 4 4 35.78
4 16 8.91 3.5 41 4 3.5 41.8 4 5.5 41.8 8.91 5.5 41
4 16 -4 2 35.78 -7.64 2 35.18 -8.91 3.5 41 -4 3.5 41.8
4 16 -4 4 35.78 -7.64 4 35.18 -8.91 5.5 41 -4 5.5 41.8
4 16 -4 2 35.78 -7.64 2 35.18 -7.64 4 35.18 -4 4 35.78
4 16 -8.91 3.5 41 -4 3.5 41.8 -4 5.5 41.8 -8.91 5.5 41
2 24 -4 2 35.78 -7.64 2 35.18
2 24 -4 4 35.78 -7.64 4 35.18
2 24 -7.64 2 35.18 -13.78 2 33.26
2 24 -7.64 4 35.18 -13.78 4 33.26
4 16 -7.64 2 35.18 -13.78 2 33.26 -16.07 3.5 38.8 -8.91 3.5 41
4 16 -7.64 4 35.18 -13.78 4 33.26 -16.07 5.5 38.8 -8.91 5.5 41
4 16 -7.64 2 35.18 -13.78 2 33.26 -13.78 4 33.26 -7.64 4 35.18
4 16 -16.07 3.5 38.8 -8.91 3.5 41 -8.91 5.5 41 -16.07 5.5 38.8
2 24 8.91 3.5 41 16.07 3.5 38.8
2 24 4 3.5 41.8 8.91 3.5 41
2 24 -4 3.5 41.8 -8.91 3.5 41
2 24 -8.91 3.5 41 -16.07 3.5 38.8
2 24 8.91 5.5 41 16.07 5.5 38.8
2 24 4 5.5 41.8 8.91 5.5 41
2 24 -4 5.5 41.8 -8.91 5.5 41
2 24 -8.91 5.5 41 -16.07 5.5 38.8
4 16 -4 4 35.78 4 4 35.78 4 5.5 41.8 -4 5.5 41.8
3 16 4 7.5 53.85 -4 7.5 53.85 0 10 60
4 16 4 7.5 53.85 0 10 60 12.73 10 58.85 11.46 7.5 52.77
4 16 -4 7.5 53.85 0 10 60 -12.73 10 58.85 -11.46 7.5 52.77
4 16 -11.46 7.5 52.77 -20.66 7.5 49.89 -22.96 10 55.43 -12.73 10 58.85
4 16 11.46 7.5 52.77 20.66 7.5 49.89 22.96 10 55.43 12.73 10 58.85
2 24 -4 7.5 53.85 -11.46 7.5 52.77
2 24 -11.46 7.5 52.77 -20.66 7.5 49.89
2 24 4 7.5 53.85 11.46 7.5 52.77
2 24 11.46 7.5 52.77 20.66 7.5 49.89

0 Inlined: 1 16  0 0 0  -0.707 0 -0.707 0 1 0  0.707 0 -0.707 1-8web.dat
4 16 -42.42 16 42.42 -32.45 16 50.45 -30.83 16 47.93 -40.3 16 40.3
4 16 -32.45 16 50.45 -30.83 16 47.93 -21.81 16 52.65 -22.96 16 55.42
4 16 -50.45 16 32.45 -47.93 16 30.83 -52.65 16 21.81 -55.42 16 22.96
4 16 -42.42 16 42.42 -50.45 16 32.45 -47.93 16 30.83 -40.3 16 40.3
2 24 -13.786 0 19.44 -9.183 0 22.17
2 24 -19.44 0 13.786 -22.17 0 9.183
2 24 -13.786 0 19.44 -22.47 2 28.12
2 24 -13.786 2 19.44 -16.97 2 16.97
2 24 -19.44 2 13.786 -16.97 2 16.97
2 24 -26.725 3.5 32.38 -35.24 7.5 40.9
4 16 -19.44 0 13.786 -13.786 0 19.44 -22.47 2 28.12 -28.12 2 22.47
4 16 -19.44 2 13.786 -13.786 2 19.44 -22.47 4 28.12 -28.12 4 22.47
4 16 -13.786 0 19.44 -22.47 2 28.12 -22.47 4 28.12 -13.786 2 19.44
4 16 -19.44 0 13.786 -28.12 2 22.47 -28.12 4 22.47 -19.44 2 13.786
2 24 -13.786 2 19.44 -22.47 4 28.12
2 24 -26.725 5.5 32.38 -35.95 9.9 41.61
2 24 -26.725 3.5 32.38 -26.725 5.5 32.38
2 24 -32.38 3.5 26.725 -32.38 5.5 26.725
2 24 -35.24 7.5 40.9 -35.95 9.9 41.61
2 24 -40.9 7.5 35.24 -41.61 9.9 35.95
2 24 -19.44 0 13.786 -28.12 2 22.47
2 24 -22.47 2 28.12 -22.47 4 28.12
2 24 -28.12 2 22.47 -28.12 4 22.47
2 24 -32.38 3.5 26.725 -40.9 7.5 35.24
4 16 -26.725 3.5 32.38 -35.24 7.5 40.9 -35.95 9.9 41.61 -26.725 5.5 32.38
4 16 -32.38 3.5 26.725 -40.9 7.5 35.24 -41.61 9.9 35.95 -32.38 5.5 26.725
4 16 -32.38 3.5 26.725 -26.725 3.5 32.38 -40.9 7.5 35.24 -35.24 7.5 40.9
4 16 -32.38 5.5 26.725 -26.725 5.5 32.38 -41.61 9.9 35.95 -35.95 9.9 41.61
2 24 -19.44 2 13.786 -28.12 4 22.47
2 24 -32.38 5.5 26.725 -41.61 9.9 35.95
2 24 -30.55 9.9 45.72 -21.04 9.9 50.805
2 24 -35.95 9.9 41.61 -30.55 9.9 45.72
2 24 -41.61 9.9 35.95 -45.72 9.9 30.55
2 24 -45.72 9.9 30.55 -50.805 9.9 21.04
4 16 -40.3 10.75 40.3 -38.885 9.9 38.885 -30.55 9.9 45.72 -31.66 10.75 47.38
4 16 -40.3 10.75 40.3 -38.885 9.9 38.885 -45.72 9.9 30.55 -47.38 10.75 31.66
4 16 -47.38 10.75 31.66 -45.72 9.9 30.55 -50.805 9.9 21.04 -52.65 10.75 21.81
4 16 -28.12 2 22.47 -22.47 2 28.12 -26.725 3.5 32.38 -32.38 3.5 26.725
2 24 -19.47 2 30.274 -13.77 2 33.26
2 24 -19.47 4 30.274 -13.77 4 33.26
4 16 -19.47 2 30.274 -13.77 2 33.26 -16.07 3.5 38.79 -22.69 3.5 35.286
4 16 -19.47 4 30.274 -13.77 4 33.26 -16.07 5.5 38.79 -22.69 5.5 35.286
4 16 -19.47 2 30.274 -13.77 2 33.26 -13.77 4 33.26 -19.47 4 30.274
4 16 -16.07 3.5 38.79 -22.69 3.5 35.286 -22.69 5.5 35.286 -16.07 5.5 38.79
2 24 -22.47 2 28.12 -19.47 2 30.274
2 24 -22.47 4 28.12 -19.47 4 30.274
4 16 -22.47 2 28.12 -19.47 2 30.274 -22.69 3.5 35.286 -26.725 3.5 32.38
4 16 -22.47 4 28.12 -19.47 4 30.274 -22.69 5.5 35.286 -26.725 5.5 32.38
4 16 -22.47 2 28.12 -19.47 2 30.274 -19.47 4 30.274 -22.47 4 28.12
4 16 -22.69 3.5 35.286 -26.725 3.5 32.38 -26.725 5.5 32.38 -22.69 5.5 35.286
4 16 -28.12 2 22.47 -30.274 2 19.47 -35.286 3.5 22.69 -32.38 3.5 26.725
4 16 -28.12 4 22.47 -30.274 4 19.47 -35.286 5.5 22.69 -32.38 5.5 26.725
4 16 -28.12 2 22.47 -30.274 2 19.47 -30.274 4 19.47 -28.12 4 22.47
4 16 -35.286 3.5 22.69 -32.38 3.5 26.725 -32.38 5.5 26.725 -35.286 5.5 22.69
2 24 -28.12 2 22.47 -30.274 2 19.47
2 24 -28.12 4 22.47 -30.274 4 19.47
2 24 -30.274 2 19.47 -33.26 2 13.77
2 24 -30.274 4 19.47 -33.26 4 13.77
4 16 -30.274 2 19.47 -33.26 2 13.77 -38.79 3.5 16.07 -35.286 3.5 22.69
4 16 -30.274 4 19.47 -33.26 4 13.77 -38.79 5.5 16.07 -35.286 5.5 22.69
4 16 -30.274 2 19.47 -33.26 2 13.77 -33.26 4 13.77 -30.274 4 19.47
4 16 -38.79 3.5 16.07 -35.286 3.5 22.69 -35.286 5.5 22.69 -38.79 5.5 16.07
2 24 -22.69 3.5 35.286 -16.07 3.5 38.79
2 24 -26.725 3.5 32.38 -22.69 3.5 35.286
2 24 -32.38 3.5 26.725 -35.286 3.5 22.69
2 24 -35.286 3.5 22.69 -38.79 3.5 16.07
2 24 -22.69 5.5 35.286 -16.07 5.5 38.79
2 24 -26.725 5.5 32.38 -22.69 5.5 35.286
2 24 -32.38 5.5 26.725 -35.286 5.5 22.69
2 24 -35.286 5.5 22.69 -38.79 5.5 16.07
4 16 -28.12 4 22.47 -22.47 4 28.12 -26.725 5.5 32.38 -32.38 5.5 26.725
3 16 -35.24 7.5 40.9 -40.9 7.5 35.24 -42.42 10 42.42
4 16 -35.24 7.5 40.9 -42.42 10 42.42 -32.61 10 50.61 -29.21 7.5 45.41
4 16 -40.9 7.5 35.24 -42.42 10 42.42 -50.61 10 32.61 -45.41 7.5 29.21
4 16 -45.41 7.5 29.21 -49.88 7.5 20.67 -55.42 10 22.96 -50.61 10 32.61
4 16 -29.21 7.5 45.41 -20.67 7.5 49.88 -22.96 10 55.42 -32.61 10 50.61
2 24 -40.9 7.5 35.24 -45.41 7.5 29.21
2 24 -45.41 7.5 29.21 -49.88 7.5 20.67
2 24 -35.24 7.5 40.9 -29.21 7.5 45.41
2 24 -29.21 7.5 45.41 -20.67 7.5 49.88

0 Inlined: 1 16  0 0 0  -1 0 0  0 1 0  0 0 -1 1-8web.dat
4 16 -60 16 0 -58.63 16 12.73 -55.7 16 12.09 -57 16 0
4 16 -58.63 16 12.73 -55.7 16 12.09 -52.66 16 21.81 -55.43 16 22.96
4 16 -58.63 16 -12.73 -55.7 16 -12.09 -52.66 16 -21.81 -55.43 16 -22.96
4 16 -60 16 0 -58.63 16 -12.73 -55.7 16 -12.09 -57 16 0
2 24 -23.5 0 4 -22.174 0 9.185
2 24 -23.5 0 -4 -22.174 0 -9.185
2 24 -23.5 0 4 -35.78 2 4
2 24 -23.5 2 4 -24 2 0
2 24 -23.5 2 -4 -24 2 0
2 24 -41.8 3.5 4 -53.85 7.5 4
4 16 -23.5 0 -4 -23.5 0 4 -35.78 2 4 -35.78 2 -4
4 16 -23.5 2 -4 -23.5 2 4 -35.78 4 4 -35.78 4 -4
4 16 -23.5 0 4 -35.78 2 4 -35.78 4 4 -23.5 2 4
4 16 -23.5 0 -4 -35.78 2 -4 -35.78 4 -4 -23.5 2 -4
2 24 -23.5 2 4 -35.78 4 4
2 24 -41.8 5.5 4 -54.85 9.9 4
2 24 -41.8 3.5 4 -41.8 5.5 4
2 24 -41.8 3.5 -4 -41.8 5.5 -4
2 24 -53.85 7.5 4 -54.85 9.9 4
2 24 -53.85 7.5 -4 -54.85 9.9 -4
2 24 -23.5 0 -4 -35.78 2 -4
2 24 -35.78 2 4 -35.78 4 4
2 24 -35.78 2 -4 -35.78 4 -4
2 24 -41.8 3.5 -4 -53.85 7.5 -4
4 16 -41.8 3.5 4 -53.85 7.5 4 -54.85 9.9 4 -41.8 5.5 4
4 16 -41.8 3.5 -4 -53.85 7.5 -4 -54.85 9.9 -4 -41.8 5.5 -4
4 16 -41.8 3.5 -4 -41.8 3.5 4 -53.85 7.5 -4 -53.85 7.5 4
4 16 -41.8 5.5 -4 -41.8 5.5 4 -54.85 9.9 -4 -54.85 9.9 4
2 24 -23.5 2 -4 -35.78 4 -4
2 24 -41.8 5.5 -4 -54.85 9.9 -4
2 24 -53.94 9.9 10.73 -50.81 9.9 21.05
2 24 -54.85 9.9 4 -53.94 9.9 10.73
2 24 -54.85 9.9 -4 -53.94 9.9 -10.73
2 24 -53.94 9.9 -10.73 -50.81 9.9 -21.05
4 16 -57 10.75 0 -55 9.9 0 -53.94 9.9 10.73 -55.9 10.75 11.12
4 16 -57 10.75 0 -55 9.9 0 -53.94 9.9 -10.73 -55.9 10.75 -11.12
4 16 -55.9 10.75 -11.12 -53.94 9.9 -10.73 -50.81 9.9 -21.05 -52.66 10.75 -21.81
4 16 -35.78 2 -4 -35.78 2 4 -41.8 3.5 4 -41.8 3.5 -4
2 24 -35.18 2 7.64 -33.26 2 13.78
2 24 -35.18 4 7.64 -33.26 4 13.78
4 16 -35.18 2 7.64 -33.26 2 13.78 -38.8 3.5 16.07 -41 3.5 8.91
4 16 -35.18 4 7.64 -33.26 4 13.78 -38.8 5.5 16.07 -41 5.5 8.91
4 16 -35.18 2 7.64 -33.26 2 13.78 -33.26 4 13.78 -35.18 4 7.64
4 16 -38.8 3.5 16.07 -41 3.5 8.91 -41 5.5 8.91 -38.8 5.5 16.07
2 24 -35.78 2 4 -35.18 2 7.64
2 24 -35.78 4 4 -35.18 4 7.64
4 16 -35.78 2 4 -35.18 2 7.64 -41 3.5 8.91 -41.8 3.5 4
4 16 -35.78 4 4 -35.18 4 7.64 -41 5.5 8.91 -41.8 5.5 4
4 16 -35.78 2 4 -35.18 2 7.64 -35.18 4 7.64 -35.78 4 4
4 16 -41 3.5 8.91 -41.8 3.5 4 -41.8 5.5 4 -41 5.5 8.91
4 16 -35.78 2 -4 -35.18 2 -7.64 -41 3.5 -8.91 -41.8 3.5 -4
4 16 -35.78 4 -4 -35.18 4 -7.64 -41 5.5 -8.91 -41.8 5.5 -4
4 16 -35.78 2 -4 -35.18 2 -7.64 -35.18 4 -7.64 -35.78 4 -4
4 16 -41 3.5 -8.91 -41.8 3.5 -4 -41.8 5.5 -4 -41 5.5 -8.91
2 24 -35.78 2 -4 -35.18 2 -7.64
2 24 -35.78 4 -4 -35.18 4 -7.64
2 24 -35.18 2 -7.64 -33.26 2 -13.78
2 24 -35.18 4 -7.64 -33.26 4 -13.78
4 16 -35.18 2 -7.64 -33.26 2 -13.78 -38.8 3.5 -16.07 -41 3.5 -8.91
4 16 -35.18 4 -7.64 -33.26 4 -13.78 -38.8 5.5 -16.07 -41 5.5 -8.91
4 16 -35.18 2 -7.64 -33.26 2 -13.78 -33.26 4 -13.78 -35.18 4 -7.64
4 16 -38.8 3.5 -16.07 -41 3.5 -8.91 -41 5.5 -8.91 -38.8 5.5 -16.07
2 24 -41 3.5 8.91 -38.8 3.5 16.07
2 24 -41.8 3.5 4 -41 3.5 8.91
2 24 -41.8 3.5 -4 -41 3.5 -8.91
2 24 -41 3.5 -8.91 -38.8 3.5 -16.07
2 24 -41 5.5 8.91 -38.8 5.5 16.07
2 24 -41.8 5.5 4 -41 5.5 8.91
2 24 -41.8 5.5 -4 -41 5.5 -8.91
2 24 -41 5.5 -8.91 -38.8 5.5 -16.07
4 16 -35.78 4 -4 -35.78 4 4 -41.8 5.5 4 -41.8 5.5 -4
3 16 -53.85 7.5 4 -53.85 7.5 -4 -60 10 0
4 16 -53.85 7.5 4 -60 10 0 -58.85 10 12.73 -52.77 7.5 11.46
4 16 -53.85 7.5 -4 -60 10 0 -58.85 10 -12.73 -52.77 7.5 -11.46
4 16 -52.77 7.5 -11.46 -49.89 7.5 -20.66 -55.43 10 -22.96 -58.85 10 -12.73
4 16 -52.77 7.5 11.46 -49.89 7.5 20.66 -55.43 10 22.96 -58.85 10 12.73
2 24 -53.85 7.5 -4 -52.77 7.5 -11.46
2 24 -52.77 7.5 -11.46 -49.89 7.5 -20.66
2 24 -53.85 7.5 4 -52.77 7.5 11.46
2 24 -52.77 7.5 11.46 -49.89 7.5 20.66
0 Inlined: 1 16  0 0 0  -0.707 0 0.707 0 1 0  -0.707 0 -0.707 1-8web.dat
4 16 -42.42 16 -42.42 -50.45 16 -32.45 -47.93 16 -30.83 -40.3 16 -40.3
4 16 -50.45 16 -32.45 -47.93 16 -30.83 -52.65 16 -21.81 -55.42 16 -22.96
4 16 -32.45 16 -50.45 -30.83 16 -47.93 -21.81 16 -52.65 -22.96 16 -55.42
4 16 -42.42 16 -42.42 -32.45 16 -50.45 -30.83 16 -47.93 -40.3 16 -40.3
2 24 -19.44 0 -13.786 -22.17 0 -9.183
2 24 -13.786 0 -19.44 -9.183 0 -22.17
2 24 -19.44 0 -13.786 -28.12 2 -22.47
2 24 -19.44 2 -13.786 -16.97 2 -16.97
2 24 -13.786 2 -19.44 -16.97 2 -16.97
2 24 -32.38 3.5 -26.725 -40.9 7.5 -35.24
4 16 -13.786 0 -19.44 -19.44 0 -13.786 -28.12 2 -22.47 -22.47 2 -28.12
4 16 -13.786 2 -19.44 -19.44 2 -13.786 -28.12 4 -22.47 -22.47 4 -28.12
4 16 -19.44 0 -13.786 -28.12 2 -22.47 -28.12 4 -22.47 -19.44 2 -13.786
4 16 -13.786 0 -19.44 -22.47 2 -28.12 -22.47 4 -28.12 -13.786 2 -19.44
2 24 -19.44 2 -13.786 -28.12 4 -22.47
2 24 -32.38 5.5 -26.725 -41.61 9.9 -35.95
2 24 -32.38 3.5 -26.725 -32.38 5.5 -26.725
2 24 -26.725 3.5 -32.38 -26.725 5.5 -32.38
2 24 -40.9 7.5 -35.24 -41.61 9.9 -35.95
2 24 -35.24 7.5 -40.9 -35.95 9.9 -41.61
2 24 -13.786 0 -19.44 -22.47 2 -28.12
2 24 -28.12 2 -22.47 -28.12 4 -22.47
2 24 -22.47 2 -28.12 -22.47 4 -28.12
2 24 -26.725 3.5 -32.38 -35.24 7.5 -40.9
4 16 -32.38 3.5 -26.725 -40.9 7.5 -35.24 -41.61 9.9 -35.95 -32.38 5.5 -26.725
4 16 -26.725 3.5 -32.38 -35.24 7.5 -40.9 -35.95 9.9 -41.61 -26.725 5.5 -32.38
4 16 -26.725 3.5 -32.38 -32.38 3.5 -26.725 -35.24 7.5 -40.9 -40.9 7.5 -35.24
4 16 -26.725 5.5 -32.38 -32.38 5.5 -26.725 -35.95 9.9 -41.61 -41.61 9.9 -35.95
2 24 -13.786 2 -19.44 -22.47 4 -28.12
2 24 -26.725 5.5 -32.38 -35.95 9.9 -41.61
2 24 -45.72 9.9 -30.55 -50.805 9.9 -21.04
2 24 -41.61 9.9 -35.95 -45.72 9.9 -30.55
2 24 -35.95 9.9 -41.61 -30.55 9.9 -45.72
2 24 -30.55 9.9 -45.72 -21.04 9.9 -50.805
4 16 -40.3 10.75 -40.3 -38.885 9.9 -38.885 -45.72 9.9 -30.55 -47.38 10.75 -31.66
4 16 -40.3 10.75 -40.3 -38.885 9.9 -38.885 -30.55 9.9 -45.72 -31.66 10.75 -47.38
4 16 -31.66 10.75 -47.38 -30.55 9.9 -45.72 -21.04 9.9 -50.805 -21.81 10.75 -52.65
4 16 -22.47 2 -28.12 -28.12 2 -22.47 -32.38 3.5 -26.725 -26.725 3.5 -32.38
2 24 -30.274 2 -19.47 -33.26 2 -13.77
2 24 -30.274 4 -19.47 -33.26 4 -13.77
4 16 -30.274 2 -19.47 -33.26 2 -13.77 -38.79 3.5 -16.07 -35.286 3.5 -22.69
4 16 -30.274 4 -19.47 -33.26 4 -13.77 -38.79 5.5 -16.07 -35.286 5.5 -22.69
4 16 -30.274 2 -19.47 -33.26 2 -13.77 -33.26 4 -13.77 -30.274 4 -19.47
4 16 -38.79 3.5 -16.07 -35.286 3.5 -22.69 -35.286 5.5 -22.69 -38.79 5.5 -16.07
2 24 -28.12 2 -22.47 -30.274 2 -19.47
2 24 -28.12 4 -22.47 -30.274 4 -19.47
4 16 -28.12 2 -22.47 -30.274 2 -19.47 -35.286 3.5 -22.69 -32.38 3.5 -26.725
4 16 -28.12 4 -22.47 -30.274 4 -19.47 -35.286 5.5 -22.69 -32.38 5.5 -26.725
4 16 -28.12 2 -22.47 -30.274 2 -19.47 -30.274 4 -19.47 -28.12 4 -22.47
4 16 -35.286 3.5 -22.69 -32.38 3.5 -26.725 -32.38 5.5 -26.725 -35.286 5.5 -22.69
4 16 -22.47 2 -28.12 -19.47 2 -30.274 -22.69 3.5 -35.286 -26.725 3.5 -32.38
4 16 -22.47 4 -28.12 -19.47 4 -30.274 -22.69 5.5 -35.286 -26.725 5.5 -32.38
4 16 -22.47 2 -28.12 -19.47 2 -30.274 -19.47 4 -30.274 -22.47 4 -28.12
4 16 -22.69 3.5 -35.286 -26.725 3.5 -32.38 -26.725 5.5 -32.38 -22.69 5.5 -35.286
2 24 -22.47 2 -28.12 -19.47 2 -30.274
2 24 -22.47 4 -28.12 -19.47 4 -30.274
2 24 -19.47 2 -30.274 -13.77 2 -33.26
2 24 -19.47 4 -30.274 -13.77 4 -33.26
4 16 -19.47 2 -30.274 -13.77 2 -33.26 -16.07 3.5 -38.79 -22.69 3.5 -35.286
4 16 -19.47 4 -30.274 -13.77 4 -33.26 -16.07 5.5 -38.79 -22.69 5.5 -35.286
4 16 -19.47 2 -30.274 -13.77 2 -33.26 -13.77 4 -33.26 -19.47 4 -30.274
4 16 -16.07 3.5 -38.79 -22.69 3.5 -35.286 -22.69 5.5 -35.286 -16.07 5.5 -38.79
2 24 -35.286 3.5 -22.69 -38.79 3.5 -16.07
2 24 -32.38 3.5 -26.725 -35.286 3.5 -22.69
2 24 -26.725 3.5 -32.38 -22.69 3.5 -35.286
2 24 -22.69 3.5 -35.286 -16.07 3.5 -38.79
2 24 -35.286 5.5 -22.69 -38.79 5.5 -16.07
2 24 -32.38 5.5 -26.725 -35.286 5.5 -22.69
2 24 -26.725 5.5 -32.38 -22.69 5.5 -35.286
2 24 -22.69 5.5 -35.286 -16.07 5.5 -38.79
4 16 -22.47 4 -28.12 -28.12 4 -22.47 -32.38 5.5 -26.725 -26.725 5.5 -32.38
3 16 -40.9 7.5 -35.24 -35.24 7.5 -40.9 -42.42 10 -42.42
4 16 -40.9 7.5 -35.24 -42.42 10 -42.42 -50.61 10 -32.61 -45.41 7.5 -29.21
4 16 -35.24 7.5 -40.9 -42.42 10 -42.42 -32.61 10 -50.61 -29.21 7.5 -45.41
4 16 -29.21 7.5 -45.41 -20.67 7.5 -49.88 -22.96 10 -55.42 -32.61 10 -50.61
4 16 -45.41 7.5 -29.21 -49.88 7.5 -20.67 -55.42 10 -22.96 -50.61 10 -32.61
2 24 -35.24 7.5 -40.9 -29.21 7.5 -45.41
2 24 -29.21 7.5 -45.41 -20.67 7.5 -49.88
2 24 -40.9 7.5 -35.24 -45.41 7.5 -29.21
2 24 -45.41 7.5 -29.21 -49.88 7.5 -20.67

0 Inlined: 1 16  0 0 0  0 0 1  0 1 0  -1 0 0 1-8web.dat
4 16 0 16 -60 -12.73 16 -58.63 -12.09 16 -55.7 0 16 -57
4 16 -12.73 16 -58.63 -12.09 16 -55.7 -21.81 16 -52.66 -22.96 16 -55.43
4 16 12.73 16 -58.63 12.09 16 -55.7 21.81 16 -52.66 22.96 16 -55.43
4 16 0 16 -60 12.73 16 -58.63 12.09 16 -55.7 0 16 -57
2 24 -4 0 -23.5 -9.185 0 -22.174
2 24 4 0 -23.5 9.185 0 -22.174
2 24 -4 0 -23.5 -4 2 -35.78
2 24 -4 2 -23.5 0 2 -24
2 24 4 2 -23.5 0 2 -24
2 24 -4 3.5 -41.8 -4 7.5 -53.85
4 16 4 0 -23.5 -4 0 -23.5 -4 2 -35.78 4 2 -35.78
4 16 4 2 -23.5 -4 2 -23.5 -4 4 -35.78 4 4 -35.78
4 16 -4 0 -23.5 -4 2 -35.78 -4 4 -35.78 -4 2 -23.5
4 16 4 0 -23.5 4 2 -35.78 4 4 -35.78 4 2 -23.5
2 24 -4 2 -23.5 -4 4 -35.78
2 24 -4 5.5 -41.8 -4 9.9 -54.85
2 24 -4 3.5 -41.8 -4 5.5 -41.8
2 24 4 3.5 -41.8 4 5.5 -41.8
2 24 -4 7.5 -53.85 -4 9.9 -54.85
2 24 4 7.5 -53.85 4 9.9 -54.85
2 24 4 0 -23.5 4 2 -35.78
2 24 -4 2 -35.78 -4 4 -35.78
2 24 4 2 -35.78 4 4 -35.78
2 24 4 3.5 -41.8 4 7.5 -53.85
4 16 -4 3.5 -41.8 -4 7.5 -53.85 -4 9.9 -54.85 -4 5.5 -41.8
4 16 4 3.5 -41.8 4 7.5 -53.85 4 9.9 -54.85 4 5.5 -41.8
4 16 4 3.5 -41.8 -4 3.5 -41.8 4 7.5 -53.85 -4 7.5 -53.85
4 16 4 5.5 -41.8 -4 5.5 -41.8 4 9.9 -54.85 -4 9.9 -54.85
2 24 4 2 -23.5 4 4 -35.78
2 24 4 5.5 -41.8 4 9.9 -54.85
2 24 -10.73 9.9 -53.94 -21.05 9.9 -50.81
2 24 -4 9.9 -54.85 -10.73 9.9 -53.94
2 24 4 9.9 -54.85 10.73 9.9 -53.94
2 24 10.73 9.9 -53.94 21.05 9.9 -50.81
4 16 0 10.75 -57 0 9.9 -55 -10.73 9.9 -53.94 -11.12 10.75 -55.9
4 16 0 10.75 -57 0 9.9 -55 10.73 9.9 -53.94 11.12 10.75 -55.9
4 16 11.12 10.75 -55.9 10.73 9.9 -53.94 21.05 9.9 -50.81 21.81 10.75 -52.66
4 16 4 2 -35.78 -4 2 -35.78 -4 3.5 -41.8 4 3.5 -41.8
2 24 -7.64 2 -35.18 -13.78 2 -33.26
2 24 -7.64 4 -35.18 -13.78 4 -33.26
4 16 -7.64 2 -35.18 -13.78 2 -33.26 -16.07 3.5 -38.8 -8.91 3.5 -41
4 16 -7.64 4 -35.18 -13.78 4 -33.26 -16.07 5.5 -38.8 -8.91 5.5 -41
4 16 -7.64 2 -35.18 -13.78 2 -33.26 -13.78 4 -33.26 -7.64 4 -35.18
4 16 -16.07 3.5 -38.8 -8.91 3.5 -41 -8.91 5.5 -41 -16.07 5.5 -38.8
2 24 -4 2 -35.78 -7.64 2 -35.18
2 24 -4 4 -35.78 -7.64 4 -35.18
4 16 -4 2 -35.78 -7.64 2 -35.18 -8.91 3.5 -41 -4 3.5 -41.8
4 16 -4 4 -35.78 -7.64 4 -35.18 -8.91 5.5 -41 -4 5.5 -41.8
4 16 -4 2 -35.78 -7.64 2 -35.18 -7.64 4 -35.18 -4 4 -35.78
4 16 -8.91 3.5 -41 -4 3.5 -41.8 -4 5.5 -41.8 -8.91 5.5 -41
4 16 4 2 -35.78 7.64 2 -35.18 8.91 3.5 -41 4 3.5 -41.8
4 16 4 4 -35.78 7.64 4 -35.18 8.91 5.5 -41 4 5.5 -41.8
4 16 4 2 -35.78 7.64 2 -35.18 7.64 4 -35.18 4 4 -35.78
4 16 8.91 3.5 -41 4 3.5 -41.8 4 5.5 -41.8 8.91 5.5 -41
2 24 4 2 -35.78 7.64 2 -35.18
2 24 4 4 -35.78 7.64 4 -35.18
2 24 7.64 2 -35.18 13.78 2 -33.26
2 24 7.64 4 -35.18 13.78 4 -33.26
4 16 7.64 2 -35.18 13.78 2 -33.26 16.07 3.5 -38.8 8.91 3.5 -41
4 16 7.64 4 -35.18 13.78 4 -33.26 16.07 5.5 -38.8 8.91 5.5 -41
4 16 7.64 2 -35.18 13.78 2 -33.26 13.78 4 -33.26 7.64 4 -35.18
4 16 16.07 3.5 -38.8 8.91 3.5 -41 8.91 5.5 -41 16.07 5.5 -38.8
2 24 -8.91 3.5 -41 -16.07 3.5 -38.8
2 24 -4 3.5 -41.8 -8.91 3.5 -41
2 24 4 3.5 -41.8 8.91 3.5 -41
2 24 8.91 3.5 -41 16.07 3.5 -38.8
2 24 -8.91 5.5 -41 -16.07 5.5 -38.8
2 24 -4 5.5 -41.8 -8.91 5.5 -41
2 24 4 5.5 -41.8 8.91 5.5 -41
2 24 8.91 5.5 -41 16.07 5.5 -38.8
4 16 4 4 -35.78 -4 4 -35.78 -4 5.5 -41.8 4 5.5 -41.8
3 16 -4 7.5 -53.85 4 7.5 -53.85 0 10 -60
4 16 -4 7.5 -53.85 0 10 -60 -12.73 10 -58.85 -11.46 7.5 -52.77
4 16 4 7.5 -53.85 0 10 -60 12.73 10 -58.85 11.46 7.5 -52.77
4 16 11.46 7.5 -52.77 20.66 7.5 -49.89 22.96 10 -55.43 12.73 10 -58.85
4 16 -11.46 7.5 -52.77 -20.66 7.5 -49.89 -22.96 10 -55.43 -12.73 10 -58.85
2 24 4 7.5 -53.85 11.46 7.5 -52.77
2 24 11.46 7.5 -52.77 20.66 7.5 -49.89
2 24 -4 7.5 -53.85 -11.46 7.5 -52.77
2 24 -11.46 7.5 -52.77 -20.66 7.5 -49.89

0 Inlined: 1 16  0 0 0  0.707 0 0.707 0 1 0  -0.707 0 0.707 1-8web.dat
4 16 42.42 16 -42.42 32.45 16 -50.45 30.83 16 -47.93 40.3 16 -40.3
4 16 32.45 16 -50.45 30.83 16 -47.93 21.81 16 -52.65 22.96 16 -55.42
4 16 50.45 16 -32.45 47.93 16 -30.83 52.65 16 -21.81 55.42 16 -22.96
4 16 42.42 16 -42.42 50.45 16 -32.45 47.93 16 -30.83 40.3 16 -40.3
2 24 13.786 0 -19.44 9.183 0 -22.17
2 24 19.44 0 -13.786 22.17 0 -9.183
2 24 13.786 0 -19.44 22.47 2 -28.12
2 24 13.786 2 -19.44 16.97 2 -16.97
2 24 19.44 2 -13.786 16.97 2 -16.97
2 24 26.725 3.5 -32.38 35.24 7.5 -40.9
4 16 19.44 0 -13.786 13.786 0 -19.44 22.47 2 -28.12 28.12 2 -22.47
4 16 19.44 2 -13.786 13.786 2 -19.44 22.47 4 -28.12 28.12 4 -22.47
4 16 13.786 0 -19.44 22.47 2 -28.12 22.47 4 -28.12 13.786 2 -19.44
4 16 19.44 0 -13.786 28.12 2 -22.47 28.12 4 -22.47 19.44 2 -13.786
2 24 13.786 2 -19.44 22.47 4 -28.12
2 24 26.725 5.5 -32.38 35.95 9.9 -41.61
2 24 26.725 3.5 -32.38 26.725 5.5 -32.38
2 24 32.38 3.5 -26.725 32.38 5.5 -26.725
2 24 35.24 7.5 -40.9 35.95 9.9 -41.61
2 24 40.9 7.5 -35.24 41.61 9.9 -35.95
2 24 19.44 0 -13.786 28.12 2 -22.47
2 24 22.47 2 -28.12 22.47 4 -28.12
2 24 28.12 2 -22.47 28.12 4 -22.47
2 24 32.38 3.5 -26.725 40.9 7.5 -35.24
4 16 26.725 3.5 -32.38 35.24 7.5 -40.9 35.95 9.9 -41.61 26.725 5.5 -32.38
4 16 32.38 3.5 -26.725 40.9 7.5 -35.24 41.61 9.9 -35.95 32.38 5.5 -26.725
4 16 32.38 3.5 -26.725 26.725 3.5 -32.38 40.9 7.5 -35.24 35.24 7.5 -40.9
4 16 32.38 5.5 -26.725 26.725 5.5 -32.38 41.61 9.9 -35.95 35.95 9.9 -41.61
2 24 19.44 2 -13.786 28.12 4 -22.47
2 24 32.38 5.5 -26.725 41.61 9.9 -35.95
2 24 30.55 9.9 -45.72 21.04 9.9 -50.805
2 24 35.95 9.9 -41.61 30.55 9.9 -45.72
2 24 41.61 9.9 -35.95 45.72 9.9 -30.55
2 24 45.72 9.9 -30.55 50.805 9.9 -21.04
4 16 40.3 10.75 -40.3 38.885 9.9 -38.885 30.55 9.9 -45.72 31.66 10.75 -47.38
4 16 40.3 10.75 -40.3 38.885 9.9 -38.885 45.72 9.9 -30.55 47.38 10.75 -31.66
4 16 47.38 10.75 -31.66 45.72 9.9 -30.55 50.805 9.9 -21.04 52.65 10.75 -21.81
4 16 28.12 2 -22.47 22.47 2 -28.12 26.725 3.5 -32.38 32.38 3.5 -26.725
2 24 19.47 2 -30.274 13.77 2 -33.26
2 24 19.47 4 -30.274 13.77 4 -33.26
4 16 19.47 2 -30.274 13.77 2 -33.26 16.07 3.5 -38.79 22.69 3.5 -35.286
4 16 19.47 4 -30.274 13.77 4 -33.26 16.07 5.5 -38.79 22.69 5.5 -35.286
4 16 19.47 2 -30.274 13.77 2 -33.26 13.77 4 -33.26 19.47 4 -30.274
4 16 16.07 3.5 -38.79 22.69 3.5 -35.286 22.69 5.5 -35.286 16.07 5.5 -38.79
2 24 22.47 2 -28.12 19.47 2 -30.274
2 24 22.47 4 -28.12 19.47 4 -30.274
4 16 22.47 2 -28.12 19.47 2 -30.274 22.69 3.5 -35.286 26.725 3.5 -32.38
4 16 22.47 4 -28.12 19.47 4 -30.274 22.69 5.5 -35.286 26.725 5.5 -32.38
4 16 22.47 2 -28.12 19.47 2 -30.274 19.47 4 -30.274 22.47 4 -28.12
4 16 22.69 3.5 -35.286 26.725 3.5 -32.38 26.725 5.5 -32.38 22.69 5.5 -35.286
4 16 28.12 2 -22.47 30.274 2 -19.47 35.286 3.5 -22.69 32.38 3.5 -26.725
4 16 28.12 4 -22.47 30.274 4 -19.47 35.286 5.5 -22.69 32.38 5.5 -26.725
4 16 28.12 2 -22.47 30.274 2 -19.47 30.274 4 -19.47 28.12 4 -22.47
4 16 35.286 3.5 -22.69 32.38 3.5 -26.725 32.38 5.5 -26.725 35.286 5.5 -22.69
2 24 28.12 2 -22.47 30.274 2 -19.47
2 24 28.12 4 -22.47 30.274 4 -19.47
2 24 30.274 2 -19.47 33.26 2 -13.77
2 24 30.274 4 -19.47 33.26 4 -13.77
4 16 30.274 2 -19.47 33.26 2 -13.77 38.79 3.5 -16.07 35.286 3.5 -22.69
4 16 30.274 4 -19.47 33.26 4 -13.77 38.79 5.5 -16.07 35.286 5.5 -22.69
4 16 30.274 2 -19.47 33.26 2 -13.77 33.26 4 -13.77 30.274 4 -19.47
4 16 38.79 3.5 -16.07 35.286 3.5 -22.69 35.286 5.5 -22.69 38.79 5.5 -16.07
2 24 22.69 3.5 -35.286 16.07 3.5 -38.79
2 24 26.725 3.5 -32.38 22.69 3.5 -35.286
2 24 32.38 3.5 -26.725 35.286 3.5 -22.69
2 24 35.286 3.5 -22.69 38.79 3.5 -16.07
2 24 22.69 5.5 -35.286 16.07 5.5 -38.79
2 24 26.725 5.5 -32.38 22.69 5.5 -35.286
2 24 32.38 5.5 -26.725 35.286 5.5 -22.69
2 24 35.286 5.5 -22.69 38.79 5.5 -16.07
4 16 28.12 4 -22.47 22.47 4 -28.12 26.725 5.5 -32.38 32.38 5.5 -26.725
3 16 35.24 7.5 -40.9 40.9 7.5 -35.24 42.42 10 -42.42
4 16 35.24 7.5 -40.9 42.42 10 -42.42 32.61 10 -50.61 29.21 7.5 -45.41
4 16 40.9 7.5 -35.24 42.42 10 -42.42 50.61 10 -32.61 45.41 7.5 -29.21
4 16 45.41 7.5 -29.21 49.88 7.5 -20.67 55.42 10 -22.96 50.61 10 -32.61
4 16 29.21 7.5 -45.41 20.67 7.5 -49.88 22.96 10 -55.42 32.61 10 -50.61
2 24 40.9 7.5 -35.24 45.41 7.5 -29.21
2 24 45.41 7.5 -29.21 49.88 7.5 -20.67
2 24 35.24 7.5 -40.9 29.21 7.5 -45.41
2 24 29.21 7.5 -45.41 20.67 7.5 -49.88

1 16  0 8 0  24 0 0  0 0 0  0 0 24  4-4edge.dat
1 16  0 4 0  6 0 0  0 0 0  0 0 6  ring1.dat
1 16  0 4 0  6 0 0  0 0 0  0 0 6  ring2.dat
1 16  0 4 0  6 0 0  0 0 0  0 0 6  ring3.dat
1 16 0 4 0  1 0 0  0 -1 0  0 0 1 stud4a.dat
1 16 0 4 0  8 0 0  0 0 0  0 0 8 4-4edge.dat

1 16 -10 0 10  1 0 0  0 1 0  0 0 1 stud.dat
1 16 10 0 10  1 0 0  0 1 0  0 0 1 stud.dat
1 16 -10 0 -10  1 0 0  0 1 0  0 0 1 stud.dat
1 16 10 0 -10  1 0 0  0 1 0  0 0 1 stud.dat

0 under

1 16 10 4 10  6 0 0  0 0 0  0 0 6 1-4edge.dat
1 16 -10 4 10  -6 0 0  0 0 0  0 0 6 1-4edge.dat
1 16 10 4 -10  6 0 0  0 0 0  0 0 -6 1-4edge.dat
1 16 -10 4 -10  -6 0 0  0 0 0  0 0 -6 1-4edge.dat
1 16 10 8 10  6 0 0  0 0 0  0 0 6 1-4edge.dat
1 16 -10 8 10  -6 0 0  0 0 0  0 0 6 1-4edge.dat
1 16 10 8 -10  6 0 0  0 0 0  0 0 -6 1-4edge.dat
1 16 -10 8 -10  -6 0 0  0 0 0  0 0 -6 1-4edge.dat
1 16 10 4 10  6 0 0  0 0 0  0 0 6 1-4cyli.dat
1 16 -10 4 10  -6 0 0  0 4 0  0 0 6 1-4cyli.dat
1 16 10 4 -10  6 0 0  0 4 0  0 0 -6 1-4cyli.dat
1 16 -10 4 -10  -6 0 0  0 4 0  0 0 -6 1-4cyli.dat
1 16 10 8 10  6 0 0  0 0 0  0 0 6 1-4ndis.dat
1 16 -10 8 10  -6 0 0  0 0 0  0 0 6 1-4ndis.dat
1 16 10 8 -10  6 0 0  0 0 0  0 0 -6 1-4ndis.dat
1 16 -10 8 -10  -6 0 0  0 0 0  0 0 -6 1-4ndis.dat

2 24 -10 4 -16  10 4 -16
2 24 -10 4 16  10 4 16
2 24  -16 4 -10  -16 4 10
2 24  16 4 -10  16 4 10
2 24 -10 8 -16  10 8 -16
2 24 -10 8 16  10 8 16
2 24  -16 8 -10  -16 8 10
2 24  16 8 -10  16 8 10

4 16 -10 4 -16  10 4 -16  10 8 -16  -10 8 -16
4 16 -16 4 -10  -16 4 10  -16 8 10  -16 8 -10
4 16 -10 4 16  10 4 16  10 8 16  -10 8 16
4 16  16 4 -10  16 4 10  16 8 10  16 8 -10

3 16 24 8 0  16 8 -16  16 8 16
3 16 -24 8 0  -16 8 -16  -16 8 16
3 16 0 8 24  -16 8 16  16 8 16
3 16 0 8 -24  -16 8 -16  16 8 -16
4 16 24 8 0  22.174 8 9.185  16.97 8 16.97 16 8 16
4 16 24 8 0  22.174 8 -9.185  16.97 8 -16.97 16 8 -16
4 16 -24 8 0  -22.174 8 9.185  -16.97 8 16.97 -16 8 16
4 16 -24 8 0  -22.174 8 -9.185  -16.97 8 -16.97 -16 8 -16
4 16 0 8 24  9.185 8 22.174  16.97 8 16.97  16 8 16
4 16 0 8 24  -9.185 8 22.174  -16.97 8 16.97  -16 8 16
4 16 0 8 -24  9.185 8 -22.174  16.97 8 -16.97  16 8 -16
4 16 0 8 -24  -9.185 8 -22.174  -16.97 8 -16.97  -16 8 -16

0 4 x 3-4studs...

1 16  14.586 4 0  1.414 0 -1.414  0 0 0  1.414 0 1.414  3-4edge.dat
1 16  0 4 -14.586  -1.414 0 -1.414  0 0 0  -1.414 0 1.414  3-4edge.dat
1 16  -14.586 4 0  -1.414 0 1.414  0 0 0  -1.414 0 -1.414  3-4edge.dat
1 16  0 4 14.586  1.414 0 1.414  0 0 0  1.414 0 -1.414  3-4edge.dat
1 16  14.586 8 0  1.414 0 -1.414  0 0 0  1.414 0 1.414  3-4edge.dat
1 16  0 8 -14.586  -1.414 0 -1.414  0 0 0  -1.414 0 1.414  3-4edge.dat
1 16  -14.586 8 0  -1.414 0 1.414  0 0 0  -1.414 0 -1.414  3-4edge.dat
1 16  0 8 14.586  1.414 0 1.414  0 0 0  1.414 0 -1.414  3-4edge.dat
1 16  14.586 4 0  1.414 0 -1.414  0 4 0  1.414 0 1.414  3-4cyli.dat
1 16  0 4 -14.586  -1.414 0 -1.414  0 4 0  -1.414 0 1.414  3-4cyli.dat
1 16  -14.586 4 0  -1.414 0 1.414  0 4 0  -1.414 0 -1.414  3-4cyli.dat
1 16  0 4 14.586  1.414 0 1.414  0 4 0  1.414 0 -1.414  3-4cyli.dat
1 16  14.586 8 0  1.414 0 -1.414  0 0 0  1.414 0 1.414  3-4disc.dat
1 16  0 8 -14.586  -1.414 0 -1.414  0 0 0  -1.414 0 1.414  3-4disc.dat
1 16  -14.586 8 0  -1.414 0 1.414  0 0 0  -1.414 0 -1.414  3-4disc.dat
1 16  0 8 14.586  1.414 0 1.414  0 0 0  1.414 0 -1.414  3-4disc.dat

3 16 14.586 8 0  16 8 -1.414  16 8 1.414
3 16 -14.586 8 0  -16 8 -1.414  -16 8 1.414
3 16 0 8 -14.586  -1.414 8 -16  1.414 8 -16
3 16 0 8 14.586  -1.414 8 16  1.414 8 16
