0 Boat Mast with Hinges (needs work)
0 Name: 4318.dat
0 Author: Thomas Burger
0 Official LCad update 98-02

2 24 -20 80 20 -16 80 20 
2 24 -16 80 20 -16 80 4 
2 24 -16 80 4 -4 80 4 
2 24 -4 80 4 -4 80 20 
2 24 -4 80 20 4 80 20 
2 24 4 80 20 4 80 4 
2 24 4 80 4 16 80 4 
2 24 16 80 4 16 80 20 
2 24 16 80 20 20 80 20 
2 24 20 80 20 20 80 -20 
2 24 20 80 -20 16 80 -20 
2 24 16 80 -20 16 80 -4 
2 24 16 80 -4 4 80 -4 
2 24 4 80 -4 4 80 -20.05 
2 24 4 80 -20.05 -4 80 -20 
2 24 -4 80 -20 -4 80 -4 
2 24 -4 80 -4 -16 80 -4 
2 24 -16 80 -4 -16 80 -20 
2 24 -16 80 -20 -20 80 -20 
2 24 -20 80 -20 -20 80 20 
2 24 -20 72 -20 -20 72 20 
2 24 20 72 -20 20 72 20 
4 16 -20 80 20 -16 80 20 -16 80 -20 -20 80 -20 
4 16 16 80 20 20 80 20 20 80 -20 16 80 -20 
4 16 -16 80 4 -16 80 -4 16 80 -4 16 80 4 
4 16 -4 80 20 4 80 20 4 80 4 -4 80 4 
4 16 -4 80 -4 4 80 -4 4 80 -20.05 -4 80 -20 
2 24 -16 75 20 -16 75 4 
2 24 -4 75 4 -16 75 4 
2 24 -4 75 4 -4 75 20 
2 24 -4 75 20 -16 75 20 
2 24 4 75 20 16 75 20 
2 24 16 75 20 16 75 4 
2 24 16 75 4 4 75 4 
2 24 4 75 4 4 75 20 
2 24 4 75 -4 16 75 -4 
2 24 16 75 -4 16 75 -20 
2 24 16 75 -20 4 75 -20.05 
2 24 4 75 -20.05 4 75 -4 
2 24 -4 75 -20 -4 75 -4 
2 24 -4 75 -4 -16 75 -4 
2 24 -16 75 -4 -16 75 -20 
2 24 -16 75 -20 -4 75 -20 
4 16 -16 75 20 -4 75 20 -4 75 4 -16 75 4 
4 16 4 75 20 16 75 20 16 75 4 4 75 4 
4 16 4 75 -4 16 75 -4 16 75 -20 4 75 -20.05 
4 16 -16 75 -4 -4 75 -4 -4 75 -20 -16 75 -20 
2 24 -20 72 20 20 72 20 
2 24 20 72 20 20 72 -20 
2 24 20 72 -20 -20 72 -20 
2 24 -20 72 -20 -20 72 20 
4 16 -20 72 20 20 72 20 20 72 -20 -20 72 -20 
0 
2 24 -16 75 -20 -16 80 -20 
2 24 -4 75 -20 -4 80 -20 
2 24 4 75 -20 4 80 -20 
2 24 16 75 -20 16 80 -20 
2 24 -20 72 -20 -20 80 -20 
2 24 20 80 -20 20 72 -20 
4 16 -20 72 -20 -16 75 -20 16 75 -20 20 72 -20 
4 16 16 75 -20 20 72 -20 20 80 -20 16 80 -20 
4 16 -20 72 -20 -16 75 -20 -16 80 -20 -20 80 -20 
4 16 -4 75 -20 4 75 -20 4 80 -20 -4 80 -20 
0 
2 24 -16 75 20 -16 80 20 
2 24 -4 75 20 -4 80 20 
2 24 4 75 20 4 80 20 
2 24 16 75 20 16 80 20 
2 24 -20 72 20 -20 80 20 
2 24 20 80 20 20 72 20 
4 16 -20 72 20 -16 75 20 16 75 20 20 72 20 
4 16 16 75 20 20 72 20 20 80 20 16 80 20 
4 16 -20 72 20 -16 75 20 -16 80 20 -20 80 20 
4 16 -4 75 20 4 75 20 4 80 20 -4 80 20 
0 
4 16 -20 72 -20 -20 80 -20 -20 72 20 -20 80 20 
4 16 20 80 -20 20 72 -20 20 80 20 20 72 20 
1 16 0 72 0 6 0 0 0 0 0 0 0 6 4-4edge.dat
1 16 0 0 0 6 0 0 0 0 0 0 0 6 4-4edge.dat
1 16 0 72 0 6 0 0 0 -72 0 0 0 6 4-4cyli.dat
0 
2 24 -6 0 -2 -6 8 -2 
2 24 -2 0 -6 -2 8 -6 
2 24 -2 0 -6 -2 0 -19 
2 24 -2 8 -6 -2 4 -19 
2 24 -2 4 -19 -2 0 -19 
3 24 -2 0 19 -2 0 19 -2 4 19 
2 24 -2 0 19 -2 0 6 
2 24 -2 4 19 -2 8 6 
4 16 -2 0 19 -2 0 6 -2 8 6 -2 4 19 
4 16 -2 8 -6 -2 0 -6 -2 0 -19 -2 4 -19 
2 24 -2 0 -19 2 0 -19 
2 24 -2 0 19 2 0 19 
2 24 -2 4 -19 2 4 -19 
2 24 -2 4 19 2 4 19 
2 24 -2 8 -6 2 8 -6 
2 24 -2 8 6 2 8 6 
2 24 -2 0 -6 2 0 -6 
2 24 -2 0 6 2 0 6 
4 16 -2 0 -6 2 0 -6 -2 0 -19 2 0 -19 
4 16 -2 0 -19 2 0 -19 -2 4 -19 2 4 -19 
4 16 -2 4 -19 2 4 -19 -2 8 -6 2 8 -6 
4 16 -2 0 6 2 0 6 -2 0 19 2 0 19 
4 16 -2 0 19 2 0 19 -2 4 19 2 4 19 
4 16 -2 4 19 2 4 19 -2 8 6 2 8 6 
0 
2 24 2 0 -6 2 8 -6 
2 24 2 0 6 2 8 6 
2 24 2 0 -6 2 0 -19 
2 24 2 8 -6 2 4 -19 
2 24 2 4 -19 2 0 -19 
3 24 2 0 19 2 0 19 2 4 19 
2 24 2 0 19 2 0 6 
2 24 2 4 19 2 8 6 
4 16 2 0 19 2 0 6 2 8 6 2 4 19 
4 16 2 8 -6 2 0 -6 2 0 -19 2 4 -19 
2 24 -1 4 -19 1 4 -19 
2 24 -1 4 19 1 4 19 
1 16 6 -4 14 0 0 0 -4 0 0 0 0 4 2-4edge.dat
1 16 2 -4 14 0 0 0 -4 0 0 0 0 4 2-4edge.dat
1 16 -2 -4 14 0 0 0 -4 0 0 0 0 4 2-4edge.dat
1 16 -6 -4 14 0 0 0 -4 0 0 0 0 4 2-4edge.dat
2 24 2 -8 6 2 -8 14 
2 24 6 -8 6 6 -8 14 
2 24 -6 -8 6 -6 -8 14 
2 24 6 0 6 6 0 14 
2 24 -6 0 6 -6 0 14 
2 24 2 0 6 2 0 14 
2 24 -2 -8 6 -2 -8 14 
2 24 -2 0 6 -2 0 14 
2 24 -2 -8 6 2 -8 6 
2 24 2 -8 6 2 0 6 
2 24 -2 -8 6 -2 0 6 
4 16 -2 -8 6 2 -8 6 2 0 6 -2 0 6 
1 16 6 -4 14 0 0 0 -4 0 0 0 0 4 2-4disc.dat
1 16 2 -4 14 0 0 0 -4 0 0 0 0 4 2-4disc.dat
1 16 -2 -4 14 0 0 0 -4 0 0 0 0 4 2-4disc.dat
1 16 -6 -4 14 0 0 0 -4 0 0 0 0 4 2-4disc.dat
1 16 6 -4 14 0 -4 0 -4 0 0 0 0 4 2-4cyli.dat
1 16 -2 -4 14 0 -4 0 -4 0 0 0 0 4 2-4cyli.dat
4 16 6 -8 14 6 -8 6 6 0 6 6 0 14 
4 16 2 -8 14 2 -8 6 2 0 6 2 0 14 
4 16 -2 -8 14 -2 -8 6 -2 0 6 -2 0 14 
4 16 -6 -8 14 -6 -8 6 -6 0 6 -6 0 14 
4 16 2 -8 14 2 -8 6 6 -8 6 6 -8 14 
4 16 2 0 14 2 0 6 6 0 6 6 0 14 
4 16 -2 -8 14 -2 -8 6 -6 -8 6 -6 -8 14 
4 16 -2 0 14 -2 0 6 -6 0 6 -6 0 14 
1 16 -6 -4 -14 0 0 0 -4 0 0 0 0 -4 2-4edge.dat
1 16 -2 -4 -14 0 0 0 -4 0 0 0 0 -4 2-4edge.dat
1 16 2 -4 -14 0 0 0 -4 0 0 0 0 -4 2-4edge.dat
1 16 6 -4 -14 0 0 0 -4 0 0 0 0 -4 2-4edge.dat
2 24 -2 -8 -6 -2 -8 -14 
2 24 -6 -8 -6 -6 -8 -14 
2 24 6 -8 -6 6 -8 -14 
2 24 -6 0 -6 -6 0 -14 
2 24 6 0 -6 6 0 -14 
2 24 -2 0 -6 -2 0 -14 
2 24 2 -8 -6 2 -8 -14 
2 24 2 0 -6 2 0 -14 
2 24 2 -8 -6 -2 -8 -6 
2 24 -2 -8 -6 -2 0 -6 
2 24 2 -8 -6 2 0 -6 
4 16 2 -8 -6 -2 -8 -6 -2 0 -6 2 0 -6 
1 16 -6 -4 -14 0 0 0 -4 0 0 0 0 -4 2-4disc.dat
1 16 -2 -4 -14 0 0 0 -4 0 0 0 0 -4 2-4disc.dat
1 16 2 -4 -14 0 0 0 -4 0 0 0 0 -4 2-4disc.dat
1 16 6 -4 -14 0 0 0 -4 0 0 0 0 -4 2-4disc.dat
1 16 -6 -4 -14 0 4 0 -4 0 0 0 0 -4 2-4cyli.dat
1 16 2 -4 -14 0 4 0 -4 0 0 0 0 -4 2-4cyli.dat
4 16 -6 -8 -14 -6 -8 -6 -6 0 -6 -6 0 -14 
4 16 -2 -8 -14 -2 -8 -6 -2 0 -6 -2 0 -14 
4 16 2 -8 -14 2 -8 -6 2 0 -6 2 0 -14 
4 16 6 -8 -14 6 -8 -6 6 0 -6 6 0 -14 
4 16 -2 -8 -14 -2 -8 -6 -6 -8 -6 -6 -8 -14 
4 16 -2 0 -14 -2 0 -6 -6 0 -6 -6 0 -14 
4 16 2 -8 -14 2 -8 -6 6 -8 -6 6 -8 -14 
4 16 2 0 -14 2 0 -6 6 0 -6 6 0 -14 
0 
2 24 6 0 6 6 0 -6 
2 24 -6 0 6 -6 0 -6 
4 16 -6 0 6 6 0 6 6 0 -6 -6 0 -6 
0 
2 24 6 -8 6 6 -8 -6 
2 24 -6 -8 6 -6 -8 -6 
4 16 -6 -8 6 6 -8 6 6 -8 -6 -6 -8 -6 
0 
4 16 6 0 6 6 0 -6 6 -8 6 6 -8 -6 
4 16 -6 0 6 -6 0 -6 -6 -8 6 -6 -8 -6 
0 
1 16 0 -8 0 5 0 0 0 0 0 0 0 5 4-4edge.dat
1 16 0 -140 0 5 0 0 0 0 0 0 0 5 4-4edge.dat
1 16 0 -140 0 6 0 0 0 0 0 0 0 6 4-4edge.dat
1 16 0 -8 0 5 0 0 0 -132 0 0 0 5 4-4cyli.dat
1 16 0 -140 0 6 0 0 0 -6 0 0 0 6 4-4cyli.dat
0 
2 24 -2.3 -146 5.54 0 -146 6 
2 24 0 -146 6 2.3 -146 5.54 
0 
2 24 2 -146 -5.5 2 -154 -5.5 
2 24 2 -146 5.5 2 -154 5.5 
2 24 -2 -146 -5.5 -2 -154 -5.5 
2 24 -2 -146 5.5 -2 -154 5.5 
2 24 2.3 -154 5.54 4.24 -154 4.24 
2 24 4.24 -154 4.24 5.54 -154 2.3 
2 24 5.54 -154 2.3 6 -154 0 
2 24 6 -154 0 5.54 -154 -2.3 
2 24 5.54 -154 -2.3 4.24 -154 -4.24 
2 24 4.24 -154 -4.24 2.3 -154 -5.54 
2 24 -2.3 -154 -5.54 -4.24 -154 -4.24 
2 24 -4.24 -154 -4.24 -5.54 -154 -2.3 
2 24 -5.54 -154 -2.3 -6 -154 0 
2 24 -6 -154 0 -5.54 -154 2.3 
2 24 -5.54 -154 2.3 -4.24 -154 4.24 
2 24 -4.24 -154 4.24 -2.3 -154 5.54 
2 24 -2.3 -154 5.54 -2.3 -154 -5.54 
2 24 2.3 -154 -5.54 2.3 -154 5.54 
2 24 -2.3 -146 5.54 0 -146 6 
2 24 0 -146 6 2.3 -146 5.54 
2 24 -2.3 -146 -5.54 0 -146 -6 
2 24 0 -146 -6 2.3 -146 -5.54 
4 16 -4.24 -154 4.24 -2.3 -154 5.54 -2.3 -154 -5.54 -4.24 -154 -4.24 
4 16 -5.54 -154 2.3 -4.24 -154 4.24 -4.24 -154 -4.24 -5.54 -154 -2.3 
4 16 2.3 -154 5.54 4.24 -154 4.24 4.24 -154 -4.24 2.3 -154 -5.54 
4 16 4.24 -154 4.24 5.54 -154 2.3 5.54 -154 -2.3 4.24 -154 -4.24 
4 16 -2.3 -146 5.54 0 -146 6 0 -146 -6 -2.3 -146 -5.54 
4 16 0 -146 6 2.3 -146 5.54 2.3 -146 -5.54 0 -146 -6 
0 
4 16 2.3 -146 5.54 4.24 -146 4.24 2.3 -154 5.54 4.24 -154 4.24 
4 16 4.24 -146 4.24 5.54 -146 2.3 4.24 -154 4.24 5.54 -154 2.3 
4 16 5.54 -146 2.3 6 -146 0 5.54 -154 2.3 6 -154 0 
4 16 6 -146 0 5.54 -146 -2.3 6 -154 0 5.54 -154 -2.3 
4 16 5.54 -146 -2.3 4.24 -146 -4.24 5.54 -154 -2.3 4.24 -154 -4.24 
4 16 4.24 -146 -4.24 2.3 -146 -5.54 4.24 -154 -4.24 2.3 -154 -5.54 
4 16 -2.3 -146 -5.54 -4.24 -146 -4.24 -2.3 -154 -5.54 -4.24 -154 -4.24 
4 16 -4.24 -146 -4.24 -5.54 -146 -2.3 -4.24 -154 -4.24 -5.54 -154 -2.3 
4 16 -5.54 -146 -2.3 -6 -146 0 -5.54 -154 -2.3 -6 -154 0 
4 16 -6 -146 0 -5.54 -146 2.3 -6 -154 0 -5.54 -154 2.3 
4 16 -5.54 -146 2.3 -4.24 -146 4.24 -5.54 -154 2.3 -4.24 -154 4.24 
4 16 -4.24 -146 4.24 -2.3 -146 5.54 -4.24 -154 4.24 -2.3 -154 5.54 
4 16 -2.3 -146 5.54 -2.3 -146 -5.54 -2.3 -154 5.54 -2.3 -154 -5.54 
4 16 2.3 -146 -5.54 2.3 -146 5.54 2.3 -154 -5.54 2.3 -154 5.54 
0 

