0 Town Mailbox  2 x  2 x  2 Door
0 Name: 4346.dat
0 Author: James Jessiman
0 Original LDraw Part - LDraw beta 0.27 Archive

 2 24 -12 48 -26 -12 48 -22
 2 24 -12 48 -22 12 48 -22
 2 24 12 48 -22 12 48 -26

 2 24 16 48 -24 16 48 -26
 2 24 -16 48 -24 -16 48 -26
 2 24 20 48 -24 20 48 -26
 2 24 -20 48 -24 -20 48 -26

 2 24 12 40 -26 12 40 -22
 2 24 12 40 -22 -12 40 -22
 2 24 -12 40 -22 -12 40 -26
 2 24 -12 40 -26 12 40 -26

 2 24 16 40 -30 16 40 -26
 2 24 16 40 -26 12 40 -26
 2 24 12 40 -26 12 40 -30
 2 24 12 40 -30 16 40 -30

 2 24 -16 40 -30 -16 40 -26
 2 24 -16 40 -26 -12 40 -26
 2 24 -12 40 -26 -12 40 -30
 2 24 -12 40 -30 -16 40 -30

 2 24 10 12 -30 10 12 -26
 2 24 10 12 -26 -10 12 -26
 2 24 -10 12 -26 -10 12 -30
 2 24 -10 12 -30 10 12 -30

 2 24 16 4 -26 16 4 -20
 2 24 16 4 -20 -16 4 -20
 2 24 -16 4 -20 -16 4 -26
 2 24 -16 4 -26 -10 4 -26
 2 24 -10 4 -26 -10 4 -30
 2 24 -10 4 -30 10 4 -30
 2 24 10 4 -30 10 4 -26
 2 24 10 4 -26 16 4 -26

 2 24 20 0 -30 20 0 -20
 2 24 20 0 -20 -20 0 -20
 2 24 -20 0 -20 -20 0 -30
 2 24 -20 0 -30 20 0 -30

 2 24 12 40 -22 12 48 -22
 2 24 -12 40 -22 -12 48 -22

 2 24 12 40 -30 12 44 -30
 2 24 -12 40 -30 -12 44 -30
 2 24 16 40 -30 16 44 -30
 2 24 -16 40 -30 -16 44 -30

 2 24 10 4 -30 10 12 -30
 2 24 -10 4 -30 -10 12 -30
 2 24 10 4 -26 10 12 -26
 2 24 -10 4 -26 -10 12 -26

 2 24 16 4 -26 16 40 -26
 2 24 -16 4 -26 -16 40 -26
 2 24 16 4 -20 16 44 -20
 2 24 -16 4 -20 -16 44 -20

 2 24 20 0 -30 20 44 -30
 2 24 -20 0 -30 -20 44 -30
 2 24 20 0 -20 20 44 -20
 2 24 -20 0 -20 -20 44 -20

 1 16 -20 44 -26 0 0 0 4 0 0 0 0 -4 1-4edge.dat
 1 16 -16 44 -26 0 0 0 4 0 0 0 0 -4 1-4edge.dat
 1 16 -12 44 -26 0 0 0 4 0 0 0 0 -4 1-4edge.dat
 1 16 12 44 -26 0 0 0 4 0 0 0 0 -4 1-4edge.dat
 1 16 16 44 -26 0 0 0 4 0 0 0 0 -4 1-4edge.dat
 1 16 20 44 -26 0 0 0 4 0 0 0 0 -4 1-4edge.dat

 1 16 -20 44 -24 0 0 0 4 0 0 0 0 4 1-4edge.dat
 1 16 -16 44 -24 0 0 0 4 0 0 0 0 4 1-4edge.dat
 1 16 16 44 -24 0 0 0 4 0 0 0 0 4 1-4edge.dat
 1 16 20 44 -24 0 0 0 4 0 0 0 0 4 1-4edge.dat

 4 16 20 48 -26 20 48 -24 16 48 -24 16 48 -26
 4 16 -20 48 -26 -20 48 -24 -16 48 -24 -16 48 -26
 4 16 12 48 -22 12 48 -26 -12 48 -26 -12 48 -22
 4 16 12 40 -22 12 40 -26 -12 40 -26 -12 40 -22
 4 16 16 40 -30 16 40 -26 12 40 -26 12 40 -30
 4 16 -16 40 -30 -16 40 -26 -12 40 -26 -12 40 -30
 4 16 10 12 -30 10 12 -26 -10 12 -26 -10 12 -30
 4 16 10 4 -30 10 4 -26 -10 4 -26 -10 4 -30
 4 16 16 4 -26 16 4 -20 -16 4 -20 -16 4 -26
 4 16 20 0 -30 20 0 -20 -20 0 -20 -20 0 -30

 4 16 20 44 -30 20 40 -30 16 40 -30 16 44 -30
 4 16 -20 44 -30 -20 40 -30 -16 40 -30 -16 44 -30
 4 16 12 44 -30 12 40 -30 -12 40 -30 -12 44 -30
 4 16 20 40 -30 20 0 -30 10 4 -30 10 12 -30
 4 16 -20 40 -30 -20 0 -30 -10 4 -30 -10 12 -30
 4 16 20 40 -30 10 12 -30 -10 12 -30 -20 40 -30
 4 16 10 4 -30 20 0 -30 -20 0 -30 -10 4 -30
 4 16 16 4 -26 10 4 -26 10 12 -26 16 40 -26
 4 16 -16 4 -26 -10 4 -26 -10 12 -26 -16 40 -26
 4 16 16 40 -26 10 12 -26 -10 12 -26 -16 40 -26
 4 16 12 48 -22 12 40 -22 -12 40 -22 -12 48 -22
 4 16 20 44 -20 20 0 -20 16 4 -20 16 44 -20
 4 16 -20 44 -20 -20 0 -20 -16 4 -20 -16 44 -20
 4 16 16 4 -20 20 0 -20 -20 0 -20 -16 4 -20

 4 16 10 12 -26 10 4 -26 10 4 -30 10 12 -30
 4 16 -10 12 -26 -10 4 -26 -10 4 -30 -10 12 -30
 4 16 12 48 -22 12 40 -22 12 44 -26 12 48 -26
 4 16 -12 48 -22 -12 40 -22 -12 44 -26 -12 48 -26
 4 16 12 40 -30 12 40 -22 12 44 -26 12 44 -30
 4 16 -12 40 -30 -12 40 -22 -12 44 -26 -12 44 -30
 4 16 16 48 -24 16 44 -24 16 44 -26 16 48 -26
 4 16 -16 48 -24 -16 44 -24 -16 44 -26 -16 48 -26
 4 16 16 44 -20 16 40 -20 16 40 -30 16 44 -30
 4 16 -16 44 -20 -16 40 -20 -16 40 -30 -16 44 -30
 4 16 16 40 -20 16 4 -20 16 4 -26 16 40 -26
 4 16 -16 40 -20 -16 4 -20 -16 4 -26 -16 40 -26
 4 16 20 48 -24 20 44 -24 20 44 -26 20 48 -26
 4 16 -20 48 -24 -20 44 -24 -20 44 -26 -20 48 -26
 4 16 20 44 -20 20 0 -20 20 0 -30 20 44 -30
 4 16 -20 44 -20 -20 0 -20 -20 0 -30 -20 44 -30

 1 16 -20 44 -26 0 0 0 4 0 0 0 0 -4 1-4disc.dat
 1 16 -16 44 -26 0 0 0 4 0 0 0 0 -4 1-4disc.dat
 1 16 -12 44 -26 0 0 0 4 0 0 0 0 -4 1-4disc.dat
 1 16 12 44 -26 0 0 0 4 0 0 0 0 -4 1-4disc.dat
 1 16 16 44 -26 0 0 0 4 0 0 0 0 -4 1-4disc.dat
 1 16 20 44 -26 0 0 0 4 0 0 0 0 -4 1-4disc.dat

 1 16 -20 44 -24 0 0 0 4 0 0 0 0 4 1-4disc.dat
 1 16 -16 44 -24 0 0 0 4 0 0 0 0 4 1-4disc.dat
 1 16 16 44 -24 0 0 0 4 0 0 0 0 4 1-4disc.dat
 1 16 20 44 -24 0 0 0 4 0 0 0 0 4 1-4disc.dat

 1 16 -20 44 -26 0 4 0 4 0 0 0 0 -4 1-4cyli.dat
 1 16 -12 44 -26 0 24 0 4 0 0 0 0 -4 1-4cyli.dat
 1 16 20 44 -26 0 -4 0 4 0 0 0 0 -4 1-4cyli.dat

 1 16 -20 44 -24 0 4 0 4 0 0 0 0 4 1-4cyli.dat
 1 16 20 44 -24 0 -4 0 4 0 0 0 0 4 1-4cyli.dat
0
