0 Container Box  2 x  2 x  2 Door with Slot and Fire Logo Pattern
0 Name: 4346p01.dat
0 Author: Ryan Dennett
0 Author: Pattern by Thomas Burger
0 Official LCad update 99-02

2 24 -12 48 -26 -12 48 -22
2 24 -12 48 -22 12 48 -22
2 24 12 48 -22 12 48 -26

2 24 16 48 -24 16 48 -26
2 24 -16 48 -24 -16 48 -26
2 24 20 48 -24 20 48 -26
2 24 -20 48 -24 -20 48 -26

2 24 12 40 -26 12 40 -22
2 24 12 40 -22 -12 40 -22
2 24 -12 40 -22 -12 40 -26
2 24 -12 40 -26 12 40 -26

2 24 16 40 -30 16 40 -26
2 24 16 40 -26 12 40 -26
2 24 12 40 -26 12 40 -30
2 24 12 40 -30 16 40 -30

2 24 -16 40 -30 -16 40 -26
2 24 -16 40 -26 -12 40 -26
2 24 -12 40 -26 -12 40 -30
2 24 -12 40 -30 -16 40 -30

2 24 10 12 -30 10 12 -26
2 24 10 12 -26 -10 12 -26
2 24 -10 12 -26 -10 12 -30
2 24 -10 12 -30 10 12 -30

2 24 16 4 -26 16 4 -20
2 24 16 4 -20 -16 4 -20
2 24 -16 4 -20 -16 4 -26
2 24 -16 4 -26 -10 4 -26
2 24 -10 4 -26 -10 4 -30
2 24 -10 4 -30 10 4 -30
2 24 10 4 -30 10 4 -26
2 24 10 4 -26 16 4 -26

2 24 20 0 -30 20 0 -20
2 24 20 0 -20 -20 0 -20
2 24 -20 0 -20 -20 0 -30
2 24 -20 0 -30 20 0 -30

2 24 12 40 -22 12 48 -22
2 24 -12 40 -22 -12 48 -22

2 24 12 40 -30 12 44 -30
2 24 -12 40 -30 -12 44 -30
2 24 16 40 -30 16 44 -30
2 24 -16 40 -30 -16 44 -30

2 24 10 4 -30 10 12 -30
2 24 -10 4 -30 -10 12 -30
2 24 10 4 -26 10 12 -26
2 24 -10 4 -26 -10 12 -26

2 24 16 4 -26 16 40 -26
2 24 -16 4 -26 -16 40 -26
2 24 16 4 -20 16 44 -20
2 24 -16 4 -20 -16 44 -20

2 24 20 0 -30 20 44 -30
2 24 -20 0 -30 -20 44 -30
2 24 20 0 -20 20 44 -20
2 24 -20 0 -20 -20 44 -20

1 16 -20 44 -26 0 0 0 4 0 0 0 0 -4 1-4edge.dat
1 16 -16 44 -26 0 0 0 4 0 0 0 0 -4 1-4edge.dat
1 16 -12 44 -26 0 0 0 4 0 0 0 0 -4 1-4edge.dat
1 16 12 44 -26 0 0 0 4 0 0 0 0 -4 1-4edge.dat
1 16 16 44 -26 0 0 0 4 0 0 0 0 -4 1-4edge.dat
1 16 20 44 -26 0 0 0 4 0 0 0 0 -4 1-4edge.dat

1 16 -20 44 -24 0 0 0 4 0 0 0 0 4 1-4edge.dat
1 16 -16 44 -24 0 0 0 4 0 0 0 0 4 1-4edge.dat
1 16 16 44 -24 0 0 0 4 0 0 0 0 4 1-4edge.dat
1 16 20 44 -24 0 0 0 4 0 0 0 0 4 1-4edge.dat

4 16 20 48 -26 20 48 -24 16 48 -24 16 48 -26
4 16 -20 48 -26 -20 48 -24 -16 48 -24 -16 48 -26
4 16 12 48 -22 12 48 -26 -12 48 -26 -12 48 -22
4 16 12 40 -22 12 40 -26 -12 40 -26 -12 40 -22
4 16 16 40 -30 16 40 -26 12 40 -26 12 40 -30
4 16 -16 40 -30 -16 40 -26 -12 40 -26 -12 40 -30
4 16 10 12 -30 10 12 -26 -10 12 -26 -10 12 -30
4 16 10 4 -30 10 4 -26 -10 4 -26 -10 4 -30
4 16 16 4 -26 16 4 -20 -16 4 -20 -16 4 -26
4 16 20 0 -30 20 0 -20 -20 0 -20 -20 0 -30

4 16 20 44 -30 20 40 -30 16 40 -30 16 44 -30
4 16 -20 44 -30 -20 40 -30 -16 40 -30 -16 44 -30
4 16 12 44 -30 12 40 -30 -12 40 -30 -12 44 -30
4 16 20 40 -30 20 0 -30 10 4 -30 10 12 -30
4 16 -20 40 -30 -20 0 -30 -10 4 -30 -10 12 -30
4 16 20 40 -30 10 12 -30 -10 12 -30 -20 40 -30
4 16 10 4 -30 20 0 -30 -20 0 -30 -10 4 -30
4 16 16 4 -26 10 4 -26 10 12 -26 16 40 -26
4 16 -16 4 -26 -10 4 -26 -10 12 -26 -16 40 -26
4 16 16 40 -26 10 12 -26 -10 12 -26 -16 40 -26
4 16 12 48 -22 12 40 -22 -12 40 -22 -12 48 -22
4 16 20 44 -20 20 0 -20 16 4 -20 16 44 -20
4 16 -20 44 -20 -20 0 -20 -16 4 -20 -16 44 -20
4 16 16 4 -20 20 0 -20 -20 0 -20 -16 4 -20

4 16 10 12 -26 10 4 -26 10 4 -30 10 12 -30
4 16 -10 12 -26 -10 4 -26 -10 4 -30 -10 12 -30
4 16 12 48 -22 12 40 -22 12 44 -26 12 48 -26
4 16 -12 48 -22 -12 40 -22 -12 44 -26 -12 48 -26
4 16 12 40 -30 12 40 -22 12 44 -26 12 44 -30
4 16 -12 40 -30 -12 40 -22 -12 44 -26 -12 44 -30
4 16 16 48 -24 16 44 -24 16 44 -26 16 48 -26
4 16 -16 48 -24 -16 44 -24 -16 44 -26 -16 48 -26
4 16 16 44 -20 16 40 -20 16 40 -30 16 44 -30
4 16 -16 44 -20 -16 40 -20 -16 40 -30 -16 44 -30
4 16 16 40 -20 16 4 -20 16 4 -26 16 40 -26
4 16 -16 40 -20 -16 4 -20 -16 4 -26 -16 40 -26
4 16 20 48 -24 20 44 -24 20 44 -26 20 48 -26
4 16 -20 48 -24 -20 44 -24 -20 44 -26 -20 48 -26
4 16 20 44 -20 20 0 -20 20 0 -30 20 44 -30
4 16 -20 44 -20 -20 0 -20 -20 0 -30 -20 44 -30

1 16 -20 44 -26 0 0 0 4 0 0 0 0 -4 1-4disc.dat
1 16 -16 44 -26 0 0 0 4 0 0 0 0 -4 1-4disc.dat
1 16 -12 44 -26 0 0 0 4 0 0 0 0 -4 1-4disc.dat
1 16 12 44 -26 0 0 0 4 0 0 0 0 -4 1-4disc.dat
1 16 16 44 -26 0 0 0 4 0 0 0 0 -4 1-4disc.dat
1 16 20 44 -26 0 0 0 4 0 0 0 0 -4 1-4disc.dat

1 16 -20 44 -24 0 0 0 4 0 0 0 0 4 1-4disc.dat
1 16 -16 44 -24 0 0 0 4 0 0 0 0 4 1-4disc.dat
1 16 16 44 -24 0 0 0 4 0 0 0 0 4 1-4disc.dat
1 16 20 44 -24 0 0 0 4 0 0 0 0 4 1-4disc.dat

1 16 -20 44 -26 0 4 0 4 0 0 0 0 -4 1-4cyli.dat
1 16 -12 44 -26 0 24 0 4 0 0 0 0 -4 1-4cyli.dat
1 16 20 44 -26 0 -4 0 4 0 0 0 0 -4 1-4cyli.dat

1 16 -20 44 -24 0 4 0 4 0 0 0 0 4 1-4cyli.dat
1 16 20 44 -24 0 -4 0 4 0 0 0 0 4 1-4cyli.dat


3 4 -8.5 17 -31 -7.25 19.5 -31 -5 18.75 -31
4 4 -7.25 19.5 -31 -5 18.75 -31 -2.25 22 -31 -6.75 22.25 -31
4 4 -6.75 22.25 -31 -2.25 22 -31 -3.75 24.75 -31 -7 25.25 -31
4 4 -7 25.25 -31 -3.75 24.75 -31 -4 27.75 -31 -7.25 28 -31
4 4 -7.25 28 -31 -4 27.75 -31 -3.25 30.75 -31 -6.75 30.75 -31
4 4 -6.75 30.75 -31 -4.75 32.5 -31 -2.25 33.25 -31 -3.25 30.75 -31
3 334 0 34.25 -31 2.75 34.75 -31 1.75 32.25 -31
4 334 -2.25 33.25 -31 0 34.25 -31 1.75 32.25 -31 0.75 29 -31
4 334 -2.25 33.25 -31 -3.25 30.75 -31 -4 27.75 -31 0.75 29 -31
4 334 -3.75 24.75 -31 1 26 -31 0.75 29 -31 -4 27.75 -31
4 334 -2.25 22 -31 -3.75 24.75 -31 1 26 -31 2 22.5 -31
4 334 -2 19 -31 -2.25 22 -31 2 22.5 -31 1.5 18.75 -31
4 334 -3.25 16 -31 -1.25 16.5 -31 1.5 18.75 -31 -2 19 -31
3 14 3.5 16 -31 4.75 18.75 -31 8.25 18.25 -31
4 14 4.75 18.75 -31 3.75 21 -31 8.5 21.5 -31 8.25 18.25 -31
4 14 3.75 21 -31 2 22.5 -31 7 24.25 -31 8.5 21.5 -31
4 14 2 22.5 -31 1 26 -31 6.5 27 -31 7 24.25 -31
4 14 1 26 -31 0.75 29 -31 5.75 29.5 -31 6.5 27 -31
4 14 1.75 32.25 -31 0.75 29 -31 5.75 29.5 -31 6 32 -31
4 14 2.75 34.75 -31 1.75 32.25 -31 6 32 -31 7.75 34.75 -31
4 14 2.75 34.75 -31 7.75 34.75 -31 9.5 35 -31 8 36.25 -31
3 0 -12 14 -31 -8.5 17 -31 -12 38 -31
3 0 -5 18.75 -31 -2.25 22 -31 -2 19 -31
4 0 -8.5 17 -31 -3.25 16 -31 -2 19 -31 -5 18.75 -31
4 0 -1.25 16.5 -31 3.5 16 -31 4.75 18.75 -31 1.5 18.75 -31
4 0 1.5 18.75 -31 4.75 18.75 -31 3.75 21 -31 2 22.5 -31
3 0 -12 14 -31 -8.5 17 -31 -3.25 16 -31
4 0 -12 14 -31 -1.25 16.5 -31 3.5 16 -31 12 14 -31
4 0 -12 14 -31 -1.25 16.5 -31 3.5 16 -31 12 14 -31
4 0 12 14 -31 3.5 16 -31 8.25 18.25 -31 8.5 21.5 -31
4 0 12 14 -31 6.5 27 -31 5.75 29.5 -31 6 32 -31
4 0 12 14 -31 6 32 -31 7.75 34.75 -31 9.5 35 -31
3 0 12 14 -31 9.5 35 -31 12 38 -31
4 0 -12 38 -31 -8.5 17 -31 -7.25 19.5 -31 -6.75 22.25 -31
4 0 -12 38 -31 -6.75 22.25 -31 -7 25.25 -31 -7.25 28 -31
4 0 -12 38 -31 -7.25 28 -31 -6.75 30.75 -31 -4.75 32.5 -31
3 0 -12 38 -31 -4.75 32.5 -31 -2.25 33.25 -31
4 0 -12 38 -31 -2.25 33.25 -31 2.75 34.75 -31 8 36.25 -31
4 0 -12 38 -31 8 36.25 -31 9.5 35 -31 12 38 -31
0