0 Space Laser-Gun with Side Sight (needs work)
0 Name 4360.dat
0 Created by Tore Eriksson
0 Official LCad update 97-16

 1 16 -40 8 0  0 1 0  1 0 0  0 0 1 stud2.dat
 1 16 -30 8 -6  1 0 0  0 0 1  0 1 0  stud2.dat
 1 16 -10 8 -6  1 0 0  0 0 1  0 1 0  stud2.dat
 1 16 -40 8 0  0 0 0  8 0 0  0 0 6 rect.dat

 1 16 -10 8 -6  30 0 0  0 0 8  0 0 0  rect.dat
 1 16 -10 8  6  30 0 0  0 0 8  0 0 0  rect.dat
 2 24 1.6 1.6 -6  11.4 1.6 -6
 2 24 1.6 4.8 -6  11.4 4.8 -6
 1 16 1.6 3.2 -6  0 0 -1.6 1.6 0 0  0 0 0  2-4edge.dat
 1 16 11.4 3.2 -6  0 0 1.6 1.6 0 0  0 0 0  2-4edge.dat
 2 24 1.6 6.4 -6  11.4 6.4 -6
 2 24 1.6 9.6 -6  11.4 9.6 -6
 1 16 1.6 8 -6  0 0 -1.6 1.6 0 0  0 0 0  2-4edge.dat
 1 16 11.4 8 -6  0 0 1.6 1.6 0 0  0 0 0  2-4edge.dat

 2 24 1.6 11.2 -6  11.4 11.2 -6
 2 24 1.6 14.4 -6  11.4 14.4 -6
 1 16 1.6 12.8 -6  0 0 -1.6 1.6 0 0  0 0 0  2-4edge.dat
 1 16 11.4 12.8 -6  0 0 1.6 1.6 0 0  0 0 0  2-4edge.dat

 1 16 -10 0 0  30 0 0  0 0 0  0 0 6  rect.dat
 1 16 -28 0 0  0.67 0 0  0 0.5 0  0 0 0.67 stud.dat
 1 16  0 0 0  0.67 0 0  0 0.5 0  0 0 0.67 stud.dat
 1 16 13 0 0  0.67 0 0  0 0.5 0  0 0 0.67 stud.dat

 2 24  -19 0 -1  -9 0 -1
 2 24  -19 0  1  -9 0  1
 2 24  -19 -2 -1  -9 -2 -1
 2 24  -19 -2  1  -9 -2  1
 1 16  -19 0 0  0 0 -1  0 0 0  1 0 0  2-4edge.dat
 1 16   -9 0 0   0 0 1  0 0 0  1 0 0  2-4edge.dat
 1 16  -19 -2 0  0 0 -1  0 0 0  1 0 0  2-4edge.dat
 1 16   -9 -2 0  0 0 1  0 0 0  1 0 0  2-4edge.dat
 4 16  -19 0 -1  -9 0 -1  -9 -2 -1  -19 -2 -1
 4 16  -19 0  1  -9 0  1  -9 -2  1  -19 -2  1
 1 16  -19 0 0  0 0 -1  0 -2 0  1 0 0  2-4cyli.dat
 1 16   -9 0 0  0 0  1  0 -2 0  1 0 0  2-4cyli.dat
 1 16  -19 -2 0  0 0 -1  0 0 0  1 0 0  2-4disc.dat
 1 16   -9 -2 0  0 0  1  0 0 0  1 0 0  2-4disc.dat
 4 16  -19 -2 -1  -9 -2 -1  -9 -2  1  -19 -2  1

 1 16 -10 16 0  30 0 0  0 0 0  0 0 6  rect.dat
0 to be replaced later...

 1 16 -30 16 0  4 0 0  0 0 0  0 0 4  4-4edge.dat
 1 16 -19 16 0  4 0 0  0 0 0  0 0 4  4-4edge.dat
 1 16  -8 16 0  4 0 0  0 0 0  0 0 4  4-4edge.dat

 1 16  6.5 16 0  0.67 0 0  0 -3 0  0 0 0.67 stud.dat

 1 16  20 8 0  0 6 0  1 0 0  0 0 1  peghole.dat
 1 16  8 -2 17.32 0 4 0 1 0 0 0 0 1 peghole.dat
 1 16 12 -2 17.32 0 -14 0  6 0 0  0 0 6  4-4cyli.dat
 1 16 -2 -2 17.32   0 0 0  6 0 0  0 0 6  4-4edge.dat
 1 16 -2 -2 17.32   0 0 0  4 0 0  0 0 4  4-4edge.dat
 1 16 -2 -2 17.32   0 0 0  2 0 0  0 0 2  ring2.dat
 1 16  8 -2 17.32   0 0 0  6 0 0  0 0 6  4-4edge.dat
 1 16  8 -2 17.32   0 0 0  2 0 0  0 0 2  ring3.dat
 1 16 12 -2 17.32   0 0 0  6 0 0  0 0 6  4-4edge.dat
 1 16 12 -2 17.32   0 0 0  4 0 0  0 0 4  4-4edge.dat
 1 16 12 -2 17.32   0 0 0  2 0 0  0 0 2  ring2.dat
 1 16  20 8 0  0 0 0  8 0 0  0 0 8  4-4disc.dat
 1 16  20 8 0  0 0 0  8 0 0  0 0 6  rect.dat

 2 24  2 0 6  2 -5 12
 2 24  2 -5 12  8 -5 12
 4 16  2 0 6  2 -5 12  2 0 12  2 4 6
 4 16  2 0 12  2 4 6   2 16 6  2 4 17

 2 24  2 16 6  2 4 17
 2 24  8 16 6  8 4 17
 4 16  2 16 6  2 4 17  8 4 17  8 16 6
 4 16  2 0 6  2 -5 12  8 -5 12  8 0 6
 2 24  12 0 6  12 -2.6 9.2
 2 24  12 -2.6 9.2  8 -2.6 9.2
 2 24  8 4 6  8 0 9
 2 24  12 4 6  12 0 9
 4 16  8 4 6  8 0 9  8 4 17  8 16 6
 2 24  8 4 6  8 16 6
 2 24  8 4 6  12 4 6
 2 24  12 0 6  12 4 6
 4 16  8 4 6  8 0 9  12 0 9  12 4 6
 4 16  12 0 6  12 -2.6 9.2  8 -2.6 9.2  8 0 6
 4 16  12 0 6  12 -2.6 9.2  12 0 9  12 4 6
 1 16  28 8 0  0 0 0  6 0 0  0 0 6  4-4edge.dat
 1 16  28 8 0  0 0 0  4 0 0  0 0 4  4-4edge.dat

