0 Technic Connector Toggle Joint Smooth
0 Name: 44.dat
0 Author: Fredrik Glöckner
0 Official LCad Part 2000-01

 2 24 -5.58 2 -10 -5.58 2 10
 2 24 5.58 2 -10 5.58 2 10
 2 24 -5.58 -2 -10 -5.58 -2 10
 2 24 5.58 -2 -10 5.58 -2 10
 2 24 0 9 -10 0 9 -20
 2 24 0 -9 -10 0 -9 -20
 2 24 0 9 -10 0 -9 -10
 2 24 -5.58 2 -10 -6 0 -10
 2 24 -5.58 -2 -10 -6 0 -10
 2 24 9 0 -10 8.31 3.44 -10
 2 24 8.31 3.44 -10 7.57 4.55 -10
 2 24 7.57 4.55 -10 5.76 5.76 -10
 2 24 5.76 5.76 -10 4.55 7.57 -10
 2 24 4.55 7.57 -10 3.44 8.31 -10
 2 24 3.44 8.31 -10 0 9 -10
 2 24 9 0 -10 8.31 -3.44 -10
 2 24 8.31 -3.44 -10 7.57 -4.55 -10
 2 24 7.57 -4.55 -10 5.76 -5.76 -10
 2 24 5.76 -5.76 -10 4.55 -7.57 -10
 2 24 4.55 -7.57 -10 3.44 -8.31 -10
 2 24 3.44 -8.31 -10 0 -9 -10
 2 24 9 0 -7 8.31 3.44 -7
 2 24 8.31 3.44 -7 7.57 4.55 -7
 2 24 7.57 4.55 -7 5.76 5.76 -6.57
 2 24 5.76 5.76 -6.57 4.55 7.57 -7
 2 24 4.55 7.57 -7 3.44 8.31 -7
 2 24 3.44 8.31 -7 0 9 -7
 2 24 9 0 -7 8.31 -3.44 -7
 2 24 8.31 -3.44 -7 7.57 -4.55 -7
 2 24 7.57 -4.55 -7 5.76 -5.76 -6.57
 2 24 5.76 -5.76 -6.57 4.55 -7.57 -7
 2 24 4.55 -7.57 -7 3.44 -8.31 -7
 2 24 3.44 -8.31 -7 0 -9 -7
 2 24 7.57 4.55 -10 7.57 4.55 -7
 2 24 4.55 7.57 -10 4.55 7.57 -7
 2 24 7.57 -4.55 -10 7.57 -4.55 -7
 2 24 4.55 -7.57 -10 4.55 -7.57 -7
 2 24 5.58 2 10 6 0 10
 2 24 5.58 -2 10 6 0 10
 2 24 -5.58 2 10 -6 0 10
 2 24 -5.58 -2 10 -6 0 10
 2 24 5.79 1 -5 6 0 -5
 2 24 5.79 1 5 6 0 5
 2 24 5.79 -1 -5 6 0 -5
 2 24 5.79 -1 5 6 0 5
 2 24 -5.79 1 -5 -6 0 -5
 2 24 -5.79 1 5 -6 0 5
 2 24 -5.79 -1 -5 -6 0 -5
 2 24 -5.79 -1 5 -6 0 5
 2 24 5.79 1 -5 5.79 1 5
 2 24 5.79 -1 -5 5.79 -1 5
 2 24 -5.79 1 -5 -5.79 1 5
 2 24 -5.79 -1 -5 -5.79 -1 5
 2 24 6.79 1 -5 7 0 -5
 2 24 6.79 1 5 7 0 5
 2 24 6.79 -1 -5 7 0 -5
 2 24 6.79 -1 5 7 0 5
 2 24 -6.79 1 -5 -7 0 -5
 2 24 -6.79 1 5 -7 0 5
 2 24 -6.79 -1 -5 -7 0 -5
 2 24 -6.79 -1 5 -7 0 5
 2 24 6.79 1 -5 6.79 1 5
 2 24 6.79 -1 -5 6.79 -1 5
 2 24 -6.79 1 -5 -6.79 1 5
 2 24 -6.79 -1 -5 -6.79 -1 5
 2 24 5.79 1 -5 6.79 1 -5
 2 24 5.79 1 5 6.79 1 5
 2 24 5.79 -1 -5 6.79 -1 -5
 2 24 5.79 -1 5 6.79 -1 5
 2 24 -5.79 1 -5 -6.79 1 -5
 2 24 -5.79 1 5 -6.79 1 5
 2 24 -5.79 -1 -5 -6.79 -1 -5
 2 24 -5.79 -1 5 -6.79 -1 5
 2 24 5.58 2 -10 6 0 -10
 2 24 5.58 -2 -10 6 0 -10
 2 24 9 0 10 8.31 3.44 10
 2 24 8.31 3.44 10 7.57 4.55 10
 2 24 7.57 4.55 10 5.76 5.76 10
 2 24 5.76 5.76 10 4.55 7.57 10
 2 24 4.55 7.57 10 3.44 8.31 10
 2 24 3.44 8.31 10 0 9 10
 2 24 -9 0 10 -8.31 3.44 10
 2 24 -8.31 3.44 10 -7.57 4.55 10
 2 24 -7.57 4.55 10 -5.76 5.76 10
 2 24 -5.76 5.76 10 -4.55 7.57 10
 2 24 -4.55 7.57 10 -3.44 8.31 10
 2 24 -3.44 8.31 10 0 9 10
 2 24 9 0 10 8.31 -3.44 10
 2 24 8.31 -3.44 10 7.57 -4.55 10
 2 24 7.57 -4.55 10 5.76 -5.76 10
 2 24 5.76 -5.76 10 4.55 -7.57 10
 2 24 4.55 -7.57 10 3.44 -8.31 10
 2 24 3.44 -8.31 10 0 -9 10
 2 24 -9 0 10 -8.31 -3.44 10
 2 24 -8.31 -3.44 10 -7.57 -4.55 10
 2 24 -7.57 -4.55 10 -5.76 -5.76 10
 2 24 -5.76 -5.76 10 -4.55 -7.57 10
 2 24 -4.55 -7.57 10 -3.44 -8.31 10
 2 24 -3.44 -8.31 10 0 -9 10
 2 24 9 0 7 8.31 3.44 7
 2 24 8.31 3.44 7 7.57 4.55 7
 2 24 7.57 4.55 7 5.76 5.76 6.57
 2 24 5.76 5.76 6.57 4.55 7.57 7
 2 24 4.55 7.57 7 3.44 8.31 7
 2 24 3.44 8.31 7 0 9 7
 2 24 -9 0 7 -8.31 3.44 7
 2 24 -8.31 3.44 7 -7.57 4.55 7
 2 24 -7.57 4.55 7 -5.76 5.76 6.57
 2 24 -5.76 5.76 6.57 -4.55 7.57 7
 2 24 -4.55 7.57 7 -3.44 8.31 7
 2 24 -3.44 8.31 7 0 9 7
 2 24 9 0 7 8.31 -3.44 7
 2 24 8.31 -3.44 7 7.57 -4.55 7
 2 24 7.57 -4.55 7 5.76 -5.76 6.57
 2 24 5.76 -5.76 6.57 4.55 -7.57 7
 2 24 4.55 -7.57 7 3.44 -8.31 7
 2 24 3.44 -8.31 7 0 -9 7
 2 24 -9 0 7 -8.31 -3.44 7
 2 24 -8.31 -3.44 7 -7.57 -4.55 7
 2 24 -7.57 -4.55 7 -5.76 -5.76 6.57
 2 24 -5.76 -5.76 6.57 -4.55 -7.57 7
 2 24 -4.55 -7.57 7 -3.44 -8.31 7
 2 24 -3.44 -8.31 7 0 -9 7
 2 24 7.57 4.55 10 7.57 4.55 7
 2 24 4.55 7.57 10 4.55 7.57 7
 2 24 -7.57 4.55 10 -7.57 4.55 7
 2 24 -4.55 7.57 10 -4.55 7.57 7
 2 24 7.57 -4.55 10 7.57 -4.55 7
 2 24 4.55 -7.57 10 4.55 -7.57 7
 2 24 -7.57 -4.55 10 -7.57 -4.55 7
 2 24 -4.55 -7.57 10 -4.55 -7.57 7
 1 16 -10 0 -20 0 0 0 9 0 0 0 0 9 4-4edge.dat
 1 16 0 0 -20 0 0 0 -9 0 0 0 0 -9 2-4edge.dat
 1 16 0 0 -20 0 0 -9 9 0 0 0 0 9 2-4edge.dat
 1 16 0 0 -7 0 0 -9 -9 0 0 0 0 0 2-4edge.dat
 1 16 0 0 -6 0 0 7 7 0 0 0 0 0 4-4edge.dat
 1 16 0 0 6 0 0 7 7 0 0 0 0 0 4-4edge.dat
 1 16 0 0 -20 0 -1 0 1 0 0 0 0 1 peghole.dat
 1 16 -10 0 -20 0 1 0 1 0 0 0 0 1 peghole.dat
 1 16 0 0 -10 0 0 1 1 0 0 0 20 0 axlehol5.dat
 1 16 -10 0 -20 0 -1 0 0.8 0 0 0 0 0.8 ring10.dat
 1 16 -10 0 -20 0 -1 0 0.818 0 0 0 0 0.818 ring10.dat
 1 16 0 0 -20 0 -1 0 0.8 0 0 0 0 0.8 ring10.dat
 1 16 0 0 -20 0 -1 0 0.818 0 0 0 0 0.818 ring10.dat
 1 16 -2 0 -20 0 -6 0 6 0 0 0 0 6 4-4cyli.dat
 1 16 -10 0 -20 0 1 0 9 0 0 0 0 9 4-4cyli.dat
 1 16 0 0 -20 0 0 0 9 0 0 0 0 9 2-4ndis.dat
 1 16 0 0 -10 0 0 -9 9 0 0 0 -1 0 2-4cyli.dat
 1 16 0 0 -20 0 -10 0 9 0 0 0 0 -9 2-4cyli.dat
 1 16 -9 0 -20 0 9 0 0 0 9 9 0 0 1-4cyls.dat
 1 16 -9 0 -20 0 9 0 0 0 -9 9 0 0 1-4cyls.dat
 1 16 0 0 -11 -9 0 0 0 0 9 0 -9 0 1-4cyls.dat
 1 16 0 0 -11 -9 0 0 0 0 -9 0 -9 0 1-4cyls.dat
 1 16 0 0 -10 0 0 -9 -9 0 0 0 3 0 2-4cyli.dat
 1 16 0 0 -10 0 0 -6 -6 0 0 0 0 0 2-4disc.dat
 4 16 0 9 -10 0 9 -11 0 -9 -11 0 -9 -10
 4 16 -5.75 1.2 -6 -5.58 2 -10 -6 0 -10 -6 0 -6
 4 16 -5.75 -1.2 -6 -5.58 -2 -10 -6 0 -10 -6 0 -6
 3 16 -5.58 2 -10 -5.75 1.2 -6 -5.58 2 -6
 3 16 -5.58 -2 -10 -5.75 -1.2 -6 -5.58 -2 -6
 4 16 0 -7 -6 -2.68 -6.47 -6 -3.44 -8.31 -7 0 -9 -7
 5 24 0 -7 -6 0 -9 -7 -2.68 -6.47 -6 2.68 -6.47 -6
 4 16 0 -6 -10 -2.3 -5.54 -10 -3.44 -8.31 -10 0 -9 -10
 4 16 -2.68 -6.47 -6 -4.95 -4.95 -6 -6.36 -6.36 -7 -3.44 -8.31 -7
 5 24 -2.68 -6.47 -6 -3.44 -8.31 -7 -4.95 -4.95 -6 0 -7 -6
 4 16 -2.3 -5.54 -10 -4.24 -4.24 -10 -6.36 -6.36 -10 -3.44 -8.31 -10
 4 16 -4.95 -4.95 -6 -6.47 -2.68 -6 -8.31 -3.44 -7 -6.36 -6.36 -7
 5 24 -4.95 -4.95 -6 -6.36 -6.36 -7 -6.47 -2.68 -6 -2.68 -6.47 -6
 4 16 -4.24 -4.24 -10 -5.54 -2.3 -10 -8.31 -3.44 -10 -6.36 -6.36 -10
 4 16 -6.47 -2.68 -6 -7 0 -6 -9 0 -7 -8.31 -3.44 -7
 5 24 -6.47 -2.68 -6 -8.31 -3.44 -7 -7 0 -6 -4.95 -4.95 -6
 4 16 -5.54 -2.3 -10 -6 0 -10 -9 0 -10 -8.31 -3.44 -10
 4 16 -7 0 -6 -6.47 2.68 -6 -8.31 3.44 -7 -9 0 -7
 5 24 -7 0 -6 -9 0 -7 -6.47 2.68 -6 -6.47 -2.68 -6
 4 16 -6 0 -10 -5.54 2.3 -10 -8.31 3.44 -10 -9 0 -10
 4 16 -6.47 2.68 -6 -4.95 4.95 -6 -6.36 6.36 -7 -8.31 3.44 -7
 5 24 -6.47 2.68 -6 -8.31 3.44 -7 -4.95 4.95 -6 -7 0 -6
 4 16 -5.54 2.3 -10 -4.24 4.24 -10 -6.36 6.36 -10 -8.31 3.44 -10
 4 16 -4.95 4.95 -6 -2.68 6.47 -6 -3.44 8.31 -7 -6.36 6.36 -7
 5 24 -4.95 4.95 -6 -6.36 6.36 -7 -2.68 6.47 -6 -6.47 2.68 -6
 4 16 -4.24 4.24 -10 -2.3 5.54 -10 -3.44 8.31 -10 -6.36 6.36 -10
 4 16 -2.68 6.47 -6 0 7 -6 0 9 -7 -3.44 8.31 -7
 5 24 -2.68 6.47 -6 -3.44 8.31 -7 0 7 -6 -4.95 4.95 -6
 4 16 -2.3 5.54 -10 0 6 -10 0 9 -10 -3.44 8.31 -10
 5 24 0 7 -6 0 9 -7 2.68 6.47 -6 -2.68 6.47 -6
 4 16 5.75 1.2 -6 5.58 2 -10 6 0 -10 6 0 -6
 4 16 5.75 -1.2 -6 5.58 -2 -10 6 0 -10 6 0 -6
 3 16 5.58 2 -10 5.58 2 -6 5.75 1.2 -6
 3 16 5.58 -2 -10 5.58 -2 -6 5.75 -1.2 -6
 4 16 5.54 2.3 -10 8.31 3.44 -10 7.57 4.55 -10 4.24 4.24 -10
 4 16 2.3 5.54 -10 3.44 8.31 -10 4.55 7.57 -10 4.24 4.24 -10
 3 16 7.57 4.55 -10 5.76 5.76 -10 4.24 4.24 -10
 3 16 4.55 7.57 -10 5.76 5.76 -10 4.24 4.24 -10
 4 16 5.54 -2.3 -10 8.31 -3.44 -10 7.57 -4.55 -10 4.24 -4.24 -10
 4 16 2.3 -5.54 -10 3.44 -8.31 -10 4.55 -7.57 -10 4.24 -4.24 -10
 3 16 7.57 -4.55 -10 5.76 -5.76 -10 4.24 -4.24 -10
 3 16 4.55 -7.57 -10 5.76 -5.76 -10 4.24 -4.24 -10
 4 16 6.47 2.68 -6 8.31 3.44 -7 7.57 4.55 -7 4.95 4.95 -6
 4 16 2.68 6.47 -6 3.44 8.31 -7 4.55 7.57 -7 4.95 4.95 -6
 3 16 7.57 4.55 -7 5.76 5.76 -6.57 4.95 4.95 -6
 3 16 4.55 7.57 -7 5.76 5.76 -6.57 4.95 4.95 -6
 4 16 6.47 -2.68 -6 8.31 -3.44 -7 7.57 -4.55 -7 4.95 -4.95 -6
 4 16 2.68 -6.47 -6 3.44 -8.31 -7 4.55 -7.57 -7 4.95 -4.95 -6
 3 16 7.57 -4.55 -7 5.76 -5.76 -6.57 4.95 -4.95 -6
 3 16 4.55 -7.57 -7 5.76 -5.76 -6.57 4.95 -4.95 -6
 4 16 9 0 -10 8.31 3.44 -10 8.31 3.44 -7 9 0 -7
 4 16 8.31 3.44 -10 7.57 4.55 -10 7.57 4.55 -7 8.31 3.44 -7
 4 16 7.57 4.55 -10 5.76 5.76 -10 5.76 5.76 -6.57 7.57 4.55 -7
 4 16 5.76 5.76 -10 4.55 7.57 -10 4.55 7.57 -7 5.76 5.76 -6.57
 4 16 4.55 7.57 -10 3.44 8.31 -10 3.44 8.31 -7 4.55 7.57 -7
 4 16 3.44 8.31 -10 0 9 -10 0 9 -7 3.44 8.31 -7
 4 16 9 0 -10 8.31 -3.44 -10 8.31 -3.44 -7 9 0 -7
 4 16 8.31 -3.44 -10 7.57 -4.55 -10 7.57 -4.55 -7 8.31 -3.44 -7
 4 16 7.57 -4.55 -10 5.76 -5.76 -10 5.76 -5.76 -6.57 7.57 -4.55 -7
 4 16 5.76 -5.76 -10 4.55 -7.57 -10 4.55 -7.57 -7 5.76 -5.76 -6.57
 4 16 4.55 -7.57 -10 3.44 -8.31 -10 3.44 -8.31 -7 4.55 -7.57 -7
 4 16 3.44 -8.31 -10 0 -9 -10 0 -9 -7 3.44 -8.31 -7
 4 16 0 -7 -6 2.68 -6.47 -6 3.44 -8.31 -7 0 -9 -7
 4 16 0 -6 -10 2.3 -5.54 -10 3.44 -8.31 -10 0 -9 -10
 5 24 2.68 -6.47 -6 3.44 -8.31 -7 4.95 -4.95 -6 0 -7 -6
 5 24 4.95 -4.95 -6 5.76 -5.76 -6.57 6.47 -2.68 -6 2.68 -6.47 -6
 4 16 6.47 -2.68 -6 7 0 -6 9 0 -7 8.31 -3.44 -7
 5 24 6.47 -2.68 -6 8.31 -3.44 -7 7 0 -6 4.95 -4.95 -6
 4 16 5.54 -2.3 -10 6 0 -10 9 0 -10 8.31 -3.44 -10
 4 16 7 0 -6 6.47 2.68 -6 8.31 3.44 -7 9 0 -7
 5 24 7 0 -6 9 0 -7 6.47 2.68 -6 6.47 -2.68 -6
 4 16 6 0 -10 5.54 2.3 -10 8.31 3.44 -10 9 0 -10
 5 24 6.47 2.68 -6 8.31 3.44 -7 4.95 4.95 -6 7 0 -6
 5 24 4.95 4.95 -6 5.76 5.76 -6.57 2.68 6.47 -6 6.47 2.68 -6
 4 16 2.68 6.47 -6 0 7 -6 0 9 -7 3.44 8.31 -7
 5 24 2.68 6.47 -6 3.44 8.31 -7 0 7 -6 4.95 4.95 -6
 4 16 2.3 5.54 -10 0 6 -10 0 9 -10 3.44 8.31 -10
 4 16 6 0 -6 6 0 -5 5.79 1 -5 5.75 1.2 -6
 4 16 5.58 2 10 6 0 10 6 0 5 5.79 1 5
 4 16 6 0 -6 6 0 -5 5.79 -1 -5 5.75 -1.2 -6
 4 16 5.58 -2 10 6 0 10 6 0 5 5.79 -1 5
 4 16 -6 0 -6 -6 0 -5 -5.79 1 -5 -5.75 1.2 -6
 4 16 -5.58 2 10 -6 0 10 -6 0 5 -5.79 1 5
 4 16 -6 0 -6 -6 0 -5 -5.79 -1 -5 -5.75 -1.2 -6
 4 16 -5.58 -2 10 -6 0 10 -6 0 5 -5.79 -1 5
 3 16 5.79 1 -5 5.79 1 5 5.58 2 10
 4 16 5.79 1 -5 5.58 2 10 5.58 2 -6 5.75 1.2 -6
 3 16 5.79 -1 -5 5.79 -1 5 5.58 -2 10
 4 16 5.79 -1 -5 5.58 -2 10 5.58 -2 -6 5.75 -1.2 -6
 3 16 -5.79 1 -5 -5.79 1 5 -5.58 2 10
 4 16 -5.79 1 -5 -5.58 2 10 -5.58 2 -6 -5.75 1.2 -6
 3 16 -5.79 -1 -5 -5.79 -1 5 -5.58 -2 10
 4 16 -5.79 -1 -5 -5.58 -2 10 -5.58 -2 -6 -5.75 -1.2 -6
 4 16 6.47 2.68 -6 7 0 -6 7 0 -5 6.79 1 -5
 4 16 6.47 2.68 6 7 0 6 7 0 5 6.79 1 5
 4 16 6.47 -2.68 -6 7 0 -6 7 0 -5 6.79 -1 -5
 4 16 6.47 -2.68 6 7 0 6 7 0 5 6.79 -1 5
 4 16 -6.47 2.68 -6 -7 0 -6 -7 0 -5 -6.79 1 -5
 4 16 -6.47 2.68 6 -7 0 6 -7 0 5 -6.79 1 5
 4 16 -6.47 -2.68 -6 -7 0 -6 -7 0 -5 -6.79 -1 -5
 4 16 -6.47 -2.68 6 -7 0 6 -7 0 5 -6.79 -1 5
 4 16 6.47 2.68 -6 6.79 1 -5 6.79 1 5 6.47 2.68 6
 4 16 6.47 -2.68 -6 6.79 -1 -5 6.79 -1 5 6.47 -2.68 6
 4 16 -6.47 2.68 -6 -6.79 1 -5 -6.79 1 5 -6.47 2.68 6
 4 16 -6.47 -2.68 -6 -6.79 -1 -5 -6.79 -1 5 -6.47 -2.68 6
 4 16 5.79 1 -5 6.79 1 -5 6.79 1 5 5.79 1 5
 4 16 5.79 -1 -5 6.79 -1 -5 6.79 -1 5 5.79 -1 5
 4 16 -5.79 1 -5 -6.79 1 -5 -6.79 1 5 -5.79 1 5
 4 16 -5.79 -1 -5 -6.79 -1 -5 -6.79 -1 5 -5.79 -1 5
 4 16 5.79 1 -5 6.79 1 -5 7 0 -5 6 0 -5
 4 16 5.79 1 5 6.79 1 5 7 0 5 6 0 5
 4 16 5.79 -1 -5 6.79 -1 -5 7 0 -5 6 0 -5
 4 16 5.79 -1 5 6.79 -1 5 7 0 5 6 0 5
 4 16 -5.79 1 -5 -6.79 1 -5 -7 0 -5 -6 0 -5
 4 16 -5.79 1 5 -6.79 1 5 -7 0 5 -6 0 5
 4 16 -5.79 -1 -5 -6.79 -1 -5 -7 0 -5 -6 0 -5
 4 16 -5.79 -1 5 -6.79 -1 5 -7 0 5 -6 0 5
 4 16 6.47 -2.68 -6 4.95 -4.95 -6 4.95 -4.95 6 6.47 -2.68 6
 5 24 6.47 -2.68 -6 6.47 -2.68 6 4.95 -4.95 -6 7 0 -6
 4 16 4.95 -4.95 -6 2.68 -6.47 -6 2.68 -6.47 6 4.95 -4.95 6
 5 24 4.95 -4.95 -6 4.95 -4.95 6 2.68 -6.47 -6 6.47 -2.68 -6
 4 16 2.68 -6.47 -6 0 -7 -6 0 -7 6 2.68 -6.47 6
 5 24 2.68 -6.47 -6 2.68 -6.47 6 0 -7 -6 4.95 -4.95 -6
 4 16 0 -7 -6 -2.68 -6.47 -6 -2.68 -6.47 6 0 -7 6
 5 24 0 -7 -6 0 -7 6 -2.68 -6.47 -6 2.68 -6.47 -6
 4 16 -2.68 -6.47 -6 -4.95 -4.95 -6 -4.95 -4.95 6 -2.68 -6.47 6
 5 24 -2.68 -6.47 -6 -2.68 -6.47 6 -4.95 -4.95 -6 0 -7 -6
 4 16 -4.95 -4.95 -6 -6.47 -2.68 -6 -6.47 -2.68 6 -4.95 -4.95 6
 5 24 -4.95 -4.95 -6 -4.95 -4.95 6 -6.47 -2.68 -6 -2.68 -6.47 -6
 5 24 -6.47 -2.68 -6 -6.47 -2.68 6 -7 0 -6 -4.95 -4.95 -6
 4 16 -6.47 2.68 -6 -4.95 4.95 -6 -4.95 4.95 6 -6.47 2.68 6
 5 24 -6.47 2.68 -6 -6.47 2.68 6 -4.95 4.95 -6 -7 0 -6
 4 16 -4.95 4.95 -6 -2.68 6.47 -6 -2.68 6.47 6 -4.95 4.95 6
 5 24 -4.95 4.95 -6 -4.95 4.95 6 -2.68 6.47 -6 -6.47 2.68 -6
 4 16 -2.68 6.47 -6 0 7 -6 0 7 6 -2.68 6.47 6
 5 24 -2.68 6.47 -6 -2.68 6.47 6 0 7 -6 -4.95 4.95 -6
 4 16 0 7 -6 2.68 6.47 -6 2.68 6.47 6 0 7 6
 5 24 0 7 -6 0 7 6 2.68 6.47 -6 -2.68 6.47 -6
 4 16 2.68 6.47 -6 4.95 4.95 -6 4.95 4.95 6 2.68 6.47 6
 5 24 2.68 6.47 -6 2.68 6.47 6 4.95 4.95 -6 0 7 -6
 4 16 4.95 4.95 -6 6.47 2.68 -6 6.47 2.68 6 4.95 4.95 6
 5 24 4.95 4.95 -6 4.95 4.95 6 6.47 2.68 -6 2.68 6.47 -6
 5 24 6.47 2.68 -6 6.47 2.68 6 7 0 -6 4.95 4.95 -6
 4 16 5.54 2.3 10 8.31 3.44 10 7.57 4.55 10 4.24 4.24 10
 4 16 2.3 5.54 10 3.44 8.31 10 4.55 7.57 10 4.24 4.24 10
 3 16 7.57 4.55 10 5.76 5.76 10 4.24 4.24 10
 3 16 4.55 7.57 10 5.76 5.76 10 4.24 4.24 10
 4 16 -5.54 2.3 10 -8.31 3.44 10 -7.57 4.55 10 -4.24 4.24 10
 4 16 -2.3 5.54 10 -3.44 8.31 10 -4.55 7.57 10 -4.24 4.24 10
 3 16 -7.57 4.55 10 -5.76 5.76 10 -4.24 4.24 10
 3 16 -4.55 7.57 10 -5.76 5.76 10 -4.24 4.24 10
 4 16 5.54 -2.3 10 8.31 -3.44 10 7.57 -4.55 10 4.24 -4.24 10
 4 16 2.3 -5.54 10 3.44 -8.31 10 4.55 -7.57 10 4.24 -4.24 10
 3 16 7.57 -4.55 10 5.76 -5.76 10 4.24 -4.24 10
 3 16 4.55 -7.57 10 5.76 -5.76 10 4.24 -4.24 10
 4 16 -5.54 -2.3 10 -8.31 -3.44 10 -7.57 -4.55 10 -4.24 -4.24 10
 4 16 -2.3 -5.54 10 -3.44 -8.31 10 -4.55 -7.57 10 -4.24 -4.24 10
 3 16 -7.57 -4.55 10 -5.76 -5.76 10 -4.24 -4.24 10
 3 16 -4.55 -7.57 10 -5.76 -5.76 10 -4.24 -4.24 10
 4 16 6.47 2.68 6 8.31 3.44 7 7.57 4.55 7 4.95 4.95 6
 4 16 2.68 6.47 6 3.44 8.31 7 4.55 7.57 7 4.95 4.95 6
 3 16 7.57 4.55 7 5.76 5.76 6.57 4.95 4.95 6
 3 16 4.55 7.57 7 5.76 5.76 6.57 4.95 4.95 6
 4 16 -6.47 2.68 6 -8.31 3.44 7 -7.57 4.55 7 -4.95 4.95 6
 4 16 -2.68 6.47 6 -3.44 8.31 7 -4.55 7.57 7 -4.95 4.95 6
 3 16 -7.57 4.55 7 -5.76 5.76 6.57 -4.95 4.95 6
 3 16 -4.55 7.57 7 -5.76 5.76 6.57 -4.95 4.95 6
 4 16 6.47 -2.68 6 8.31 -3.44 7 7.57 -4.55 7 4.95 -4.95 6
 4 16 2.68 -6.47 6 3.44 -8.31 7 4.55 -7.57 7 4.95 -4.95 6
 3 16 7.57 -4.55 7 5.76 -5.76 6.57 4.95 -4.95 6
 3 16 4.55 -7.57 7 5.76 -5.76 6.57 4.95 -4.95 6
 4 16 -6.47 -2.68 6 -8.31 -3.44 7 -7.57 -4.55 7 -4.95 -4.95 6
 4 16 -2.68 -6.47 6 -3.44 -8.31 7 -4.55 -7.57 7 -4.95 -4.95 6
 3 16 -7.57 -4.55 7 -5.76 -5.76 6.57 -4.95 -4.95 6
 3 16 -4.55 -7.57 7 -5.76 -5.76 6.57 -4.95 -4.95 6
 4 16 9 0 10 8.31 3.44 10 8.31 3.44 7 9 0 7
 4 16 8.31 3.44 10 7.57 4.55 10 7.57 4.55 7 8.31 3.44 7
 4 16 7.57 4.55 10 5.76 5.76 10 5.76 5.76 6.57 7.57 4.55 7
 4 16 5.76 5.76 10 4.55 7.57 10 4.55 7.57 7 5.76 5.76 6.57
 4 16 4.55 7.57 10 3.44 8.31 10 3.44 8.31 7 4.55 7.57 7
 4 16 3.44 8.31 10 0 9 10 0 9 7 3.44 8.31 7
 4 16 -9 0 10 -8.31 3.44 10 -8.31 3.44 7 -9 0 7
 4 16 -8.31 3.44 10 -7.57 4.55 10 -7.57 4.55 7 -8.31 3.44 7
 4 16 -7.57 4.55 10 -5.76 5.76 10 -5.76 5.76 6.57 -7.57 4.55 7
 4 16 -5.76 5.76 10 -4.55 7.57 10 -4.55 7.57 7 -5.76 5.76 6.57
 4 16 -4.55 7.57 10 -3.44 8.31 10 -3.44 8.31 7 -4.55 7.57 7
 4 16 -3.44 8.31 10 0 9 10 0 9 7 -3.44 8.31 7
 4 16 9 0 10 8.31 -3.44 10 8.31 -3.44 7 9 0 7
 4 16 8.31 -3.44 10 7.57 -4.55 10 7.57 -4.55 7 8.31 -3.44 7
 4 16 7.57 -4.55 10 5.76 -5.76 10 5.76 -5.76 6.57 7.57 -4.55 7
 4 16 5.76 -5.76 10 4.55 -7.57 10 4.55 -7.57 7 5.76 -5.76 6.57
 4 16 4.55 -7.57 10 3.44 -8.31 10 3.44 -8.31 7 4.55 -7.57 7
 4 16 3.44 -8.31 10 0 -9 10 0 -9 7 3.44 -8.31 7
 4 16 -9 0 10 -8.31 -3.44 10 -8.31 -3.44 7 -9 0 7
 4 16 -8.31 -3.44 10 -7.57 -4.55 10 -7.57 -4.55 7 -8.31 -3.44 7
 4 16 -7.57 -4.55 10 -5.76 -5.76 10 -5.76 -5.76 6.57 -7.57 -4.55 7
 4 16 -5.76 -5.76 10 -4.55 -7.57 10 -4.55 -7.57 7 -5.76 -5.76 6.57
 4 16 -4.55 -7.57 10 -3.44 -8.31 10 -3.44 -8.31 7 -4.55 -7.57 7
 4 16 -3.44 -8.31 10 0 -9 10 0 -9 7 -3.44 -8.31 7
 4 16 7 0 6 6.47 -2.68 6 8.31 -3.44 7 9 0 7
 5 24 7 0 6 9 0 7 6.47 -2.68 6 6.47 2.68 6
 4 16 6 0 10 5.54 -2.3 10 8.31 -3.44 10 9 0 10
 5 24 6.47 -2.68 6 8.31 -3.44 7 4.95 -4.95 6 7 0 6
 5 24 4.95 -4.95 6 5.76 -5.76 6.57 2.68 -6.47 6 6.47 -2.68 6
 4 16 2.68 -6.47 6 0 -7 6 0 -9 7 3.44 -8.31 7
 5 24 2.68 -6.47 6 3.44 -8.31 7 0 -7 6 4.95 -4.95 6
 4 16 2.3 -5.54 10 0 -6 10 0 -9 10 3.44 -8.31 10
 4 16 0 -7 6 -2.68 -6.47 6 -3.44 -8.31 7 0 -9 7
 5 24 0 -7 6 0 -9 7 -2.68 -6.47 6 2.68 -6.47 6
 4 16 0 -6 10 -2.3 -5.54 10 -3.44 -8.31 10 0 -9 10
 5 24 -2.68 -6.47 6 -3.44 -8.31 7 -4.95 -4.95 6 0 -7 6
 5 24 -4.95 -4.95 6 -5.76 -5.76 6.57 -6.47 -2.68 6 -2.68 -6.47 6
 4 16 -6.47 -2.68 6 -7 0 6 -9 0 7 -8.31 -3.44 7
 5 24 -6.47 -2.68 6 -8.31 -3.44 7 -7 0 6 -4.95 -4.95 6
 4 16 -5.54 -2.3 10 -6 0 10 -9 0 10 -8.31 -3.44 10
 4 16 -7 0 6 -6.47 2.68 6 -8.31 3.44 7 -9 0 7
 5 24 -7 0 6 -9 0 7 -6.47 2.68 6 -6.47 -2.68 6
 4 16 -6 0 10 -5.54 2.3 10 -8.31 3.44 10 -9 0 10
 5 24 -6.47 2.68 6 -8.31 3.44 7 -4.95 4.95 6 -7 0 6
 5 24 -4.95 4.95 6 -5.76 5.76 6.57 -2.68 6.47 6 -6.47 2.68 6
 4 16 -2.68 6.47 6 0 7 6 0 9 7 -3.44 8.31 7
 5 24 -2.68 6.47 6 -3.44 8.31 7 0 7 6 -4.95 4.95 6
 4 16 -2.3 5.54 10 0 6 10 0 9 10 -3.44 8.31 10
 4 16 0 7 6 2.68 6.47 6 3.44 8.31 7 0 9 7
 5 24 0 7 6 0 9 7 2.68 6.47 6 -2.68 6.47 6
 4 16 0 6 10 2.3 5.54 10 3.44 8.31 10 0 9 10
 5 24 2.68 6.47 6 3.44 8.31 7 4.95 4.95 6 0 7 6
 5 24 4.95 4.95 6 5.76 5.76 6.57 6.47 2.68 6 2.68 6.47 6
 4 16 6.47 2.68 6 7 0 6 9 0 7 8.31 3.44 7
 5 24 6.47 2.68 6 8.31 3.44 7 7 0 6 4.95 4.95 6
 4 16 5.54 2.3 10 6 0 10 9 0 10 8.31 3.44 10
0
