0 Hinge Plate  1 x  2 Locking with Dual Fingers on End Vertical
0 Name: 44302.dat
0 Author: Chris Dee (chris_w_dee@hotmail.com)
0 LDRAW_ORG Part UPDATE 2003-03

0 BFC CERTIFY CCW


1 16 0 4 0 1 0 0 0 -1 0 0 0 1 stud3.dat
1 16 10 0 0 1 0 0 0 1 0 0 0 1 stud.dat
1 16 -10 0 0 1 0 0 0 1 0 0 0 1 stud.dat
0 BFC INVERTNEXT
1 16 0 8 0 16 0 0 0 -4 0 0 0 6 box5.dat

4 16 20 8 10 16 8 6 -16 8 6 -19 8 10
4 16 -19 8 10 -16 8 6 -16 8 -6 -19 8 -10
4 16 -19 8 -10 -16 8 -6 16 8 -6 20 8 -10
4 16 20 8 -10 16 8 -6 16 8 6 20 8 10

2 24 20 0 10 -20 0 10
2 24 -20 0 10 -20 0 -10
2 24 -20 0 -10 20 0 -10
2 24 20 0 -10 20 0 10
2 24 20 8 10 -19 8 10
2 24 -20 7 10 -20 7 -10
2 24 -19 8 -10 20 8 -10
2 24 20 8 -10 20 8 -9
2 24 20 8 -4 20 8 4
2 24 20 8 9 20 8 10
2 24 20 8 10 20 0 10
2 24 -20 7 10 -20 0 10
2 24 20 8 -10 20 0 -10
2 24 -20 7 -10 -20 0 -10
2 24 -19 8 10 -19 7 10
2 24 -19 7 10 -20 7 10
2 24 -19 8 -10 -19 7 -10
2 24 -19 7 -10 -20 7 -10
2 24 -19 8 10 -19 8 -10
2 24 -19 7 10 -19 7 -10

4 16 -20 0 10 -19 0 10 -19 7 10 -20 7 10
4 16 -19 7 -10 -19 0 -10 -20 0 -10 -20 7 -10
4 16 -19 8 10 -19 8 -10 -19 7 -10 -19 7 10
4 16 -19 7 10 -19 7 -10 -20 7 -10 -20 7 10
4 16 -20 0 -10 20 0 -10 20 0 10 -20 0 10
4 16 20 0 10 20 8 10 -19 8 10 -19 0 10
4 16 -20 0 10 -20 7 10 -20 7 -10 -20 0 -10
4 16 -19 0 -10 -19 8 -10 20 8 -10 20 0 -10
4 16 20 0 -10 20 8 -10 20 8 -9 20 0 -9
4 16 20 0 -4 20 8 -4 20 8 4 20 0 4
4 16 20 0 9 20 8 9 20 8 10 20 0 10

1 16 26 2 0 0 0 1 0 1 0 1 0 0 clh4.dat
1 16 26 2 0 0 0 1 0 1 0 -1 0 0 clh4.dat
4 16 26 0 9 26 8 9 20 8 9 20 0 9
4 16 26 0 9 20 0 9 24 -4 9 26 -4 9
2 24 26 8 9 20 8 9
2 24 20 8 9 20 0 9
2 24 20 0 9 24 -4 9
2 24 24 -4 9 26 -4 9
4 16 20 8 4 26 8 4 26 0 4 20 0 4
4 16 24 -4 4 20 0 4 26 0 4 26 -4 4
2 24 26 8 4 20 8 4
2 24 20 8 4 20 0 4
2 24 20 0 4 24 -4 4
2 24 24 -4 4 26 -4 4
4 16 26 0 -4 26 8 -4 20 8 -4 20 0 -4
4 16 26 0 -4 20 0 -4 24 -4 -4 26 -4 -4
2 24 26 8 -4 20 8 -4
2 24 20 8 -4 20 0 -4
2 24 20 0 -4 24 -4 -4
2 24 24 -4 -4 26 -4 -4
4 16 20 8 -9 26 8 -9 26 0 -9 20 0 -9
4 16 24 -4 -9 20 0 -9 26 0 -9 26 -4 -9
2 24 26 8 -9 20 8 -9
2 24 20 8 -9 20 0 -9
2 24 20 0 -9 24 -4 -9
2 24 24 -4 -9 26 -4 -9
4 16 20 0 9 20 0 4 24 -4 4 24 -4 9
4 16 24 -4 9 24 -4 4 26 -4 4 26 -4 9
2 24 24 -4 4 24 -4 9
4 16 20 8 4 20 8 9 26 8 9 26 8 4
4 16 20 0 -4 20 0 -9 24 -4 -9 24 -4 -4
4 16 24 -4 -4 24 -4 -9 26 -4 -9 26 -4 -4
2 24 24 -4 -9 24 -4 -4
4 16 20 8 -9 20 8 -4 26 8 -4 26 8 -9
0
