0 Technic Plate  1 x  8 with Holes
0 Name: 4442.dat
0 Author: James Jessiman
0 Original LDraw Part - LDraw beta 0.27 Archive

 1 16 40 4 0 1 0 0 0 -1 0 0 0 1 stud3.dat
 1 16 20 4 0 1 0 0 0 -1 0 0 0 1 stud3.dat
 1 16 0 4 0 1 0 0 0 -1 0 0 0 1 stud3.dat
 1 16 -20 4 0 1 0 0 0 -1 0 0 0 1 stud3.dat
 1 16 -40 4 0 1 0 0 0 -1 0 0 0 1 stud3.dat

 1 16 0 8 0 56 0 0 0 -4 0 0 0 6 box5.dat

 4 16 60 8 10 56 8 6 -56 8 6 -60 8 10
 4 16 60 8 -10 56 8 -6 -56 8 -6 -60 8 -10
 4 16 60 8 10 56 8 6 56 8 -6 60 8 -10
 4 16 -60 8 10 -56 8 6 -56 8 -6 -60 8 -10

 2 24 60 8 10 -60 8 10
 2 24 60 8 -10 -60 8 -10

 1 16 60 7 0 0 0 0 1 0 0 0 0 10 rect.dat
 1 16 -60 7 0 0 0 0 1 0 0 0 0 10 rect.dat

 4 16 60 8 10 60 0 10 -60 0 10 -60 8 10
 4 16 60 8 -10 60 0 -10 -60 0 -10 -60 8 -10

 2 24 60 0 10 -60 0 10
 2 24 60 0 -10 -60 0 -10

 4 16 60 0 10 60 0 -10 -60 0 -10 -60 0 10

 1 16 70 0 0 0 0 1 0 1 0 -1 0 0 steerend.dat
 1 16 -70 0 0 0 0 -1 0 1 0 1 0 0 steerend.dat

 1 16 50 0 0 1 0 0 0 1 0 0 0 1 stud2.dat
 1 16 30 0 0 1 0 0 0 1 0 0 0 1 stud2.dat
 1 16 10 0 0 1 0 0 0 1 0 0 0 1 stud2.dat
 1 16 -10 0 0 1 0 0 0 1 0 0 0 1 stud2.dat
 1 16 -30 0 0 1 0 0 0 1 0 0 0 1 stud2.dat
 1 16 -50 0 0 1 0 0 0 1 0 0 0 1 stud2.dat
0
