0 Castle Wall  2 x  5 x  6 with Black Stripes
0 Name: 4444p03.dat
0 Author: James Jessiman
0 Original LDraw Part - LDraw beta 0.27 Archive

 1 16 10 140 0 1 0 0 0 -1 0 0 0 1 stud3.dat
 1 16 -10 140 0 1 0 0 0 -1 0 0 0 1 stud3.dat

 1 16 0 144 0 26 0 0 0 -4 0 0 0 6 box5.dat

 4 16 30 144 10 26 144 6 -26 144 6 -30 144 10
 4 16 -30 144 10 -26 144 6 -26 144 -6 -30 144 -10
 4 16 -30 144 -10 -26 144 -6 26 144 -6 30 144 -10
 4 16 30 144 -10 26 144 -6 26 144 6 30 144 10

 1 16 32 116 0 2 0 0 0 4 0 0 0 1.5 box5.dat
 1 16 -32 116 0 2 0 0 0 4 0 0 0 1.5 box5.dat

 2 24 30 120 10 30 120 6
 2 24 30 120 6 46 120 6
 2 24 46 120 6 46 120 -6
 2 24 46 120 -6 30 120 -6
 2 24 30 120 -6 30 120 -10

 2 24 -30 120 10 -30 120 6
 2 24 -30 120 6 -46 120 6
 2 24 -46 120 6 -46 120 -6
 2 24 -46 120 -6 -30 120 -6
 2 24 -30 120 -6 -30 120 -10

 1 16 38 116 0 8 0 0 0 0 0 0 0 6 rect.dat
 1 16 -38 116 0 8 0 0 0 0 0 0 0 6 rect.dat

 2 24 30 116 6 30 120 6
 2 24 46 116 6 46 120 6
 2 24 46 116 -6 46 120 -6
 2 24 30 116 -6 30 120 -6

 2 24 -30 116 6 -30 120 6
 2 24 -46 116 6 -46 120 6
 2 24 -46 116 -6 -46 120 -6
 2 24 -30 116 -6 -30 120 -6

 4 16 30 120 10 30 120 6 46 120 6 50 120 10
 4 16 50 120 10 46 120 6 46 120 -6 50 120 -10
 4 16 50 120 -10 46 120 -6 30 120 -6 30 120 -10
 4 16 -30 120 10 -30 120 6 -46 120 6 -50 120 10
 4 16 -50 120 10 -46 120 6 -46 120 -6 -50 120 -10
 4 16 -50 120 -10 -46 120 -6 -30 120 -6 -30 120 -10

 4 16 30 120 6 30 116 6 46 116 6 46 120 6
 4 16 46 120 6 46 116 6 46 116 -6 46 120 -6
 4 16 46 120 -6 46 116 -6 30 116 -6 30 120 -6
 4 16 -30 120 6 -30 116 6 -46 116 6 -46 120 6
 4 16 -46 120 6 -46 116 6 -46 116 -6 -46 120 -6
 4 16 -46 120 -6 -46 116 -6 -30 116 -6 -30 120 -6

 2 24 30 144 -10 -30 144 -10
 2 24 30 144 10 -30 144 10

 2 24 30 120 -10 50 120 -10
 2 24 -30 120 -10 -50 120 -10
 2 24 30 120 10 50 120 10
 2 24 -30 120 10 -50 120 10

 2 24 30 24 -10 50 24 -10
 2 24 -30 24 -10 -50 24 -10
 2 24 30 24 10 50 24 10
 2 24 -30 24 10 -50 24 10

 2 24 30 0 -10 -30 0 -10
 2 24 30 0 10 -30 0 10

 2 24 30 8 10 -30 8 10
 2 24 30 8 30 -30 8 30

 2 24 26 136 -6 -26 136 -6
 2 24 26 136 10 -26 136 10

 2 24 26 112 -6 46 112 -6
 2 24 -26 112 -6 -46 112 -6
 2 24 26 112 10 46 112 10
 2 24 -26 112 10 -46 112 10

 2 24 26 28 -6 46 28 -6
 2 24 -26 28 -6 -46 28 -6
 2 24 26 28 10 46 28 10
 2 24 -26 28 10 -46 28 10

 2 24 26 12 -6 -26 12 -6
 2 24 26 12 30 -26 12 30

 2 24 26 16 10 30 16 10
 2 24 -26 16 10 -30 16 10
 2 24 26 16 30 30 16 30
 2 24 -26 16 30 -30 16 30

 2 24 10 72 -10 -10 72 -10
 2 24 10 72 -6 -10 72 -6

 2 24 30 144 -10 30 144 10
 2 24 -30 144 -10 -30 144 10

 2 24 50 120 -10 50 120 10
 2 24 -50 120 -10 -50 120 10

 2 24 50 24 -10 50 24 10
 2 24 -50 24 -10 -50 24 10
 2 24 30 24 -10 30 24 10
 2 24 -30 24 -10 -30 24 10

 2 24 30 0 -10 30 0 10
 2 24 -30 0 -10 -30 0 10

 2 24 30 8 10 30 8 30
 2 24 -30 8 10 -30 8 30

 2 24 26 136 -6 26 136 10
 2 24 -26 136 -6 -26 136 10

 2 24 26 112 -6 26 112 10
 2 24 -26 112 -6 -26 112 10
 2 24 46 112 -6 46 112 10
 2 24 -46 112 -6 -46 112 10

 2 24 26 28 -6 26 28 10
 2 24 -26 28 -6 -26 28 10
 2 24 46 28 -6 46 28 10
 2 24 -46 28 -6 -46 28 10

 2 24 26 12 -6 26 12 30
 2 24 -26 12 -6 -26 12 30

 2 24 26 16 10 26 16 30
 2 24 -26 16 10 -26 16 30
 2 24 30 16 10 30 16 30
 2 24 -30 16 10 -30 16 30

 2 24 10 72 -10 10 72 -6
 2 24 -10 72 -10 -10 72 -6

 2 24 30 144 -10 30 120 -10
 2 24 -30 144 -10 -30 120 -10
 2 24 30 144 10 30 120 10
 2 24 -30 144 10 -30 120 10

 2 24 50 120 -10 50 24 -10
 2 24 -50 120 -10 -50 24 -10
 2 24 50 120 10 50 24 10
 2 24 -50 120 10 -50 24 10

 2 24 30 24 -10 30 0 -10
 2 24 -30 24 -10 -30 0 -10

 2 24 30 24 10 30 16 10
 2 24 -30 24 10 -30 16 10
 2 24 30 16 30 30 8 30
 2 24 -30 16 30 -30 8 30
 2 24 30 8 10 30 0 10
 2 24 -30 8 10 -30 0 10

 2 24 26 136 -6 26 112 -6
 2 24 -26 136 -6 -26 112 -6
 2 24 26 136 10 26 112 10
 2 24 -26 136 10 -26 112 10

 2 24 46 112 -6 46 28 -6
 2 24 -46 112 -6 -46 28 -6
 2 24 46 112 10 46 28 10
 2 24 -46 112 10 -46 28 10

 2 24 26 28 -6 26 12 -6
 2 24 -26 28 -6 -26 12 -6

 2 24 26 28 10 26 16 10
 2 24 -26 28 10 -26 16 10
 2 24 26 16 30 26 12 30
 2 24 -26 16 30 -26 12 30

 2 24 10 72 -10 10 42 -10
 2 24 -10 72 -10 -10 42 -10
 2 24 10 72 -6 10 42 -6
 2 24 -10 72 -6 -10 42 -6

 1 16 0 42 -10 10 0 0 0 0 -10 0 0 0 2-4edge.dat
 1 16 0 42 -6 10 0 0 0 0 -10 0 0 0 2-4edge.dat
 1 16 0 42 -10 10 0 0 0 0 -10 0 0 0 2-4ndis.dat
 1 16 0 42 -6 10 0 0 0 0 -10 0 0 0 2-4ndis.dat
 1 16 0 42 -10 10 0 0 0 0 -10 0 4 0 2-4cyli.dat

 4 16 10 32 -6 10 24 -6 -10 24 -6 -10 32 -6

 1 16 0 0 0 28 0 0 0 8 0 0 0 8 box5.dat

 4 16 30 0 10 28 0 8 -28 0 8 -30 0 10
 4 16 -30 0 10 -28 0 8 -28 0 -8 -30 0 -10
 4 16 -30 0 -10 -28 0 -8 28 0 -8 30 0 -10
 4 16 30 0 -10 28 0 -8 28 0 8 30 0 10

 4 16 30 144 -10 30 144 10 -30 144 10 -30 144 -10
 4 16 26 136 -6 26 136 10 -26 136 10 -26 136 -6
 4 16 26 112 -6 26 112 10 46 112 10 46 112 -6
 4 16 -26 112 -6 -26 112 10 -46 112 10 -46 112 -6
 4 16 10 72 -10 10 72 -6 -10 72 -6 -10 72 -10
 4 16 26 28 -6 26 28 10 46 28 10 46 28 -6
 4 16 -26 28 -6 -26 28 10 -46 28 10 -46 28 -6
 4 16 30 24 -10 30 24 10 50 24 10 50 24 -10
 4 16 -30 24 -10 -30 24 10 -50 24 10 -50 24 -10
 4 16 26 16 10 26 16 30 30 16 30 30 16 10
 4 16 -26 16 10 -26 16 30 -30 16 30 -30 16 10
 4 16 26 12 -6 26 12 30 -26 12 30 -26 12 -6
 4 16 30 8 30 30 8 10 -30 8 10 -30 8 30

 4 16 30 144 -10 30 120 -10 30 120 10 30 144 10
 4 16 -30 144 -10 -30 120 -10 -30 120 10 -30 144 10
 4 16 30 120 -6 30 116 -6 30 116 6 30 120 6
 4 16 -30 120 -6 -30 116 -6 -30 116 6 -30 120 6
 4 16 26 136 -6 26 112 -6 26 112 10 26 136 10
 4 16 -26 136 -6 -26 112 -6 -26 112 10 -26 136 10
 4 16 50 24 -10 50 120 -10 50 120 10 50 24 10
 4 16 -50 24 -10 -50 120 -10 -50 120 10 -50 24 10
 4 16 46 28 -6 46 112 -6 46 112 10 46 28 10
 4 16 -46 28 -6 -46 112 -6 -46 112 10 -46 28 10
 4 16 10 72 -10 10 42 -10 10 42 -6 10 72 -6
 4 16 -10 72 -10 -10 42 -10 -10 42 -6 -10 72 -6
 4 16 30 24 -10 30 0 -10 30 0 10 30 24 10
 4 16 -30 24 -10 -30 0 -10 -30 0 10 -30 24 10
 4 16 26 28 -6 26 12 -6 26 12 10 26 28 10
 4 16 -26 28 -6 -26 12 -6 -26 12 10 -26 28 10
 4 16 30 8 10 30 8 30 30 16 30 30 16 10
 4 16 -30 8 10 -30 8 30 -30 16 30 -30 16 10
 4 16 26 12 10 26 12 30 26 16 30 26 16 10
 4 16 -26 12 10 -26 12 30 -26 16 30 -26 16 10

 4 16 30 144 10 30 136 10 -30 136 10 -30 144 10
 4 16 30 136 10 26 136 10 26 120 10 30 120 10
 4 16 -30 136 10 -26 136 10 -26 120 10 -30 120 10
 4 16 50 112 10 26 112 10 26 120 10 50 120 10
 4 16 -50 112 10 -26 112 10 -26 120 10 -50 120 10
 4 16 50 112 10 50 28 10 46 28 10 46 112 10
 4 16 -50 112 10 -50 28 10 -46 28 10 -46 112 10
 4 16 50 28 10 50 24 10 26 24 10 26 28 10
 4 16 -50 28 10 -50 24 10 -26 24 10 -26 28 10
 4 16 30 16 10 30 24 10 26 24 10 26 16 10
 4 16 -30 16 10 -30 24 10 -26 24 10 -26 16 10
 4 16 30 16 30 30 12 30 26 12 30 26 16 30
 4 16 -30 16 30 -30 12 30 -26 12 30 -26 16 30
 4 16 30 12 30 30 8 30 -30 8 30 -30 12 30
 4 16 30 8 10 30 0 10 -30 0 10 -30 8 10
 4 16 26 136 -6 26 112 -6 -26 112 -6 -26 136 -6
 4 16 46 112 -6 46 72 -6 -46 72 -6 -46 112 -6
 4 16 46 72 -6 46 28 -6 10 28 -6 10 72 -6
 4 16 -46 72 -6 -46 28 -6 -10 28 -6 -10 72 -6
 4 16 26 28 -6 26 12 -6 -26 12 -6 -26 28 -6

 2 8 30 144 -10 -30 144 -10
 2 8 -30 144 -10 -30 120 -10
 2 8 -30 120 -10 -50 120 -10
 2 8 -50 120 -10 -50 24 -10
 2 8 -50 24 -10 -30 24 -10
 2 8 -30 24 -10 -30 0 -10
 2 8 -30 0 -10 30 0 -10
 2 8 30 0 -10 30 24 -10
 2 8 30 24 -10 50 24 -10
 2 8 50 24 -10 50 120 -10
 2 8 50 120 -10 30 120 -10
 2 8 30 120 -10 30 144 -10

 2 8 26 136 -10 18 136 -10
 2 8 18 136 -10 18 120 -10
 2 8 18 120 -10 26 120 -10
 2 8 26 120 -10 26 136 -10

 2 8 10 136 -10 -10 136 -10
 2 8 -10 136 -10 -10 120 -10
 2 8 -10 120 -10 10 120 -10
 2 8 10 120 -10 10 136 -10

 2 8 -26 136 -10 -18 136 -10
 2 8 -18 136 -10 -18 120 -10
 2 8 -18 120 -10 -26 120 -10
 2 8 -26 120 -10 -26 136 -10

 2 8 42 112 -10 18 112 -10
 2 8 18 112 -10 18 96 -10
 2 8 18 96 -10 42 96 -10
 2 8 42 96 -10 42 112 -10

 2 8 10 112 -10 -10 112 -10
 2 8 -10 112 -10 -10 96 -10
 2 8 -10 96 -10 10 96 -10
 2 8 10 96 -10 10 112 -10

 2 8 -42 112 -10 -18 112 -10
 2 8 -18 112 -10 -18 96 -10
 2 8 -18 96 -10 -42 96 -10
 2 8 -42 96 -10 -42 112 -10

 2 8 38 32 -10 18 77 -10
 2 8 18 77 -10 18 32 -10
 2 8 18 32 -10 38 32 -10

 2 8 42 88 -10 42 42 -10
 2 8 42 42 -10 22 88 -10
 2 8 22 88 -10 42 88 -10

 2 8 10 88 -10 -10 88 -10
 2 8 -10 88 -10 -10 32 -10
 2 8 -10 32 -10 10 32 -10
 2 8 10 32 -10 10 88 -10

 2 8 -38 32 -10 -18 77 -10
 2 8 -18 77 -10 -18 32 -10
 2 8 -18 32 -10 -38 32 -10

 2 8 -42 88 -10 -42 42 -10
 2 8 -42 42 -10 -22 88 -10
 2 8 -22 88 -10 -42 88 -10

 2 8 26 24 -10 18 24 -10
 2 8 18 24 -10 18 8 -10
 2 8 18 8 -10 26 8 -10
 2 8 26 8 -10 26 24 -10

 2 8 10 24 -10 -10 24 -10
 2 8 -10 24 -10 -10 8 -10
 2 8 -10 8 -10 10 8 -10
 2 8 10 8 -10 10 24 -10

 2 8 -26 24 -10 -18 24 -10
 2 8 -18 24 -10 -18 8 -10
 2 8 -18 8 -10 -26 8 -10
 2 8 -26 8 -10 -26 24 -10

 4 0 30 144 -10 30 136 -10 -30 136 -10 -30 144 -10
 4 0 50 120 -10 50 112 -10 -50 112 -10 -50 120 -10
 4 0 50  96 -10 50  88 -10 -50  88 -10 -50  96 -10
 4 0 50  32 -10 50  24 -10 -50  24 -10 -50  32 -10
 4 0 30   8 -10 30   0 -10 -30   0 -10 -30   8 -10

 4 0 50 120 -10 50 24 -10 42 24 -10 42 120 -10
 4 0 -50 120 -10 -50 24 -10 -42 24 -10 -42 120 -10
 4 0 30 136 -10 30 120 -10 26 120 -10 26 136 -10
 4 0 -30 136 -10 -30 120 -10 -26 120 -10 -26 136 -10
 4 0 30 24 -10 30 8 -10 26 8 -10 26 24 -10
 4 0 -30 24 -10 -30 8 -10 -26 8 -10 -26 24 -10
 4 0 10 136 -10 10 8 -10 18 8 -10 18 136 -10
 4 0 -10 136 -10 -10 8 -10 -18 8 -10 -18 136 -10

 4 0 50 24 -10 18 96 -10 10 96 -10 42 24 -10
 4 0 -50 24 -10 -18 96 -10 -10 96 -10 -42 24 -10

 4 16 26 136 -10 18 136 -10 18 120 -10 26 120 -10
 4 16 10 136 -10 -10 136 -10 -10 120 -10 10 120 -10
 4 16 -26 136 -10 -18 136 -10 -18 120 -10 -26 120 -10

 4 16 42 112 -10 18 112 -10 18 96 -10 42 96 -10
 4 16 10 112 -10 -10 112 -10 -10 96 -10 10 96 -10
 4 16 -42 112 -10 -18 112 -10 -18 96 -10 -42 96 -10

 3 16 38 32 -10 18 77 -10 18 32 -10
 3 16 42 88 -10 42 42 -10 22 88 -10
 4 16 10 88 -10 -10 88 -10 -10 72 -10 10 72 -10
 3 16 -38 32 -10 -18 77 -10 -18 32 -10
 3 16 -42 88 -10 -42 42 -10 -22 88 -10

 4 16 26 24 -10 18 24 -10 18 8 -10 26 8 -10
 4 16 10 24 -10 -10 24 -10 -10 8 -10 10 8 -10
 4 16 -26 24 -10 -18 24 -10 -18 8 -10 -26 8 -10

 1 16 40 24 0 1 0 0 0 1 0 0 0 1 stud2.dat
 1 16 20 8 0 1 0 0 0 3 0 0 0 1 stud2.dat
 1 16 0 8 0 1 0 0 0 3 0 0 0 1 stud2.dat
 1 16 -20 8 0 1 0 0 0 3 0 0 0 1 stud2.dat
 1 16 -40 24 0 1 0 0 0 1 0 0 0 1 stud2.dat
 1 16 20 8 20 1 0 0 0 1 0 0 0 1 stud2.dat
 1 16 0 8 20 1 0 0 0 1 0 0 0 1 stud2.dat
 1 16 -20 8 20 1 0 0 0 1 0 0 0 1 stud2.dat
0
