0 Window  4 x  4 x  3 Roof

 1 16 20 68 -60 1 0 0 0 -1 0 0 0 1 stud3.dat
 1 16 0 68 -60 1 0 0 0 -1 0 0 0 1 stud3.dat
 1 16 -20 68 -60 1 0 0 0 -1 0 0 0 1 stud3.dat

 1 16 0 72 -60 36 0 0 0 -4 0 0 0 6 box5.dat

 4 16 40 72 -50 36 72 -54 -36 72 -54 -40 72 -50
 4 16 -40 72 -50 -36 72 -54 -36 72 -66 -40 72 -70
 4 16 -40 72 -70 -36 72 -66 36 72 -66 40 72 -70
 4 16 40 72 -70 36 72 -66 36 72 -54 40 72 -50

 2 24 40 72 -50 -40 72 -50
 2 24 -40 72 -50 -40 72 -70
 2 24 -40 72 -70 40 72 -70
 2 24 40 72 -70 40 72 -50

 2 24 36 64 -50 -36 64 -50
 2 24 -36 64 -50 -36 64 -70
 2 24 -40 64 -70 40 64 -70
 2 24 36 64 -70 36 64 -50

 2 24 40 4 10 -40 4 10
 2 24 -36 4 10 -36 4 -17.7333
 2 24 -36 4 -17.7333 36 4 -17.7333
 2 24 36 4 -17.7333 36 4 10

 2 24 40 0 10 -40 0 10
 2 24 -40 0 10 -40 0 -14
 2 24 -40 0 -14 40 0 -14
 2 24 40 0 -14 40 0 10

 2 24 36 64 -50 36 72 -50
 2 24 -36 64 -50 -36 72 -50

 2 24 40 0 10 40 4 10
 2 24 -40 0 10 -40 4 10

 2 24 40 64 -70 40 72 -70
 2 24 -40 64 -70 -40 72 -70

 2 24 40 72 -50 40 4 10
 2 24 -40 72 -50 -40 4 10
 2 24 36 72 -50 36 4 10
 2 24 -36 72 -50 -36 4 10

 2 24 40 0 -14 40 64 -70
 2 24 -40 0 -14 -40 64 -70
 2 24 36 4 -17.7333 36 64 -70
 2 24 -36 4 -17.7333 -36 64 -70

 4 16 36 64 -50 36 64 -70 -36 64 -70 -36 64 -50
 4 16 36 4 10 36 4 -17.7333 -36 4 -17.7333 -36 4 10
 4 16 40 0 10 40 0 -14 -40 0 -14 -40 0 10

 4 16 36 72 -50 36 64 -50 -36 64 -50 -36 72 -50
 4 16 40 72 -70 40 64 -70 -40 64 -70 -40 72 -70
 4 16 40 4 10 40 0 10 -40 0 10 -40 4 10
 4 16 36 4 -17.7333 40 0 -14 -40 0 -14 -36 4 -17.7333

 3 16 36 72 -50 36 64 -50 36 4 10
 3 16 -36 72 -50 -36 64 -50 -36 4 10
 4 16 36 64 -50 36 64 -70 36 4 -17.7333 36 4 10
 4 16 -36 64 -50 -36 64 -70 -36 4 -17.7333 -36 4 10

 4 16 40 72 -50 40 72 -70 40 64 -70 40 0 -14
 4 16 -40 72 -50 -40 72 -70 -40 64 -70 -40 0 -14
 4 16 40 72 -50 40 0 -14 40 0 10 40 4 10
 4 16 -40 72 -50 -40 0 -14 -40 0 10 -40 4 10

 4 16 40 72 -50 36 72 -50 36 4 10 40 4 10
 4 16 -40 72 -50 -36 72 -50 -36 4 10 -40 4 10
 4 16 40 64 -70 36 64 -70 36 4 -17.7333 40 0 -14
 4 16 -40 64 -70 -36 64 -70 -36 4 -17.7333 -40 0 -14

 1 16 30 0 0 1 0 0 0 1 0 0 0 1 stud2.dat
 1 16 10 0 0 1 0 0 0 1 0 0 0 1 stud2.dat
 1 16 -10 0 0 1 0 0 0 1 0 0 0 1 stud2.dat
 1 16 -30 0 0 1 0 0 0 1 0 0 0 1 stud2.dat
