0 Box  4 x  4 x  2 with Hollowed-Out Semi-Circle
0 Name: 4461.dat
0 Author: Tore Eriksson
0 Official LCad update 98-10

1 16 0 48 0 36 0 0 0 -4 0 0 0 36 BOX5.DAT
1 16 0 44 0 1 0 0 0 -1 0 0 0 1 STUD4.DAT
4 16 -36 40 -36 36 40 -36 36 40 36 -36 40 36 
1 16 20 44 20 1 0 0 0 -1 0 0 0 1 STUD4.DAT
 1 16 -20 44 20 -1 0 0 0 -1 0 0 0 1 STUD4.DAT
 1 16 20 44 -20 1 0 0 0 -1 0 0 0 -1 STUD4.DAT
 1 16 -20 44 -20 -1 0 0 0 -1 0 0 0 -1 STUD4.DAT
4 16 40 48 -40 40 48 40 36 48 36 36 48 -36 
 4 16 -40 48 -40 -40 48 40 -36 48 36 -36 48 -36 
4 16 -40 48 40 40 48 40 36 48 36 -36 48 36 
 4 16 -40 48 -40 40 48 -40 36 48 -36 -36 48 -36 
1 16 0 24 40 40 0 0 0 0 24 0 0 0 RECT.DAT
 1 16 0 24 -40 40 0 0 0 0 24 0 0 0 RECT.DAT
1 16 0 20 36 36 0 0 0 0 20 0 0 0 RECT.DAT
 1 16 0 20 -36 36 0 0 0 0 20 0 0 0 RECT.DAT
1 16 10 40 10 1 0 0 0 1 0 0 0 1 STUD.DAT
 1 16 -10 40 10 -1 0 0 0 1 0 0 0 1 STUD.DAT
 1 16 10 40 -10 1 0 0 0 1 0 0 0 -1 STUD.DAT
 1 16 -10 40 -10 -1 0 0 0 1 0 0 0 -1 STUD.DAT
1 16 36 0 0 0 0 0 0 0 28 34 0 0 2-4EDGE.DAT
 1 16 -36 0 0 0 0 0 0 0 28 34 0 0 2-4EDGE.DAT
 1 16 40 0 0 0 0 0 0 0 28 34 0 0 2-4EDGE.DAT
  1 16 36 0 0 0 4 0 0 0 28 34 0 0 2-4CYLI.DAT
 1 16 -40 0 0 0 0 0 0 0 28 34 0 0 2-4EDGE.DAT
  1 16 -36 0 0 0 -4 0 0 0 28 34 0 0 2-4CYLI.DAT
1 16 36 0 0 0 0 0 0 0 28 34 0 0 2-4NDIS.DAT
 1 16 -36 0 0 0 0 0 0 0 28 34 0 0 2-4NDIS.DAT
 1 16 40 0 0 0 0 0 0 0 28 34 0 0 2-4NDIS.DAT
 1 16 -40 0 0 0 0 0 0 0 28 34 0 0 2-4NDIS.DAT
4 16 40 48 -40 40 48 40 40 28 34 40 28 -34 
 4 16 -40 48 -40 -40 48 40 -40 28 34 -40 28 -34 
4 16 36 40 -36 36 40 36 36 28 34 36 28 -34 
 4 16 -36 40 -36 -36 40 36 -36 28 34 -36 28 -34 
4 16 40 0 40 40 48 40 40 28 34 40 0 34 
 4 16 -40 0 40 -40 48 40 -40 28 34 -40 0 34 
 4 16 40 0 -40 40 48 -40 40 28 -34 40 0 -34 
 4 16 -40 0 -40 -40 48 -40 -40 28 -34 -40 0 -34 
4 16 36 0 36 36 40 36 36 28 34 36 0 34 
 4 16 -36 0 36 -36 40 36 -36 28 34 -36 0 34 
 4 16 36 0 -36 36 40 -36 36 28 -34 36 0 -34 
 4 16 -36 0 -36 -36 40 -36 -36 28 -34 -36 0 -34 
4 16 40 0 40 40 0 34 36 0 34 36 0 36 
 4 16 -40 0 40 -40 0 34 -36 0 34 -36 0 36 
 4 16 40 0 -40 40 0 -34 36 0 -34 36 0 -36 
 4 16 -40 0 -40 -40 0 -34 -36 0 -34 -36 0 -36 
2 24 36 0 36 36 0 34 
 2 24 -36 0 36 -36 0 34 
 2 24 36 0 -36 36 0 -34 
 2 24 -36 0 -36 -36 0 -34 
2 24 36 0 34 40 0 34 
 2 24 -36 0 34 -40 0 34 
 2 24 36 0 -34 40 0 -34 
 2 24 -36 0 -34 -40 0 -34 
2 24 40 0 34 40 0 40 
 2 24 -40 0 34 -40 0 40 
 2 24 40 0 -34 40 0 -40 
 2 24 -40 0 -34 -40 0 -40 
4 16 -40 0 40 40 0 40 36 0 36 -36 0 36 
 4 16 -40 0 -40 40 0 -40 36 0 -36 -36 0 -36 
0