0 Arch  1 x  3

 1 16 20 24 0 6 0 0 0 -20 0 0 0 6 box5.dat
 1 16 -20 24 0 6 0 0 0 -20 0 0 0 6 box5.dat

 4 16 30 24 10 26 24 6 14 24 6 10 24 10
 4 16 10 24 10 14 24 6 14 24 -6 10 24 -10
 4 16 10 24 -10 14 24 -6 26 24 -6 30 24 -10
 4 16 30 24 -10 26 24 -6 26 24 6 30 24 10

 4 16 -30 24 10 -26 24 6 -14 24 6 -10 24 10
 4 16 -10 24 10 -14 24 6 -14 24 -6 -10 24 -10
 4 16 -10 24 -10 -14 24 -6 -26 24 -6 -30 24 -10
 4 16 -30 24 -10 -26 24 -6 -26 24 6 -30 24 10

 2 24 10 24 10 30 24 10
 2 24 30 24 10 30 24 -10
 2 24 30 24 -10 10 24 -10
 2 24 10 24 -10 10 24 10
 2 24 -10 24 10 -30 24 10
 2 24 -30 24 10 -30 24 -10
 2 24 -30 24 -10 -10 24 -10
 2 24 -10 24 -10 -10 24 10

 2 24 30 0 10 -30 0 10
 2 24 -30 0 10 -30 0 -10
 2 24 -30 0 -10 30 0 -10
 2 24 30 0 -10 30 0 10
 2 24 30 0 10 30 24 10
 2 24 -30 0 10 -30 24 10
 2 24 -30 0 -10 -30 24 -10
 2 24 30 0 -10 30 24 -10

 2 24 10 18 10 10 24 10
 2 24 -10 18 10 -10 24 10
 2 24 10 18 -10 10 24 -10
 2 24 -10 18 -10 -10 24 -10

 2 24 10 18 6 10 4 6
 2 24 -10 18 6 -10 4 6
 2 24 10 18 -6 10 4 -6
 2 24 -10 18 -6 -10 4 -6

 1 16 0 4 0 10 0 0 0 0 0 0 0 6 rect.dat

 1 16 0 18 10 10 0 0 0 0 -10 0 0 0 2-4edge.dat
 1 16 0 18 6 10 0 0 0 0 -10 0 0 0 2-4edge.dat
 1 16 0 18 -6 10 0 0 0 0 -10 0 0 0 2-4edge.dat
 1 16 0 18 -10 10 0 0 0 0 -10 0 0 0 2-4edge.dat

 1 16 0 18 10 10 0 0 0 0 -10 0 0 0 2-4ndis.dat
 1 16 0 18 6 10 0 0 0 0 -10 0 0 0 2-4ndis.dat
 1 16 0 18 -6 10 0 0 0 0 -10 0 0 0 2-4ndis.dat
 1 16 0 18 -10 10 0 0 0 0 -10 0 0 0 2-4ndis.dat

 1 16 0 18 10 10 0 0 0 0 -10 0 -4 0 2-4cyli.dat
 1 16 0 18 -10 10 0 0 0 0 -10 0 4 0 2-4cyli.dat

 4 16 -10 18 10 -10 24 10 -10 24 -10 -10 18 -10
 4 16 10 18 10 10 24 10 10 24 -10 10 18 -10

 4 16 -10 18 6 -10 4 6 -10 4 -6 -10 18 -6
 4 16 10 18 6 10 4 6 10 4 -6 10 18 -6

 4 16 10 8 6 10 4 6 -10 4 6 -10 8 6
 4 16 10 8 -6 10 4 -6 -10 4 -6 -10 8 -6

 4 16 -30 0 10 -10 8 10 -10 24 10 -30 24 10
 4 16 30 0 10 10 8 10 10 24 10 30 24 10
 4 16 -30 0 -10 -10 8 -10 -10 24 -10 -30 24 -10
 4 16 30 0 -10 10 8 -10 10 24 -10 30 24 -10

 4 16 30 0 10 10 8 10 -10 8 10 -30 0 10
 4 16 30 0 -10 10 8 -10 -10 8 -10 -30 0 -10

 4 16 -30 0 10 -30 24 10 -30 24 -10 -30 0 -10
 4 16 30 0 10 30 24 10 30 24 -10 30 0 -10
 4 16 -30 0 10 30 0 10 30 0 -10 -30 0 -10

 1 16 -20 0 0 1 0 0 0 1 0 0 0 1 stud.dat
 1 16 0 0 0 1 0 0 0 1 0 0 0 1 stud.dat
 1 16 20 0 0 1 0 0 0 1 0 0 0 1 stud.dat

