0 Plate  1 x  8 with Door Rail
0 Name: 4510.dat
0 Author: James Jessiman
0 Original LDraw Part - LDraw beta 0.27 Archive

 1 16 60 4 0 1 0 0 0 -1 0 0 0 1 stud3.dat
 1 16 40 4 0 1 0 0 0 -1 0 0 0 1 stud3.dat
 1 16 20 4 0 1 0 0 0 -1 0 0 0 1 stud3.dat
 1 16 0 4 0 1 0 0 0 -1 0 0 0 1 stud3.dat
 1 16 -20 4 0 1 0 0 0 -1 0 0 0 1 stud3.dat
 1 16 -40 4 0 1 0 0 0 -1 0 0 0 1 stud3.dat
 1 16 -60 4 0 1 0 0 0 -1 0 0 0 1 stud3.dat

 1 16 0 8 0 76 0 0 0 -4 0 0 0 6 box5.dat

 4 16 80 8 10 76 8 6 -76 8 6 -80 8 10
 4 16 -80 8 10 -76 8 6 -76 8 -6 -80 8 -10
 4 16 -80 8 -10 -76 8 -6 76 8 -6 80 8 -10
 4 16 80 8 -10 76 8 -6 76 8 6 80 8 10

 2 24 80 8 10 -80 8 10
 2 24 80 0 10 -80 0 10
 2 24 80 0 -12 -80 0 -12
 2 24 80 3 -12 -80 3 -12
 2 24 80 3 -16 -80 3 -16
 2 24 80 0 -16 -80 0 -16
 2 24 80 0 -18 -80 0 -18
 2 24 80 8 -18 -80 8 -18
 2 24 80 8 -16 -80 8 -16
 2 24 80 5 -16 -80 5 -16
 2 24 80 5 -12 -80 5 -12
 2 24 80 8 -12 -80 8 -12

 2 24 80 8 10 80 0 10
 2 24 80 0 10 80 0 -12
 2 24 80 0 -12 80 3 -12
 2 24 80 3 -12 80 3 -16
 2 24 80 3 -16 80 0 -16
 2 24 80 0 -16 80 0 -18
 2 24 80 0 -18 80 8 -18
 2 24 80 8 -18 80 8 -16
 2 24 80 8 -16 80 5 -16
 2 24 80 5 -16 80 5 -12
 2 24 80 5 -12 80 8 -12
 2 24 80 8 -12 80 8 10

 2 24 -80 8 10 -80 0 10
 2 24 -80 0 10 -80 0 -12
 2 24 -80 0 -12 -80 3 -12
 2 24 -80 3 -12 -80 3 -16
 2 24 -80 3 -16 -80 0 -16
 2 24 -80 0 -16 -80 0 -18
 2 24 -80 0 -18 -80 8 -18
 2 24 -80 8 -18 -80 8 -16
 2 24 -80 8 -16 -80 5 -16
 2 24 -80 5 -16 -80 5 -12
 2 24 -80 5 -12 -80 8 -12
 2 24 -80 8 -12 -80 8 10

 4 16 80 8 10 80 0 10 80 0 -12 80 8 -12
 4 16 80 5 -12 80 3 -12 80 3 -16 80 5 -16
 4 16 80 8 -16 80 0 -16 80 0 -18 80 8 -18

 4 16 -80 8 10 -80 0 10 -80 0 -12 -80 8 -12
 4 16 -80 5 -12 -80 3 -12 -80 3 -16 -80 5 -16
 4 16 -80 8 -16 -80 0 -16 -80 0 -18 -80 8 -18

 4 16 80 8  10 80 0  10 -80 0  10 -80 8  10
 4 16 80 0  10 80 0 -12 -80 0 -12 -80 0  10
 4 16 80 0 -12 80 3 -12 -80 3 -12 -80 0 -12
 4 16 80 3 -12 80 3 -16 -80 3 -16 -80 3 -12
 4 16 80 3 -16 80 0 -16 -80 0 -16 -80 3 -16
 4 16 80 0 -16 80 0 -18 -80 0 -18 -80 0 -16
 4 16 80 0 -18 80 8 -18 -80 8 -18 -80 0 -18
 4 16 80 8 -18 80 8 -16 -80 8 -16 -80 8 -18
 4 16 80 8 -16 80 5 -16 -80 5 -16 -80 8 -16
 4 16 80 5 -16 80 5 -12 -80 5 -12 -80 5 -16
 4 16 80 5 -12 80 8 -12 -80 8 -12 -80 5 -12
 4 16 80 8 -12 80 8 -10 -80 8 -10 -80 8 -12

 1 16 70 0 0 1 0 0 0 1 0 0 0 1 stud.dat
 1 16 50 0 0 1 0 0 0 1 0 0 0 1 stud.dat
 1 16 30 0 0 1 0 0 0 1 0 0 0 1 stud.dat
 1 16 10 0 0 1 0 0 0 1 0 0 0 1 stud.dat
 1 16 -10 0 0 1 0 0 0 1 0 0 0 1 stud.dat
 1 16 -30 0 0 1 0 0 0 1 0 0 0 1 stud.dat
 1 16 -50 0 0 1 0 0 0 1 0 0 0 1 stud.dat
 1 16 -70 0 0 1 0 0 0 1 0 0 0 1 stud.dat
0
