0 Train Door Sliding
0 Name: 4511.dat
0 Author: James Jessiman
0 Original LDraw Part - LDraw beta 0.27 Archive

 2 24 0 62 2 -65 62 2
 2 24 -128 62 2 -128 62 -2
 2 24 -128 62 -2 0 62 -2
 2 24 0 62 -2 0 62 2

 2 24 0 58 2 -128 58 2
 2 24 -128 58 2 -128 58 -2
 2 24 -128 58 -2 0 58 -2
 2 24 0 58 -2 0 58 2

 2 24 0 -58 2 -128 -58 2
 2 24 -128 -58 2 -128 -58 -2
 2 24 -128 -58 -2 0 -58 -2
 2 24 0 -58 -2 0 -58 2

 2 24 0 -62 2 -128 -62 2
 2 24 -128 -62 2 -128 -62 -2
 2 24 -128 -62 -2 0 -62 -2
 2 24 0 -62 -2 0 -62 2

 2 24 0 -62 2 0 62 2
 2 24 0 -62 -2 0 -58 -2
 2 24 0 58 -2 0 62 -2
 2 24 -128 -62 2 -128 62 2
 2 24 -128 -62 -2 -128 62 -2

 2 24 -120 -58 2 -120 58 2
 2 24 -112 -58 2 -112 58 2
 2 24 -104 -58 2 -104 58 2
 2 24 -96 -58 2 -96 58 2
 2 24 -88 -58 2 -88 58 2
 2 24 -80 -58 2 -80 58 2
 2 24 -72 -58 2 -72 58 2
 2 24 -64 -58 2 -64 58 2
 2 24 -56 -58 2 -56 58 2
 2 24 -48 -58 2 -48 58 2
 2 24 -40 -58 2 -40 58 2
 2 24 -32 -58 2 -32 58 2
 2 24 -24 -58 2 -24 58 2
 2 24 -16 -58 2 -16 58 2
 2 24 -8 -58 2 -8 58 2

 2 24 -120 -58 -2 -120 58 -2
 2 24 -112 -58 -2 -112 58 -2
 2 24 -104 -58 -2 -104 58 -2
 2 24 -96 -58 -2 -96 58 -2
 2 24 -88 -58 -2 -88 58 -2
 2 24 -80 -58 -2 -80 58 -2
 2 24 -72 -58 -2 -72 58 -2
 2 24 -64 -58 -2 -64 58 -2
 2 24 -56 -58 -2 -56 58 -2
 2 24 -48 -58 -2 -48 58 -2
 2 24 -40 -58 -2 -40 58 -2
 2 24 -32 -58 -2 -32 58 -2
 2 24 -24 -58 -2 -24 58 -2
 2 24 -16 -58 -2 -16 58 -2
 2 24 -8 -58 -2 -8 58 -2

 1 16 -14 16 -2 -4 0 0 0 0 4 0 0 0 1-4edge.dat
 1 16 -14 -16 -2 -4 0 0 0 0 -4 0 0 0 1-4edge.dat
 1 16 -4 16 -2 4 0 0 0 0 -4 0 0 0 1-4edge.dat
 1 16 -4 -16 -2 4 0 0 0 0 4 0 0 0 1-4edge.dat

 2 24 -8 58 -2 -8 20 -2
 2 24 -8 20 -2 -14 20 -2
 2 24 -4 12 -2 -10 12 -2
 2 24 -18 16 -2 -18 -16 -2
 2 24 -10 12 -2 -10 -12 -2
 2 24 0 16 -2 0 -16 -2
 2 24 -4 -12 -2 -10 -12 -2
 2 24 -8 -20 -2 -14 -20 -2
 2 24 -8 -58 -2 -8 -20 -2

 2 24 0 58 -2 0 58 -4
 2 24 -8 58 -2 -8 58 -4
 2 24 -8 20 -2 -8 20 -4
 2 24 -10 12 -2 -10 12 -4
 2 24 -10 -12 -2 -10 -12 -4
 2 24 -8 -20 -2 -8 -20 -4
 2 24 0 -58 -2 0 -58 -4
 2 24 -8 -58 -2 -8 -58 -4

 1 16 -4 58 -4 4 0 0 0 0 0 0 0 -4 2-4edge.dat
 1 16 -4 16 -4 -4 0 0 4 0 0 0 0 -4 1-4edge.dat
 1 16 -14 16 -4 4 0 0 -4 0 0 0 0 -4 1-4edge.dat
 1 16 -14 -16 -4 4 0 0 4 0 0 0 0 -4 1-4edge.dat
 1 16 -4 -16 -4 -4 0 0 -4 0 0 0 0 -4 1-4edge.dat
 1 16 -4 -58 -4 4 0 0 0 0 0 0 0 -4 2-4edge.dat

 2 24 -10 2 -2 -10 2 -4
 2 24 -10 8 -2 -10 8 -4
 2 24 -10 2 -4 -10 8 -4
 2 24 -10 2 -2 5 2 -2
 2 24 -10 8 -2 5 8 -2
 2 24 -10 2 -4 5 2 -4
 2 24 -10 8 -4 5 8 -4

 1 16 5 5 -2 0 0 3 3 0 0 0 0 0 2-4edge.dat
 1 16 5 5 -4 0 0 3 3 0 0 0 0 0 2-4edge.dat

 4 16 0 62 -2 0 62 2 -128 62 2 -128 62 -2
 4 16 0 -62 -2 0 -62 2 -128 -62 2 -128 -62 -2
 4 16 0 62 2 0 -62 2 -128 -62 2 -128 62 2
 4 16 0 62 -2 0 -62 -2 -128 -62 -2 -128 62 -2
 4 16 0 62 2 0 -62 2 0 -62 -2 0 62 -2
 4 16 -128 62 2 -128 -62 2 -128 -62 -2 -128 62 -2

 4 16 0 58 -2 0 58 -4 -8 58 -4 -8 58 -2
 4 16 -8 58 -2 -8 58 -4 -8 20 -4 -8 20 -2
 4 16 -8 20 -2 -8 20 -4 -14 20 -4 -14 20 -2
 1 16 -14 16 -2 -4 0 0 0 0 4 0 -2 0 1-4cyli.dat
 4 16 -18 16 -2 -18 16 -4 -18 -16 -4 -18 -16 -2
 1 16 -14 -16 -2 -4 0 0 0 0 -4 0 -2 0 1-4cyli.dat
 4 16 -14 -20 -2 -14 -20 -4 -8 -20 -4 -8 -20 -2
 4 16 -8 -20 -2 -8 -20 -4 -8 -58 -4 -8 -58 -2
 4 16 -8 -58 -2 -8 -58 -4 0 -58 -4 0 -58 -2
 4 16 0 -58 -2 0 -58 -4 0 -16 -4 0 -16 -2
 1 16 -4 -16 -2 4 0 0 0 0 4 0 -2 0 1-4cyli.dat
 4 16 -4 -12 -2 -4 -12 -4 -10 -12 -4 -10 -12 -2
 4 16 -10 -12 -2 -10 -12 -4 -10 12 -4 -10 12 -2
 4 16 -10 12 -2 -10 12 -4 -4 12 -4 -4 12 -2
 1 16 -4 16 -2 4 0 0 0 0 -4 0 -2 0 1-4cyli.dat
 4 16 0 16 -2 0 16 -4 0 58 -4 0 58 -2

 4 16 0 2 -2 5 2 -2 5 8 -2 0 8 -2
 4 16 -10 2 -4 5 2 -4 5 8 -4 -10 8 -4
 4 16 -10 2 -2 5 2 -2 5 2 -4 -10 2 -4
 4 16 -10 8 -2 5 8 -2 5 8 -4 -10 8 -4
 1 16 5 5 -2 0 0 3 3 0 0 0 0 0 2-4disc.dat
 1 16 5 5 -4 0 0 3 3 0 0 0 0 0 2-4disc.dat
 1 16 5 5 -4 0 0 3 3 0 0 0 2 0 2-4cyli.dat

 1 16 -4 58 -4 4 0 0 0 0 0 0 0 -4 2-4disc.dat
 1 16 -4 16 -4 4 0 0 0 42 0 0 0 -4 2-4cyli.dat
 1 16 -4 16 -4 4 0 0 0 -4 0 0 0 -4 1-8sphe.dat
 1 16 -14 16 -4 0 10 0 4 0 0 0 0 -4 2-4cyli.dat
 1 16 -14 16 -4 -4 0 0 0 4 0 0 0 -4 1-8sphe.dat
 1 16 -14 -16 -4 4 0 0 0 32 0 0 0 -4 2-4cyli.dat
 1 16 -14 -16 -4 -4 0 0 0 -4 0 0 0 -4 1-8sphe.dat
 1 16 -14 -16 -4 0 10 0 4 0 0 0 0 -4 2-4cyli.dat
 1 16 -4 -16 -4 4 0 0 0 4 0 0 0 -4 1-8sphe.dat
 1 16 -4 -58 -4 4 0 0 0 42 0 0 0 -4 2-4cyli.dat
 1 16 -4 -58 -4 4 0 0 0 0 0 0 0 -4 2-4disc.dat
0
