0 Minifig Tool Mallet
0 Name: 4522.dat
0 Author: John VanZwieten
0 Official LCAD Part - 2000-02 Update

0 CATEGORY Minifig Accessory

 1 16 0 47.5 0 4 0 0 0 1 0 0 0 4 4-4edge.DAT
 1 16 0 0 0 4 0 0 0 1 0 0 0 4 2-4edge.DAT
 2 24 -4 0 0 -3.68 -0.76 -1.52
 2 24 -3.68 -0.76 -1.52 -2.8 -1.4 -2.8
 2 24 -2.8 -1.4 -2.8 -1.52 -1.84 -3.68
 2 24 -1.52 -1.84 -3.68 0 -2 -4
 2 24 0 -2 -4 1.52 -1.84 -3.68
 2 24 1.52 -1.84 -3.68 2.8 -1.4 -2.8
 2 24 2.8 -1.4 -2.8 3.68 -0.76 -1.52
 2 24 3.68 -0.76 -1.52 4 0 0
 1 16 -4 -6.25 -10.37 0 8 0 0.71 0 -0.71 -0.71 0 -0.71 1-4edge.DAT
 1 16 4 -6.25 -10.37 0 8 0 0.71 0 -0.71 -0.71 0 -0.71 1-4edge.DAT
 2 24 4 0 0 4 -5.54 -11.08
 2 24 -4 0 0 -4 -5.54 -11.08
 2 24 4 -12.5 0 4 -6.96 -11.08
 2 24 -4 -12.5 0 -4 -6.96 -11.08
 2 24 4 0 0 4 0 4
 2 24 -4 0 0 -4 0 4
 2 24 4 -12.5 0 4 -12.5 4
 2 24 -4 -12.5 0 -4 -12.5 4
 2 24 4 0 4 2.5 0 12.5
 2 24 -4 0 4 -2.5 0 12.5
 2 24 4 0 4 4 -1.5 12.5
 2 24 -4 0 4 -4 -1.5 12.5
 2 24 4 -12.5 4 2.5 -12.5 12.5
 2 24 -4 -12.5 4 -2.5 -12.5 12.5
 2 24 4 -12.5 4 4 -11 12.5
 2 24 -4 -12.5 4 -4 -11 12.5
 2 24 4 -1.5 12.5 2.5 0 12.5
 2 24 -4 -1.5 12.5 -2.5 0 12.5
 2 24 4 -11 12.5 2.5 -12.5 12.5
 2 24 -4 -11 12.5 -2.5 -12.5 12.5
 2 24 4 -1.5 12.5 4 -11 12.5
 2 24 -4 -1.5 12.5 -4 -11 12.5
 2 24 4 -12.5 0 -4 -12.5 0
 2 24 2.5 0 12.5 -2.5 0 12.5
 2 24 2.5 -12.5 12.5 -2.5 -12.5 12.5
 1 16 0 0 0 4 0 0 0 47.5 0 0 0 4 4-4cyli.DAT
 1 16 0 47.5 0 4 0 0 0 1 0 0 0 4 4-4disc.DAT
 1 16 0 0 0 0 0 -4 0 -2 0 4 0 0 1-4cyls2.DAT
 1 16 0 0 0 0 0 4 0 -2 0 4 0 0 1-4cyls2.DAT
 4 16 -4 0 0 4 0 0 4 -5.54 -11.08 -4 -5.54 -11.08
 4 16 -4 -12.5 0 4 -12.5 0 4 -6.96 -11.08 -4 -6.96 -11.08
 1 16 -4 -6.25 -10.37 0 8 0 0.71 0 -0.71 -0.71 0 -0.71 1-4cyli.DAT
 1 16 -4 -6.25 -10.37 0 8 0 0.71 0 -0.71 -0.71 0 -0.71 1-4disc.DAT
 1 16 4 -6.25 -10.37 0 8 0 0.71 0 -0.71 -0.71 0 -0.71 1-4disc.DAT
 4 16 -4 0 0 4 0 0 4 0 4 -4 0 4
 4 16 -4 -12.5 0 4 -12.5 0 4 -12.5 4 -4 -12.5 4
 4 16 4 0 4 -4 0 4 -2.5 0 12.5 2.5 0 12.5
 4 16 4 -12.5 4 -4 -12.5 4 -2.5 -12.5 12.5 2.5 -12.5 12.5
 3 16 4 0 4 2.5 0 12.5 4 -1.5 12.5
 3 16 -4 0 4 -2.5 0 12.5 -4 -1.5 12.5
 3 16 4 -12.5 4 2.5 -12.5 12.5 4 -11 12.5
 3 16 -4 -12.5 4 -2.5 -12.5 12.5 -4 -11 12.5
 4 16 4 0 0 4 -5.54 -11.08 4 -6.25 -10.37 4 -6.25 0
 4 16 4 -12.5 0 4 -6.96 -11.08 4 -6.25 -10.37 4 -6.25 0
 4 16 -4 0 0 -4 -5.54 -11.08 -4 -6.25 -10.37 -4 -6.25 0
 4 16 -4 -12.5 0 -4 -6.96 -11.08 -4 -6.25 -10.37 -4 -6.25 0
 4 16 4 0 0 4 -12.5 0 4 -12.5 4 4 0 4
 4 16 -4 0 0 -4 -12.5 0 -4 -12.5 4 -4 0 4
 4 16 4 0 4 4 -12.5 4 4 -11 12.5 4 -1.5 12.5
 4 16 -4 0 4 -4 -12.5 4 -4 -11 12.5 -4 -1.5 12.5
 4 16 4 -1.5 12.5 4 -11 12.5 2.5 -12.5 12.5 2.5 0 12.5
 4 16 -4 -1.5 12.5 -4 -11 12.5 -2.5 -12.5 12.5 -2.5 0 12.5
 4 16 2.5 0 12.5 2.5 -12.5 12.5 -2.5 -12.5 12.5 -2.5 0 12.5
0