0 Cupboard  2 x  3 x  2 Drawer
0 Name: 4536.dat
0 Author: Lutz Uhlmann
0 Official LCad update 98-07

 1 16 0  8 -18  24 0 0  0 0 8  0 1 0 rect.dat
 1 16 0 10  14  24 0 0  0 0 6  0 1 0 rect.dat
 1 16 0 16  -2  24 0 0  0 1 0  0 0 16 rect.dat
 2 24 24 4  14 24 4 -14
 2 24 24 4 -14 24 0 -18
 4 16 24 4  14 24 4 -18 24 16 -18 24 16 14
 3 16 24 4 -14 24 4 -18 24  0 -18
 2 24 -24 4  14 -24 4 -14
 2 24 -24 4 -14 -24 0 -18
 4 16 -24 4  14 -24 4 -18 -24 16 -18 -24 16 14
 3 16 -24 4 -14 -24 4 -18 -24  0 -18
 
 1 16 0  9 -20  26 0 0  0 0 9  0 1 0 rect.dat
 1 16 0 11  16  26 0 0  0 0 7  0 1 0 rect.dat
 1 16 0 18  -2  26 0 0  0 1 0  0 0 18 rect.dat
 2 24 26 4  16 26 4 -14
 2 24 26 4 -14 26 0 -18
 2 24 26 0 -18 26 0 -20
 4 16 26 4  16 26 4 -20 26 18 -20 26 18 16
 4 16 26 4 -14 26 4 -20 26  0 -20 26 0 -18
 2 24 -26 4  16 -26 4 -14
 2 24 -26 4 -14 -26 0 -18
 2 24 -26 0 -18 -26 0 -20
 4 16 -26 4  16 -26 4 -20 -26 18 -20 -26 18 16
 4 16 -26 4 -14 -26 4 -20 -26  0 -20 -26 0 -18

 4 16 -26 4  16  26 4  16  24 4  14 -24 4  14
 4 16  24 4  14  26 4  16  26 4 -14  24 4 -14
 4 16  24 4 -14  26 4 -14  26 0 -18  24 0 -18
 4 16 -24 4  14 -26 4  16 -26 4 -14 -24 4 -14
 4 16 -24 4 -14 -26 4 -14 -26 0 -18 -24 0 -18
 4 16  26 0 -20  26 0 -18 -26 0 -18 -26 0 -20

 1 16 0 4 -21 6 0 0 0 1 0 0 0 1 rect.dat
 1 16 3 4 -22 3 0 0 0 0 -3 0 1 0 1-4edge.dat
 1 16 -3 4 -22 -3 0 0 0 0 -3 0 1 0 1-4edge.dat
 2 24 -3 1 -22 3 1 -22
 1 16 3 4 -22 3 0 0 0 0 -3 0 1 0 1-4disc.dat
 1 16 -3 4 -22 -3 0 0 0 0 -3 0 1 0 1-4disc.dat
 1 16 3 4 -20 3 0 0 0 0 3 0 1 0 1-4edge.dat
 1 16 -3 4 -20 -3 0 0 0 0 3 0 1 0 1-4edge.dat
 1 16 3 4 -22 3 0 0 0 0 3 0 2 0 1-4cyli.dat
 1 16 -3 4 -22 -3 0 0 0 0 3 0 2 0 1-4cyli.dat
 4 16 -3 1 -22 3 1 -22 3 4 -22 -3 4 -22
 4 16 -3 7 -24 3 7 -24 3 7 -20 -3 7 -20
 2 24 -3 7 -20 3 7 -20
 2 24 -3 7 -24 3 7 -24
 2 24 -3 1 -24 3 1 -24
 1 16 3 4 -24 0 0 3 3 0 0 0 1 0 2-4edge.dat
 1 16 -3 4 -24 0 0 -3 3 0 0 0 1 0 2-4edge.dat
 1 16 3 4 -24 0 0 3 3 0 0 0 1 0 2-4disc.dat
 1 16 -3 4 -24 0 0 -3 3 0 0 0 1 0 2-4disc.dat
 1 16 3 4 -24 0 0 3 3 0 0 0 2 0 2-4cyli.dat
 1 16 -3 4 -24 0 0 -3 3 0 0 0 2 0 2-4cyli.dat
 4 16 -3 1 -24 3 1 -24 3 7 -24 -3 7 -24
 4 16 -3 1 -22 3 1 -22 3 1 -24 -3 1 -24
