0 Plate  1 x  4 Offset
0 Name: 4590.dat
0 Author: James Jessiman
0 Official L-Cad update 99-03

0 Note: One or more STUD references in this file
0 have been purposely capitalized to ensure that
0 the stud is fully visible in LEdit

 1 16 0 4 0 1 0 0 0 -1 0 0 0 1 stud3.dat

 1 16 30 12 10 1 0 0 0 -1 0 0 0 1 STUD4a.dat
 1 16 -30 12 10 1 0 0 0 -1 0 0 0 1 STUD4a.dat
 1 16 30 12 10 6 0 0 0 0 0 0 0 6 4-4edge.dat
 1 16 -30 12 10 6 0 0 0 0 0 0 0 6 4-4edge.dat
 1 16 30 12 10 4 0 0 0 0 0 0 0 4 4-4edge.dat
 1 16 -30 12 10 4 0 0 0 0 0 0 0 4 4-4edge.dat
 1 16 30 8 10 8 0 0 0 0 0 0 0 8 4-4edge.dat
 1 16 -30 8 10 8 0 0 0 0 0 0 0 8 4-4edge.dat
 1 16 30 8 10 6 0 0 0 0 0 0 0 6 4-4edge.dat
 1 16 -30 8 10 6 0 0 0 0 0 0 0 6 4-4edge.dat
 1 16 30 8 10 8 0 0 0 4 0 0 0 8 4-4cyli.dat
 1 16 -30 8 10 8 0 0 0 4 0 0 0 8 4-4cyli.dat
 1 16 30 8 10 4 0 0 0 4 0 0 0 4 4-4cyli.dat
 1 16 -30 8 10 4 0 0 0 4 0 0 0 4 4-4cyli.dat

 4 16 30 12 16 27.70 12 15.54 28.47 12 13.70 30 12 14
 4 16 -30 12 16 -32.30 12 15.54 -31.53 12 13.70 -30 12 14
 4 16 30 8 18 26.94 8 17.39 27.70 8 15.54 30 8 16
 4 16 -30 8 18 -33.06 8 17.39 -32.30 8 15.54 -30 8 16
 4 16 27.70 12 15.54 25.76 12 14.24 27.17 12 12.83 28.47 12 13.70
 4 16 -32.30 12 15.54 -34.24 12 14.24 -32.83 12 12.83 -31.53 12 13.70
 4 16 26.94 8 17.39 24.34 8 15.66 25.76 8 14.24 27.70 8 15.54
 4 16 -33.06 8 17.39 -35.66 8 15.66 -34.24 8 14.24 -32.30 8 15.54
 4 16 25.76 12 14.24 24.46 12 12.30 26.30 12 11.53 27.17 12 12.83
 4 16 -34.24 12 14.24 -35.54 12 12.30 -33.70 12 11.53 -32.83 12 12.83
 4 16 24.34 8 15.66 22.61 8 13.06 24.46 8 12.30 25.76 8 14.24
 4 16 -35.66 8 15.66 -37.39 8 13.06 -35.54 8 12.30 -34.24 8 14.24
 4 16 24.46 12 12.30 24 12 10 26 12 10 26.30 12 11.53
 4 16 -35.54 12 12.30 -36 12 10 -34 12 10 -33.70 12 11.53
 4 16 22.61 8 13.06 22 8 10 24 8 10 24.46 8 12.30
 4 16 -37.39 8 13.06 -38 8 10 -36 8 10 -35.54 8 12.30
 4 16 24 12 10 24.46 12 7.70 26.30 12 8.47 26 12 10
 4 16 -36 12 10 -35.54 12 7.70 -33.70 12 8.47 -34 12 10
 4 16 22 8 10 22.61 8 6.94 24.46 8 7.70 24 8 10
 4 16 -38 8 10 -37.39 8 6.94 -35.54 8 7.70 -36 8 10
 4 16 24.46 12 7.70 25.76 12 5.76 27.17 12 7.17 26.30 12 8.47
 4 16 -35.54 12 7.70 -34.24 12 5.76 -32.83 12 7.17 -33.70 12 8.47
 4 16 22.61 8 6.94 24.34 8 4.34 25.76 8 5.76 24.46 8 7.70
 4 16 -37.39 8 6.94 -35.66 8 4.34 -34.24 8 5.76 -35.54 8 7.70
 4 16 25.76 12 5.76 27.70 12 4.46 28.47 12 6.30 27.17 12 7.17
 4 16 -34.24 12 5.76 -32.30 12 4.46 -31.53 12 6.30 -32.83 12 7.17
 4 16 24.34 8 4.34 26.94 8 2.61 27.70 8 4.46 25.76 8 5.76
 4 16 -35.66 8 4.34 -33.06 8 2.61 -32.30 8 4.46 -34.24 8 5.76
 4 16 27.70 12 4.46 30 12 4 30 12 6 28.47 12 6.30
 4 16 -32.30 12 4.46 -30 12 4 -30 12 6 -31.53 12 6.30
 4 16 26.94 8 2.61 30 8 2 30 8 4 27.70 8 4.46
 4 16 -33.06 8 2.61 -30 8 2 -30 8 4 -32.30 8 4.46
 4 16 30 12 4 32.30 12 4.46 31.53 12 6.30 30 12 6
 4 16 -30 12 4 -27.70 12 4.46 -28.47 12 6.30 -30 12 6
 4 16 30 8 2 33.06 8 2.61 32.30 8 4.46 30 8 4
 4 16 -30 8 2 -26.94 8 2.61 -27.70 8 4.46 -30 8 4
 4 16 32.30 12 4.46 34.24 12 5.76 32.83 12 7.17 31.53 12 6.30
 4 16 -27.70 12 4.46 -25.76 12 5.76 -27.17 12 7.17 -28.47 12 6.30
 4 16 33.06 8 2.61 35.66 8 4.34 34.24 8 5.76 32.30 8 4.46
 4 16 -26.94 8 2.61 -24.34 8 4.34 -25.76 8 5.76 -27.70 8 4.46
 4 16 34.24 12 5.76 35.54 12 7.70 33.70 12 8.47 32.83 12 7.17
 4 16 -25.76 12 5.76 -24.46 12 7.70 -26.30 12 8.47 -27.17 12 7.17
 4 16 35.66 8 4.34 37.39 8 6.94 35.54 8 7.70 34.24 8 5.76
 4 16 -24.34 8 4.34 -22.61 8 6.94 -24.46 8 7.70 -25.76 8 5.76
 4 16 35.54 12 7.70 36 12 10 34 12 10 33.70 12 8.47
 4 16 -24.46 12 7.70 -24 12 10 -26 12 10 -26.30 12 8.47
 4 16 37.39 8 6.94 38 8 10 36 8 10 35.54 8 7.70
 4 16 -22.61 8 6.94 -22 8 10 -24 8 10 -24.46 8 7.70
 4 16 36 12 10 35.54 12 12.30 33.70 12 11.53 34 12 10
 4 16 -24 12 10 -24.46 12 12.30 -26.30 12 11.53 -26 12 10
 4 16 38 8 10 37.39 8 13.06 35.54 8 12.30 36 8 10
 4 16 -22 8 10 -22.61 8 13.06 -24.46 8 12.30 -24 8 10
 4 16 35.54 12 12.30 34.24 12 14.24 32.83 12 12.83 33.70 12 11.53
 4 16 -24.46 12 12.30 -25.76 12 14.24 -27.17 12 12.83 -26.30 12 11.53
 4 16 37.39 8 13.06 35.66 8 15.66 34.24 8 14.24 35.54 8 12.30
 4 16 -22.61 8 13.06 -24.34 8 15.66 -25.76 8 14.24 -24.46 8 12.30
 4 16 34.24 12 14.24 32.30 12 15.54 31.53 12 13.70 32.83 12 12.83
 4 16 -25.76 12 14.24 -27.70 12 15.54 -28.47 12 13.70 -27.17 12 12.83
 4 16 35.66 8 15.66 33.06 8 17.39 32.30 8 15.54 34.24 8 14.24
 4 16 -24.34 8 15.66 -26.94 8 17.39 -27.70 8 15.54 -25.76 8 14.24
 4 16 32.30 12 15.54 30 12 16 30 12 14 31.53 12 13.70
 4 16 -27.70 12 15.54 -30 12 16 -30 12 14 -28.47 12 13.70
 4 16 33.06 8 17.39 30 8 18 30 8 16 32.30 8 15.54
 4 16 -26.94 8 17.39 -30 8 18 -30 8 16 -27.70 8 15.54

 1 16 0 8 0 16 0 0 0 -4 0 0 0 6 box5.dat

 2 24 18 8 6 22 8 6
 1 16 22 8 3 0 0 3 0 0 0 3 0 0 3-8edge.dat
 2 24 24.1 8 0.9 18 8 -5.2
 2 24 18 8 -5.2 18 8 6
 2 24 -18 8 6 -22 8 6
 1 16 -22 8 3 0 0 -3 0 0 0 3 0 0 3-8edge.dat
 2 24 -24.1 8 0.9 -18 8 -5.2
 2 24 -18 8 -5.2 -18 8 6

 2 24 18 4 6 22 4 6
 1 16 22 4 3 0 0 3 0 0 0 3 0 0 3-8edge.dat
 2 24 24.1 4 0.9 18 4 -5.2
 2 24 18 4 -5.2 18 4 6
 2 24 -18 4 6 -22 4 6
 1 16 -22 4 3 0 0 -3 0 0 0 3 0 0 3-8edge.dat
 2 24 -24.1 4 0.9 -18 4 -5.2
 2 24 -18 4 -5.2 -18 4 6

 2 24 18 4 6 18 8 6
 2 24 -18 4 6 -18 8 6
 2 24 18 4 -5.2 18 8 -5.2
 2 24 -18 4 -5.2 -18 8 -5.2

 2 24 34.24 0 5.76 20 0 -6
 2 24 34.24 8 5.76 20 8 -6
 2 24 -34.24 0 5.76 -20 0 -6
 2 24 -34.24 8 5.76 -20 8 -6

 2 24 25.76 0 14.24 20 0 10
 2 24 25.76 8 14.24 20 8 10
 2 24 -25.76 0 14.24 -20 0 10
 2 24 -25.76 8 14.24 -20 8 10

 2 24 20 0 10 -20 0 10
 2 24 20 8 10 -20 8 10
 2 24 20 0 10 20 8 10
 2 24 -20 0 10 -20 8 10

 2 24 20 0 -6 20 0 -10
 2 24 20 8 -6 20 8 -10
 2 24 -20 0 -6 -20 0 -10
 2 24 -20 8 -6 -20 8 -10
 2 24 20 0 -10 -20 0 -10
 2 24 20 8 -10 -20 8 -10
 2 24 20 0 -10 20 8 -10
 2 24 -20 0 -10 -20 8 -10
 2 24 20 0 -6 20 8 -6
 2 24 -20 0 -6 -20 8 -6

 1 16 30 0 10 4.26 0 -4.26 0 0 0 -4.26 0 -4.26 2-4edge.dat
 1 16 -30 0 10 -4.26 0 4.26 0 0 0 -4.26 0 -4.26 2-4edge.dat

 1 16 22 8 3 3 0 0 0 0 0 0 0 3 1-4ndis.dat
 1 16 -22 8 3 -3 0 0 0 0 0 0 0 3 1-4ndis.dat
 1 16 22 8 3 3 0 0 0 0 0 0 0 -3 1-8ndis.dat
 1 16 -22 8 3 -3 0 0 0 0 0 0 0 -3 1-8ndis.dat
 3 16 25.76 8 15.76 25.76 8 10 20 8 10
 3 16 -25.76 8 15.76 -25.76 8 10 -20 8 10
 4 16 25.76 8 10 25.76 8 6 -25.76 8 6 -25.76 8 10
 4 16 18 8 6 16 8 6 16 8 -6 18 8 -5.2
 4 16 -18 8 6 -16 8 6 -16 8 -6 -18 8 -5.2
 4 16 34.24 8 5.76 25.76 8 6 25 8 6 25 8 0
 4 16 -34.24 8 5.76 -25.76 8 6 -25 8 6 -25 8 0
 4 16 34.24 8 5.76 24.1 8 0.9 18 8 -5.2 20 8 -6
 4 16 -34.24 8 5.76 -24.1 8 0.9 -18 8 -5.2 -20 8 -6
 4 16 20 8 -6 18 8 -5.2 16 8 -6 20 8 -10
 4 16 -20 8 -6 -18 8 -5.2 -16 8 -6 -20 8 -10
 4 16 20 8 -10 16 8 -6 -16 8 -6 -20 8 -10

 4 16 18 4 6 25 4 6 25 4 1.8 18 4 -5.2
 4 16 -18 4 6 -25 4 6 -25 4 1.8 -18 4 -5.2

 4 16 20 0 10 20 0 -10 -20 0 -10 -20 0 10
 3 16 34.24 0 5.76 25.76 0 5.76 20 0 -6
 3 16 -34.24 0 5.76 -25.76 0 5.76 -20 0 -6
 4 16 25.76 0 14.24 25.76 0 5.76 20 0 -6 20 0 10
 4 16 -25.76 0 14.24 -25.76 0 5.76 -20 0 -6 -20 0 10

 4 16 18 4 6 22 4 6 22 8 6 18 8 6
 1 16 22 4 3 0 0 3 0 4 0 3 0 0 3-8cyli.dat
 4 16 24.1 4 0.9 18 4 -5.2 18 8 -5.2 24.1 8 0.9
 4 16 18 4 -5.2 18 4 6 18 8 6 18 8 -5.2
 4 16 -18 4 6 -22 4 6 -22 8 6 -18 8 6
 1 16 -22 4 3 0 0 -3 0 4 0 3 0 0 3-8cyli.dat
 4 16 -24.1 4 0.9 -18 4 -5.2 -18 8 -5.2 -24.1 8 0.9
 4 16 -18 4 -5.2 -18 4 6 -18 8 6 -18 8 -5.2

 4 16 25.76 8 14.24 25.76 0 14.24 20 0 10 20 8 10
 4 16 -25.76 8 14.24 -25.76 0 14.24 -20 0 10 -20 8 10
 4 16 20 8 10 20 0 10 -20 0 10 -20 8 10
 4 16 34.24 8 5.76 34.24 0 5.76 20 0 -6 20 8 -6
 4 16 -34.24 8 5.76 -34.24 0 5.76 -20 0 -6 -20 8 -6
 4 16 20 8 -6 20 0 -6 20 0 -10 20 8 -10
 4 16 -20 8 -6 -20 0 -6 -20 0 -10 -20 8 -10
 4 16 20 8 -10 20 0 -10 -20 0 -10 -20 8 -10

 1 16 30 8 10 1 0 0 0 3 0 0 0 1 STUD2.dat
 1 16 -30 8 10 1 0 0 0 3 0 0 0 1 STUD2.dat

 1 16 10 0 0 1 0 0 0 1 0 0 0 1 stud.dat
 1 16 -10 0 0 1 0 0 0 1 0 0 0 1 stud.dat
0