0 Jack Lifter
0 Name 4627.dat
0 Created by Tore Eriksson
0 Official LCad update 97-16

0 (lifter = 4627, handle = 4628, base = 4629)
0 hole at base: -35 -15.5 0   ->  handle: 0 0 0

0 Find examples in 4629.dat


1 16  0 0 -6  0.416 0 0  0 0 0.416  0 0.25 0 stud.dat
1 16  0 0  6  0.416 0 0  0 0 0.416  0 -0.25 0 stud.dat
1 16  -13 0  -6  0 0 -2.5  2.5 0 0  0 12 0  2-4cyli.dat
1 16  -13 0 -6  0 0 -2.5  2.5 0 0  0 0 0  2-4edge.dat
1 16  -13 0  6  0 0 -2.5  2.5 0 0  0 0 0  2-4edge.dat
1 16  -13 0 -6  0 0 -2.5  2.5 0 0  0 0 0  2-4disc.dat
1 16  -13 0  6  0 0 -2.5  2.5 0 0  0 0 0  2-4disc.dat
2 24  -13 -2.5 -6  9 -2.5 -6
2 24  -13 -2.5  6  9 -2.5  6
4 16  -13 -2.5 -6  9 -2.5 -6  9 -2.5 6 -13 -2.5 6
2 24  -13  2.5 -6  9  2.5 -6
2 24  -13  2.5  6  9  2.5  6
4 16  -13  2.5 -6  9  2.5 -6  9  2.5 6 -13  2.5 6
4 16  -13 -2.5 -6  9 -2.5 -6  9 2.5 -6  -13 2.5 -6
4 16  -13 -2.5  6  9 -2.5  6  9 2.5  6  -13 2.5  6
2 24  9      -2.5 -10  64     -2.5 -10
2 24  9       2.5 -10  64      2.5 -10
2 24  66.5   -3.5 -10  65.16 -3.23 -10
2 24  65.16 -3.23 -10  64     -2.5 -10
2 24  66.5    3.5 -10  65.16  3.23 -10
2 24  65.16  3.23 -10  64      2.5 -10
4 16  9 -2.5 -10  64 -2.5 -10  64 2.5 -10  9 2.5 -10

2 24  9      -2.5  10  64     -2.5  10
2 24  9       2.5  10  64      2.5  10
2 24  66.5   -3.5  10  65.16 -3.23  10
2 24  65.16 -3.23  10  64     -2.5  10
2 24  66.5    3.5  10  65.16  3.23  10
2 24  65.16  3.23  10  64      2.5  10
4 16  9 -2.5 10  64 -2.5 10  64 2.5 10  9 2.5 10

4 16  9 -2.5 -10  64 -2.5 -10  64 -2.5 10  9 -2.5 10
4 16  9  2.5 -10  64  2.5 -10  64  2.5 10  9  2.5 10

1 16  9 0 -8  0 0 0  2.5 0 0  0 0 2  rect.dat
1 16  9 0  8  0 0 0  2.5 0 0  0 0 2  rect.dat

1 16  66.5 0 -10  3.5 0 0  0 0 3.5  0 20 0 4-4cyli.dat
1 16  66.5 0 -10  3.5 0 0  0 0 3.5  0 0 0 4-4disc.dat
1 16  66.5 0  10  3.5 0 0  0 0 3.5  0 0 0 4-4disc.dat
1 16  66.5 0 -10  0 0 3.5  3.5 0 0  0 0 0 2-4edge.dat
1 16  66.5 0  10  0 0 3.5  3.5 0 0  0 0 0 2-4edge.dat
