0 Arch  1 x  4
0 Name: 47.dat
0 Author: James Jessiman
0 Original LDraw Part - LDraw beta 0.27 Archive

 1 16 30 24 0 6 0 0 0 -20 0 0 0 6 box5.dat
 1 16 -30 24 0 6 0 0 0 -20 0 0 0 6 box5.dat

 4 16 40 24 10 36 24 6 24 24 6 20 24 10
 4 16 20 24 10 24 24 6 24 24 -6 20 24 -10
 4 16 20 24 -10 24 24 -6 36 24 -6 40 24 -10
 4 16 40 24 -10 36 24 -6 36 24 6 40 24 10

 4 16 -40 24 10 -36 24 6 -24 24 6 -20 24 10
 4 16 -20 24 10 -24 24 6 -24 24 -6 -20 24 -10
 4 16 -20 24 -10 -24 24 -6 -36 24 -6 -40 24 -10
 4 16 -40 24 -10 -36 24 -6 -36 24 6 -40 24 10

 2 24 20 24 10 40 24 10
 2 24 40 24 10 40 24 -10
 2 24 40 24 -10 20 24 -10
 2 24 20 24 -10 20 24 10
 2 24 -20 24 10 -40 24 10
 2 24 -40 24 10 -40 24 -10
 2 24 -40 24 -10 -20 24 -10
 2 24 -20 24 -10 -20 24 10

 2 24 40 0 10 -40 0 10
 2 24 -40 0 10 -40 0 -10
 2 24 -40 0 -10 40 0 -10
 2 24 40 0 -10 40 0 10
 2 24 40 0 10 40 24 10
 2 24 -40 0 10 -40 24 10
 2 24 -40 0 -10 -40 24 -10
 2 24 40 0 -10 40 24 -10

 2 24 20 24 6 20 4 6
 2 24 -20 24 6 -20 4 6
 2 24 20 24 -6 20 4 -6
 2 24 -20 24 -6 -20 4 -6


 1 16 0 4 0 20 0 0 0 0 0 0 0 6 rect.dat

 1 16 0 24 10 20 0 0 0 0 -16 0 0 0 2-4edge.dat
 1 16 0 24 6 20 0 0 0 0 -16 0 0 0 2-4edge.dat
 1 16 0 24 -6 20 0 0 0 0 -16 0 0 0 2-4edge.dat
 1 16 0 24 -10 20 0 0 0 0 -16 0 0 0 2-4edge.dat

 1 16 0 24 10 20 0 0 0 0 -16 0 0 0 2-4ndis.dat
 1 16 0 24 6 20 0 0 0 0 -16 0 0 0 2-4ndis.dat
 1 16 0 24 -6 20 0 0 0 0 -16 0 0 0 2-4ndis.dat
 1 16 0 24 -10 20 0 0 0 0 -16 0 0 0 2-4ndis.dat

 1 16 0 24 10 20 0 0 0 0 -16 0 -4 0 2-4cyli.dat
 1 16 0 24 -10 20 0 0 0 0 -16 0 4 0 2-4cyli.dat

 4 16 -20 24 6 -20 4 6 -20 4 -6 -20 24 -6
 4 16 20 24 6 20 4 6 20 4 -6 20 24 -6

 4 16 20 8 6 20 4 6 -20 4 6 -20 8 6
 4 16 20 8 -6 20 4 -6 -20 4 -6 -20 8 -6

 4 16 -40 0 10 -20 8 10 -20 24 10 -40 24 10
 4 16 40 0 10 20 8 10 20 24 10 40 24 10
 4 16 -40 0 -10 -20 8 -10 -20 24 -10 -40 24 -10
 4 16 40 0 -10 20 8 -10 20 24 -10 40 24 -10

 4 16 40 0 10 20 8 10 -20 8 10 -40 0 10
 4 16 40 0 -10 20 8 -10 -20 8 -10 -40 0 -10

 4 16 -40 0 10 -40 24 10 -40 24 -10 -40 0 -10
 4 16 40 0 10 40 24 10 40 24 -10 40 0 -10
 4 16 -40 0 10 40 0 10 40 0 -10 -40 0 -10

 1 16 -30 0 0 1 0 0 0 1 0 0 0 1 stud.dat
 1 16 -10 0 0 1 0 0 0 1 0 0 0 1 stud.dat
 1 16 10 0 0 1 0 0 0 1 0 0 0 1 stud.dat
 1 16 30 0 0 1 0 0 0 1 0 0 0 1 stud.dat
0
