0 Stretcher Wheels
0 Name: 4715.dat
0 Author: James Jessiman
0 Original LDraw Part - LDraw beta 0.27 Archive

 1 16 19 0 0 0 0 0 0 0 -4 4 0 0 2-4edge.dat
 1 16 16 0 0 0 0 0 0 0 -4 4 0 0 2-4edge.dat
 1 16 12 0 0 0 0 0 0 0 -4 4 0 0 2-4edge.dat
 1 16 8 0 0 0 0 0 0 0 -4 4 0 0 2-4edge.dat
 1 16 -8 0 0 0 0 0 0 0 -4 4 0 0 2-4edge.dat
 1 16 -12 0 0 0 0 0 0 0 -4 4 0 0 2-4edge.dat
 1 16 -16 0 0 0 0 0 0 0 -4 4 0 0 2-4edge.dat
 1 16 -19 0 0 0 0 0 0 0 -4 4 0 0 2-4edge.dat

 1 16 14 4 0 2 0 0 0 0 0 0 0 4 rect.dat
 1 16 0 4 0 8 0 0 0 0 0 0 0 4 rect.dat
 1 16 -14 4 0 2 0 0 0 0 0 0 0 4 rect.dat

 2 24 16 0 4 16 4 4
 2 24 12 0 4 12 4 4
 2 24 8 0 4 8 4 4
 2 24 -8 0 4 -8 4 4
 2 24 -12 0 4 -12 4 4
 2 24 -16 0 4 -16 4 4
 2 24 16 0 -4 16 4 -4
 2 24 12 0 -4 12 4 -4
 2 24 8 0 -4 8 4 -4
 2 24 -8 0 -4 -8 4 -4
 2 24 -12 0 -4 -12 4 -4
 2 24 -16 0 -4 -16 4 -4

 1 16 20 14 0 0 0 0 6 0 0 0 0 6 4-4edge.dat
 1 16 17 14 0 0 0 0 6 0 0 0 0 6 4-4edge.dat
 1 16 -17 14 0 0 0 0 6 0 0 0 0 6 4-4edge.dat
 1 16 -20 14 0 0 0 0 6 0 0 0 0 6 4-4edge.dat

 2 24 19 8 0 19 8.48 2.28
 2 24 19 8.48 2.28 19 9.66 4
 2 24 19 9.66 4 19 0 4
 2 24 19 9.66 4 17 9.66 4
 2 24 17 9.66 4 17 12 4
 2 24 -19 8 0 -19 8.48 2.28
 2 24 -19 8.48 2.28 -19 9.66 4
 2 24 -19 9.66 4 -19 0 4
 2 24 -19 9.66 4 -17 9.66 4
 2 24 -17 9.66 4 -17 12 4
 2 24 19 8 0 19 8.48 -2.28
 2 24 19 8.48 -2.28 19 9.66 -4
 2 24 19 9.66 -4 19 0 -4
 2 24 19 9.66 -4 17 9.66 -4
 2 24 17 9.66 -4 17 12 -4
 2 24 -19 8 0 -19 8.48 -2.28
 2 24 -19 8.48 -2.28 -19 9.66 -4
 2 24 -19 9.66 -4 -19 0 -4
 2 24 -19 9.66 -4 -17 9.66 -4
 2 24 -17 9.66 -4 -17 12 -4

 1 16 17 12 0 0 0 0 0 0 4 4 0 0 2-4edge.dat
 1 16 -17 12 0 0 0 0 0 0 4 4 0 0 2-4edge.dat

 1 16 0 8 0 13 0 0 0 0 0 0 0 4 rect.dat
 2 24 14 12 4 13 8 4
 2 24 -14 12 4 -13 8 4
 2 24 14 12 -4 13 8 -4
 2 24 -14 12 -4 -13 8 -4
 1 16 14 12 0 0 0 1 0 0 4 4 0 0 2-4edge.dat
 1 16 -14 12 0 0 0 -1 0 0 4 4 0 0 2-4edge.dat

 2 24 6 8 1 13 8 1
 2 24 13 8 1 14.5 14 1
 2 24 14.5 14 1 6 8 1
 2 24 -6 8 1 -13 8 1
 2 24 -13 8 1 -14.5 14 1
 2 24 -14.5 14 1 -6 8 1
 2 24 6 8 -1 13 8 -1
 2 24 13 8 -1 14.5 14 -1
 2 24 14.5 14 -1 6 8 -1
 2 24 -6 8 -1 -13 8 -1
 2 24 -13 8 -1 -14.5 14 -1
 2 24 -14.5 14 -1 -6 8 -1

 2 24 6 8 1 6 8 -1
 2 24 -6 8 1 -6 8 -1
 2 24 14.5 14 1 14.5 14 -1
 2 24 -14.5 14 1 -14.5 14 -1

 1 16 20 14 0 0 0 0 6 0 0 0 0 6 4-4disc.dat
 1 16 17 14 0 0 0 0 6 0 0 0 0 6 4-4disc.dat
 1 16 -17 14 0 0 0 0 6 0 0 0 0 6 4-4disc.dat
 1 16 -20 14 0 0 0 0 6 0 0 0 0 6 4-4disc.dat
 1 16 20 14 0 0 -3 0 6 0 0 0 0 6 4-4cyli.dat
 1 16 -20 14 0 0 3 0 6 0 0 0 0 6 4-4cyli.dat

 1 16 14 12 0 0 0 1 0 0 4 4 0 0 2-4disc.dat
 1 16 -14 12 0 0 0 -1 0 0 4 4 0 0 2-4disc.dat
 4 16 14 12 4 13 8 4 13 8 -4 14 12 -4
 4 16 -14 12 4 -13 8 4 -13 8 -4 -14 12 -4

 1 16 19 0 0 0 0 0 0 0 -4 4 0 0 2-4disc.dat
 1 16 16 0 0 0 0 0 0 0 -4 4 0 0 2-4disc.dat
 1 16 12 0 0 0 0 0 0 0 -4 4 0 0 2-4disc.dat
 1 16 8 0 0 0 0 0 0 0 -4 4 0 0 2-4disc.dat
 1 16 -8 0 0 0 0 0 0 0 -4 4 0 0 2-4disc.dat
 1 16 -12 0 0 0 0 0 0 0 -4 4 0 0 2-4disc.dat
 1 16 -16 0 0 0 0 0 0 0 -4 4 0 0 2-4disc.dat
 1 16 -19 0 0 0 0 0 0 0 -4 4 0 0 2-4disc.dat

 4 16 19 0 4 19 9.66 4 19 9.66 -4 19 0 -4
 4 16 16 0 4 16 4 4 16 4 -4 16 0 -4
 4 16 12 0 4 12 4 4 12 4 -4 12 0 -4
 4 16 8 0 4 8 4 4 8 4 -4 8 0 -4
 4 16 -8 0 4 -8 4 4 -8 4 -4 -8 0 -4
 4 16 -12 0 4 -12 4 4 -12 4 -4 -12 0 -4
 4 16 -16 0 4 -16 4 4 -16 4 -4 -16 0 -4
 4 16 -19 0 4 -19 9.66 4 -19 9.66 -4 -19 0 -4

 4 16 14.5 14 1 6 8 1 6 8 -1 14.5 14 -1
 4 16 -14.5 14 1 -6 8 1 -6 8 -1 -14.5 14 -1
 3 16 14.5 14 1 6 8 1 13 8 1
 3 16 -14.5 14 1 -6 8 1 -13 8 1
 3 16 14.5 14 -1 6 8 -1 13 8 -1
 3 16 -14.5 14 -1 -6 8 -1 -13 8 -1

 1 16 19 0 0 0 -3 0 0 0 -4 4 0 0 2-4cyli.dat
 1 16 12 0 0 0 -4 0 0 0 -4 4 0 0 2-4cyli.dat
 1 16 -12 0 0 0 4 0 0 0 -4 4 0 0 2-4cyli.dat
 1 16 -19 0 0 0 3 0 0 0 -4 4 0 0 2-4cyli.dat

 4 16 19 0 4 19 12 4 16 4 4 16 0 4
 4 16 -19 0 4 -19 12 4 -16 4 4 -16 0 4
 4 16 19 0 -4 19 12 -4 16 4 -4 16 0 -4
 4 16 -19 0 -4 -19 12 -4 -16 4 -4 -16 0 -4
 4 16 12 0 4 12 4 4 8 4 4 8 0 4
 4 16 -12 0 4 -12 4 4 -8 4 4 -8 0 4
 4 16 12 0 -4 12 4 -4 8 4 -4 8 0 -4
 4 16 -12 0 -4 -12 4 -4 -8 4 -4 -8 0 -4
 4 16 16 4 4 19 12 4 14 12 4 13 8 4
 4 16 -16 4 4 -19 12 4 -14 12 4 -13 8 4
 4 16 16 4 -4 19 12 -4 14 12 -4 13 8 -4
 4 16 -16 4 -4 -19 12 -4 -14 12 -4 -13 8 -4
 4 16 16 4 4 13 8 4 -13 8 4 -16 4 4
 4 16 16 4 -4 13 8 -4 -13 8 -4 -16 4 -4
0
