0 Container Treasure Chest
0 Name: 4738.dat
0 Author: James Jessiman
0 Official LCad update 99-01

 1 16 20 28 0 1 0 0 0 -1 0 0 0 1 stud4.dat
 1 16 0 28 0 1 0 0 0 -1 0 0 0 1 stud4.dat
 1 16 -20 28 0 1 0 0 0 -1 0 0 0 1 stud4.dat
 1 16 0 32 0 36 0 0 0 -4 0 0 0 16 box5.dat
 4 16 40 32 20 36 32 16 -36 32 16 -40 32 20
 4 16 40 32 -20 36 32 -16 -36 32 -16 -40 32 -20
 4 16 40 32 20 36 32 16 36 32 -16 40 32 -20
 4 16 -40 32 20 -36 32 16 -36 32 -16 -40 32 -20

 2 24 40 32 20 -40 32 20
 2 24 -40 32 20 -40 32 -20
 2 24 -40 32 -20 40 32 -20
 2 24 40 32 -20 40 32 20

 2 24 36 24 20 34 24 20
 2 24 34 24 20 34 24 16
 2 24 34 24 16 -34 24 16
 2 24 -34 24 16 -34 24 20
 2 24 -34 24 20 -36 24 20
 2 24 -36 24 20 -36 24 -16
 2 24 -36 24 -16 36 24 -16
 2 24 36 24 -16 36 24 20

 1 16 0 8 18 34 0 0 0 0 0 0 0 2 rect.dat

 2 24 34 8 20 34 24 20
 2 24 -34 8 20 -34 24 20
 2 24 34 8 16 34 24 16
 2 24 -34 8 16 -34 24 16

 1 16 40 4 16 0 0 0 2 0 0 0 0 2 4-4edge.dat
 1 16 36 4 16 0 0 0 2 0 0 0 0 2 4-4edge.dat
 1 16 -36 4 16 0 0 0 2 0 0 0 0 2 4-4edge.dat
 1 16 -40 4 16 0 0 0 2 0 0 0 0 2 4-4edge.dat

 1 16 40 4 16 0 0 0 -4 0 0 0 0 4 1-4edge.dat
 1 16 36 4 16 0 0 0 -4 0 0 0 0 4 1-4edge.dat
 1 16 -36 4 16 0 0 0 -4 0 0 0 0 4 1-4edge.dat
 1 16 -40 4 16 0 0 0 -4 0 0 0 0 4 1-4edge.dat

 2 24 40 32 20 40 4 20
 2 24 36 24 20 36 4 20
 2 24 -36 24 20 -36 4 20
 2 24 -40 32 20 -40 4 20

 2 24 40 0 16 40 0 12
 2 24 40 0 8 40 0 -8
 2 24 40 0 -12 40 0 -20
 2 24 40 0 -20 -40 0 -20
 2 24 -40 0 -20 -40 0 -12
 2 24 -40 0 -8 -40 0 8
 2 24 -40 0 12 -40 0 16

 2 24 36 0 16 36 0 -16
 2 24 36 0 -16 -36 0 -16
 2 24 -36 0 -16 -36 0 16

 2 24 40 32 -20 40 0 -20
 2 24 36 24 -16 36 0 -16
 2 24 -36 24 -16 -36 0 -16
 2 24 -40 32 -20 -40 0 -20

 4 16 36 24 20 34 24 20 34 24 16 36 24 -16
 4 16 36 24 -16 34 24 16 -34 24 16 -36 24 -16
 4 16 -36 24 -16 -34 24 16 -34 24 20 -36 24 20

 4 16 40 0 16 36 0 16 36 0 -16 40 0 -20
 4 16 40 0 -20 36 0 -16 -36 0 -16 -40 0 -20
 4 16 -40 0 -20 -36 0 -16 -36 0 16 -40 0 16

 1 16 40 4 16 0 -4 0 2 0 0 0 0 2 4-4cyli.dat
 1 16 -40 4 16 0 4 0 2 0 0 0 0 2 4-4cyli.dat

 1 16 40 4 16 0 -4 0 -4 0 0 0 0 4 1-4cyli.dat
 1 16 -40 4 16 0 4 0 -4 0 0 0 0 4 1-4cyli.dat

 4 16 40 4 20 36 4 20 36 24 20 40 32 20
 4 16 40 32 20 36 24 20 -36 24 20 -40 32 20
 4 16 -40 32 20 -36 24 20 -36 4 20 -40 4 20
 4 16 34 24 20 34 8 20 -34 8 20 -34 24 20

 4 16 34 24 16 34 8 16 -34 8 16 -34 24 16

 4 16 36 24 -16 36 0 -16 -36 0 -16 -36 24 -16

 4 16 40 32 -20 40 0 -20 -40 0 -20 -40 32 -20


 1 16 40 4 16 0 0 0 2 0 0 0 0 2 ring1.dat
 1 16 36 4 16 0 0 0 2 0 0 0 0 2 ring1.dat
 1 16 -36 4 16 0 0 0 2 0 0 0 0 2 ring1.dat
 1 16 -40 4 16 0 0 0 2 0 0 0 0 2 ring1.dat
 1 16 40 4 16 0 0 0 -4 0 0 0 0 -4 3-4ndis.dat
 1 16 36 4 16 0 0 0 -4 0 0 0 0 -4 3-4ndis.dat
 1 16 -36 4 16 0 0 0 -4 0 0 0 0 -4 3-4ndis.dat
 1 16 -40 4 16 0 0 0 -4 0 0 0 0 -4 3-4ndis.dat

 4 16 40 32 20 40 8 20 40 8 12 40 32 -20
 4 16 40 32 -20 40 8 12 40 0 12 40 0 -20

 4 16 36 24 20 36 8 20 36 8 12 36 24 -16
 4 16 36 24 -16 36 8 12 36 0 12 36 0 -16

 4 16 34 24 20 34 8 20 34 8 16 34 24 16
 4 16 -34 24 20 -34 8 20 -34 8 16 -34 24 16

 4 16 -36 24 20 -36 8 20 -36 8 12 -36 24 -16
 4 16 -36 24 -16 -36 8 12 -36 0 12 -36 0 -16

 4 16 -40 32 20 -40 8 20 -40 8 12 -40 32 -20
 4 16 -40 32 -20 -40 8 12 -40 0 12 -40 0 -20

 2 24 34 24 20 34 26 20
 2 24 34 26 20 15 26 20
 2 24 15 26 20 15 8 20
 2 24 10 8 20 10 26 20
 2 24 10 26 20 -10 26 20
 2 24 -10 26 20 -10 8 20
 2 24 -34 24 20 -34 26 20
 2 24 -34 26 20 -15 26 20
 2 24 -15 26 20 -15 8 20

 2 24 35 26 -20 15 26 -20
 2 24 15 26 -20 15 4 -20
 2 24 15 4 -20 35 4 -20
 2 24 35 4 -20 35 26 -20

 2 24 10 26 -20 -10 26 -20
 2 24 -10 26 -20 -10 4 -20
 2 24 -10 4 -20 -5 4 -20
 2 24 -5 4 -20 -5 10 -20
 2 24 -5 10 -20 -2 13 -20
 2 24 -2 13 -20 2 13 -20
 2 24 2 13 -20 5 10 -20
 2 24 5 10 -20 5 4 -20
 2 24 5 4 -20 10 4 -20
 2 24 10 4 -20 10 26 -20
 2 24 -35 26 -20 -15 26 -20
 2 24 -15 26 -20 -15 4 -20
 2 24 -15 4 -20 -35 4 -20
 2 24 -35 4 -20 -35 26 -20

 1 16 0 6 -20 2 0 0 0 0 -2 0 0 0 2-4edge.dat
 1 16 0 6 -20 2 0 0 0 0 2 0 0 0 1-8edge.dat
 1 16 0 6 -20 -2 0 0 0 0 2 0 0 0 1-8edge.dat
 2 24 1.4 7.4 -20 1 7.67 -20
 2 24 -1.4 7.4 -20 -1 7.67 -20
 2 24 1 7.67 -20 1 10 -20
 2 24 -1 7.67 -20 -1 10 -20
 1 16 0 10 -20 1 0 0 0 0 1 0 0 0 2-4edge.dat

 1 16 48 2 8 4 0 0 0 0 4 0 0 0 4-4edge.dat
 1 16 -48 2 8 4 0 0 0 0 4 0 0 0 4-4edge.dat
 1 16 48 2 -8 4 0 0 0 0 4 0 0 0 4-4edge.dat
 1 16 -48 2 -8 4 0 0 0 0 4 0 0 0 4-4edge.dat
 1 16 48 2 8 4 0 0 0 0 4 0 0 0 4-4disc.dat
 1 16 -48 2 8 4 0 0 0 0 4 0 0 0 4-4disc.dat
 1 16 48 2 -8 4 0 0 0 0 4 0 0 0 4-4disc.dat
 1 16 -48 2 -8 4 0 0 0 0 4 0 0 0 4-4disc.dat
 1 16 48 2 8 4 0 0 0 0 4 0 -16 0 4-4cyli.dat
 1 16 -48 2 8 4 0 0 0 0 4 0 -16 0 4-4cyli.dat

 2 24 40 4 8 48 4 8
 2 24 48 4 8 45 4 10
 2 24 45 4 10 40 4 12
 2 24 -40 4 8 -48 4 8
 2 24 -48 4 8 -45 4 10
 2 24 -45 4 10 -40 4 12
 2 24 40 4 -8 48 4 -8
 2 24 48 4 -8 45 4 -10
 2 24 45 4 -10 40 4 -12
 2 24 -40 4 -8 -48 4 -8
 2 24 -48 4 -8 -45 4 -10
 2 24 -45 4 -10 -40 4 -12
 2 24 40 0 8 48 0 8
 2 24 48 0 8 45 0 10
 2 24 45 0 10 40 0 12
 2 24 -40 0 8 -48 0 8
 2 24 -48 0 8 -45 0 10
 2 24 -45 0 10 -40 0 12
 2 24 40 0 -8 48 0 -8
 2 24 48 0 -8 45 0 -10
 2 24 45 0 -10 40 0 -12
 2 24 -40 0 -8 -48 0 -8
 2 24 -48 0 -8 -45 0 -10
 2 24 -45 0 -10 -40 0 -12

 2 24 40 0 8 40 4 8
 2 24 48 0 8 48 4 8
 2 24 45 0 10 45 4 10
 2 24 40 0 12 40 4 12
 2 24 -40 0 8 -40 4 8
 2 24 -48 0 8 -48 4 8
 2 24 -45 0 10 -45 4 10
 2 24 -40 0 12 -40 4 12
 2 24 40 0 -8 40 4 -8
 2 24 48 0 -8 48 4 -8
 2 24 45 0 -10 45 4 -10
 2 24 40 0 -12 40 4 -12
 2 24 -40 0 -8 -40 4 -8
 2 24 -48 0 -8 -48 4 -8
 2 24 -45 0 -10 -45 4 -10
 2 24 -40 0 -12 -40 4 -12

 2 24 40 4 12 40 4 8
 2 24 -40 4 12 -40 4 8
 2 24 40 4 -12 40 4 -8
 2 24 -40 4 -12 -40 4 -8

 4 16 40 0 8 48 0 8 48 4 8 40 4 8
 4 16 48 0 8 45 0 10 45 4 10 48 4 8
 4 16 45 0 10 40 0 12 40 4 12 45 4 10
 4 16 -40 0 8 -48 0 8 -48 4 8 -40 4 8
 4 16 -48 0 8 -45 0 10 -45 4 10 -48 4 8
 4 16 -45 0 10 -40 0 12 -40 4 12 -45 4 10
 4 16 40 0 -8 48 0 -8 48 4 -8 40 4 -8
 4 16 48 0 -8 45 0 -10 45 4 -10 48 4 -8
 4 16 45 0 -10 40 0 -12 40 4 -12 45 4 -10
 4 16 -40 0 -8 -48 0 -8 -48 4 -8 -40 4 -8
 4 16 -48 0 -8 -45 0 -10 -45 4 -10 -48 4 -8
 4 16 -45 0 -10 -40 0 -12 -40 4 -12 -45 4 -10

 4 16 40 4 8 48 4 8 45 4 10 40 4 12
 4 16 -40 4 8 -48 4 8 -45 4 10 -40 4 12
 4 16 40 4 -8 48 4 -8 45 4 -10 40 4 -12
 4 16 -40 4 -8 -48 4 -8 -45 4 -10 -40 4 -12
 4 16 40 0 8 48 0 8 45 0 10 40 0 12
 4 16 -40 0 8 -48 0 8 -45 0 10 -40 0 12
 4 16 40 0 -8 48 0 -8 45 0 -10 40 0 -12
 4 16 -40 0 -8 -48 0 -8 -45 0 -10 -40 0 -12
0