0 Plate  1 x  2 with Electric Contacts
0 Name: 4755.dat
0 Author: Manfred Moolhuysen
0 Official LCad update 97-17

1 16 0 6 -6 16 0 0 0 0 2 0 1 0 rect.dat
1 16 0 6 6 16 0 0 0 0 2 0 1 0 rect.dat
1 14 -16 6 0 0 1 0 2 0 0 0 0 6 rect.dat
1 14 16 6 0 0 1 0 2 0 0 0 0 6 rect.dat

4 14 -16 4 0 -4 4 0 -8 4 -6 -16 4 -6
4 16 -4 4 0 4 4 0 8 4 -6 -8 4 -6
4 14 16 4 0 4 4 0 8 4 -6 16 4 -6
2 24 -4 4 0 -8 4 -6
2 24 4 4 0 8 4 -6

4 14 -16 4 0 -4 4 0 -8 4 6 -16 4 6
4 16 -4 4 0 4 4 0 8 4 6 -8 4 6
4 14 16 4 0 4 4 0 8 4 6 16 4 6
2 24 -4 4 0 -8 4 6
2 24 4 4 0 8 4 6

4 16 20 8 10 16 8 6 -16 8 6 -20 8 10
4 16 -20 8 10 -16 8 6 -16 8 -6 -20 8 -10
4 16 -20 8 -10 -16 8 -6 16 8 -6 20 8 -10
4 16 20 8 -10 16 8 -6 16 8 6 20 8 10
1 16 0 8 0 20 0 0 0 -8 0 0 0 10 box5.dat
1 16 10 0 0 0 0 -1 0 1 0 1 0 0 studel.dat
1 16 -10 0 0 0 0 1 0 1 0 -1 0 0 studel.dat