0 Plate  2 x  4 with Electric Contacts
0 name 4757.dat
0 (c) Remco Braak 1997
0 rbraak@nat.vu.nl
0 Official LCad update 97-01

 1 16 20 4 0 1 0 0 0 -1 0 0 0 1 stud4.dat
 1 16 0 4 0 1 0 0 0 -1 0 0 0 1 stud4.dat
 1 16 -20 4 0 1 0 0 0 -1 0 0 0 1 stud4.dat

 1 14 0 6 -16 36 0 0 0 0 2 0 1 0 rect.dat
 1 14 0 6 16 36 0 0 0 0 2 0 1 0 rect.dat
 1 16 -36 6 0 0 1 0 2 0 0 0 0 16 rect.dat
 1 16 36 6 0 0 1 0 2 0 0 0 0 16 rect.dat

 2 24 -36 8 -16 -36 8 16
 2 24 -36 8 16 36 8 16
 2 24 36 8 16 36 8 -16
 2 24 36 8 -16 -36 8 -16
 2 24 -36 4 -16 -36 4 16
 2 24 -36 4 16 36 4 16
 2 24 36 4 16 36 4 -16
 2 24 36 4 -16 -36 4 -16
 2 24 -36 8 -16 -36 4 -16
 2 24 -36 8 16 -36 4 16
 2 24 36 8 16 36 4 16
 2 24 36 8 -16 36 4 -16

 4 14 -36 4 -16 -36 4 -8 -27 4 -4 -27 4 -16
 4 14 -27 4 -16 -27 4 -4 -18 4 -8 -18 4 -16
 4 14 -18 4 -16 -18 4 -8 -9 4 -4 -9 4 -16
 4 14 -9 4 -16 -9 4 -4 0 4 -8 0 4 -16
 4 14 36 4 -16 36 4 -8 27 4 -4 27 4 -16
 4 14 27 4 -16 27 4 -4 18 4 -8 18 4 -16
 4 14 18 4 -16 18 4 -8 9 4 -4 9 4 -16
 4 14 9 4 -16 9 4 -4 0 4 -8 0 4 -16

 4 14 -36 4 16 -36 4 8 -27 4 4 -27 4 16
 4 14 -27 4 16 -27 4 4 -18 4 8 -18 4 16
 4 14 -18 4 16 -18 4 8 -9 4 4 -9 4 16
 4 14 -9 4 16 -9 4 4 0 4 8 0 4 16
 4 14 36 4 16 36 4 8 27 4 4 27 4 16
 4 14 27 4 16 27 4 4 18 4 8 18 4 16
 4 14 18 4 16 18 4 8 9 4 4 9 4 16
 4 14 9 4 16 9 4 4 0 4 8 0 4 16

 4 16 36 4 -8 36 4 8 27 4 4 27 4 -4
 4 16 27 4 4 27 4 -4 18 4 -8 18 4 8
 4 16 18 4 8 18 4 -8 9 4 -4 9 4 4
 4 16 9 4 4 9 4 -4 0 4 -8 0 4 8
 4 16 -36 4 -8 -36 4 8 -27 4 4 -27 4 -4
 4 16 -27 4 4 -27 4 -4 -18 4 -8 -18 4 8
 4 16 -18 4 8 -18 4 -8 -9 4 -4 -9 4 4
 4 16 -9 4 4 -9 4 -4 0 4 -8 0 4 8

 2 24 36 4 -8 27 4 -4
 2 24 27 4 -4 18 4 -8
 2 24 18 4 -8 9 4 -4
 2 24 9 4 -4 0 4 -8
 2 24 -36 4 -8 -27 4 -4
 2 24 -27 4 -4 -18 4 -8
 2 24 -18 4 -8 -9 4 -4
 2 24 -9 4 -4 0 4 8
 2 24 36 4 8 27 4 4
 2 24 27 4 4 18 4 8
 2 24 18 4 8 9 4 4
 2 24 9 4 4 0 4 8
 2 24 -36 4 8 -27 4 4
 2 24 -27 4 4 -18 4 8
 2 24 -18 4 8 -9 4 4
 2 24 -9 4 4 0 4 8

 4 16 40 8 20 36 8 16 -36 8 16 -40 8 20
 4 16 40 8 -20 36 8 -16 -36 8 -16 -40 8 -20
 4 16 40 8 20 36 8 16 36 8 -16 40 8 -20
 4 16 -40 8 20 -36 8 16 -36 8 -16 -40 8 -20
 1 16 0 8 0 40 0 0 0 -8 0 0 0 20 box5.dat
 1 16 30 0 10 -1 0 0 0 1 0 0 0 -1 studel.dat
 1 16 10 0 10 -1 0 0 0 1 0 0 0 -1 studel.dat
 1 16 -10 0 10 -1 0 0 0 1 0 0 0 -1 studel.dat
 1 16 -30 0 10 -1 0 0 0 1 0 0 0 -1 studel.dat
 1 16 30 0 -10 1 0 0 0 1 0 0 0 1 studel.dat
 1 16 10 0 -10 1 0 0 0 1 0 0 0 1 studel.dat
 1 16 -10 0 -10 1 0 0 0 1 0 0 0 1 studel.dat
 1 16 -30 0 -10 1 0 0 0 1 0 0 0 1 studel.dat
