0 Electric 9V Battery Box Small (needs work)
0 Name: 4760.dat
0 Author: Jonathan Wilson
0 Official LCad Part 2000-01

0 2000-Jan-08 Kevin Bane: Added LOTS of detail

4 16 36 4 -76 36 46 -76 -36 46 -76 -36 4 -76
4 16 36 44 -76 36 48 -76 27 48 -76 27 44 -76
4 16 36 46 -76 36 56 -76 32 56 -76 32 46 -76
4 16 36 50 -76 36 56 -76 18 56 -76 18 50 -76
4 16 22 48 -76 22 56 -76 18 56 -76 18 48 -76
4 16 -18 48 -76 -18 56 -76 -22 56 -76 -22 48 -76
4 16 -18 50 -76 -18 56 -76 -36 56 -76 -36 50 -76
4 16 -32 46 -76 -32 56 -76 -36 56 -76 -36 46 -76
4 16 -27 44 -76 -27 48 -76 -36 48 -76 -36 44 -76
4 16 32 48 -78 32 50 -78 22 50 -78 22 48 -78
4 16 27 46 -78 27 48 -78 18 48 -78 18 46 -78
4 16 18 46 -78 18 56 -78 -18 56 -78 -18 46 -78
4 16 -18 46 -78 -18 48 -78 -27 48 -78 -27 46 -78
4 16 -22 48 -78 -22 50 -78 -32 50 -78 -32 48 -78
4 16 -8 11 59 -8 11 76 -20 11 76 -20 11 59
4 16 9 11 59 9 11 60 -9 11 60 -9 11 59
4 16 9 11 66 9 11 69 -9 11 69 -9 11 66
4 16 9 11 74 9 11 76 -9 11 76 -9 11 74
4 16 20 11 59 20 11 76 8 11 76 8 11 59
4 16 -36 4 76 -36 36 76 -20 36 76 -20 4 76
4 16 -21 11 76 -21 35.5 76 21 35.5 76 21 11 76
4 16 20 4 76 20 36 76 36 36 76 36 4 76
4 16 -36 35 76 -36 46 76 -14 46 76 -14 35 76
4 16 -36 45 76 -36 56 76 -26 56 76 -26 45 76
4 16 -27 48 76 -27 56 76 -14 56 76 -14 48 76
4 16 -16 45 76 -16 49 76 -14 49 76 -14 45 76
4 16 -15 44.5 76 -15 46 76 15 46 76 15 44.5 76
4 16 14 45 76 14 49 76 16 49 76 16 45 76
4 16 14 48 76 14 56 76 27 56 76 27 48 76
4 16 26 45 76 26 56 76 36 56 76 36 45 76
4 16 14 35 76 14 46 76 36 46 76 36 35 76
4 16 36 4 -76 36 4 59 -36 4 59 -36 4 -76
4 16 36 4 58 36 4 76 20 4 76 20 4 58
4 16 -20 4 58 -20 4 76 -36 4 76 -36 4 58
4 16 36 4 76 36 48 76 36 48 -76 36 4 -76
4 16 -36 4 76 -36 48 76 -36 48 -76 -36 4 -76
1 16 36 52 -74 0 -1 0 0 0 4 2 0 0 RECT.DAT
1 16 18 52 -77 0 -1 0 0 0 4 1 0 0 RECT.DAT
1 16 20 48 -77 -2 0 0 0 1 0 0 0 -1 RECT.DAT
1 16 22 49 -77 0 1 0 1 0 0 0 0 -1 RECT.DAT
1 16 27 50 -77 -5 0 0 0 1 0 0 0 -1 RECT.DAT
1 16 32 49 -77 0 1 0 1 0 0 0 0 -1 RECT.DAT
1 16 29.5 48 -77 -2.5 0 0 0 1 0 0 0 -1 RECT.DAT
1 16 27 47 -77 0 1 0 1 0 0 0 0 -1 RECT.DAT
1 16 0 46 -77 -27 0 0 0 1 0 0 0 -1 RECT.DAT
1 16 -27 47 -77 0 1 0 1 0 0 0 0 -1 RECT.DAT
1 16 -29.5 48 -77 -2.5 0 0 0 1 0 0 0 -1 RECT.DAT
1 16 -32 49 -77 0 1 0 1 0 0 0 0 -1 RECT.DAT
1 16 -27 50 -77 -5 0 0 0 1 0 0 0 -1 RECT.DAT
1 16 -22 49 -77 0 1 0 1 0 0 0 0 -1 RECT.DAT
1 16 -20 48 -77 -2 0 0 0 1 0 0 0 -1 RECT.DAT
1 16 -18 52 -77 0 -1 0 0 0 4 1 0 0 RECT.DAT
1 16 -36 52 -74 0 -1 0 0 0 4 2 0 0 RECT.DAT
1 16 36 52 74 0 -1 0 0 0 4 2 0 0 RECT.DAT
1 16 21 47 76 -5 0 0 0 0 1 0 2 0 BOX5.DAT
1 16 0 40 76 -14 0 0 0 0 4.5 0 2 0 BOX5.DAT
1 16 -21 47 76 -5 0 0 0 0 1 0 2 0 BOX5.DAT
1 16 -36 52 74 0 -1 0 0 0 4 2 0 0 RECT.DAT

 2 24 20 4 76 20 4 59
 2 24 20 4 59 -20 4 59
 2 24 -20 4 76 -20 4 59
 2 24 20 11 76 20 11 59
 2 24 -20 11 76 -20 11 59
 2 24 20 11 59 -20 11 59

 1 16 0 7.5 76 0 0 -20 3.5 0 0 0 -17 0 box3#8p.dat

2 24 36 4 -76 36 48 -76
2 24 36 4 -76 -36 4 -76
2 24 -36 4 -76 -36 48 -76
2 24 18 56 -76 36 56 -76
2 24 -36 56 -76 -18 56 -76
2 24 -18 56 -78 18 56 -78
2 24 36 4 76 36 48 76
2 24 20 4 76 36 4 76
2 24 14 56 76 36 56 76
2 24 14 46 76 14 56 76
2 24 14 46 76 -14 46 76
2 24 -36 56 76 -14 56 76
2 24 -36 4 76 -36 48 76
2 24 -36 4 76 -20 4 76
2 24 -36 48 72 -36 48 -72
2 24 36 48 72 36 48 -72
2 24 -36 4 76 -36 4 -76
2 24 36 4 76 36 4 -76

4 16 40 0 80 40 56 80 14 56 80 14 0 80
4 16 14 8 80 14 48 80 -14 48 80 -14 8 80
4 16 -14 0 80 -14 56 80 -40 56 80 -40 0 80
4 16 14 56 80 14 48 80 14 46 76 14 56 76
4 16 14 46 76 14 48 80 -14 48 80 -14 46 76
4 16 -14 56 80 -14 48 80 -14 46 76 -14 56 76
4 16 -18 9 76 -14 9 76 -14 0 76 -18 0 76
4 16 -8 0 61.5 -8 9 61.5 -14 9 61.5 -14 0 61.5
4 16 10 0 61.5 10 6 61.5 -10 6 61.5 -10 0 61.5
4 16 14 0 61.5 14 9 61.5 8 9 61.5 8 0 61.5
4 16 14 9 76 18 9 76 18 0 76 14 0 76
4 16 16 8 76 16 9 76 -16 9 76 -16 8 76
4 16 -13 9 62 -13 9 76 -18 9 76 -18 9 62
4 16 -8 9 61.5 -8 9 76 -14 9 76 -14 9 61.5
4 16 -8 9 61.5 -8 11 61.5 -8 11 76 -8 9 76
4 16 8 9 61.5 8 11 61.5 8 11 76 8 9 76
4 16 14 9 61.5 14 9 76 8 9 76 8 9 61.5
4 16 18 9 62 18 9 76 13 9 76 13 9 62
4 16 -8 8 66 -8 9 66 -8 9 68 -8 8 67
4 16 8 8 66 8 9 66 8 9 68 8 8 67
4 16 40 0 -80 40 0 61.5 -40 0 61.5 -40 0 -80
4 16 19 0 61 19 0 62 14 0 62 14 0 61
4 16 40 0 61 40 0 80 18 0 80 18 0 61
4 16 19 0 76 19 0 80 14 0 80 14 0 76
4 16 -14 0 76 -14 0 80 -19 0 80 -19 0 76
4 16 -18 0 61 -18 0 80 -40 0 80 -40 0 61
4 16 -14 0 61 -14 0 62 -19 0 62 -19 0 61
4 16 40 0 -80 40 48 -80 40 48 80 40 0 80
4 16 40 47 -80 40 56 -80 40 56 -72 40 47 -72
4 16 40 47 72 40 56 72 40 56 80 40 47 80
4 16 -40 0 -80 -40 48 -80 -40 48 80 -40 0 80
4 16 -40 47 -80 -40 56 -80 -40 56 -72 -40 47 -72
4 16 -40 47 72 -40 56 72 -40 56 80 -40 47 80
4 16 19 56 -80 19 56 -78 -19 56 -78 -19 56 -80
4 16 18 56 -80 18 56 -76 40 56 -76 40 56 -80
4 16 36 56 -77 36 56 -72 40 56 -72 40 56 -77
4 16 36 48 -72 36 48 72 40 48 72 40 48 -72
4 16 36 56 72 36 56 77 40 56 77 40 56 72
4 16 14 56 76 14 56 80 40 56 80 40 56 76
4 16 -40 56 76 -40 56 80 -14 56 80 -14 56 76
4 16 -40 56 72 -40 56 77 -36 56 77 -36 56 72
4 16 -40 48 -72 -40 48 72 -36 48 72 -36 48 -72
4 16 -40 56 -77 -40 56 -72 -36 56 -72 -36 56 -77
4 16 -40 56 -80 -40 56 -76 -18 56 -76 -18 56 -80

1 16 0 28 -80 -40 0 0 0 0 28 0 -1 0 RECT.DAT
1 16 38 52 -72 -2 0 0 0 0 4 0 -1 0 RECT.DAT
1 16 -38 52 -72 -2 0 0 0 0 4 0 -1 0 RECT.DAT
1 16 38 52 72 -2 0 0 0 0 4 0 -1 0 RECT.DAT
1 16 -38 52 72 -2 0 0 0 0 4 0 -1 0 RECT.DAT

2 24 14 0 76 14 8 76
2 24 14 8 76 -14 8 76
2 24 -14 0 76 -14 8 76
2 24 14 0 80 14 8 80
2 24 -14 0 80 -14 8 80
2 24 14 8 80 -14 8 80

1 16 0 0 78 0 0 -14 0 8 0 2 0 0 box3#8p.dat
1 16 -18 4.5 69 0 1 0 4.5 0 0 0 0 -7 RECT.DAT
1 16 -16 4.5 62 0 0 -2 4.5 0 0 0 -1 0 RECT.DAT
1 16 -14 4.5 61.75 0 1 0 4.5 0 0 0 0 -.25 RECT.DAT
1 16 14 4.5 61.75 0 1 0 4.5 0 0 0 0 -.25 RECT.DAT
1 16 16 4.5 62 0 0 -2 4.5 0 0 0 -1 0 RECT.DAT
1 16 18 4.5 69 0 1 0 4.5 0 0 0 0 -7 RECT.DAT
1 16 0 8.5 61.5 -8 0 0 0 0 -2.5 0 -1.5 0 BOX4-1.DAT
1 16 0 9.5 66 -8 0 0 0 0 -1.5 0 -1 0 RECT.DAT
1 16 0 8 66.5 -8 0 0 0 1 0 0 0 -.5 RECT.DAT
1 16 0 9 68 -8 0 0 0 1 -1 0 -1 -1 RECT.DAT
1 16 0 10.5 69 -8 0 0 0 0 -.5 0 -1 0 RECT.DAT
1 16 0 10.5 74 -8 0 0 0 0 -.5 0 -1 0 RECT.DAT
1 16 0 9 75 -8 0 0 0 -1 -1 0 -1 1 RECT.DAT
2 24 40 56 -80 40 56 -72
2 24 -40 56 -80 -40 56 -72
2 24 40 56 80 40 0 80
2 24 40 0 80 14 0 80
2 24 40 56 80 14 56 80
2 24 -14 0 80 -40 0 80
2 24 -40 0 80 -40 56 80
2 24 -14 56 80 -40 56 80
2 24 40 56 80 40 56 72
2 24 14 56 80 14 56 76
2 24 14 46 76 14 48 80
2 24 14 48 80 14 56 80
2 24 14 48 80 -14 48 80
2 24 -14 56 80 -14 56 76
2 24 -14 46 76 -14 56 76
2 24 -14 46 76 -14 48 80
2 24 -14 48 80 -14 56 80
2 24 -40 56 80 -40 56 72
2 24 -18 0 76 -14 0 76
2 24 -14 0 61.5 14 0 61.5
2 24 14 0 76 18 0 76
2 24 18 9 76 -18 9 76
2 24 -40 48 72 -40 48 -72
2 24 40 48 72 40 48 -72
2 24 -40 0 80 -40 0 -80
2 24 40 0 -80 40 0 80

1 16 30 0 -70 0 0 -1 0 1 0 1 0 0 stud.dat
1 16 10 0 -70 0 0 -1 0 1 0 1 0 0 studel.dat
1 16 -10 0 -70 0 0 1 0 1 0 -1 0 0 studel.dat
1 16 -30 0 -70 0 0 -1 0 1 0 1 0 0 stud.dat
1 16 30 0 -50 0 0 -1 0 1 0 1 0 0 stud.dat
1 16 10 0 -50 0 0 -1 0 1 0 1 0 0 studel.dat
1 16 -10 0 -50 0 0 1 0 1 0 -1 0 0 studel.dat
1 16 -30 0 -50 0 0 -1 0 1 0 1 0 0 stud.dat
1 16 30 0 -30 0 0 -1 0 1 0 1 0 0 stud.dat
1 16 10 0 -30 0 0 -1 0 1 0 1 0 0 studel.dat
1 16 -10 0 -30 0 0 1 0 1 0 -1 0 0 studel.dat
1 16 -30 0 -30 0 0 -1 0 1 0 1 0 0 stud.dat
1 16 30 0 -10 0 0 -1 0 1 0 1 0 0 stud.dat
1 16 10 0 -10 0 0 -1 0 1 0 1 0 0 studel.dat
1 16 -10 0 -10 0 0 1 0 1 0 -1 0 0 studel.dat
1 16 -30 0 -10 0 0 -1 0 1 0 1 0 0 stud.dat
1 16 30 0 10 0 0 -1 0 1 0 1 0 0 stud.dat
1 16 10 0 10 0 0 -1 0 1 0 1 0 0 studel.dat
1 16 -10 0 10 0 0 1 0 1 0 -1 0 0 studel.dat
1 16 -30 0 10 0 0 -1 0 1 0 1 0 0 stud.dat
1 16 30 0 30 0 0 -1 0 1 0 1 0 0 stud.dat
1 16 10 0 30 0 0 -1 0 1 0 1 0 0 studel.dat
1 16 -10 0 30 0 0 1 0 1 0 -1 0 0 studel.dat
1 16 -30 0 30 0 0 -1 0 1 0 1 0 0 stud.dat
1 16 30 0 50 0 0 -1 0 1 0 1 0 0 stud.dat
1 16 10 0 50 0 0 -1 0 1 0 1 0 0 stud.dat
1 16 -10 0 50 0 0 1 0 1 0 -1 0 0 stud.dat
1 16 -30 0 50 0 0 -1 0 1 0 1 0 0 stud.dat
1 16 30 0 70 0 0 -1 0 1 0 1 0 0 stud.dat
1 16 -30 0 70 0 0 -1 0 1 0 1 0 0 stud.dat
0
