0 Glass for Window  1 x  2 x  2 Plane
0 Name: 4862.dat
0 Author: James Jessiman
0 Official LCad update 99-01

 2 24 16 40 -2 -16 40 -2
 2 24 -16 40 -2 -16 40 -6
 2 24 -16 40 -6 16 40 -6
 2 24 16 40 -6 16 40 -2

 2 24 16 4 -2 -16 4 -2
 2 24 -16 4 -2 -16 4 -6
 2 24 -16 4 -6 -8 4 -6
 2 24 8 4 -6 16 4 -6
 2 24 16 4 -6 16 4 -2

 2 24 -8 32 -6 8 32 -6
 2 24 -8 32 -10 8 32 -10
 2 24 -8 4 -10 8 4 -10

 1 16 8 28 -6 4 0 0 0 0 4 0 0 0 1-4edge.dat
 1 16 -8 28 -6 -4 0 0 0 0 4 0 0 0 1-4edge.dat
 1 16 8 28 -10 4 0 0 0 0 4 0 0 0 1-4edge.dat
 1 16 -8 28 -10 -4 0 0 0 0 4 0 0 0 1-4edge.dat
 1 16 8 8 -6 4 0 0 0 0 -4 0 0 0 1-4edge.dat
 1 16 -8 8 -6 -4 0 0 0 0 -4 0 0 0 1-4edge.dat
 1 16 8 8 -10 4 0 0 0 0 -4 0 0 0 1-4edge.dat
 1 16 -8 8 -10 -4 0 0 0 0 -4 0 0 0 1-4edge.dat

 2 24 12 8 -6 12 28 -6
 2 24 -12 8 -6 -12 28 -6
 2 24 12 8 -10 12 28 -10
 2 24 -12 8 -10 -12 28 -10

 2 24 16 4 -2 16 40 -2
 2 24 -16 4 -2 -16 40 -2
 2 24 16 4 -6 16 40 -6
 2 24 -16 4 -6 -16 40 -6

 1 16 8 28 -6 4 0 0 0 0 4 0 0 0 1-4ndis.dat
 1 16 -8 28 -6 -4 0 0 0 0 4 0 0 0 1-4ndis.dat
 1 16 8 28 -10 4 0 0 0 0 4 0 0 0 1-4disc.dat
 1 16 -8 28 -10 -4 0 0 0 0 4 0 0 0 1-4disc.dat
 1 16 8 8 -6 4 0 0 0 0 -4 0 0 0 1-4ndis.dat
 1 16 -8 8 -6 -4 0 0 0 0 -4 0 0 0 1-4ndis.dat
 1 16 8 8 -10 4 0 0 0 0 -4 0 0 0 1-4disc.dat
 1 16 -8 8 -10 -4 0 0 0 0 -4 0 0 0 1-4disc.dat

 1 16 8 28 -10 4 0 0 0 0 4 0 4 0 1-4cyli.dat
 1 16 -8 28 -10 -4 0 0 0 0 4 0 4 0 1-4cyli.dat
 1 16 8 8 -10 4 0 0 0 0 -4 0 4 0 1-4cyli.dat
 1 16 -8 8 -10 -4 0 0 0 0 -4 0 4 0 1-4cyli.dat

 4 16 -8 32 -6 -8 32 -10 8 32 -10 8 32 -6
 4 16 -8 4 -6 -8 4 -10 8 4 -10 8 4 -6
 4 16 12 8 -6 12 8 -10 12 28 -10 12 28 -6
 4 16 -12 8 -6 -12 8 -10 -12 28 -10 -12 28 -6

 4 16 16 40 -2 16 40 -6 -16 40 -6 -16 40 -2
 4 16 16 4 -2 16 4 -6 -16 4 -6 -16 4 -2

 4 16 16 40 -2 16 40 -6 16 4 -6 16 4 -2
 4 16 -16 40 -2 -16 40 -6 -16 4 -6 -16 4 -2

 4 16 16 40 -2 16 4 -2 -16 4 -2 -16 40 -2
 4 16 16 4 -6 12 4 -6 12 32 -6 16 40 -6
 4 16 -16 4 -6 -12 4 -6 -12 32 -6 -16 40 -6
 4 16 16 40 -6 -12 32 -6 12 32 -6 16 40 -6
 4 16 8 32 -10 8 28 -10 -8 28 -10 -8 32 -10
 4 16 12 28 -10 12 8 -10 -12 8 -10 -12 28 -10
 4 16 8 8 -10 8 4 -10 -8 4 -10 -8 8 -10
0