0 Panel  1 x  2 x  2 with tow Pattern(?)
0 name 4864p35.dat
0 Author: Thomas Burger
0 Official LCad update 97-01

4 16 -20 0 10 -17 2.6 10 -17 46.4 10 -20 48 10
4 16 -17 46.4 10 -20 48 10 20 48 10 17 46.4 10
4 16 20 48 10 17 46.4 10 17 2.6 10 20 0 10
4 16 20 0 10 17 2.6 10 -17 2.6 10 -20 0 10
4 0 17 2.6 10 16 4 10 16 45 10 17 46.4 10
4 0 17 46.4 10 16 45 10 -16 45 10 -17 46.4 10
4 0 -16 45 10 -17 46.4 10 -17 2.6 10 -16 4 10
4 0 -17 2.6 10 -16 4 10 16 4 10 17 2.6 10
4 0 14.6 18.2 10 -14.6 18.2 10 -14.6 20 10 14.6 20 10
4 0 12 20 10 7.2 20 10 12 22.2 10 7.2 22.2 10
4 0 12 20 10 12 22.2 10 7.2 22.2 10 7.2 20 10
4 0 -7.2 20 10 -7.2 22.2 10 -12 22.2 10 -12 20 10
4 0 7.2 22.2 10 1 22.2 10 2.2 43 10 10.8 43 10
4 0 -1 22.2 10 -7.2 22.2 10 -10.8 43 10 -2.2 43 10
4 0 6.2 17.6 10 0.8 17.6 10 0 5.6 10 4 5.6 10
4 0 0 5.6 10 -0.8 17.6 10 -6.2 17.6 10 -4 5.6 10
4 16 16 4 10 4 5.6 10 -4 5.6 10 -16 4 10
4 16 14.6 18.2 10 6.2 17.6 10 -6.2 17.6 10 -14.6 18.2 10
4 16 16 45 10 10.8 43 10 -10.8 43 10 -16 45 10
4 16 -7.2 22.2 10 -12 22.2 10 -16 45 10 -10.8 43 10
4 16 16 45 10 10.8 43 10 7.2 22.2 10 12 22.2 10
4 16 7.2 20 10 -7.2 20 10 -7.2 22.2 10 7.2 22.2 10
4 16 1 22.2 10 -1 22.2 10 -2.2 43 10 2.2 43 10
4 16 14.6 20 10 12 20 10 12 22.2 10 16 45 10
4 16 16 4 10 16 45 10 14.6 20 10 14.6 18.2 10
4 16 -16 45 10 -14.6 20 10 -14.6 18.2 10 -16 4 10
3 16 0 5.6 10 0.8 17.6 10 -0.8 17.6 10
4 16 -4 5.6 10 -16 4 10 -14.6 18.2 10 -6.2 17.6 10
4 16 16 4 10 4 5.6 10 6.2 17.6 10 14.6 18.2 10
4 16 -12 20 10 -12 22.2 10 -16 45 10 -14.6 20 10
0 Panel  1 x  2 x  2 without front

1 16 0 44 0 1 0 0 0 -1 0 0 0 1 stud3.dat

1 16 0 48 0 16 0 0 0 -4 0 0 0 6 box5.dat

4 16 20 48 10 16 48 6 -16 48 6 -20 48 10
4 16 -20 48 10 -16 48 6 -16 48 -6 -20 48 -10
4 16 -20 48 -10 -16 48 -6 16 48 -6 20 48 -10
4 16 20 48 -10 16 48 -6 16 48 6 20 48 10

2 24 20 48 10 -20 48 10
2 24 -20 48 10 -20 48 -10
2 24 -20 48 -10 20 48 -10
2 24 20 48 -10 20 48 10

2 24 20 40 6 -20 40 6
2 24 -20 40 6 -20 40 -10
2 24 -20 40 -10 20 40 -10
2 24 20 40 -10 20 40 6

2 24 20 4 6 -20 4 6
2 24 -20 4 6 -20 4 -10
2 24 -20 4 -10 20 4 -10
2 24 20 4 -10 20 4 6

2 24 20 0 10 -20 0 10
2 24 -20 0 10 -20 0 -10
2 24 -20 0 -10 20 0 -10
2 24 20 0 -10 20 0 10

2 24 20 0 -10 20 4 -10
2 24 -20 0 -10 -20 4 -10
2 24 20 4 6 20 40 6
2 24 -20 4 6 -20 40 6
2 24 20 40 -10 20 48 -10
2 24 -20 40 -10 -20 48 -10
2 24 20 0 10 20 48 10
2 24 -20 0 10 -20 48 10

4 16 20 40 6 20 40 -10 -20 40 -10 -20 40 6
4 16 20 4 6 20 4 -10 -20 4 -10 -20 4 6
4 16 20 0 10 20 0 -10 -20 0 -10 -20 0 10

4 16 -20 48 10 -20 48 -10 -20 40 -10 -20 40 10
4 16 -20 48 -10 20 48 -10 20 40 -10 -20 40 -10
4 16 20 48 -10 20 48 10 20 40 10 20 40 -10

0 4 16 20 48 10 -20 48 10 -20 0 10 20 0 10
4 16 -20 40 10 -20 40 6 -20 4 6 -20 4 10
4 16 -20 40 6 20 40 6 20 4 6 -20 4 6
4 16 20 40 6 20 40 10 20 4 10 20 4 6

4 16 -20 4 10 -20 4 -10 -20 0 -10 -20 0 10
4 16 -20 4 -10 20 4 -10 20 0 -10 -20 0 -10
4 16 20 4 -10 20 4 10 20 0 10 20 0 -10

1 16 10 0 0 1 0 0 0 1 0 0 0 1 stud2.dat
1 16 -10 0 0 1 0 0 0 1 0 0 0 1 stud2.dat

