0 Panel  1 x  2 x  2 with Utility Pattern
0 Name 4864p89.dat
0 Creator: Thomas Burger
0 Official LCad update 97-16

2 24 0 44 10 -8.00001 36 10
2 24 -8.00001 36 10 -4 36 10
2 24 -4 36 10 -8 20 10
2 24 -8 20 10 -1 20 10
2 24 -1 20 10 -4 4 10
2 24 -4 4 10 4 4 10
2 24 4 4 10 8 24 10
2 24 8 24 10 0 24 10
2 24 0 24 10 4 36 10
2 24 4 36 10 8.00001 36 10
2 24 8.00001 36 10 0 44 10
2 24 4 36 10 0 24 10
4 16 -18 4.2 10 -20 0 10 -20 48 10 -18 44 10
3 16 -20 48 10 -18 44 10 -16 46 10
4 16 -20 48 10 20 48 10 16 46 10 -16 46 10
3 16 20 48 10 17.8 43.8 10 16 46 10
4 16 20 48 10 20 0 10 18 4 10 17.8 43.8 10
3 16 20 0 10 18 4 10 16 1.8 10
4 16 20 0 10 16 1.8 10 -16 1.8 10 -20 0 10
3 16 -16 1.8 10 -18 4.2 10 -20 0 10
2 24 18 4 10 16 1.8 10
2 24 16 1.8 10 -16 1.8 10
2 24 -16 1.8 10 -18 4.2 10
2 24 -18 4.2 10 -18 44 10
2 24 -18 44 10 -16 46 10
2 24 -16 46 10 16 46 10
2 24 16 46 10 17.8 43.8 10
2 24 17.8 43.8 10 18 4 10
4 15 -4 4 10 -16 1.8 10 -18 4.2 10 -8 20 10
3 15 -1 20 10 -8 20 10 -4 4 10
4 15 -8 20 10 -4 36 10 -8.00001 36 10 -18 4.2 10
4 15 -16 46 10 -18 44 10 -18 4.2 10 -8.00001 36 10
3 15 16 46 10 0 44 10 -16 46 10
3 15 0 44 10 -8.00001 36 10 -16 46 10
3 15 16 46 10 8.00001 36 10 0 44 10
4 15 8 24 10 0 24 10 4 36 10 8.00001 36 10
4 15 17.8 43.8 10 16 46 10 8.00001 36 10 8 24 10
4 15 17.8 43.8 10 18 4 10 16 1.8 10 8 24 10
3 15 16 1.8 10 4 4 10 8 24 10
4 15 16 1.8 10 -16 1.8 10 -4 4 10 4 4 10
4 14 4 4 10 -4 4 10 -1 20 10 8 24 10
4 14 8 24 10 0 24 10 -8 20 10 -1 20 10
4 14 0 24 10 -8 20 10 -4 36 10 4 36 10
3 14 8.00001 36 10 -8.00001 36 10 0 44 10
0 Panel  1 x  2 x  2 without front

 1 16 0 44 0 1 0 0 0 -1 0 0 0 1 stud3.dat

 1 16 0 48 0 16 0 0 0 -4 0 0 0 6 box5.dat

 4 16 20 48 10 16 48 6 -16 48 6 -20 48 10
 4 16 -20 48 10 -16 48 6 -16 48 -6 -20 48 -10
 4 16 -20 48 -10 -16 48 -6 16 48 -6 20 48 -10
 4 16 20 48 -10 16 48 -6 16 48 6 20 48 10

 2 24 20 48 10 -20 48 10
 2 24 -20 48 10 -20 48 -10
 2 24 -20 48 -10 20 48 -10
 2 24 20 48 -10 20 48 10

 2 24 20 40 6 -20 40 6
 2 24 -20 40 6 -20 40 -10
 2 24 -20 40 -10 20 40 -10
 2 24 20 40 -10 20 40 6

 2 24 20 4 6 -20 4 6
 2 24 -20 4 6 -20 4 -10
 2 24 -20 4 -10 20 4 -10
 2 24 20 4 -10 20 4 6

 2 24 20 0 10 -20 0 10
 2 24 -20 0 10 -20 0 -10
 2 24 -20 0 -10 20 0 -10
 2 24 20 0 -10 20 0 10

 2 24 20 0 -10 20 4 -10
 2 24 -20 0 -10 -20 4 -10
 2 24 20 4 6 20 40 6
 2 24 -20 4 6 -20 40 6
 2 24 20 40 -10 20 48 -10
 2 24 -20 40 -10 -20 48 -10
 2 24 20 0 10 20 48 10
 2 24 -20 0 10 -20 48 10

 4 16 20 40 6 20 40 -10 -20 40 -10 -20 40 6
 4 16 20 4 6 20 4 -10 -20 4 -10 -20 4 6
 4 16 20 0 10 20 0 -10 -20 0 -10 -20 0 10

 4 16 -20 48 10 -20 48 -10 -20 40 -10 -20 40 10
 4 16 -20 48 -10 20 48 -10 20 40 -10 -20 40 -10
 4 16 20 48 -10 20 48 10 20 40 10 20 40 -10

0 4 16 20 48 10 -20 48 10 -20 0 10 20 0 10
 4 16 -20 40 10 -20 40 6 -20 4 6 -20 4 10
 4 16 -20 40 6 20 40 6 20 4 6 -20 4 6
 4 16 20 40 6 20 40 10 20 4 10 20 4 6

 4 16 -20 4 10 -20 4 -10 -20 0 -10 -20 0 10
 4 16 -20 4 -10 20 4 -10 20 0 -10 -20 0 -10
 4 16 20 4 -10 20 4 10 20 0 10 20 0 -10

 1 16 10 0 0 1 0 0 0 1 0 0 0 1 stud2.dat
 1 16 -10 0 0 1 0 0 0 1 0 0 0 1 stud2.dat