0 Panel  1 x  2 x  2 with Red, White, & Blue Pattern (Right Side)
0 Name: 4864p34.dat
0 Author: Thomas Burger
0 Official LCad update 98-07

2 24 20 24 10 16 24 10
2 24 16 24 10 -16 0 10
2 24 20 32 10 16 32 10
2 24 16 32 10 -16 8 10
2 24 -16 8 10 -20 8 10
2 24 20 40 10 16 40 10
2 24 16 40 10 -16 16 10
2 24 -16 16 10 -20 16 10
2 24 16 48 10 -16 24 10
2 24 -16 24 10 -20 24 10
4 16 16 48 10 -16 24 10 -20 24 10 -20 48 10
4 16 20 24 10 16 24 10 -16 0 10 20 0 10
4 1 20 40 10 16 40 10 16 48 10 20 48 10
4 1 16 40 10 16 48 10 -16 24 10 -16 16 10
4 1 -16 16 10 -20 16 10 -20 24 10 -16 24 10
4 15 20 32 10 16 32 10 16 40 10 20 40 10
4 15 16 32 10 16 40 10 -16 16 10 -16 8 10
4 15 -16 8 10 -20 8 10 -20 16 10 -16 16 10
4 4 20 24 10 16 24 10 16 32 10 20 32 10
4 4 16 24 10 16 32 10 -16 8 10 -16 0 10
4 4 -16 0 10 -20 0 10 -20 8 10 -16 8 10
0 Panel  1 x  2 x  2 without front
 1 16 0 44 0 1 0 0 0 -1 0 0 0 1 stud3.dat
 1 16 0 48 0 16 0 0 0 -4 0 0 0 6 box5.dat
 4 16 20 48 10 16 48 6 -16 48 6 -20 48 10
 4 16 -20 48 10 -16 48 6 -16 48 -6 -20 48 -10
 4 16 -20 48 -10 -16 48 -6 16 48 -6 20 48 -10
 4 16 20 48 -10 16 48 -6 16 48 6 20 48 10
 2 24 20 48 10 -20 48 10
 2 24 -20 48 10 -20 48 -10
 2 24 -20 48 -10 20 48 -10
 2 24 20 48 -10 20 48 10
 2 24 20 40 6 -20 40 6
 2 24 -20 40 6 -20 40 -10
 2 24 -20 40 -10 20 40 -10
 2 24 20 40 -10 20 40 6

 2 24 20 4 6 -20 4 6
 2 24 -20 4 6 -20 4 -10
 2 24 -20 4 -10 20 4 -10
 2 24 20 4 -10 20 4 6

 2 24 20 0 10 -20 0 10
 2 24 -20 0 10 -20 0 -10
 2 24 -20 0 -10 20 0 -10
 2 24 20 0 -10 20 0 10

 2 24 20 0 -10 20 4 -10
 2 24 -20 0 -10 -20 4 -10
 2 24 20 4 6 20 40 6
 2 24 -20 4 6 -20 40 6
 2 24 20 40 -10 20 48 -10
 2 24 -20 40 -10 -20 48 -10
 2 24 20 0 10 20 48 10
 2 24 -20 0 10 -20 48 10

 4 16 20 40 6 20 40 -10 -20 40 -10 -20 40 6
 4 16 20 4 6 20 4 -10 -20 4 -10 -20 4 6
 4 16 20 0 10 20 0 -10 -20 0 -10 -20 0 10

 4 16 -20 48 10 -20 48 -10 -20 40 -10 -20 40 10
 4 16 -20 48 -10 20 48 -10 20 40 -10 -20 40 -10
 4 16 20 48 -10 20 48 10 20 40 10 20 40 -10

0 4 16 20 48 10 -20 48 10 -20 0 10 20 0 10
 4 16 -20 40 10 -20 40 6 -20 4 6 -20 4 10
 4 16 -20 40 6 20 40 6 20 4 6 -20 4 6
 4 16 20 40 6 20 40 10 20 4 10 20 4 6

 4 16 -20 4 10 -20 4 -10 -20 0 -10 -20 0 10
 4 16 -20 4 -10 20 4 -10 20 0 -10 -20 0 -10
 4 16 20 4 -10 20 4 10 20 0 10 20 0 -10

 1 16 10 0 0 1 0 0 0 1 0 0 0 1 stud2.dat
 1 16 -10 0 0 1 0 0 0 1 0 0 0 1 stud2.dat
