0 Panel  1 x  2 x  1 with rail logo white
0 name 4865p02.dat
0 Author: Thomas Burger
0 Official LCad update 97-01

 2 24 -19 12 10 -11.80 2.90 10 
 2 24 -11.80 2.90 10 -7.90 3 10 
 2 24 -19 12 10 -11.90 21.10 10 
 2 24 -11.90 21.10 10 -7.90 21.10 10 
 2 24 -7.90 21.10 10 -14.30 13.50 10 
 2 24 -14.30 13.50 10 -8.70 13.60 10 
 2 24 -14.30 10.30 10 -8.70 10.30 10 
 2 24 -14.30 10.30 10 -7.90 3 10 
 2 24 -8.22 8.59 10 -6.29 5.71 10 
 2 24 -6.29 5.71 10 -3.41 3.78 10 
 2 24 -3.41 3.78 10 0 3.10 10 
 2 24 -8.70 13.60 10 -8.22 15.41 10 
 2 24 -8.22 15.41 10 -6.29 18.29 10 
 2 24 -6.29 18.29 10 -3.41 20.22 10 
 2 24 -3.41 20.22 10 0 20.90 10 
 2 24 0 5.65 10 -2.43 6.13 10 
 2 24 -2.43 6.13 10 -4.49 7.51 10 
 2 24 -4.49 7.51 10 -5.87 9.57 10 
 2 24 -5.87 9.57 10 -6.35 12 10 
 2 24 -6.35 12 10 -5.87 14.43 10 
 2 24 -5.87 14.43 10 -4.49 16.49 10 
 2 24 -4.49 16.49 10 -2.43 17.87 10 
 2 24 -2.43 17.87 10 0 18.35 10 
 2 24 0 9.35 10 -1.01 9.55 10 
 2 24 -1.01 9.55 10 -1.87 10.13 10 
 2 24 -1.87 10.13 10 -2.45 10.99 10 
 2 24 -2.45 10.99 10 -2.65 12 10 
 2 24 -2.65 12 10 -2.45 13.01 10 
 2 24 -2.45 13.01 10 -1.87 13.87 10 
 2 24 -1.87 13.87 10 -1.01 14.45 10 
 2 24 -1.01 14.45 10 0 14.65 10 
 4 16 -20 24 10 -11.90 21.10 10 -7.90 21.10 10 0 24 10 
 4 16 -20 24 10 -11.90 21.10 10 -19 12 10 -20 12 10 
 4 16 -20 0 10 0 0 10 -7.90 3 10 -11.80 2.90 10 
 4 16 -20 0 10 -11.80 2.90 10 -19 12 10 -20 12 10 
 4 16 0 24 10 0 20.90 10 -3.41 20.22 10 -7.90 21.10 10 
 4 16 -14.30 13.50 10 -7.90 21.10 10 -6.29 18.29 10 -8.22 15.41 10 
 3 16 -3.41 20.22 10 -6.29 18.29 10 -7.90 21.10 10 
 3 16 -14.30 13.50 10 -8.70 13.60 10 -8.22 15.41 10 
 4 16 -14.30 10.30 10 -8.70 10.30 10 -8.22 8.59 10 -7.90 3 10 
 4 16 -7.90 3 10 -8.22 8.59 10 -6.29 5.71 10 -3.41 3.78 10 
 4 16 -7.90 3 10 -3.41 3.78 10 0 3.10 10 0 0 10 
 4 16 0 5.65 10 0 9.35 10 -1.01 9.55 10 -2.43 6.13 10 
 4 16 -1.87 10.13 10 -1.01 9.55 10 -2.43 6.13 10 -4.49 7.51 10 
 4 16 -4.49 7.51 10 -5.87 9.57 10 -2.45 10.99 10 -1.87 10.13 10 
 4 16 -5.87 9.57 10 -6.35 12 10 -2.65 12 10 -2.45 10.99 10 
 4 16 -6.35 12 10 -2.65 12 10 -2.45 13.01 10 -5.87 14.43 10 
 4 16 -5.87 14.43 10 -2.45 13.01 10 -1.87 13.87 10 -4.49 16.49 10 
 4 16 -1.87 13.87 10 -1.01 14.45 10 -2.43 17.87 10 -4.49 16.49 10 
 4 16 -2.43 17.87 10 -1.01 14.45 10 0 14.65 10 0 18.35 10 
 4 15 -11.90 21.10 10 -7.90 21.10 10 -14.30 13.50 10 -19 12 10 
 3 15 -19 12 10 -14.30 13.50 10 -14.30 10.30 10 
 4 15 -19 12 10 -14.30 10.30 10 -7.90 3 10 -11.80 2.90 10 
 4 15 -14.30 10.30 10 -8.70 10.30 10 -8.70 13.60 10 -14.30 13.50 10 
 4 15 0 20.90 10 0 18.35 10 -2.43 17.87 10 -3.41 20.22 10 
 4 15 0 5.65 10 0 3.10 10 -3.41 3.78 10 -2.43 6.13 10 
 4 15 -2.43 17.87 10 -3.41 20.22 10 -6.29 18.29 10 -4.49 16.49 10 
 4 15 -3.41 3.78 10 -6.29 5.71 10 -4.49 7.51 10 -2.43 6.13 10 
 4 15 -8.22 15.41 10 -5.87 14.43 10 -4.49 16.49 10 -6.29 18.29 10 
 4 15 -6.29 5.71 10 -8.22 8.59 10 -5.87 9.57 10 -4.49 7.51 10 
 4 15 -8.22 15.41 10 -8.90 12 10 -6.35 12 10 -5.87 14.43 10 
 4 15 -8.22 8.59 10 -8.90 12 10 -6.35 12 10 -5.87 9.57 10 
 4 15 0 9.35 10 -1.01 9.55 10 -1.01 14.45 10 0 14.65 10 
 4 15 -1.01 9.55 10 -1.87 10.13 10 -1.87 13.87 10 -1.01 14.45 10 
 4 15 -1.87 10.13 10 -2.45 10.99 10 -2.45 13.01 10 -1.87 13.87 10 
0 other side
 2 24 19 12 10 11.80 2.90 10 
 2 24 11.80 2.90 10 7.90 3 10 
 2 24 19 12 10 11.90 21.10 10 
 2 24 11.90 21.10 10 7.90 21.10 10 
 2 24 7.90 21.10 10 14.30 13.50 10 
 2 24 14.30 13.50 10 8.70 13.60 10 
 2 24 14.30 10.30 10 8.70 10.30 10 
 2 24 14.30 10.30 10 7.90 3 10 
 2 24 8.22 8.59 10 6.29 5.71 10 
 2 24 6.29 5.71 10 3.41 3.78 10 
 2 24 3.41 3.78 10 0 3.10 10 
 2 24 8.70 13.60 10 8.22 15.41 10 
 2 24 8.22 15.41 10 6.29 18.29 10 
 2 24 6.29 18.29 10 3.41 20.22 10 
 2 24 3.41 20.22 10 0 20.90 10 
 2 24 0 5.65 10 2.43 6.13 10 
 2 24 2.43 6.13 10 4.49 7.51 10 
 2 24 4.49 7.51 10 5.87 9.57 10 
 2 24 5.87 9.57 10 6.35 12 10 
 2 24 6.35 12 10 5.87 14.43 10 
 2 24 5.87 14.43 10 4.49 16.49 10 
 2 24 4.49 16.49 10 2.43 17.87 10 
 2 24 2.43 17.87 10 0 18.35 10 
 2 24 0 9.35 10 1.01 9.55 10 
 2 24 1.01 9.55 10 1.87 10.13 10 
 2 24 1.87 10.13 10 2.45 10.99 10 
 2 24 2.45 10.99 10 2.65 12 10 
 2 24 2.65 12 10 2.45 13.01 10 
 2 24 2.45 13.01 10 1.87 13.87 10 
 2 24 1.87 13.87 10 1.01 14.45 10 
 2 24 1.01 14.45 10 0 14.65 10 
 4 16 20 24 10 11.90 21.10 10 7.90 21.10 10 0 24 10 
 4 16 20 24 10 11.90 21.10 10 19 12 10 20 12 10 
 4 16 20 0 10 0 0 10 7.90 3 10 11.80 2.90 10 
 4 16 20 0 10 11.80 2.90 10 19 12 10 20 12 10 
 4 16 0 24 10 0 20.90 10 3.41 20.22 10 7.90 21.10 10 
 4 16 14.30 13.50 10 7.90 21.10 10 6.29 18.29 10 8.22 15.41 10 
 3 16 3.41 20.22 10 6.29 18.29 10 7.90 21.10 10 
 3 16 14.30 13.50 10 8.70 13.60 10 8.22 15.41 10 
 4 16 14.30 10.30 10 8.70 10.30 10 8.22 8.59 10 7.90 3 10 
 4 16 7.90 3 10 8.22 8.59 10 6.29 5.71 10 3.41 3.78 10 
 4 16 7.90 3 10 3.41 3.78 10 0 3.10 10 0 0 10 
 4 16 0 5.65 10 0 9.35 10 1.01 9.55 10 2.43 6.13 10 
 4 16 1.87 10.13 10 1.01 9.55 10 2.43 6.13 10 4.49 7.51 10 
 4 16 4.49 7.51 10 5.87 9.57 10 2.45 10.99 10 1.87 10.13 10 
 4 16 5.87 9.57 10 6.35 12 10 2.65 12 10 2.45 10.99 10 
 4 16 6.35 12 10 2.65 12 10 2.45 13.01 10 5.87 14.43 10 
 4 16 5.87 14.43 10 2.45 13.01 10 1.87 13.87 10 4.49 16.49 10 
 4 16 1.87 13.87 10 1.01 14.45 10 2.43 17.87 10 4.49 16.49 10 
 4 16 2.43 17.87 10 1.01 14.45 10 0 14.65 10 0 18.35 10 
 4 15 11.90 21.10 10 7.90 21.10 10 14.30 13.50 10 19 12 10 
 3 15 19 12 10 14.30 13.50 10 14.30 10.30 10 
 4 15 19 12 10 14.30 10.30 10 7.90 3 10 11.80 2.90 10 
 4 15 14.30 10.30 10 8.70 10.30 10 8.70 13.60 10 14.30 13.50 10 
 4 15 0 20.90 10 0 18.35 10 2.43 17.87 10 3.41 20.22 10 
 4 15 0 5.65 10 0 3.10 10 3.41 3.78 10 2.43 6.13 10 
 4 15 2.43 17.87 10 3.41 20.22 10 6.29 18.29 10 4.49 16.49 10 
 4 15 3.41 3.78 10 6.29 5.71 10 4.49 7.51 10 2.43 6.13 10 
 4 15 8.22 15.41 10 5.87 14.43 10 4.49 16.49 10 6.29 18.29 10 
 4 15 6.29 5.71 10 8.22 8.59 10 5.87 9.57 10 4.49 7.51 10 
 4 15 8.22 15.41 10 8.90 12 10 6.35 12 10 5.87 14.43 10 
 4 15 8.22 8.59 10 8.90 12 10 6.35 12 10 5.87 9.57 10 
 4 15 0 9.35 10 1.01 9.55 10 1.01 14.45 10 0 14.65 10 
 4 15 1.01 9.55 10 1.87 10.13 10 1.87 13.87 10 1.01 14.45 10 
 4 15 1.87 10.13 10 2.45 10.99 10 2.45 13.01 10 1.87 13.87 10 
0 Panel  1 x  2 x  1 without front
 1 16 0 20 0 1 0 0 0 -1 0 0 0 1 stud3.dat
 1 16 0 24 0 16 0 0 0 -4 0 0 0 6 box5.dat
 4 16 20 24 10 16 24 6 -16 24 6 -20 24 10 
 4 16 -20 24 10 -16 24 6 -16 24 -6 -20 24 -10 
 4 16 -20 24 -10 -16 24 -6 16 24 -6 20 24 -10 
 4 16 20 24 -10 16 24 -6 16 24 6 20 24 10 
 2 24 20 24 10 -20 24 10 
 2 24 -20 24 10 -20 24 -10 
 2 24 -20 24 -10 20 24 -10 
 2 24 20 24 -10 20 24 10 
 2 24 20 16 6 -20 16 6 
 2 24 -20 16 6 -20 16 -10 
 2 24 -20 16 -10 20 16 -10 
 2 24 20 16 -10 20 16 6 
 2 24 20 0 10 -20 0 10 
 2 24 -20 0 10 -20 0 6 
 2 24 -20 0 6 20 0 6 
 2 24 20 0 6 20 0 10 
 2 24 20 0 6 20 16 6 
 2 24 -20 0 6 -20 16 6 
 2 24 20 16 -10 20 24 -10 
 2 24 -20 16 -10 -20 24 -10 
 2 24 20 0 10 20 24 10 
 2 24 -20 0 10 -20 24 10 
 4 16 20 16 6 20 16 -10 -20 16 -10 -20 16 6 
 4 16 20 0 10 20 0 6 -20 0 6 -20 0 10 
 4 16 -20 24 10 -20 24 -10 -20 16 -10 -20 16 6 
 4 16 -20 24 -10 20 24 -10 20 16 -10 -20 16 -10 
 4 16 20 24 -10 20 24 10 20 16 6 20 16 -10 
 4 16 -20 24 10 -20 16 6 -20 0 6 -20 0 10 
 4 16 -20 16 6 20 16 6 20 0 6 -20 0 6 
 4 16 20 16 6 20 24 10 20 0 10 20 0 6 
0
0

