0 Panel  1 x  2 x  1 with Black Grille Pattern
0 Name: 4865p06.dat
0 Author Part: James Jessiman
0 Author Pattern: Lars C. Hansing
0 Author Placement: Jonathan Wilson
0 Official LCad update 99-06
 
 1 16 0 20 0 1 0 0 0 -1 0 0 0 1 stud3.dat
 1 16 0 24 0 16 0 0 0 -4 0 0 0 6 box5.dat
 4 16 20 24 10 16 24 6 -16 24 6 -20 24 10
 4 16 -20 24 10 -16 24 6 -16 24 -6 -20 24 -10
 4 16 -20 24 -10 -16 24 -6 16 24 -6 20 24 -10
 4 16 20 24 -10 16 24 -6 16 24 6 20 24 10
 2 24 20 24 10 -20 24 10
 2 24 -20 24 10 -20 24 -10
 2 24 -20 24 -10 20 24 -10
 2 24 20 24 -10 20 24 10
 2 24 20 16 6 -20 16 6
 2 24 -20 16 6 -20 16 -10
 2 24 -20 16 -10 20 16 -10
 2 24 20 16 -10 20 16 6
 2 24 20 0 10 -20 0 10
 2 24 -20 0 10 -20 0 6
 2 24 -20 0 6 20 0 6
 2 24 20 0 6 20 0 10
 2 24 20 0 6 20 16 6
 2 24 -20 0 6 -20 16 6
 2 24 20 16 -10 20 24 -10
 2 24 -20 16 -10 -20 24 -10
 2 24 20 0 10 20 24 10
 2 24 -20 0 10 -20 24 10
 4 16 20 16 6 20 16 -10 -20 16 -10 -20 16 6
 4 16 20 0 10 20 0 6 -20 0 6 -20 0 10
 4 16 -20 24 10 -20 24 -10 -20 16 -10 -20 16 6
 4 16 -20 24 -10 20 24 -10 20 16 -10 -20 16 -10
 4 16 20 24 -10 20 24 10 20 16 6 20 16 -10
 4 16 -20 24 10 -20 16 6 -20 0 6 -20 0 10
 4 16 -20 16 6 20 16 6 20 0 6 -20 0 6
 4 16 20 16 6 20 24 10 20 0 10 20 0 6
 4 16 -20 0 10 20 0 10 20 2.75 10 -20 2.75 10
 4 16 -20 21.25 10 -20 2.75 10 -16.25 2.75 10 -16.25 21.25 10
 4 0 -16.25 21.25 10 -16.25 2.75 10 -13.75 2.75 10 -13.75 21.25 10
 4 16 -13.75 21.25 10 -13.75 2.75 10 -11.25 2.75 10 -11.25 21.25 10
 4 0 -11.25 21.25 10 -11.25 2.75 10 -8.75 2.75 10 -8.75 21.25 10
 4 16 -8.75 21.25 10 -8.75 2.75 10 -6.25 2.75 10 -6.25 21.25 10
 4 0 -6.25 21.25 10 -6.25 2.75 10 -3.75 2.75 10 -3.75 21.25 10
 4 16 -3.75 21.25 10 -3.75 2.75 10 -1.25 2.75 10 -1.25 21.25 10
 4 0 -1.25 21.25 10 -1.25 2.75 10 1.25 2.75 10 1.25 21.25 10
 4 16 1.25 21.25 10 1.25 2.75 10 3.75 2.75 10 3.75 21.25 10
 4 0 3.75 21.25 10 3.75 2.75 10 6.25 2.75 10 6.25 21.25 10
 4 16 6.25 21.25 10 6.25 2.75 10 8.75 2.75 10 8.75 21.25 10
 4 0 8.75 21.25 10 8.75 2.75 10 11.25 2.75 10 11.25 21.25 10
 4 16 11.25 21.25 10 11.25 2.75 10 13.75 2.75 10 13.75 21.25 10
 4 0 13.75 21.25 10 13.75 2.75 10 16.25 2.75 10 16.25 21.25 10
 4 16 16.25 21.25 10 16.25 2.75 10 20 2.75 10 20 21.25 10
 4 16 -20 21.25 10 20 21.25 10 20 24 10 -20 24 10
0