0 Panel  1 x  2 x  1 with Rail Logo Black Pattern
0 Name: 4865p01.dat
0 Author: Thomas Burger
0 LDRAW_ORG Part UPDATE 2002-02

0 KEYWORDS train

0 20020214 CSC Corrected concave quads, gaps and lines

2 24 -19 12 10 -11.8 2.9 10
2 24 -11.8 2.9 10 -7.9 3 10
2 24 -19 12 10 -11.9 21.1 10
2 24 -11.9 21.1 10 -7.9 21.1 10
2 24 -7.9 21.1 10 -14.3 13.5 10
2 24 -14.3 13.5 10 -8.58 13.6 10
2 24 -14.3 10.3 10 -8.55 10.3 10
2 24 -14.3 10.3 10 -7.9 3 10
2 24 -8.22 8.59 10 -6.29 5.71 10
2 24 -8.22 8.59 10 -8.55 10.3 10
2 24 -6.29 5.71 10 -3.41 3.78 10
2 24 -3.41 3.78 10 0 3.1 10
2 24 -8.58 13.6 10 -8.22 15.41 10
2 24 -8.22 15.41 10 -6.29 18.29 10
2 24 -6.29 18.29 10 -3.41 20.22 10
2 24 -3.41 20.22 10 0 20.9 10
2 24 0 5.65 10 -2.43 6.13 10
2 24 -2.43 6.13 10 -4.49 7.51 10
2 24 -4.49 7.51 10 -5.87 9.57 10
2 24 -5.87 9.57 10 -6.35 12 10
2 24 -6.35 12 10 -5.87 14.43 10
2 24 -5.87 14.43 10 -4.49 16.49 10
2 24 -4.49 16.49 10 -2.43 17.87 10
2 24 -2.43 17.87 10 0 18.35 10
2 24 0 9.35 10 -1.01 9.55 10
2 24 -1.01 9.55 10 -1.87 10.13 10
2 24 -1.87 10.13 10 -2.45 10.99 10
2 24 -2.45 10.99 10 -2.65 12 10
2 24 -2.65 12 10 -2.45 13.01 10
2 24 -2.45 13.01 10 -1.87 13.87 10
2 24 -1.87 13.87 10 -1.01 14.45 10
2 24 -1.01 14.45 10 0 14.65 10
4 16 -20 24 10 -11.9 21.1 10 -7.9 21.1 10 0 24 10
4 16 -20 24 10 -11.9 21.1 10 -19 12 10 -20 12 10
4 16 -20 0 10 0 0 10 -7.9 3 10 -11.8 2.9 10
4 16 -20 0 10 -11.8 2.9 10 -19 12 10 -20 12 10
4 16 0 24 10 0 20.9 10 -3.41 20.22 10 -7.9 21.1 10
4 16 -14.3 13.5 10 -7.9 21.1 10 -6.29 18.29 10 -8.22 15.41 10
3 16 -3.41 20.22 10 -6.29 18.29 10 -7.9 21.1 10
3 16 -14.3 13.5 10 -8.58 13.6 10 -8.22 15.41 10
4 16 -14.3 10.3 10 -8.55 10.3 10 -8.22 8.59 10 -7.9 3 10
3 16 -6.29 5.71 10 -8.02 5 10 -8.22 8.59 10
4 16 -7.9 3 10 -8.02 5 10 -6.29 5.71 10 -3.41 3.78 10
4 16 -7.9 3 10 -3.41 3.78 10 0 3.1 10 0 0 10
4 16 0 5.65 10 0 9.35 10 -1.01 9.55 10 -2.43 6.13 10
4 16 -1.87 10.13 10 -1.01 9.55 10 -2.43 6.13 10 -4.49 7.51 10
4 16 -4.49 7.51 10 -5.87 9.57 10 -2.45 10.99 10 -1.87 10.13 10
4 16 -5.87 9.57 10 -6.35 12 10 -2.65 12 10 -2.45 10.99 10
4 16 -6.35 12 10 -2.65 12 10 -2.45 13.01 10 -5.87 14.43 10
4 16 -5.87 14.43 10 -2.45 13.01 10 -1.87 13.87 10 -4.49 16.49 10
4 16 -1.87 13.87 10 -1.01 14.45 10 -2.43 17.87 10 -4.49 16.49 10
4 16 -2.43 17.87 10 -1.01 14.45 10 0 14.65 10 0 18.35 10
4 0 -11.9 21.1 10 -7.9 21.1 10 -14.3 13.5 10 -19 12 10
3 0 -19 12 10 -14.3 13.5 10 -14.3 10.3 10
4 0 -19 12 10 -14.3 10.3 10 -7.9 3 10 -11.8 2.9 10
4 0 -14.3 10.3 10 -8.5 10.3 10 -8.5 13.6 10 -14.3 13.5 10
4 0 0 20.9 10 0 18.35 10 -2.43 17.87 10 -3.41 20.22 10
4 0 0 5.65 10 0 3.1 10 -3.41 3.78 10 -2.43 6.13 10
4 0 -2.43 17.87 10 -3.41 20.22 10 -6.29 18.29 10 -4.49 16.49 10
4 0 -3.41 3.78 10 -6.29 5.71 10 -4.49 7.51 10 -2.43 6.13 10
4 0 -8.22 15.41 10 -5.87 14.43 10 -4.49 16.49 10 -6.29 18.29 10
4 0 -6.29 5.71 10 -8.22 8.59 10 -5.87 9.57 10 -4.49 7.51 10
4 0 -8.22 15.41 10 -8.9 12 10 -6.35 12 10 -5.87 14.43 10
4 0 -8.22 8.59 10 -8.9 12 10 -6.35 12 10 -5.87 9.57 10

0 other side

2 24 19 12 10 11.8 2.9 10
2 24 11.8 2.9 10 7.9 3 10
2 24 19 12 10 11.9 21.1 10
2 24 11.9 21.1 10 7.9 21.1 10
2 24 7.9 21.1 10 14.3 13.5 10
2 24 14.3 13.5 10 8.6 13.6 10
2 24 14.3 10.3 10 8.54 10.3 10
2 24 14.3 10.3 10 7.9 3 10
2 24 8.22 8.59 10 6.29 5.71 10
2 24 8.22 8.59 10 8.55 10.3 10
2 24 6.29 5.71 10 3.41 3.78 10
2 24 3.41 3.78 10 0 3.1 10
2 24 8.6 13.6 10 8.22 15.41 10
2 24 8.22 15.41 10 6.29 18.29 10
2 24 6.29 18.29 10 3.41 20.22 10
2 24 3.41 20.22 10 0 20.9 10
2 24 0 5.65 10 2.43 6.13 10
2 24 2.43 6.13 10 4.49 7.51 10
2 24 4.49 7.51 10 5.87 9.57 10
2 24 5.87 9.57 10 6.35 12 10
2 24 6.35 12 10 5.87 14.43 10
2 24 5.87 14.43 10 4.49 16.49 10
2 24 4.49 16.49 10 2.43 17.87 10
2 24 2.43 17.87 10 0 18.35 10
2 24 0 9.35 10 1.01 9.55 10
2 24 1.01 9.55 10 1.87 10.13 10
2 24 1.87 10.13 10 2.45 10.99 10
2 24 2.45 10.99 10 2.65 12 10
2 24 2.65 12 10 2.45 13.01 10
2 24 2.45 13.01 10 1.87 13.87 10
2 24 1.87 13.87 10 1.01 14.45 10
2 24 1.01 14.45 10 0 14.65 10
4 16 20 24 10 11.9 21.1 10 7.9 21.1 10 0 24 10
4 16 20 24 10 11.9 21.1 10 19 12 10 20 12 10
4 16 20 0 10 0 0 10 7.9 3 10 11.8 2.9 10
4 16 20 0 10 11.8 2.9 10 19 12 10 20 12 10
4 16 0 24 10 0 20.9 10 3.41 20.22 10 7.9 21.1 10
4 16 14.3 13.5 10 7.9 21.1 10 6.29 18.29 10 8.22 15.41 10
3 16 3.41 20.22 10 6.29 18.29 10 7.9 21.1 10
3 16 14.3 13.5 10 8.6 13.6 10 8.22 15.41 10
4 16 14.3 10.3 10 8.56 10.3 10 8.22 8.59 10 7.9 3 10
3 16 7.9 3 10 3.41 3.78 10 6.29 5.71 10
3 16 7.9 3 10 8.22 8.59 10 6.29 5.71 10
4 16 7.9 3 10 3.41 3.78 10 0 3.1 10 0 0 10
4 16 0 5.65 10 0 9.35 10 1.01 9.55 10 2.43 6.13 10
4 16 1.87 10.13 10 1.01 9.55 10 2.43 6.13 10 4.49 7.51 10
4 16 4.49 7.51 10 5.87 9.57 10 2.45 10.99 10 1.87 10.13 10
4 16 5.87 9.57 10 6.35 12 10 2.65 12 10 2.45 10.99 10
4 16 6.35 12 10 2.65 12 10 2.45 13.01 10 5.87 14.43 10
4 16 5.87 14.43 10 2.45 13.01 10 1.87 13.87 10 4.49 16.49 10
4 16 1.87 13.87 10 1.01 14.45 10 2.43 17.87 10 4.49 16.49 10
4 16 2.43 17.87 10 1.01 14.45 10 0 14.65 10 0 18.35 10
4 0 11.9 21.1 10 7.9 21.1 10 14.3 13.5 10 19 12 10
3 0 19 12 10 14.3 13.5 10 14.3 10.3 10
4 0 19 12 10 14.3 10.3 10 7.9 3 10 11.8 2.9 10
4 0 14.3 10.3 10 8.5 10.3 10 8.5 13.6 10 14.3 13.5 10
4 0 0 20.9 10 0 18.35 10 2.43 17.87 10 3.41 20.22 10
4 0 0 5.65 10 0 3.1 10 3.41 3.78 10 2.43 6.13 10
4 0 2.43 17.87 10 3.41 20.22 10 6.29 18.29 10 4.49 16.49 10
4 0 3.41 3.78 10 6.29 5.71 10 4.49 7.51 10 2.43 6.13 10
4 0 8.22 15.41 10 5.87 14.43 10 4.49 16.49 10 6.29 18.29 10
4 0 6.29 5.71 10 8.22 8.59 10 5.87 9.57 10 4.49 7.51 10
4 0 8.22 15.41 10 8.9 12 10 6.35 12 10 5.87 14.43 10
4 0 8.22 8.59 10 8.9 12 10 6.35 12 10 5.87 9.57 10
1 0 0 12 10 2.65 0 0 0 0 2.65 0 0 0 4-4disc.dat

0 Panel  1 x  2 x  1 without front

1 16 0 20 0 1 0 0 0 -1 0 0 0 1 stud3.dat
1 16 0 24 0 16 0 0 0 -4 0 0 0 6 box5.dat
4 16 20 24 10 16 24 6 -16 24 6 -20 24 10
4 16 -20 24 10 -16 24 6 -16 24 -6 -20 24 -10
4 16 -20 24 -10 -16 24 -6 16 24 -6 20 24 -10
4 16 20 24 -10 16 24 -6 16 24 6 20 24 10
2 24 20 24 10 -20 24 10
2 24 -20 24 10 -20 24 -10
2 24 -20 24 -10 20 24 -10
2 24 20 24 -10 20 24 10
2 24 20 16 6 -20 16 6
2 24 -20 16 6 -20 16 -10
2 24 -20 16 -10 20 16 -10
2 24 20 16 -10 20 16 6
2 24 20 0 10 -20 0 10
2 24 -20 0 10 -20 0 6
2 24 -20 0 6 20 0 6
2 24 20 0 6 20 0 10
2 24 20 0 6 20 16 6
2 24 -20 0 6 -20 16 6
2 24 20 16 -10 20 24 -10
2 24 -20 16 -10 -20 24 -10
2 24 20 0 10 20 24 10
2 24 -20 0 10 -20 24 10
4 16 20 16 6 20 16 -10 -20 16 -10 -20 16 6
4 16 20 0 10 20 0 6 -20 0 6 -20 0 10
4 16 -20 24 10 -20 24 -10 -20 16 -10 -20 16 6
4 16 -20 24 -10 20 24 -10 20 16 -10 -20 16 -10
4 16 20 24 -10 20 24 10 20 16 6 20 16 -10
4 16 -20 24 10 -20 16 6 -20 0 6 -20 0 10
4 16 -20 16 6 20 16 6 20 0 6 -20 0 6
4 16 20 16 6 20 24 10 20 0 10 20 0 6
0
