0 Brick  1 x  2 x  2
0 Name: 550.dat
0 Author: Steve Bliss
0 Official LCad update 99-05

0 CATEGORY Brick
0 KEYWORDS town jr., tall, basic, freestyle, 2-high, junior
0 not CW-compliant

2 24 -2 47 6 -2 4 6
2 24 -5 47 6 -5 4 6
2 24 -2 44 2 -2 4 2
2 24 -2 47 6 -5 47 6
2 24 -5 47 6 -2 44 2
2 24 -2 44 2 -2 47 6
4 16 -2 47 6 -2 4 6 -2 4 2 -2 44 2
4 16 -2 44 2 -2 4 2 -5 47 6 -5 4 6
3 16 -2 47 6 -5 47 6 -2 44 2
2 24 2 47 6 2 4 6
2 24 5 47 6 5 4 6
2 24 2 44 2 2 4 2
2 24 2 47 6 5 47 6
2 24 5 47 6 2 44 2
2 24 2 44 2 2 47 6
4 16 2 47 6 2 4 6 2 4 2 2 44 2
4 16 2 44 2 2 4 2 5 47 6 5 4 6
3 16 2 47 6 5 47 6 2 44 2
2 24 2 47 -6 2 4 -6
2 24 5 47 -6 5 4 -6
2 24 2 44 -2 2 4 -2
2 24 2 47 -6 5 47 -6
2 24 5 47 -6 2 44 -2
2 24 2 44 -2 2 47 -6
4 16 2 47 -6 2 4 -6 2 4 -2 2 44 -2
4 16 2 44 -2 2 4 -2 5 47 -6 5 4 -6
3 16 2 47 -6 5 47 -6 2 44 -2
2 24 -2 47 -6 -2 4 -6
2 24 -5 47 -6 -5 4 -6
2 24 -2 44 -2 -2 4 -2
2 24 -2 47 -6 -5 47 -6
2 24 -5 47 -6 -2 44 -2
2 24 -2 44 -2 -2 47 -6
4 16 -2 47 -6 -2 4 -6 -2 4 -2 -2 44 -2
4 16 -2 44 -2 -2 4 -2 -5 47 -6 -5 4 -6
3 16 -2 47 -6 -5 47 -6 -2 44 -2
1 16 0 48 0 16 0 0 0 -44 0 0 0 6 box5.dat
4 16 -16 48 -6 -20 48 -10 20 48 -10 16 48 -6
4 16 16 48 -6 20 48 -10 20 48 10 16 48 6
4 16 16 48 6 20 48 10 -20 48 10 -16 48 6
4 16 -16 48 6 -20 48 10 -20 48 -10 -16 48 -6
1 16 0 48 0 -20 0 0 0 -48 0 0 0 10 box5.dat
1 16 -10 0 0 1 0 0 0 1 0 0 0 1 stud.dat
1 16 10 0 0 1 0 0 0 1 0 0 0 1 stud.dat
0