0 Minifig Sword Greatsword
0 Name: 59.DAT
0 Author: Franklin W. Cain (fwcain@yahoo.com)
0 Official LCAD Part - 2000-02 Update
0
0 CATEGORY Minifig Accessory
0 KEYWORDS minifig weapon sword greatsword castle silver chrome treasure
0
0 CMDLN -c383
0
0 grip
0
1 16 0 0 0 3 0 0 0 1 0 0 0 3 4-4edge.dat
1 16 0 -2 0 3 0 0 0 1 0 0 0 3 4-4edge.dat
1 16 0 2 0 3 0 0 0 1 0 0 0 3 4-4edge.dat
1 16 0 -4 0 3 0 0 0 1 0 0 0 3 4-4edge.dat
1 16 0 4 0 3 0 0 0 1 0 0 0 3 4-4edge.dat
1 16 0 -6 0 3 0 0 0 1 0 0 0 3 4-4edge.dat
1 16 0 6 0 3 0 0 0 1 0 0 0 3 4-4edge.dat
0
1 16 0 -1 0 -1 0 0 0 -1 0 0 0 -1 1-4con3.dat
1 16 0 -1 0 1 0 0 0 -1 0 0 0 -1 1-4con3.dat
1 16 0 -1 0 -1 0 0 0 -1 0 0 0 1 1-4con3.dat
1 16 0 -1 0 1 0 0 0 -1 0 0 0 1 1-4con3.dat
1 16 0 -1 0 -1 0 0 0 1 0 0 0 -1 1-4con3.dat
1 16 0 -1 0 1 0 0 0 1 0 0 0 -1 1-4con3.dat
1 16 0 -1 0 -1 0 0 0 1 0 0 0 1 1-4con3.dat
1 16 0 -1 0 1 0 0 0 1 0 0 0 1 1-4con3.dat
0
1 16 0 1 0 -1 0 0 0 -1 0 0 0 -1 1-4con3.dat
1 16 0 1 0 1 0 0 0 -1 0 0 0 -1 1-4con3.dat
1 16 0 1 0 -1 0 0 0 -1 0 0 0 1 1-4con3.dat
1 16 0 1 0 1 0 0 0 -1 0 0 0 1 1-4con3.dat
1 16 0 1 0 -1 0 0 0 1 0 0 0 -1 1-4con3.dat
1 16 0 1 0 1 0 0 0 1 0 0 0 -1 1-4con3.dat
1 16 0 1 0 -1 0 0 0 1 0 0 0 1 1-4con3.dat
1 16 0 1 0 1 0 0 0 1 0 0 0 1 1-4con3.dat
0
1 16 0 -3 0 -1 0 0 0 -1 0 0 0 -1 1-4con3.dat
1 16 0 -3 0 1 0 0 0 -1 0 0 0 -1 1-4con3.dat
1 16 0 -3 0 -1 0 0 0 -1 0 0 0 1 1-4con3.dat
1 16 0 -3 0 1 0 0 0 -1 0 0 0 1 1-4con3.dat
1 16 0 -3 0 -1 0 0 0 1 0 0 0 -1 1-4con3.dat
1 16 0 -3 0 1 0 0 0 1 0 0 0 -1 1-4con3.dat
1 16 0 -3 0 -1 0 0 0 1 0 0 0 1 1-4con3.dat
1 16 0 -3 0 1 0 0 0 1 0 0 0 1 1-4con3.dat
0
1 16 0 3 0 -1 0 0 0 -1 0 0 0 -1 1-4con3.dat
1 16 0 3 0 1 0 0 0 -1 0 0 0 -1 1-4con3.dat
1 16 0 3 0 -1 0 0 0 -1 0 0 0 1 1-4con3.dat
1 16 0 3 0 1 0 0 0 -1 0 0 0 1 1-4con3.dat
1 16 0 3 0 -1 0 0 0 1 0 0 0 -1 1-4con3.dat
1 16 0 3 0 1 0 0 0 1 0 0 0 -1 1-4con3.dat
1 16 0 3 0 -1 0 0 0 1 0 0 0 1 1-4con3.dat
1 16 0 3 0 1 0 0 0 1 0 0 0 1 1-4con3.dat
0
1 16 0 -5 0 -1 0 0 0 -1 0 0 0 -1 1-4con3.dat
1 16 0 -5 0 1 0 0 0 -1 0 0 0 -1 1-4con3.dat
1 16 0 -5 0 -1 0 0 0 -1 0 0 0 1 1-4con3.dat
1 16 0 -5 0 1 0 0 0 -1 0 0 0 1 1-4con3.dat
1 16 0 -5 0 -1 0 0 0 1 0 0 0 -1 1-4con3.dat
1 16 0 -5 0 1 0 0 0 1 0 0 0 -1 1-4con3.dat
1 16 0 -5 0 -1 0 0 0 1 0 0 0 1 1-4con3.dat
1 16 0 -5 0 1 0 0 0 1 0 0 0 1 1-4con3.dat
0
1 16 0 5 0 -1 0 0 0 -1 0 0 0 -1 1-4con3.dat
1 16 0 5 0 1 0 0 0 -1 0 0 0 -1 1-4con3.dat
1 16 0 5 0 -1 0 0 0 -1 0 0 0 1 1-4con3.dat
1 16 0 5 0 1 0 0 0 -1 0 0 0 1 1-4con3.dat
1 16 0 5 0 -1 0 0 0 1 0 0 0 -1 1-4con3.dat
1 16 0 5 0 1 0 0 0 1 0 0 0 -1 1-4con3.dat
1 16 0 5 0 -1 0 0 0 1 0 0 0 1 1-4con3.dat
1 16 0 5 0 1 0 0 0 1 0 0 0 1 1-4con3.dat
0
1 16 0 -6 0 4 0 0 0 0 0 0 0 4 4-4disc.dat
1 16 0 -6 0 4 0 0 0 -2 0 0 0 4 4-4cyli.dat
1 16 0 -6 0 4 0 0 0 0 0 0 0 4 4-4edge.dat
1 16 0 -8 0 4 0 0 0 0 0 0 0 4 4-4disc.dat
0
1 16 0 6 0 4 0 0 0 0 0 0 0 4 4-4disc.dat
1 16 0 6 0 4 0 0 0 2 0 0 0 4 4-4cyli.dat
1 16 0 6 0 4 0 0 0 0 0 0 0 4 4-4edge.dat
1 16 0 8 0 4 0 0 0 0 0 0 0 4 4-4disc.dat
0
0 guard
0
4 16 -4 -8 -1 -4 -16 -1 -4 -16 1 -4 -8 1
4 16 4 -8 -1 4 -16 -1 4 -16 1 4 -8 1
0
4 16 -4 -8 -1 -4 -16 -1 -2 -16 -9 -2 -12 -9
4 16 4 -8 -1 4 -16 -1 2 -16 -9 2 -12 -9
4 16 -4 -8 1 -4 -16 1 -2 -16 9 -2 -12 9
4 16 4 -8 1 4 -16 1 2 -16 9 2 -12 9
0
4 16 -4 -16 -1 4 -16 -1 4 -16 1 -4 -16 1
0
4 16 -4 -16 -1 -2 -16 -9 2 -16 -9 4 -16 -1
4 16 -4 -16 1 -2 -16 9 2 -16 9 4 -16 1
0
4 16 -4 -8 -1 -2 -12 -9 2 -12 -9 4 -8 -1
4 16 -4 -8 1 -2 -12 9 2 -12 9 4 -8 1
0
2 24 -4 -16 -1 -4 -16 1
2 24 4 -16 -1 4 -16 1
0
2 24 -2 -16 -9 -4 -16 -1
2 24 2 -16 -9 4 -16 -1
2 24 -2 -16 9 -4 -16 1
2 24 2 -16 9 4 -16 1
0
2 24 -2 -12 -9 -4 -8 -1
2 24 2 -12 -9 4 -8 -1
2 24 -2 -12 9 -4 -8 1
2 24 2 -12 9 4 -8 1
0
2 24 -4 -8 -1 -4 -8 1
2 24 4 -8 -1 4 -8 1
0
0 quillions
0
1 16 0 -14 -12 4 0 0 0 4 0 0 0 4 8-8sphe.dat
1 16 0 -14 12 4 0 0 0 4 0 0 0 4 8-8sphe.dat
0
0 pommel
0
1 16 0 14 0 0 -4 0 0 0 6 6 0 0 4-4cyli.DAT
1 16 0 14 0 0 4 0 0 0 6 6 0 0 4-4cyli.DAT
1 16 -4 14 0 0 0 0 0 0 6 6 0 0 4-4edge.dat
1 16 4 14 0 0 0 0 0 0 6 6 0 0 4-4edge.dat
0
1 16 -4 14 0 0 0 0 0 0 2 2 0 0 ring2.dat
1 16 4 14 0 0 0 0 0 0 2 2 0 0 ring2.dat
1 16 -4 14 0 0 0 0 0 0 4 4 0 0 4-4edge.dat
1 16 4 14 0 0 0 0 0 0 4 4 0 0 4-4edge.dat
0
1 16 -4 14 0 0 2 0 0 0 4 4 0 0 4-4cyli.dat
1 16 4 14 0 0 -2 0 0 0 4 4 0 0 4-4cyli.dat
1 16 -2 14 0 0 0 0 0 0 4 4 0 0 4-4edge.dat
1 16 2 14 0 0 0 0 0 0 4 4 0 0 4-4edge.dat
1 16 -2 14 0 0 0 0 0 0 4 4 0 0 4-4disc.dat
1 16 2 14 0 0 0 0 0 0 4 4 0 0 4-4disc.dat
0
0 blade
0
2 24 0 -16 -6 -1 -16 -3
2 24 0 -16 -6 1 -16 -3
2 24 0 -16 6 -1 -16 3
2 24 0 -16 6 1 -16 3
2 24 -1 -16 -3 -1 -16 3
2 24 1 -16 -3 1 -16 3
0
4 16 0 -86 -6 0 -16 -6 -1 -16 -3 -1 -86 -3
4 16 0 -86 -6 0 -16 -6 1 -16 -3 1 -86 -3
4 16 0 -86 6 0 -16 6 -1 -16 3 -1 -86 3
4 16 0 -86 6 0 -16 6 1 -16 3 1 -86 3
4 16 -1 -86 -3 -1 -16 -3 -1 -16 3 -1 -86 3
4 16 1 -86 -3 1 -16 -3 1 -16 3 1 -86 3
0
2 24 0 -86 -6 0 -16 -6
2 24 0 -86 6 0 -16 6
0
5 24 -1 -16 -3 -1 -86 -3 0 -86 -6 -1 -86 3
5 24 1 -16 -3 1 -86 -3 0 -86 -6 1 -86 3
5 24 -1 -16 3 -1 -86 3 0 -86 6 -1 -86 -3
5 24 1 -16 3 1 -86 3 0 -86 6 1 -86 -3
0
5 24 0 -86 -6 -1 -86 -3 0 -92 0 0 20 0
5 24 0 -86 -6 1 -86 -3 0 -92 0 0 20 0
5 24 0 -86 6 -1 -86 3 0 -92 0 0 20 0
5 24 0 -86 6 1 -86 3 0 -92 0 0 20 0
5 24 -1 -86 -3 -1 -86 3 0 -92 0 0 20 0
5 24 1 -86 -3 1 -86 3 0 -92 0 0 20 0
0
1 16 0 -86 0 0 -1 0 0 0 -3 -3 0 0 1-4con1.dat
1 16 0 -86 0 0 1 0 0 0 -3 -3 0 0 1-4con1.dat
1 16 0 -86 0 0 -1 0 0 0 -3 3 0 0 1-4con1.dat
1 16 0 -86 0 0 1 0 0 0 -3 3 0 0 1-4con1.dat
1 16 -1 -86 0 0 1 0 0 0 -3 3 0 0 2-4disc.dat
1 16 1 -86 0 0 1 0 0 0 -3 3 0 0 2-4disc.dat
0
1 16 0 -86 0 0 0 0 0 0 -6 6 0 0 2-4edge.dat
0
0 intersection of grip and pommel:
0
4 16 0 8 -4 -1.531 8 -3.696 -1.531 9.392 -3.696 0 9.595 -4
4 16 0 8 -4 1.531 8 -3.696 1.531 9.392 -3.696 0 9.595 -4
4 16 0 8 4 -1.531 8 3.696 -1.531 9.392 3.696 0 9.595 4
4 16 0 8 4 1.531 8 3.696 1.531 9.392 3.696 0 9.595 4
0
4 16 -1.531 8 -3.696 -2.828 8 -2.828 -2.828 8.812 -2.828 -1.531 9.392 -3.696
4 16 1.531 8 -3.696 2.828 8 -2.828 2.828 8.812 -2.828 1.531 9.392 -3.696
4 16 -1.531 8 3.696 -2.828 8 2.828 -2.828 8.812 2.828 -1.531 9.392 3.696
4 16 1.531 8 3.696 2.828 8 2.828 2.828 8.812 2.828 1.531 9.392 3.696
0
4 16 -2.828 8 -2.828 -3.184 8 -2.296 -3.184 8.457 -2.296 -2.828 8.812 -2.828
4 16 2.828 8 -2.828 3.184 8 -2.296 3.184 8.457 -2.296 2.828 8.812 -2.828
4 16 -2.828 8 2.828 -3.184 8 2.296 -3.184 8.457 2.296 -2.828 8.812 2.828
4 16 2.828 8 2.828 3.184 8 2.296 3.184 8.457 2.296 2.828 8.812 2.828
0
4 16 -3.184 8 -2.296 -3.696 8 -1.531 -3.696 8.305 -1.531 -3.184 8.457 -2.296
4 16 3.184 8 -2.296 3.696 8 -1.531 3.696 8.305 -1.531 3.184 8.457 -2.296
4 16 -3.184 8 2.296 -3.696 8 1.531 -3.696 8.305 1.531 -3.184 8.457 2.296
4 16 3.184 8 2.296 3.696 8 1.531 3.696 8.305 1.531 3.184 8.457 2.296
0
3 16 -3.696 8 -1.531 -4 8 0 -3.696 8.305 -1.531
3 16 3.696 8 -1.531 4 8 0 3.696 8.305 -1.531
3 16 -3.696 8 1.531 -4 8 0 -3.696 8.305 1.531
3 16 3.696 8 1.531 4 8 0 3.696 8.305 1.531
0
2 24 0 9.595 -4 -1.531 9.392 -3.696
2 24 0 9.595 -4 1.531 9.392 -3.696
2 24 0 9.595 4 -1.531 9.392 3.696
2 24 0 9.595 4 1.531 9.392 3.696
0
2 24 -1.531 9.392 -3.696 -2.828 8.812 -2.828
2 24 1.531 9.392 -3.696 2.828 8.812 -2.828
2 24 -1.531 9.392 3.696 -2.828 8.812 2.828
2 24 1.531 9.392 3.696 2.828 8.812 2.828
0
2 24 -2.828 8.812 -2.828 -3.184 8.457 -2.296
2 24 2.828 8.812 -2.828 3.184 8.457 -2.296
2 24 -2.828 8.812 2.828 -3.184 8.457 2.296
2 24 2.828 8.812 2.828 3.184 8.457 2.296
0
2 24 -3.184 8.457 -2.296 -3.696 8.305 -1.531
2 24 3.184 8.457 -2.296 3.696 8.305 -1.531
2 24 -3.184 8.457 2.296 -3.696 8.305 1.531
2 24 3.184 8.457 2.296 3.696 8.305 1.531
0
2 24 -3.696 8.305 -1.531 -4 8 0
2 24 3.696 8.305 -1.531 4 8 0
2 24 -3.696 8.305 1.531 -4 8 0
2 24 3.696 8.305 1.531 4 8 0
0
0 intersection of grip and guard:
0
4 16 0 -8 -4 0 -9.5 -4 -1.571 -9.348 -3.696 -1.571 -8 -3.696
4 16 0 -8 -4 0 -9.5 -4 1.571 -9.348 -3.696 1.571 -8 -3.696
4 16 0 -8 4 0 -9.5 4 -1.571 -9.348 3.696 -1.571 -8 3.696
4 16 0 -8 4 0 -9.5 4 1.571 -9.348 3.696 1.571 -8 3.696
0
4 16 -1.571 -8 -3.696 -1.571 -9.348 -3.696 -2.828 -8.914 -2.828 -2.828 -8 -2.828
4 16 1.571 -8 -3.696 1.571 -9.348 -3.696 2.828 -8.914 -2.828 2.828 -8 -2.828
4 16 -1.571 -8 3.696 -1.571 -9.348 3.696 -2.828 -8.914 2.828 -2.828 -8 2.828
4 16 1.571 -8 3.696 1.571 -9.348 3.696 2.828 -8.914 2.828 2.828 -8 2.828
0
4 16 -2.828 -8 -2.828 -2.828 -8.914 -2.828 -3.696 -8.286 -1.571 -3.696 -8 -1.571
4 16 2.828 -8 -2.828 2.828 -8.914 -2.828 3.696 -8.286 -1.571 3.696 -8 -1.571
4 16 -2.828 -8 2.828 -2.828 -8.914 2.828 -3.696 -8.286 1.571 -3.696 -8 1.571
4 16 2.828 -8 2.828 2.828 -8.914 2.828 3.696 -8.286 1.571 3.696 -8 1.571
0
3 16 -3.696 -8 -1.571 -3.696 -8.286 -1.571 -3.806 -8 -1
3 16 3.696 -8 -1.571 3.696 -8.286 -1.571 3.806 -8 -1
3 16 -3.696 -8 1.571 -3.696 -8.286 1.571 -3.806 -8 1
3 16 3.696 -8 1.571 3.696 -8.286 1.571 3.806 -8 1
0
2 24 0 -9.5 -4 -1.571 -9.348 -3.696
2 24 0 -9.5 -4 1.571 -9.348 -3.696
2 24 0 -9.5 4 -1.571 -9.348 3.696
2 24 0 -9.5 4 1.571 -9.348 3.696
0
2 24 -1.571 -9.348 -3.696 -2.828 -8.914 -2.828
2 24 1.571 -9.348 -3.696 2.828 -8.914 -2.828
2 24 -1.571 -9.348 3.696 -2.828 -8.914 2.828
2 24 1.571 -9.348 3.696 2.828 -8.914 2.828
0
2 24 -2.828 -8.914 -2.828 -3.696 -8.286 -1.571
2 24 2.828 -8.914 -2.828 3.696 -8.286 -1.571
2 24 -2.828 -8.914 2.828 -3.696 -8.286 1.571
2 24 2.828 -8.914 2.828 3.696 -8.286 1.571
0
2 24 -3.696 -8.286 -1.571 -3.806 -8 -1
2 24 3.696 -8.286 -1.571 3.806 -8 -1
2 24 -3.696 -8.286 1.571 -3.806 -8 1
2 24 3.696 -8.286 1.571 3.806 -8 1
0
2 24 -3.806 -8 -1 -4 -8 0
2 24 3.806 -8 -1 4 -8 0
2 24 -3.806 -8 1 -4 -8 0
2 24 3.806 -8 1 4 -8 0
0
0 intersection of guard and quillions:
0
3 16 -1.52 -16 -8.98 -2 -16 -9 -2.06 -16.06 -9.4
3 16 1.52 -16 -8.98 2 -16 -9 2.06 -16.06 -9.4
3 16 -1.52 -16 8.98 -2 -16 9 -2.06 -16.06 9.4
3 16 1.52 -16 8.98 2 -16 9 2.06 -16.06 9.4
0
3 16 -2 -16 -9 -2.06 -16.06 -9.4 -2.06 -15.52 -9.02
3 16 2 -16 -9 2.06 -16.06 -9.4 2.06 -15.52 -9.02
3 16 -2 -16 9 -2.06 -16.06 9.4 -2.06 -15.52 9.02
3 16 2 -16 9 2.06 -16.06 9.4 2.06 -15.52 9.02
0
2 24 0 -16 -8.63 -1.52 -16 -8.98
2 24 0 -16 -8.63 1.52 -16 -8.98
2 24 0 -16 8.63 -1.52 -16 8.98
2 24 0 -16 8.63 1.52 -16 8.98
0
2 24 -1.52 -16 -8.98 -2.06 -16.06 -9.4
2 24 1.52 -16 -8.98 2.06 -16.06 -9.4
2 24 -1.52 -16 8.98 -2.06 -16.06 9.4
2 24 1.52 -16 8.98 2.06 -16.06 9.4
0
2 24 -2 -16 -9 -2.06 -16.06 -9.4
2 24 2 -16 -9 2.06 -16.06 -9.4
2 24 -2 -16 9 -2.06 -16.06 9.4
2 24 2 -16 9 2.06 -16.06 9.4
0
2 24 -2.06 -16.06 -9.4 -2.06 -15.52 -9.02
2 24 2.06 -16.06 -9.4 2.06 -15.52 -9.02
2 24 -2.06 -16.06 9.4 -2.06 -15.52 9.02
2 24 2.06 -16.06 9.4 2.06 -15.52 9.02
0
2 24 -2.06 -15.52 -9.02 -2.08 -14 -8.68
2 24 2.06 -15.52 -9.02 2.08 -14 -8.68
2 24 -2.06 -15.52 9.02 -2.08 -14 8.68
2 24 2.06 -15.52 9.02 2.08 -14 8.68
0
3 16 -1.52 -11.99 -8.98 -2 -12 -9 -2.06 -11.94 -9.4
3 16 1.52 -11.99 -8.98 2 -12 -9 2.06 -11.94 -9.4
3 16 -1.52 -11.99 8.98 -2 -12 9 -2.06 -11.94 9.4
3 16 1.52 -11.99 8.98 2 -12 9 2.06 -11.94 9.4
0
3 16 -2 -12 -9 -2.06 -11.94 -9.4 -2.06 -12.48 -9.02
3 16 2 -12 -9 2.06 -11.94 -9.4 2.06 -12.48 -9.02
3 16 -2 -12 9 -2.06 -11.94 9.4 -2.06 -12.48 9.02
3 16 2 -12 9 2.06 -11.94 9.4 2.06 -12.48 9.02
0
2 24 0 -11.86 -8.71 -1.52 -11.99 -8.98
2 24 0 -11.86 -8.71 1.52 -11.99 -8.98
2 24 0 -11.86 8.71 -1.52 -11.99 8.98
2 24 0 -11.86 8.71 1.52 -11.99 8.98
0
2 24 -1.52 -11.99 -8.98 -2.06 -11.94 -9.4
2 24 1.52 -11.99 -8.98 2.06 -11.94 -9.4
2 24 -1.52 -11.99 8.98 -2.06 -11.94 9.4
2 24 1.52 -11.99 8.98 2.06 -11.94 9.4
0
2 24 -2 -12 -9 -2.06 -11.94 -9.4
2 24 2 -12 -9 2.06 -11.94 -9.4
2 24 -2 -12 9 -2.06 -11.94 9.4
2 24 2 -12 9 2.06 -11.94 9.4
0
2 24 -2.06 -11.94 -9.4 -2.06 -12.48 -9.02
2 24 2.06 -11.94 -9.4 2.06 -12.48 -9.02
2 24 -2.06 -11.94 9.4 -2.06 -12.48 9.02
2 24 2.06 -11.94 9.4 2.06 -12.48 9.02
0
2 24 -2.06 -12.48 -9.02 -2.08 -14 -8.68
2 24 2.06 -12.48 -9.02 2.08 -14 -8.68
2 24 -2.06 -12.48 9.02 -2.08 -14 8.68
2 24 2.06 -12.48 9.02 2.08 -14 8.68
0
0 end of file
0
