0 Train Motor (needs work-incomplete)
0 Name 590.dat
0 Creator: Thomas Burger
0 Status: needs clips and side trucks
0 plus, wheels are messed up.
0 Official LCad update 97-16

 2 24 -40 24 -100 40 24 -100 
 2 24 -40 24 -100 -40 72 -100 
 2 24 40 72 -100 -40 72 -100 
 2 24 40 72 -100 40 24 -100 
 4 16 -40 24 -100 -40 72 -100 40 72 -100 40 24 -100 
0 side front
 2 24 -40 24 100 40 24 100 
 2 24 40 24 100 40 72 100 
 2 24 40 72 100 -40 72 100 
 2 24 -40 72 100 -40 24 100 
 4 16 40 24 100 40 72 100 -40 72 100 -40 24 100 
0 side back
 1 16 0 72 0 0 0 36 0 -4 0 -96 0 0 box5.dat
 4 16 40 72 -100 36 72 -96 36 72 96 40 72 100 
 4 16 -40 72 -100 -36 72 -96 -36 72 96 -40 72 100 
 4 16 40 72 -100 36 72 -96 -36 72 -96 -40 72 -100 
 4 16 40 72 100 36 72 96 -36 72 96 -40 72 100 
 1 16 50 52 -60 0 0 -1 0 1 0 1 0 0 2879a.DAT
 1 16 50 52 60 0 0 -1 0 1 0 1 0 0 2879a.DAT
 1 16 -50 52 60 0 0 1 0 1 0 -1 0 0 2879a.DAT
 1 16 -50 52 -60 0 0 1 0 1 0 -1 0 0 2879a.DAT
 2 24 40 72 100 40 72 -100 
 2 24 -40 72 100 -40 72 -100 
 4 16 40 72 -100 40 24 -100 40 24 100 40 72 100 
 4 16 -40 72 -100 -40 24 -100 -40 24 100 -40 72 100 
0 under
 2 24 40 24 -100 40 24 -60 
 2 24 -40 24 -100 -40 24 -60 
 4 16 40 24 -100 40 24 -60 -40 24 -100 -40 24 -60 
 4 16 40 24 60 40 24 100 -40 24 60 -40 24 100 
 2 24 40 24 60 40 24 100 
 2 24 -40 24 60 -40 24 100 
 2 24 -40 24 -60 40 24 -60 
 2 24 -40 24 60 40 24 60 
0 top
 2 24 40 24 -60 40 16 -60 
 4 16 40 16 60 40 16 -60 40 24 -60 40 24 60 
 4 16 40 16 -60 40 24 -60 -40 24 -60 -40 16 -60 
 2 24 -40 24 -60 -40 16 -60 
 2 24 -40 24 60 -40 16 60 
 2 24 40 24 60 40 16 60 
 4 16 -40 16 60 -40 16 -60 -40 24 -60 -40 24 60 
 4 16 40 16 60 40 24 60 -40 24 60 -40 16 60 
0 top connector
 2 24 -40 8 -60 40 8 -60 
 2 24 40 8 60 40 8 -60 
 2 24 -40 8 60 40 8 60 
 2 24 -40 8 60 -40 8 -60 
 2 24 40 16 -60 40 8 -60 
 4 16 40 8 60 40 8 -60 40 16 -60 40 16 60 
 4 16 40 8 -60 40 16 -60 -40 16 -60 -40 8 -60 
 2 24 -40 16 -60 -40 8 -60 
 2 24 -40 16 60 -40 8 60 
 2 24 40 16 60 40 8 60 
 4 16 -40 8 60 -40 8 -60 -40 16 -60 -40 16 60 
 4 16 40 8 60 40 16 60 -40 16 60 -40 8 60 
 1 16 0 12 0 4 0 0 0 0 0 0 0 4 4-4edge.dat
 1 16 0 8 0 6 0 0 0 0 0 0 0 6 4-4edge.dat
 4 16 40 16 -60 36 16 -56 36 16 56 40 16 60 
 4 16 40 16 60 36 16 56 -36 16 56 -40 16 60 
 4 16 -40 16 60 -36 16 56 -36 16 -56 -40 16 -60 
 4 16 -40 16 -60 -36 16 -56 36 16 -56 40 16 -60 
 1 16 0 12 0 0 0 4 0 0 0 -4 0 0 4-4ndis.dat
 4 16 36 12 -56 4 12 -4 4 12 4 36 12 56 
 4 16 36 12 56 4 12 4 -4 12 4 -36 12 56 
 4 16 -36 12 56 -4 12 4 -4 12 -4 -36 12 -56 
 4 16 -36 12 -56 -4 12 -4 4 12 -4 36 12 -56 
 2 24 30 8 -50 30 8 50 
 2 24 30 8 50 -30 8 50 
 2 24 -30 8 50 -30 8 -50 
 2 24 -30 8 -50 30 8 -50 
 2 24 30 8 -50 40 9 -60 
 2 24 30 8 50 40 9 60 
 2 24 -30 8 50 -40 9 60 
 2 24 -30 8 -50 -40 9 -60 
 1 16 0 12 0 4 0 0 0 0 0 0 0 4 4-4ndis.dat
 1 16 0 8 0 4 0 0 0 4 0 0 0 4 4-4cyli.dat
 4 16 30 8 -50 4 8 -4 4 8 4 30 8 50 
 4 16 30 8 50 4 8 4 -4 8 4 -30 8 50 
 4 16 -30 8 50 -4 8 4 -4 8 -4 -30 8 -50 
 4 16 -30 8 -50 -4 8 -4 4 8 -4 30 8 -50 
 4 16 40 9 -60 30 8 -50 30 8 50 40 9 60 
 4 16 40 9 60 30 8 50 -30 8 50 -40 9 60 
 4 16 -40 9 60 -30 8 50 -30 8 -50 -40 9 -60 
 4 16 -40 9 -60 -30 8 -50 30 8 -50 40 9 -60 
 1 16 50 52 -60 0 0 -1 0 1 0 1 0 0 2879a.DAT
 1 16 50 52 60 0 0 -1 0 1 0 1 0 0 2879a.DAT
 1 16 -50 52 60 0 0 1 0 1 0 -1 0 0 2879a.DAT
 1 16 -50 52 -60 0 0 1 0 1 0 -1 0 0 2879a.DAT
 1 16 -10 24 -70 0 0 1 0 1 0 -1 0 0 studel.DAT
 1 16 -10 24 -90 0 0 1 0 1 0 -1 0 0 studel.DAT
 1 16 10 24 -90 0 0 -1 0 1 0 1 0 0 studel.DAT
 1 16 10 24 -70 0 0 -1 0 1 0 1 0 0 studel.DAT
 1 16 30 24 -70 1 0 0 0 1 0 0 0 1 stud.DAT
 1 16 -30 24 -70 1 0 0 0 1 0 0 0 1 stud.DAT
 1 16 -30 24 -90 1 0 0 0 1 0 0 0 1 stud.DAT
 1 16 30 24 -90 1 0 0 0 1 0 0 0 1 stud.DAT
 1 16 30 24 90 1 0 0 0 1 0 0 0 1 stud.DAT
 1 16 30 24 70 1 0 0 0 1 0 0 0 1 stud.DAT
 1 16 10 24 70 1 0 0 0 1 0 0 0 1 stud.DAT
 1 16 -10 24 70 1 0 0 0 1 0 0 0 1 stud.DAT
 1 16 -30 24 70 1 0 0 0 1 0 0 0 1 stud.DAT
 1 16 -30 24 90 1 0 0 0 1 0 0 0 1 stud.DAT
 1 16 -10 24 90 1 0 0 0 1 0 0 0 1 stud.DAT
 1 16 10 24 90 1 0 0 0 1 0 0 0 1 stud.DAT
 1 16 0 16 0 0 0 1 0 1 0 1 0 0 connect2.dat

