0 Arch  1 x  3 x  2 with Curved Top
0 Name: 6005.dat
0 Author: James Jessiman
0 Original LDraw Part - LDraw beta 0.27 Archive

 1 16 0 12 -8 2 0 0 0 4 0 0 0 2 box5.dat

 2 24 10 48 -30 -10 48 -30
 2 24 -10 48 -30 -10 48 -50
 2 24 -10 48 -50 10 48 -50
 2 24 10 48 -50 10 48 -30

 2 24 6 48 -34 -6 48 -34
 2 24 -6 48 -34 -6 48 -46
 2 24 -6 48 -46 6 48 -46
 2 24 6 48 -46 6 48 -34

 1 16 10 36 -10 0 0 0 -20 0 0 0 0 -20 1-4edge.dat
 1 16 6 36 -10 0 0 0 -20 0 0 0 0 -20 1-4edge.dat
 1 16 -6 36 -10 0 0 0 -20 0 0 0 0 -20 1-4edge.dat
 1 16 -10 36 -10 0 0 0 -20 0 0 0 0 -20 1-4edge.dat

 2 24 10 36 -30 10 48 -30
 2 24 -10 36 -30 -10 48 -30
 2 24 10 16 -10 10 16 10
 2 24 10 16 10 -10 16 10
 2 24 -10 16 10 -10 16 -10
 2 24 6 16 -10 6 16 6
 2 24 6 16 6 -6 16 6
 2 24 -6 16 6 -6 16 -10

 1 16 0 16 -12 6 0 0 0 0 0 0 0 2 rect.dat

 2 24 6 16 -14 6 4.39 -14
 2 24 6 4.39 -14 6 4.69 -17.02
 2 24 6 4.69 -17.02 6 6.74 -23.78
 2 24 6 6.74 -23.78 6 10.07 -30
 2 24 6 10.07 -30 6 36 -30
 2 24 6 48 -34 6 13.34 -34
 2 24 6 13.34 -34 6 14.54 -35.46
 2 24 6 14.54 -35.46 6 20 -39.93
 2 24 6 20 -39.93 6 26.22 -43.26
 2 24 6 26.22 -43.26 6 32.98 -45.31
 2 24 6 32.98 -45.31 6 40 -46
 2 24 6 40 -46 6 48 -46

 2 24 -6 16 -14 -6 4.39 -14
 2 24 -6 4.39 -14 -6 4.69 -17.02
 2 24 -6 4.69 -17.02 -6 6.74 -23.78
 2 24 -6 6.74 -23.78 -6 10.07 -30
 2 24 -6 10.07 -30 -6 36 -30
 2 24 -6 48 -34 -6 13.34 -34
 2 24 -6 13.34 -34 -6 14.54 -35.46
 2 24 -6 14.54 -35.46 -6 20 -39.93
 2 24 -6 20 -39.93 -6 26.22 -43.26
 2 24 -6 26.22 -43.26 -6 32.98 -45.31
 2 24 -6 32.98 -45.31 -6 40 -46
 2 24 -6 40 -46 -6 48 -46

 2 24 6 4.39 -14 -6 4.39 -14
 2 24 6 10.07 -30 -6 10.07 -30
 2 24 6 13.34 -34 -6 13.34 -34

 1 16 0 12 -2 6 0 0 0 0 0 0 0 8 rect.dat
 2 24 6 12 6 6 16 6
 2 24 -6 12 6 -6 16 6
 2 24 6 12 -10 6 16 -10
 2 24 -6 12 -10 -6 16 -10

 1 16 0 8 0 10 0 0 0 0 0 0 0 10 rect.dat
 2 24 10 8 10 10 16 10
 2 24 -10 8 10 -10 16 10

 2 24 10 8 -10 10 0 -10
 2 24 10 0 -10 10 0.77 -17.80
 2 24 10 0.77 -17.80 10 3.04 -25.31
 2 24 10 3.04 -25.31 10 6.74 -32.22
 2 24 10 6.74 -32.22 10 11.72 -38.28
 2 24 10 11.72 -38.28 10 17.78 -43.26
 2 24 10 17.78 -43.26 10 24.69 -46.96
 2 24 10 24.69 -46.96 10 32.20 -49.23
 2 24 10 32.20 -49.23 10 40 -50
 2 24 10 40 -50 10 48 -50

 2 24 -10 8 -10 -10 0 -10
 2 24 -10 0 -10 -10 0.77 -17.80
 2 24 -10 0.77 -17.80 -10 3.04 -25.31
 2 24 -10 3.04 -25.31 -10 6.74 -32.22
 2 24 -10 6.74 -32.22 -10 11.72 -38.28
 2 24 -10 11.72 -38.28 -10 17.78 -43.26
 2 24 -10 17.78 -43.26 -10 24.69 -46.96
 2 24 -10 24.69 -46.96 -10 32.20 -49.23
 2 24 -10 32.20 -49.23 -10 40 -50
 2 24 -10 40 -50 -10 48 -50

 2 24 10 0 -10 -10 0 -10

 4 16 10 48 -30 6 48 -34 -6 48 -34 -10 48 -30
 4 16 -10 48 -30 -6 48 -34 -6 48 -46 -10 48 -50
 4 16 -10 48 -50 -6 48 -46 6 48 -46 10 48 -50
 4 16 10 48 -50 6 48 -46 6 48 -34 10 48 -30
 4 16 10 16 -10 6 16 -10 6 16 6 10 16 10
 4 16 10 16 10 6 16 6 -6 16 6 -10 16 10
 4 16 -10 16 10 -6 16 6 -6 16 -10 -10 16 -10

 4 16 10 16 10 10 8 10 -10 8 10 -10 16 10
 4 16 6 16 6 6 12 6 -6 12 6 -6 16 6
 4 16 6 16 -10 6 12 -10 -6 12 -10 -6 16 -10
 4 16 10 8 -10 10 0 -10 -10 0 -10 -10 8 -10
 4 16 6 16 -14 6 4.39 -14 -6 4.39 -14 -6 16 -14
 4 16 10 48 -30 10 36 -30 -10 36 -30 -10 48 -30
 4 16 6 36 -30 6 10.07 -30 -6 10.07 -30 -6 36 -30
 4 16 6 48 -34 6 13.34 -34 -6 13.34 -34 -6 48 -34
 4 16 6 48 -46 6 40 -46 -6 40 -46 -6 48 -46
 4 16 10 48 -50 10 40 -50 -10 40 -50 -10 48 -50

 1 16 10 36 -10 0 -4 0 -20 0 0 0 0 -20 1-4cyli.dat
 1 16 -10 36 -10 0 4 0 -20 0 0 0 0 -20 1-4cyli.dat
 4 16 6 4.39 -14 6 4.69 -17.02 -6 4.69 -17.02 -6 4.39 -14
 4 16 6 4.69 -17.02 6 6.74 -23.78 -6 6.74 -23.78 -6 4.69 -17.02
 5 24 6 4.69 -17.02 -6 4.69 -17.02 6 6.74 -23.78 6 4 -10
 4 16 6 6.74 -23.78 6 10.07 -30 -6 10.07 -30 -6 6.74 -23.78
 5 24 6 6.74 -23.78 -6 6.74 -23.78 6 10.07 -30 6 4.69 -17.02
 4 16 6 13.34 -34 6 14.54 -35.46 -6 14.54 -35.46 -6 13.34 -34
 4 16 6 14.54 -35.46 6 20 -39.93 -6 20 -39.93 -6 14.54 -35.46
 5 24 6 14.54 -35.46 -6 14.54 -35.46 6 20 -39.93 6 10.07 -30
 4 16 6 20 -39.93 6 26.22 -43.26 -6 26.22 -43.26 -6 20 -39.93
 5 24 6 20 -39.93 -6 20 -39.93 6 26.22 -43.26 6 14.54 -35.46
 4 16 6 26.22 -43.26 6 32.98 -45.31 -6 32.98 -45.31 -6 26.22 -43.26
 5 24 6 26.22 -43.26 -6 26.22 -43.26 6 32.98 -45.31 6 20 -39.93
 4 16 6 32.98 -45.31 6 40 -46 -6 40 -46 -6 32.98 -45.31
 5 24 6 32.98 -45.31 -6 32.98 -45.31 6 40 -46 6 26.22 -43.26
 4 16 10 0 -10 10 0.77 -17.80 -10 0.77 -17.80 -10 0 -10
 4 16 10 0.77 -17.80 10 3.04 -25.31 -10 3.04 -25.31 -10 0.77 -17.80
 5 24 10 0.77 -17.80 -10 0.77 -17.80 10 3.04 -25.31 10 0 -10
 4 16 10 3.04 -25.31 10 6.74 -32.22 -10 6.74 -32.22 -10 3.04 -25.31
 5 24 10 3.04 -25.31 -10 3.04 -25.31 10 6.74 -32.22 10 0.77 -17.80
 4 16 10 6.74 -32.22 10 11.72 -38.28 -10 11.72 -38.28 -10 6.74 -32.22
 5 24 10 6.74 -32.22 -10 6.74 -32.22 10 11.72 -38.28 10 3.04 -25.31
 4 16 10 11.72 -38.28 10 17.78 -43.26 -10 17.78 -43.26 -10 11.72 -38.28
 5 24 10 11.72 -38.28 -10 11.72 -38.28 10 17.78 -43.26 10 6.74 -32.22
 4 16 10 17.78 -43.26 10 24.69 -46.96 -10 24.69 -46.96 -10 17.78 -43.26
 5 24 10 17.78 -43.26 -10 17.78 -43.26 10 24.69 -46.96 10 11.72 -38.28
 4 16 10 24.69 -46.96 10 32.20 -49.23 -10 32.20 -49.23 -10 24.69 -46.96
 5 24 10 24.69 -46.96 -10 24.69 -46.96 10 32.20 -49.23 10 17.78 -43.26
 4 16 10 32.20 -49.23 10 40 -50 -10 40 -50 -10 32.20 -49.23
 5 24 10 32.20 -49.23 -10 32.20 -49.23 10 40 -50 10 24.69 -46.96

 4 16 10 16 10 10 8 10 10 8 -10 10 16 -10
 4 16 10 48 -30 10 36 -30 10 40 -50 10 48 -50
 4 16 6 16 6 6 12 6 6 12 -10 6 16 -10
 4 16 6 48 -34 6 36 -34 6 40 -46 6 48 -46
 4 16 -6 16 6 -6 12 6 -6 12 -10 -6 16 -10
 4 16 -6 48 -34 -6 36 -34 -6 40 -46 -6 48 -46
 4 16 -10 16 10 -10 8 10 -10 8 -10 -10 16 -10
 4 16 -10 48 -30 -10 36 -30 -10 40 -50 -10 48 -50
 1 16 10 36 -10 0 0 0 -20 0 0 0 0 -20 1-4ndis.dat
 1 16 6 36 -10 0 0 0 -20 0 0 0 0 -20 1-4ndis.dat
 1 16 -6 36 -10 0 0 0 -20 0 0 0 0 -20 1-4ndis.dat
 1 16 -10 36 -10 0 0 0 -20 0 0 0 0 -20 1-4ndis.dat

 4 16 10 16 -10 10 16.38 -13.90 10 0.77 -17.80 10 0 -10
 4 16 6 16 -10 6 16.38 -13.90 6 4.69 -17.02 6 4 -10
 4 16 -6 16 -10 -6 16.38 -13.90 -6 4.69 -17.02 -6 4 -10
 4 16 -10 16 -10 -10 16.38 -13.90 -10 0.77 -17.80 -10 0 -10
 4 16 10 16.38 -13.90 10 17.52 -17.65 10 3.04 -25.31 10 0.77 -17.80
 4 16 6 16.38 -13.90 6 17.52 -17.65 6 6.74 -23.78 6 4.69 -17.02
 4 16 -6 16.38 -13.90 -6 17.52 -17.65 -6 6.74 -23.78 -6 4.69 -17.02
 4 16 -10 16.38 -13.90 -10 17.52 -17.65 -10 3.04 -25.31 -10 0.77 -17.80
 4 16 10 17.52 -17.65 10 19.37 -21.11 10 6.74 -32.22 10 3.04 -25.31
 4 16 6 17.52 -17.65 6 19.37 -21.11 6 10.07 -30 6 6.74 -23.78
 4 16 -6 17.52 -17.65 -6 19.37 -21.11 -6 10.07 -30 -6 6.74 -23.78
 4 16 -10 17.52 -17.65 -10 19.37 -21.11 -10 6.74 -32.22 -10 3.04 -25.31
 4 16 10 19.37 -21.11 10 21.86 -24.14 10 11.72 -38.28 10 6.74 -32.22
 4 16 6 19.37 -21.11 6 21.86 -24.14 6 14.54 -35.46 6 10.07 -30
 4 16 -6 19.37 -21.11 -6 21.86 -24.14 -6 14.54 -35.46 -6 10.07 -30
 4 16 -10 19.37 -21.11 -10 21.86 -24.14 -10 11.72 -38.28 -10 6.74 -32.22
 4 16 10 21.86 -24.14 10 24.89 -26.63 10 17.78 -43.26 10 11.72 -38.28
 4 16 6 21.86 -24.14 6 24.89 -26.63 6 20 -39.93 6 14.54 -35.46
 4 16 -6 21.86 -24.14 -6 24.89 -26.63 -6 20 -39.93 -6 14.54 -35.46
 4 16 -10 21.86 -24.14 -10 24.89 -26.63 -10 17.78 -43.26 -10 11.72 -38.28
 4 16 10 24.89 -26.63 10 28.35 -28.48 10 24.69 -46.96 10 17.78 -43.26
 4 16 6 24.89 -26.63 6 28.35 -28.48 6 26.22 -43.26 6 20 -39.93
 4 16 -6 24.89 -26.63 -6 28.35 -28.48 -6 26.22 -43.26 -6 20 -39.93
 4 16 -10 24.89 -26.63 -10 28.35 -28.48 -10 24.69 -46.96 -10 17.78 -43.26
 4 16 10 28.35 -28.48 10 32.10 -29.62 10 32.20 -49.23 10 24.69 -46.96
 4 16 6 28.35 -28.48 6 32.10 -29.62 6 32.98 -45.31 6 26.22 -43.26
 4 16 -6 28.35 -28.48 -6 32.10 -29.62 -6 32.98 -45.31 -6 26.22 -43.26
 4 16 -10 28.35 -28.48 -10 32.10 -29.62 -10 32.20 -49.23 -10 24.69 -46.96
 4 16 10 32.10 -29.62 10 36 -30 10 40 -50 10 32.20 -49.23
 4 16 6 32.10 -29.62 6 36 -30 6 40 -46 6 32.98 -45.31
 4 16 -6 32.10 -29.62 -6 36 -30 -6 40 -46 -6 32.98 -45.31
 4 16 -10 32.10 -29.62 -10 36 -30 -10 40 -50 -10 32.20 -49.23

 1 16 0 8 0 1 0 0 0 1 0 0 0 1 stud.dat
0
