0 Bar  1 x  4 x  3 Window
0 Name: 6016.dat
0 Author: James Jessiman
0 Original LDraw Part - LDraw beta 0.27 Archive
0 LDRAW_ORG Part UPDATE 2005-01
0 BFC CERTIFY CCW

0 // 2004-11-15  mikeheide  Made BFC Compliant
0 // 2004-11-19  GuyVivan   Fixed quads size near cylinder

2 24 36 4 3 36 4 -3
2 24 -36 4 3 -36 4 -3
2 24 36 -4 3 36 -4 -3
2 24 -36 -4 3 -36 -4 -3
2 24 36 4 3 36 -4 3
2 24 -36 4 3 -36 -4 3
2 24 36 4 -3 36 -4 -3
2 24 -36 4 -3 -36 -4 -3
2 24 32.571 4 3 32.571 -4 3
2 24 -32.571 4 3 -32.571 -4 3
2 24 32.571 4 -3 32.571 -4 -3
2 24 -32.571 4 -3 -32.571 -4 -3
2 24 32.571 4 3 36 4 3
2 24 -32.571 4 3 -36 4 3
2 24 32.571 4 -3 36 4 -3
2 24 -32.571 4 -3 -36 4 -3
2 24 32.571 -4 3 36 -4 3
2 24 -32.571 -4 3 -36 -4 3
2 24 32.571 -4 -3 36 -4 -3
2 24 -32.571 -4 -3 -36 -4 -3
1 16 30 4 0 2.84 0 2.84 0 0 0 2.84 0 -2.84 1-4edge.dat
1 16 -30 4 0 -2.84 0 -2.84 0 0 0 2.84 0 -2.84 1-4edge.dat
1 16 30 -4 0 2.84 0 2.84 0 0 0 2.84 0 -2.84 1-4edge.dat
2 24 32.828 -4 2.828 32.571 -4 3
2 24 32.828 -4 -2.828 32.571 -4 -3
2 24 32.828 4 2.828 32.571 4 3
2 24 32.828 4 -2.828 32.571 4 -3
2 24 -32.828 -4 -2.828 -32.571 -4 -3
2 24 -32.828 -4 2.828 -32.571 -4 3
2 24 -32.828 4 -2.828 -32.571 4 -3
2 24 -32.828 4 2.828 -32.571 4 3
1 16 -30 -4 0 -2.84 0 -2.84 0 0 0 2.84 0 -2.84 1-4edge.dat
1 16 30 -26 0 0 0 -4 0 0 4 4 0 0 2-4edge.dat
1 16 10 -26 0 0 0 -4 0 0 4 4 0 0 2-4edge.dat
1 16 -10 -26 0 0 0 -4 0 0 4 4 0 0 2-4edge.dat
1 16 10 -26 0 0 0 4 0 0 4 4 0 0 2-4edge.dat
1 16 -10 -26 0 0 0 4 0 0 4 4 0 0 2-4edge.dat
1 16 -30 -26 0 0 0 4 0 0 4 4 0 0 2-4edge.dat
1 16 30 26 0 0 0 -4 0 0 -4 4 0 0 2-4edge.dat
1 16 10 26 0 0 0 -4 0 0 -4 4 0 0 2-4edge.dat
1 16 -10 26 0 0 0 -4 0 0 -4 4 0 0 2-4edge.dat
1 16 10 26 0 0 0 4 0 0 -4 4 0 0 2-4edge.dat
1 16 -10 26 0 0 0 4 0 0 -4 4 0 0 2-4edge.dat
1 16 -30 26 0 0 0 4 0 0 -4 4 0 0 2-4edge.dat
1 16 30 -26 0 0 0 4 0 -4 0 4 0 0 2-8sphe.dat
1 16 -30 -26 0 0 0 -4 0 -4 0 4 0 0 2-8sphe.dat
1 16 30 26 0 0 0 4 0 4 0 4 0 0 2-8sphe.dat
1 16 -30 26 0 0 0 -4 0 4 0 4 0 0 2-8sphe.dat
1 16 -30 -26 0 0 60 0 4 0 0 0 0 4 4-4cyli.dat
1 16 -30 26 0 0 60 0 4 0 0 0 0 4 4-4cyli.dat
1 16 30 -26 0 4 0 0 0 52 0 0 0 4 4-4cyli.dat
1 16 10 -26 0 4 0 0 0 52 0 0 0 4 4-4cyli.dat
1 16 -10 -26 0 4 0 0 0 52 0 0 0 4 4-4cyli.dat
1 16 -30 -26 0 4 0 0 0 52 0 0 0 4 4-4cyli.dat
4 16 36 -4 3 36 -4 -3 36 4 -3 36 4 3
4 16 -36 4 3 -36 4 -3 -36 -4 -3 -36 -4 3
4 16 36 4 3 36 4 -3 32.571 4 -3 32.571 4 3
4 16 -32.571 4 3 -32.571 4 -3 -36 4 -3 -36 4 3
4 16 32.571 -4 3 32.571 -4 -3 36 -4 -3 36 -4 3
4 16 -36 -4 3 -36 -4 -3 -32.571 -4 -3 -32.571 -4 3
4 16 32.571 4 3 32.571 -4 3 36 -4 3 36 4 3
4 16 -36 4 3 -36 -4 3 -32.571 -4 3 -32.571 4 3
4 16 36 4 -3 36 -4 -3 32.571 -4 -3 32.571 4 -3
4 16 -32.571 4 -3 -32.571 -4 -3 -36 -4 -3 -36 4 -3
0
