0 Plate  1 x  1 with Clip Horizontal

 1 16 0 8 0 6 0 0 0 -4 0 0 0 6 box5.dat

 4 16 10 8 10 6 8 6 6 8 -6 10 8 -10
 4 16 10 8 -10 6 8 -6 -6 8 -6 -10 8 -10
 4 16 -10 8 -10 -6 8 -6 -6 8 6 -10 8 10
 4 16 -10 8 10 -6 8 6 6 8 6 10 8 10

 2 24 10 8 10 10 8 -10
 2 24 10 8 -10 4 8 -10
 2 24 4 8 -10 4 8 -14.4
 2 24 4 8 -14.4 4 9.39 -16.94
 2 24 4 9.39 -16.94 4 10 -20
 2 24 4 10 -20 4 10 -24
 2 24 4 10 -24 -4 10 -24
 2 24 -4 10 -24 -4 10 -20
 2 24 -4 10 -20 -4 9.39 -16.94
 2 24 -4 9.39 -16.94 -4 8 -14.4
 2 24 -4 8 -14.4 -4 8 -10
 2 24 -4 8 -10 -10 8 -10
 2 24 -10 8 -10 -10 8 10
 2 24 -10 8 10 10 8 10
 2 24 4 8 -14.4 -4 8 -14.4

 4 16 4 8 -10 4 8 -14.4 -4 8 -14.4 -4 8 -10
 4 16 4 10 -20 4 10 -24 -4 10 -24 -4 10 -20

 2 24 10 8 10 10 0 10
 2 24 -10 8 10 -10 0 10
 2 24 10 8 -10 10 0 -10
 2 24 -10 8 -10 -10 0 -10
 2 24 4 8 -10 4 0 -10
 2 24 -4 8 -10 -4 0 -10
 2 24 4 10 -24 4 6 -24
 2 24 -4 10 -24 -4 6 -24

 4 16 10 8 10 10 0 10 -10 0 10 -10 8 10
 4 16 10 8 10 10 0 10 10 0 -10 10 8 -10
 4 16 -10 8 10 -10 0 10 -10 0 -10 -10 8 -10
 4 16 10 8 -10 10 0 -10 4 0 -10 4 8 -10
 4 16 -10 8 -10 -10 0 -10 -4 0 -10 -4 8 -10
 4 16 4 8 -10 4 0 -10 4 0 -12.40 4 8 -14.34
 4 16 -4 8 -10 -4 0 -10 -4 0 -12.40 -4 8 -14.34
 4 16 4 10 -20 4 6 -20 4 6 -24 4 10 -24
 4 16 -4 10 -20 -4 6 -20 -4 6 -24 -4 10 -24
 4 16 4 10 -24 4 6 -24 -4 6 -24 -4 10 -24

 2 24 4 6 -20 4 6 -24
 2 24 4 6 -24 -4 6 -24
 2 24 -4 6 -24 -4 6 -20
 2 24 4 -2 -20 4 -2 -24
 2 24 4 -2 -24 -4 -2 -24
 2 24 -4 -2 -24 -4 -2 -20
 1 16 4 2 -20 0 0 0 4 0 0 0 0 4 2-4edge.dat
 1 16 -4 2 -20 0 0 0 4 0 0 0 0 4 2-4edge.dat

 4 16 4 6 -20 4 6 -24 -4 6 -24 -4 6 -20
 4 16 4 -2 -20 4 -2 -24 -4 -2 -24 -4 -2 -20
 1 16 4 2 -20 0 -8 0 4 0 0 0 0 4 2-4cyli.dat
 1 16 4 2 -20 0 -8 0 8 0 0 0 0 8 2-4cyli.dat

 2 24 4 -2 -24 4 -6 -24
 2 24 -4 -2 -24 -4 -6 -24

 4 16 4 -2 -20 4 -6 -20 4 -6 -24 4 -2 -24
 4 16 -4 -2 -20 -4 -6 -20 -4 -6 -24 -4 -2 -24
 4 16 4 -2 -24 4 -6 -24 -4 -6 -24 -4 -2 -24

 2 24 10 0 10 10 0 -10
 2 24 10 0 -10 4 0 -10
 2 24 4 0 -10 4 0 -12.40
 2 24 4 0 -12.40 4 -1.06 -12.61
 2 24 4 -1.06 -12.61 4 -3.66 -14.34
 2 24 4 -3.66 -14.34 4 -5.39 -16.97
 2 24 4 -5.39 -16.97 4 -6 -20
 2 24 4 -6 -20 4 -6 -24
 2 24 4 -6 -24 -4 -6 -24
 2 24 -4 -6 -24 -4 -6 -20
 2 24 -4 -6 -20 -4 -5.39 -16.97
 2 24 -4 -5.39 -16.97 -4 -3.66 -14.34
 2 24 -4 -3.66 -14.34 -4 -1.06 -12.61
 2 24 -4 -1.06 -12.61 -4 0 -12.40
 2 24 -4 0 -12.40 -4 0 -10
 2 24 -4 0 -10 -10 0 -10
 2 24 -10 0 -10 -10 0 10
 2 24 -10 0 10 10 0 10
 2 24 4 0 -12.40 -4 0 -12.40

 4 16 10 0 10 10 0 -10 -10 0 -10 -10 0 10
 4 16 4 0 -10 4 0 -12.40 -4 0 -12.40 -4 0 -10
 4 16 4 -6 -20 4 -6 -24 -4 -6 -24 -4 -6 -20

 4 16 4 2 -16 4 0.47 -16.30 4 -1.06 -12.61 4 2 -12.00
 4 16 -4 2 -16 -4 0.47 -16.30 -4 -1.06 -12.61 -4 2 -12.00
 4 16 4 0.47 -16.30 4 -0.83 -17.17 4 -3.66 -14.34 4 -1.06 -12.61
 4 16 -4 0.47 -16.30 -4 -0.83 -17.17 -4 -3.66 -14.34 -4 -1.06 -12.61
 4 16 4 -0.83 -17.17 4 -1.70 -18.47 4 -5.39 -16.94 4 -3.66 -14.34
 4 16 -4 -0.83 -17.17 -4 -1.70 -18.47 -4 -5.39 -16.94 -4 -3.66 -14.34
 4 16 4 -1.70 -18.47 4 -2 -20 4 -6 -20 4 -5.39 -16.94
 4 16 -4 -1.70 -18.47 -4 -2 -20 -4 -6 -20 -4 -5.39 -16.94
 4 16 4 6 -20 4 5.70 -18.47 4 9.39 -16.94 4 10 -20.00
 4 16 -4 6 -20 -4 5.70 -18.47 -4 9.39 -16.94 -4 10 -20.00
 4 16 4 5.70 -18.47 4 4.83 -17.17 4 7.66 -14.34 4 9.39 -16.94
 4 16 -4 5.70 -18.47 -4 4.83 -17.17 -4 7.66 -14.34 -4 9.39 -16.94
 4 16 4 4.83 -17.17 4 3.53 -16.30 4 5.06 -12.61 4 7.66 -14.34
 4 16 -4 4.83 -17.17 -4 3.53 -16.30 -4 5.06 -12.61 -4 7.66 -14.34
 4 16 4 3.53 -16.30 4 2 -16 4 2 -12 4 5.06 -12.61
 4 16 -4 3.53 -16.30 -4 2 -16 -4 2 -12 -4 5.06 -12.61

 1 16 0 0 0 1 0 0 0 1 0 0 0 1 stud.dat
