0 Windscreen  5 x  2 x  1 & 2/3

 1 16 0 4 0 1 0 0 0 -1 0 0 0 1 stud3.dat

 1 16 0 8 0 16 0 0 0 -4 0 0 0 6 box5.dat

 2 24 20 40 -70 16 40 -70
 2 24 16 40 -70 16 40 -86
 2 24 16 40 -86 -16 40 -86
 2 24 -16 40 -86 -16 40 -70
 2 24 -16 40 -70 -20 40 -70
 2 24 -20 40 -70 -20 40 -90
 2 24 -20 40 -90 20 40 -90
 2 24 20 40 -90 20 40 -70

 2 24 16 36 -86 -16 36 -86
 2 24 16 36 -86 16 40 -86
 2 24 -16 36 -86 -16 40 -86

 2 24 20 36 -90 -20 36 -90
 2 24 20 36 -90 20 40 -90
 2 24 -20 36 -90 -20 40 -90

 2 24 20 29.6 -70 16 29.6 -70
 2 24 -20 29.6 -70 -16 29.6 -70
 2 24 20 29.6 -70 20 40 -70
 2 24 16 29.6 -70 16 40 -70
 2 24 -16 29.6 -70 -16 40 -70
 2 24 -20 29.6 -70 -20 40 -70

 2 24 20 8 10 -20 8 10
 2 24 -20 8 10 -20 8 -46
 2 24 -20 8 -46 -16 8 -46
 2 24 -16 8 -46 -16 8 -10
 2 24 -16 8 -10 16 8 -10
 2 24 16 8 -10 16 8 -46
 2 24 16 8 -46 20 8 -46
 2 24 20 8 -46 20 8 10

 2 24 20 8 -46 20 29.6 -70
 2 24 16 8 -46 16 29.6 -70
 2 24 -16 8 -46 -16 29.6 -70
 2 24 -20 8 -46 -20 29.6 -70

 2 24 16 4 -10 -16 4 -10
 2 24 -16 4 -10 -16 4 -50.44
 2 24 -16 4 -50.44 16 4 -50.44
 2 24 16 4 -50.44 16 4 -10

 2 24 16 4 -10 16 8 -10
 2 24 -16 4 -10 -16 8 -10
 2 24 16 4 -50.44 16 36 -86
 2 24 -16 4 -50.44 -16 36 -86

 2 24 20 0 10 -20 0 10
 2 24 -20 0 10 -20 0 -50
 2 24 -20 0 -50 20 0 -50
 2 24 20 0 -50 20 0 10

 2 24 20 0 10 20 8 10
 2 24 -20 0 10 -20 8 10
 2 24 20 0 -50 20 36 -90
 2 24 -20 0 -50 -20 36 -90

 4 16 20 40 -70 16 40 -70 16 40 -86 20 40 -90
 4 16 20 40 -90 16 40 -86 -16 40 -86 -20 40 -90
 4 16 -20 40 -90 -16 40 -86 -16 40 -70 -20 40 -70
 4 16 20 8 -46 16 8 -46 16 8 6 20 8 10
 4 16 20 8 10 16 8 6 -16 8 6 -20 8 10
 4 16 -20 8 10 -16 8 6 -16 8 -46 -20 8 -46
 4 16 16 8 -6 16 8 -10 -16 8 -10 -16 8 -6
 4 16 16 4 -10 16 4 -50.44 -16 4 -50.44 -16 4 -10
 4 16 20 0 10 20 0 -50 -20 0 -50 -20 0 10

 4 16 20 8 10 20 0 10 -20 0 10 -20 8 10
 4 16 16 8 -10 16 4 -10 -16 4 -10 -16 8 -10
 4 16 20 40 -70 20 29.6 -70 16 29.6 -70 16 40 -70
 4 16 -20 40 -70 -20 29.6 -70 -16 29.6 -70 -16 40 -70
 4 16 16 40 -86 16 36 -86 -16 36 -86 -16 40 -86
 4 16 20 40 -90 20 36 -90 -20 36 -90 -20 40 -90

 4 16 20 40 -90 20 40 -70 20 29.6 -70 20 36 -90
 4 16 20 36 -90 20 29.6 -70 20 8 -46 20 0 -50
 4 16 20 0 -50 20 8 -46 20 8 10 20 0 10
 4 16 16 40 -86 16 40 -70 16 29.6 -70 16 36 -86
 4 16 16 36 -86 16 29.6 -70 16 8 -46 16 4 -50.44
 4 16 16 4 -50.44 16 8 -46 16 8 -10 16 4 -10
 4 16 -16 40 -86 -16 40 -70 -16 29.6 -70 -16 36 -86
 4 16 -16 36 -86 -16 29.6 -70 -16 8 -46 -16 4 -50.44
 4 16 -16 4 -50.44 -16 8 -46 -16 8 -10 -16 4 -10
 4 16 -20 40 -90 -20 40 -70 -20 29.6 -70 -20 36 -90
 4 16 -20 36 -90 -20 29.6 -70 -20 8 -46 -20 0 -50
 4 16 -20 0 -50 -20 8 -46 -20 8 10 -20 0 10

 4 16 20 29.6 -70 16 29.6 -70 16 8 -46 20 8 -46
 4 16 -20 29.6 -70 -16 29.6 -70 -16 8 -46 -20 8 -46
 4 16 16 36 -86 16 4 -50.44 -16 4 -50.44 -16 36 -86
 4 16 20 36 -90 20 0 -50 -20 0 -50 -20 36 -90

 1 16 10 0 0 1 0 0 0 1 0 0 0 1 stud.dat
 1 16 -10 0 0 1 0 0 0 1 0 0 0 1 stud.dat
