0 Brick  2 x  4 x  1 & 1/3 with Curved Top
0 Name: 6081.dat
0 Author: James Jessiman
0 Original LDraw Part - LDraw beta 0.27 Archive

 1 16 20 12 0 1 0 0 0 -1 0 0 0 1 stud3.dat
 1 16 0 12 0 1 0 0 0 -1 0 0 0 1 stud3.dat
 1 16 -20 12 0 1 0 0 0 -1 0 0 0 1 stud3.dat

 1 16 30 12 -8 2 0 0 0 4 0 0 0 2 box5.dat
 1 16 10 12 -8 2 0 0 0 4 0 0 0 2 box5.dat
 1 16 -10 12 -8 2 0 0 0 4 0 0 0 2 box5.dat
 1 16 -30 12 -8 2 0 0 0 4 0 0 0 2 box5.dat

 1 16 20 7.81 -20 4 0 0 0 0 -2.51 0 0 4 2-4edge.dat
 1 16 20 7.81 -20 4 0 0 0 0 4.9 0 0 -4 2-4edge.dat
 1 16 20 7.81 -20 4 0 0 0 10 -2.51 0 0 4 2-4cyli.dat
 1 16 20 7.81 -20 4 0 0 0 10 4.9 0 0 -4 2-4cyli.dat
 1 16 20 15 -20 4 0 0 0 13 0 0 0 4 4-4cyli.dat
 1 16 20 28 -20 1 0 0 0 -1 0 0 0 1 stud3a.dat
 1 16 0 7.81 -20 4 0 0 0 0 -2.51 0 0 4 2-4edge.dat
 1 16 0 7.81 -20 4 0 0 0 0 4.9 0 0 -4 2-4edge.dat
 1 16 0 7.81 -20 4 0 0 0 10 -2.51 0 0 4 2-4cyli.dat
 1 16 0 7.81 -20 4 0 0 0 10 4.9 0 0 -4 2-4cyli.dat
 1 16 0 15 -20 4 0 0 0 13 0 0 0 4 4-4cyli.dat
 1 16 0 28 -20 1 0 0 0 -1 0 0 0 1 stud3a.dat
 1 16 -20 7.81 -20 4 0 0 0 0 -2.51 0 0 4 2-4edge.dat
 1 16 -20 7.81 -20 4 0 0 0 0 4.9 0 0 -4 2-4edge.dat
 1 16 -20 7.81 -20 4 0 0 0 10 -2.51 0 0 4 2-4cyli.dat
 1 16 -20 7.81 -20 4 0 0 0 10 4.9 0 0 -4 2-4cyli.dat
 1 16 -20 15 -20 4 0 0 0 13 0 0 0 4 4-4cyli.dat
 1 16 -20 28 -20 1 0 0 0 -1 0 0 0 1 stud3a.dat

 2 24 40 32 -30 -40 32 -30
 2 24 -40 32 -30 -40 32 -10
 2 24 -40 32 -10 40 32 -10
 2 24 40 32 -10 40 32 -30

 2 24 36 32 -26 -36 32 -26
 2 24 -36 32 -26 -36 32 -14
 2 24 -36 32 -14 36 32 -14
 2 24 36 32 -14 36 32 -26

 2 24 40 16 10 -40 16 10
 2 24 -40 16 10 -40 16 -10
 2 24 -40 16 -10 -36 16 -10
 2 24 -36 16 -10 -36 16 6
 2 24 -36 16 6 36 16 6
 2 24 36 16 6 36 16 -10
 2 24 36 16 -10 40 16 -10
 2 24 40 16 -10 40 16 10

 2 24 40 16 -10 40 32 -10
 2 24 -40 16 -10 -40 32 -10

 1 16 0 12 -2 36 0 0 0 0 0 0 0 8 rect.dat

 2 24 36 12 6 36 16 6
 2 24 -36 12 6 -36 16 6
 2 24 36 12 -10 36 16 -10
 2 24 -36 12 -10 -36 16 -10

 2 24 36 4.80 -14 36 5.22 -16.12
 2 24 -36 4.80 -14 -36 5.22 -16.12
 2 24 36 5.22 -16.12 36 8.69 -21.31
 2 24 -36 5.22 -16.12 -36 8.69 -21.31
 2 24 36 8.69 -21.31 36 13.88 -24.78
 2 24 -36 8.69 -21.31 -36 13.88 -24.78
 2 24 36 13.88 -24.78 36 20 -26
 2 24 -36 13.88 -24.78 -36 20 -26

 2 24 36 4.8 -14 -36 4.8 -14
 2 24 36 4.8 -14 36 32 -14
 2 24 -36 4.8 -14 -36 32 -14
 2 24 36 20 -26 36 32 -26
 2 24 -36 20 -26 -36 32 -26

 1 16 0 8 0 40 0 0 0 0 0 0 0 10 rect.dat

 2 24 40 8 10 40 16 10
 2 24 -40 8 10 -40 16 10

 1 16 40 20 -10 0 0 0 -20 0 0 0 0 -20 1-4edge.dat
 1 16 -40 20 -10 0 0 0 -20 0 0 0 0 -20 1-4edge.dat

 2 24 40 0 -10 -40 0 -10

 2 24 40 0 -10 40 8 -10
 2 24 -40 0 -10 -40 8 -10
 2 24 40 20 -30 40 32 -30
 2 24 -40 20 -30 -40 32 -30

 4 16 40 32 -10 36 32 -14 -36 32 -14 -40 32 -10
 4 16 -40 32 -10 -36 32 -14 -36 32 -26 -40 32 -30
 4 16 -40 32 -30 -36 32 -26 36 32 -26 40 32 -30
 4 16 40 32 -30 36 32 -26 36 32 -14 40 32 -10
 4 16 40 16 -10 36 16 -10 36 16 6 40 16 10
 4 16 40 16 10 36 16 6 -36 16 6 -40 16 10
 4 16 -40 16 10 -36 16 6 -36 16 -10 -40 16 -10

 4 16 40 16 10 40 8 10 -40 8 10 -40 16 10
 4 16 36 16 6 36 12 6 -36 12 6 -36 16 6
 4 16 40 32 -10 40 16 -10 -40 16 -10 -40 32 -10
 4 16 36 16 -10 36 12 -10 -36 12 -10 -36 16 -10
 4 16 40 8 -10 40 0 -10 -40 0 -10 -40 8 -10
 4 16 36 32 -14 36 4.8 -14 -36 4.8 -14 -36 32 -14
 4 16 36 32 -26 36 20 -26 -36 20 -26 -36 32 -26
 4 16 40 32 -30 40 20 -30 -40 20 -30 -40 32 -30
 1 16 36 20 -10 0 -72 0 -16 0 0 0 0 -16 1-4cyli.dat
 1 16 40 20 -10 0 -80 0 -20 0 0 0 0 -20 1-4cyli.dat

 4 16 40 32 -10 40 20 -10 40 20 -30 40 32 -30
 4 16 40 16 10 40 8 10 40 8 -10 40 16 -10
 1 16 40 20 -10 0 0 0 -20 0 0 0 0 -20 1-4disc.dat
 4 16 36 32 -14 36 20 -14 36 20 -26 36 32 -26
 4 16 36 16 6 36 12 6 36 12 -10 36 16 -10
 1 16 36 20 -10 0 0 0 -16 0 0 0 0 -16 1-4disc.dat
 4 16 -36 32 -14 -36 20 -14 -36 20 -26 -36 32 -26
 4 16 -36 16 6 -36 12 6 -36 12 -10 -36 16 -10
 1 16 -36 20 -10 0 0 0 -16 0 0 0 0 -16 1-4disc.dat
 4 16 -40 32 -10 -40 20 -10 -40 20 -30 -40 32 -30
 4 16 -40 16 10 -40 8 10 -40 8 -10 -40 16 -10
 1 16 -40 20 -10 0 0 0 -20 0 0 0 0 -20 1-4disc.dat

 1 16 30 8 0 1 0 0 0 1 0 0 0 1 stud.dat
 1 16 10 8 0 1 0 0 0 1 0 0 0 1 stud.dat
 1 16 -10 8 0 1 0 0 0 1 0 0 0 1 stud.dat
 1 16 -30 8 0 1 0 0 0 1 0 0 0 1 stud.dat
0
