0 Brick  2 x  1 with Curved Top
0 Name: 6091.dat
0 Author: James Jessiman
0 Original LDraw Part - LDraw beta 0.27 Archive

 1 16 0 12 -8 2 0 0 0 4 0 0 0 2 box5.dat

 2 24 10 32 -30 -10 32 -30
 2 24 -10 32 -30 -10 32 -10
 2 24 -10 32 -10 10 32 -10
 2 24 10 32 -10 10 32 -30

 2 24 6 32 -26 -6 32 -26
 2 24 -6 32 -26 -6 32 -14
 2 24 -6 32 -14 6 32 -14
 2 24 6 32 -14 6 32 -26

 2 24 10 16 10 -10 16 10
 2 24 -10 16 10 -10 16 -10
 2 24 -10 16 -10 -6 16 -10
 2 24 -6 16 -10 -6 16 6
 2 24 -6 16 6 6 16 6
 2 24 6 16 6 6 16 -10
 2 24 6 16 -10 10 16 -10
 2 24 10 16 -10 10 16 10

 2 24 10 16 -10 10 32 -10
 2 24 -10 16 -10 -10 32 -10

 1 16 0 12 -2 6 0 0 0 0 0 0 0 8 rect.dat

 2 24 6 12 6 6 16 6
 2 24 -6 12 6 -6 16 6
 2 24 6 12 -10 6 16 -10
 2 24 -6 12 -10 -6 16 -10

 2 24 6 4.80 -14 6 5.22 -16.12
 2 24 -6 4.80 -14 -6 5.22 -16.12
 2 24 6 5.22 -16.12 6 8.69 -21.31
 2 24 -6 5.22 -16.12 -6 8.69 -21.31
 2 24 6 8.69 -21.31 6 13.88 -24.78
 2 24 -6 8.69 -21.31 -6 13.88 -24.78
 2 24 6 13.88 -24.78 6 20 -26
 2 24 -6 13.88 -24.78 -6 20 -26

 2 24 6 4.8 -14 -6 4.8 -14
 2 24 6 4.8 -14 6 32 -14
 2 24 -6 4.8 -14 -6 32 -14
 2 24 6 20 -26 6 32 -26
 2 24 -6 20 -26 -6 32 -26

 1 16 0 8 0 10 0 0 0 0 0 0 0 10 rect.dat

 2 24 10 8 10 10 16 10
 2 24 -10 8 10 -10 16 10

 1 16 10 20 -10 0 0 0 -20 0 0 0 0 -20 1-4edge.dat
 1 16 -10 20 -10 0 0 0 -20 0 0 0 0 -20 1-4edge.dat

 2 24 10 0 -10 -10 0 -10

 2 24 10 0 -10 10 8 -10
 2 24 -10 0 -10 -10 8 -10
 2 24 10 20 -30 10 32 -30
 2 24 -10 20 -30 -10 32 -30

 4 16 10 32 -10 6 32 -14 -6 32 -14 -10 32 -10
 4 16 -10 32 -10 -6 32 -14 -6 32 -26 -10 32 -30
 4 16 -10 32 -30 -6 32 -26 6 32 -26 10 32 -30
 4 16 10 32 -30 6 32 -26 6 32 -14 10 32 -10
 4 16 10 16 -10 6 16 -10 6 16 6 10 16 10
 4 16 10 16 10 6 16 6 -6 16 6 -10 16 10
 4 16 -10 16 10 -6 16 6 -6 16 -10 -10 16 -10

 4 16 10 16 10 10 8 10 -10 8 10 -10 16 10
 4 16 6 16 6 6 12 6 -6 12 6 -6 16 6
 4 16 10 32 -10 10 16 -10 -10 16 -10 -10 32 -10
 4 16 6 16 -10 6 12 -10 -6 12 -10 -6 16 -10
 4 16 10 8 -10 10 0 -10 -10 0 -10 -10 8 -10
 4 16 6 32 -14 6 4.8 -14 -6 4.8 -14 -6 32 -14
 4 16 6 32 -26 6 20 -26 -6 20 -26 -6 32 -26
 4 16 10 32 -30 10 20 -30 -10 20 -30 -10 32 -30
 1 16 6 20 -10 0 -12 0 -16 0 0 0 0 -16 1-4cyli.dat
 1 16 10 20 -10 0 -20 0 -20 0 0 0 0 -20 1-4cyli.dat

 4 16 10 32 -10 10 20 -10 10 20 -30 10 32 -30
 4 16 10 16 10 10 8 10 10 8 -10 10 16 -10
 1 16 10 20 -10 0 0 0 -20 0 0 0 0 -20 1-4disc.dat
 4 16 6 32 -14 6 20 -14 6 20 -26 6 32 -26
 4 16 6 16 6 6 12 6 6 12 -10 6 16 -10
 1 16 6 20 -10 0 0 0 -16 0 0 0 0 -16 1-4disc.dat
 4 16 -6 32 -14 -6 20 -14 -6 20 -26 -6 32 -26
 4 16 -6 16 6 -6 12 6 -6 12 -10 -6 16 -10
 1 16 -6 20 -10 0 0 0 -16 0 0 0 0 -16 1-4disc.dat
 4 16 -10 32 -10 -10 20 -10 -10 20 -30 -10 32 -30
 4 16 -10 16 10 -10 8 10 -10 8 -10 -10 16 -10
 1 16 -10 20 -10 0 0 0 -20 0 0 0 0 -20 1-4disc.dat

 1 16 0 8 0 1 0 0 0 1 0 0 0 1 stud.dat
0
