0 Castle Dragon Flame

 1 16 0 0 0 1 0 0 0 0 1 0 -0.5 0 stud3a.dat
 1 16 0 0 0 1 0 0 0 0 1 0 2 0 stud3a.dat
 1 16 0 4 0 0.5 0 0 0 -1 0 0 0 0.5 stud3.dat
 1 16 -4 0 0 0 1 0 0.5 0 0 0 0 0.5 stud3.dat

 2 24 2 2 2 2 -2 2
 2 24 -2 2 2 -2 -2 2

 1 16 18.83 2 2 -16.83 0 0 0 0 0 0 0 22.07 1-8edge.dat
 1 16 6 2 18.5 1.05 0 1.05 0 0 0 -1.05 0 1.05 2-4edge.dat
 2 24 4.95 2 19.55 3.3 2 17.9
 1 16 1.9 2 19.3 -1.4 0 -1.4 0 0 0 1.4 0 -1.4 2-4edge.dat
 1 16 -21.67 2 42.5 31.67 0 0 0 0 0 0 0 -31.14 1-8edge.dat
 1 16 8.5 2 42.5 1.5 0 0 0 0 0 0 0 1.5 2-4edge.dat
 2 24 7 2 42.5 5.5 2 40
 1 16 3.5 2 40 2 0 0 0 0 0 0 0 -2 2-4edge.dat
 1 16 -3.17 2 52.25 6.67 0 0 0 0 0 0 0 -17.5 1-8edge.dat
 1 16 -3.17 2 52.25 6.67 0 0 0 0 0 0 0 17.5 1-8edge.dat
 1 16 0 2 64.5 1.5 0 0 0 0 0 0 0 1.5 2-4edge.dat
 1 16 -30.5 2 2 28.5 0 0 0 0 0 0 0 37.89 1-8edge.dat
 1 16 -9.5 2 29.5 -1.05 0 -1.05 0 0 0 -1.05 0 1.05 2-4edge.dat
 2 24 -8.45 2 30.55 -6.35 2 28.45
 1 16 -5.3 2 29.5 1.05 0 1.05 0 0 0 1.05 0 -1.05 2-4edge.dat
 1 16 9.17 2 52.5 -19.17 0 0 0 0 0 0 0 -31.36 1-8edge.dat
 1 16 -8.5 2 52.5 1.5 0 0 0 0 0 0 0 1.5 2-4edge.dat
 2 24 -7 2 52.5 -5.5 2 47
 1 16 -3.5 2 47 2 0 0 0 0 0 0 0 -2 2-4edge.dat
 1 16 -5 2 55.75 5 0 0 0 0 0 0 0 -12.5 1-8edge.dat
 1 16 -5 2 55.75 5 0 0 0 0 0 0 0 12.5 1-8edge.dat

 1 16 18.83 -2 2 -16.83 0 0 0 0 0 0 0 22.07 1-8edge.dat
 1 16 6 -2 18.5 1.05 0 1.05 0 0 0 -1.05 0 1.05 2-4edge.dat
 2 24 4.95 -2 19.55 3.3 -2 17.9
 1 16 1.9 -2 19.3 -1.4 0 -1.4 0 0 0 1.4 0 -1.4 2-4edge.dat
 1 16 -21.67 -2 42.5 31.67 0 0 0 0 0 0 0 -31.14 1-8edge.dat
 1 16 8.5 -2 42.5 1.5 0 0 0 0 0 0 0 1.5 2-4edge.dat
 2 24 7 -2 42.5 5.5 -2 40
 1 16 3.5 -2 40 2 0 0 0 0 0 0 0 -2 2-4edge.dat
 1 16 -3.17 -2 52.25 6.67 0 0 0 0 0 0 0 -17.5 1-8edge.dat
 1 16 -3.17 -2 52.25 6.67 0 0 0 0 0 0 0 17.5 1-8edge.dat
 1 16 0 -2 64.5 1.5 0 0 0 0 0 0 0 1.5 2-4edge.dat
 1 16 -30.5 -2 2 28.5 0 0 0 0 0 0 0 37.89 1-8edge.dat
 1 16 -9.5 -2 29.5 -1.05 0 -1.05 0 0 0 -1.05 0 1.05 2-4edge.dat
 2 24 -8.45 -2 30.55 -6.35 -2 28.45
 1 16 -5.3 -2 29.5 1.05 0 1.05 0 0 0 1.05 0 -1.05 2-4edge.dat
 1 16 9.17 -2 52.5 -19.17 0 0 0 0 0 0 0 -31.36 1-8edge.dat
 1 16 -8.5 -2 52.5 1.5 0 0 0 0 0 0 0 1.5 2-4edge.dat
 2 24 -7 -2 52.5 -5.5 -2 47
 1 16 -3.5 -2 47 2 0 0 0 0 0 0 0 -2 2-4edge.dat
 1 16 -5 -2 55.75 5 0 0 0 0 0 0 0 -12.5 1-8edge.dat
 1 16 -5 -2 55.75 5 0 0 0 0 0 0 0 12.5 1-8edge.dat

 1 16 18.83 -2 2 -16.83 0 0 0 4 0 0 0 22.07 1-8cyli.dat
 1 16 6 -2 18.5 1.05 0 1.05 0 4 0 -1.05 0 1.05 2-4cyli.dat
 4 16 4.95 -2 19.55 3.3 -2 17.9 4.95 2 19.55 3.3 2 17.9
 1 16 1.9 -2 19.3 -1.4 0 -1.4 0 4 0 1.4 0 -1.4 2-4cyli.dat
 1 16 -21.67 -2 42.5 31.67 0 0 0 4 0 0 0 -31.14 1-8cyli.dat
 1 16 8.5 -2 42.5 1.5 0 0 0 4 0 0 0 1.5 2-4cyli.dat
 4 16 7 -2 42.5 5.5 -2 40 7 2 42.5 5.5 2 40
 1 16 3.5 -2 40 2 0 0 0 4 0 0 0 -2 2-4cyli.dat
 1 16 -3.17 -2 52.25 6.67 0 0 0 4 0 0 0 -17.5 1-8cyli.dat
 1 16 -3.17 -2 52.25 6.67 0 0 0 4 0 0 0 17.5 1-8cyli.dat
 1 16 0 -2 64.5 1.5 0 0 0 4 0 0 0 1.5 2-4cyli.dat

 1 16 -30.5 -2 2 28.5 0 0 0 4 0 0 0 37.89 1-8cyli.dat
 1 16 -9.5 -2 29.5 -1.05 0 -1.05 0 4 0 -1.05 0 1.05 2-4cyli.dat
 4 16 -8.45 -2 30.55 -6.35 -2 28.45 -8.45 2 30.55 -6.35 2 28.45
 1 16 -5.3 -2 29.5 1.05 0 1.05 0 4 0 1.05 0 -1.05 2-4cyli.dat
 1 16 9.17 -2 52.5 -19.17 0 0 0 4 0 0 0 -31.36 1-8cyli.dat
 1 16 -8.5 -2 52.5 1.5 0 0 0 4 0 0 0 1.5 2-4cyli.dat
 4 16 -7 -2 52.5 -5.5 -2 47 -7 2 52.5 -5.5 2 47
 1 16 -3.5 -2 47 2 0 0 0 4 0 0 0 -2 2-4cyli.dat
 1 16 -5 -2 55.75 5 0 0 0 4 0 0 0 -12.5 1-8cyli.dat
 1 16 -5 -2 55.75 5 0 0 0 4 0 0 0 12.5 1-8cyli.dat

 4 16 -1.5 2 64.5 -0.4 2 60.5 2.97 2 58.9 1.5 2 64.5
 4 16 -0.4 2 60.5 0 2 55.75 3.5 2 52.25 2.97 2 58.9
 4 16 0 2 55.75 -0.4 2 51 2.97 2 45.6 3.5 2 52.25
 4 16 -0.4 2 51 -1.5 2 47 1.5 2 40 2.97 2 45.6
 4 16 -1.5 2 47 -1.5 2 45 1.5 2 38 1.5 2 40

 4 16 10 2 42.5 7 2 42.5 5.5 2 40 7.47 2 30.67
 3 16 7.47 2 30.67 5.5 2 40 5.5 2 38

 4 16 -7 2 52.5 -10 2 52.5 -8.47 2 40.58 -5.5 2 47
 3 16 -5.5 2 47 -8.47 2 40.58 -5.5 2 45

 4 16 -8.47 2 40.58 -5.5 2 45 -1.5 2 45 1.5 2 38
 4 16 -8.47 2 40.58 1.5 2 38 -4.25 2 30.55 -3.2 2 29.5

 4 16 7.47 2 30.67 5.5 2 38 1.5 2 38 -3.2 2 29.5
 4 16 7.47 2 30.67 -3.2 2 29.5 -5.3 2 27.4 0.5 2 20.7

 4 16 -6.35 2 28.45 -8.45 2 30.55 -10.55 2 28.45 -4.28 2 16.4
 3 16 -4.28 2 16.4 -6.35 2 28.45 -5.3 2 27.4

 4 16 3.3 2 17.9 4.95 2 19.55 7.05 2 17.45 3.35 2 10.39
 3 16 3.3 2 17.9 3.35 2 10.39 1.9 2 16.5

 4 16 -0.9 2 19.3 0.5 2 20.7 -5.3 2 27.4 -4.28 2 16.4
 4 16 3.35 2 10.39 1.9 2 16.5 -0.9 2 19.3 -4.28 2 16.4
 4 16 3.35 2 10.39 2 2 2 -2 2 2 -4.28 2 16.4

 1 16 6 2 18.5 1.05 0 1.05 0 4 0 -1.05 0 1.05 2-4disc.dat
 1 16 1.9 2 19.3 -1.4 0 -1.4 0 4 0 1.4 0 -1.4 2-4ndis.dat
 1 16 8.5 2 42.5 1.5 0 0 0 4 0 0 0 1.5 2-4disc.dat
 1 16 3.5 2 40 2 0 0 0 4 0 0 0 -2 2-4ndis.dat
 1 16 0 2 64.5 1.5 0 0 0 4 0 0 0 1.5 2-4disc.dat

 1 16 -9.5 2 29.5 -1.05 0 -1.05 0 4 0 -1.05 0 1.05 2-4disc.dat
 1 16 -5.3 2 29.5 1.05 0 1.05 0 4 0 1.05 0 -1.05 2-4ndis.dat
 1 16 -8.5 2 52.5 1.5 0 0 0 4 0 0 0 1.5 2-4disc.dat
 1 16 -3.5 2 47 2 0 0 0 4 0 0 0 -2 2-4ndis.dat

 4 16 -1.5 -2 64.5 -0.4 -2 60.5 2.97 -2 58.9 1.5 -2 64.5
 4 16 -0.4 -2 60.5 0 -2 55.75 3.5 -2 52.25 2.97 -2 58.9
 4 16 0 -2 55.75 -0.4 -2 51 2.97 -2 45.6 3.5 -2 52.25
 4 16 -0.4 -2 51 -1.5 -2 47 1.5 -2 40 2.97 -2 45.6
 4 16 -1.5 -2 47 -1.5 -2 45 1.5 -2 38 1.5 -2 40

 4 16 10 -2 42.5 7 -2 42.5 5.5 -2 40 7.47 -2 30.67
 3 16 7.47 -2 30.67 5.5 -2 40 5.5 -2 38

 4 16 -7 -2 52.5 -10 -2 52.5 -8.47 -2 40.58 -5.5 -2 47
 3 16 -5.5 -2 47 -8.47 -2 40.58 -5.5 -2 45

 4 16 -8.47 -2 40.58 -5.5 -2 45 -1.5 -2 45 1.5 -2 38
 4 16 -8.47 -2 40.58 1.5 -2 38 -4.25 -2 30.55 -3.2 -2 29.5

 4 16 7.47 -2 30.67 5.5 -2 38 1.5 -2 38 -3.2 -2 29.5
 4 16 7.47 -2 30.67 -3.2 -2 29.5 -5.3 -2 27.4 0.5 -2 20.7

 4 16 -6.35 -2 28.45 -8.45 -2 30.55 -10.55 -2 28.45 -4.28 -2 16.4
 3 16 -4.28 -2 16.4 -6.35 -2 28.45 -5.3 -2 27.4

 4 16 3.3 -2 17.9 4.95 -2 19.55 7.05 -2 17.45 3.35 -2 10.39
 3 16 3.3 -2 17.9 3.35 -2 10.39 1.9 -2 16.5

 4 16 -0.9 -2 19.3 0.5 -2 20.7 -5.3 -2 27.4 -4.28 -2 16.4
 4 16 3.35 -2 10.39 1.9 -2 16.5 -0.9 -2 19.3 -4.28 -2 16.4
 4 16 3.35 -2 10.39 2 -2 2 -2 -2 2 -4.28 -2 16.4

 1 16 6 -2 18.5 1.05 0 1.05 0 4 0 -1.05 0 1.05 2-4disc.dat
 1 16 1.9 -2 19.3 -1.4 0 -1.4 0 4 0 1.4 0 -1.4 2-4ndis.dat
 1 16 8.5 -2 42.5 1.5 0 0 0 4 0 0 0 1.5 2-4disc.dat
 1 16 3.5 -2 40 2 0 0 0 4 0 0 0 -2 2-4ndis.dat
 1 16 0 -2 64.5 1.5 0 0 0 4 0 0 0 1.5 2-4disc.dat

 1 16 -9.5 -2 29.5 -1.05 0 -1.05 0 4 0 -1.05 0 1.05 2-4disc.dat
 1 16 -5.3 -2 29.5 1.05 0 1.05 0 4 0 1.05 0 -1.05 2-4ndis.dat
 1 16 -8.5 -2 52.5 1.5 0 0 0 4 0 0 0 1.5 2-4disc.dat
 1 16 -3.5 -2 47 2 0 0 0 4 0 0 0 -2 2-4ndis.dat

