0 Bar  1 x  6 with Studs Closed
0 Name: 6140.dat
0 Author: James Jessiman
0 Original LDraw Part
0 LDRAW_ORG Part UPDATE 2002-04

0 BFC CERTIFY CCW

0 2002-06-07 DG antistuds fixed, L3P warnings fixed
0 2002-06-07 DG top studs capitalized
0 2002-06-07 DG BFC Certification

0 BFC INVERTNEXT
1 16 50 16 0 1 0 0 0 4 0 0 0 1 peghole.dat
0 BFC INVERTNEXT
1 16 -50 16 0 1 0 0 0 4 0 0 0 1 peghole.dat
0 BFC INVERTNEXT
1 16 50 20 0 6 0 0 0 4 0 0 0 6 4-4cyli.dat
0 BFC INVERTNEXT
1 16 -50 20 0 6 0 0 0 4 0 0 0 6 4-4cyli.dat

1 16 50 20 0 6 0 0 0 1 0 0 0 6 4-4edge.dat
1 16 -50 20 0 6 0 0 0 1 0 0 0 6 4-4edge.dat
1 16 50 20 0 6 0 0 0 -1 0 0 0 6 4-4disc.dat
1 16 -50 20 0 6 0 0 0 -1 0 0 0 6 4-4disc.dat
1 16 50 16 0 8 0 0 0 1 0 0 0 8 4-4disc.dat
1 16 -50 16 0 8 0 0 0 1 0 0 0 8 4-4disc.dat
1 16 50 16 0 4 0 0 0 1 0 0 0 4 4-4edge.dat
1 16 -50 16 0 4 0 0 0 1 0 0 0 4 4-4edge.dat
1 16 40 14 0 4 0 0 0 0 -4 0 4 0 1-4ccyli.dat
1 16 -40 14 0 -4 0 0 0 0 -4 0 4 0 1-4ccyli.dat
1 16 50 14 0 4 0 0 0 2 0 0 0 4 4-4cyli.dat
1 16 -50 14 0 4 0 0 0 2 0 0 0 4 4-4cyli.dat
1 16 40 4 0 0 -6 0 4 0 0 0 0 4 4-4cyli.dat
1 16 -40 4 0 0 6 0 4 0 0 0 0 4 4-4cyli.dat
1 16 26 4 0 0 -12 0 4 0 0 0 0 4 4-4cyli.dat
1 16 6 4 0 0 -12 0 4 0 0 0 0 4 4-4cyli.dat
1 16 -14 4 0 0 -12 0 4 0 0 0 0 4 4-4cyli.dat
1 16 30 8 0 6 0 0 0 1 0 0 0 6 4-4edge.dat
1 16 10 8 0 6 0 0 0 1 0 0 0 6 4-4edge.dat
1 16 -10 8 0 6 0 0 0 1 0 0 0 6 4-4edge.dat
1 16 -30 8 0 6 0 0 0 1 0 0 0 6 4-4edge.dat
1 16 30 4 0 4 0 0 0 1 0 0 0 4 4-4edge.dat
1 16 10 4 0 4 0 0 0 1 0 0 0 4 4-4edge.dat
1 16 -10 4 0 4 0 0 0 1 0 0 0 4 4-4edge.dat
1 16 -30 4 0 4 0 0 0 1 0 0 0 4 4-4edge.dat
1 16 30 8 0 6 0 0 0 -1 0 0 0 6 4-4disc.dat
1 16 10 8 0 6 0 0 0 -1 0 0 0 6 4-4disc.dat
1 16 -10 8 0 6 0 0 0 -1 0 0 0 6 4-4disc.dat
1 16 -30 8 0 6 0 0 0 -1 0 0 0 6 4-4disc.dat
1 16 30 4 0 4 0 0 0 1 0 0 0 4 4-4disc.dat
1 16 10 4 0 4 0 0 0 1 0 0 0 4 4-4disc.dat
1 16 -10 4 0 4 0 0 0 1 0 0 0 4 4-4disc.dat
1 16 -30 4 0 4 0 0 0 1 0 0 0 4 4-4disc.dat
1 16 30 0 0 6 0 0 0 8 0 0 0 6 4-4cyli.dat
1 16 10 0 0 6 0 0 0 8 0 0 0 6 4-4cyli.dat
1 16 -10 0 0 6 0 0 0 8 0 0 0 6 4-4cyli.dat
1 16 -30 0 0 6 0 0 0 8 0 0 0 6 4-4cyli.dat

0 BFC INVERTNEXT
1 16 30 0 0 4 0 0 0 4 0 0 0 4 4-4cyli.dat
0 BFC INVERTNEXT
1 16 10 0 0 4 0 0 0 4 0 0 0 4 4-4cyli.dat
0 BFC INVERTNEXT
1 16 -10 0 0 4 0 0 0 4 0 0 0 4 4-4cyli.dat
0 BFC INVERTNEXT
1 16 -30 0 0 4 0 0 0 4 0 0 0 4 4-4cyli.dat

0 following STUD references have been purposely
0 capitalized to ensure full visibility in LEdit

1 16 30 0 0 1 0 0 0 1 0 0 0 1 STUD2A.dat
1 16 10 0 0 1 0 0 0 1 0 0 0 1 STUD2A.dat
1 16 -10 0 0 1 0 0 0 1 0 0 0 1 STUD2A.dat
1 16 -30 0 0 1 0 0 0 1 0 0 0 1 STUD2A.dat

2 24 36 8 2 34 6 4
2 24 34 6 4 34 2 4
2 24 34 2 4 36 0 2
2 24 36 0 2 36 0 -2
2 24 36 0 -2 34 2 -4
2 24 34 2 -4 34 6 -4
2 24 34 6 -4 36 8 -2
2 24 16 8 2 14 6 4
2 24 14 6 4 14 2 4
2 24 14 2 4 16 0 2
2 24 16 0 2 16 0 -2
2 24 16 0 -2 14 2 -4
2 24 14 2 -4 14 6 -4
2 24 14 6 -4 16 8 -2
2 24 -4 8 2 -6 6 4
2 24 -6 6 4 -6 2 4
2 24 -6 2 4 -4 0 2
2 24 -4 0 2 -4 0 -2
2 24 -4 0 -2 -6 2 -4
2 24 -6 2 -4 -6 6 -4
2 24 -6 6 -4 -4 8 -2
2 24 -24 8 2 -26 6 4
2 24 -26 6 4 -26 2 4
2 24 -26 2 4 -24 0 2
2 24 -24 0 2 -24 0 -2
2 24 -24 0 -2 -26 2 -4
2 24 -26 2 -4 -26 6 -4
2 24 -26 6 -4 -24 8 -2
2 24 -36 8 2 -34 6 4
2 24 -34 6 4 -34 2 4
2 24 -34 2 4 -36 0 2
2 24 -36 0 2 -36 0 -2
2 24 -36 0 -2 -34 2 -4
2 24 -34 2 -4 -34 6 -4
2 24 -34 6 -4 -36 8 -2
2 24 -16 8 2 -14 6 4
2 24 -14 6 4 -14 2 4
2 24 -14 2 4 -16 0 2
2 24 -16 0 2 -16 0 -2
2 24 -16 0 -2 -14 2 -4
2 24 -14 2 -4 -14 6 -4
2 24 -14 6 -4 -16 8 -2
2 24 4 8 2 6 6 4
2 24 6 6 4 6 2 4
2 24 6 2 4 4 0 2
2 24 4 0 2 4 0 -2
2 24 4 0 -2 6 2 -4
2 24 6 2 -4 6 6 -4
2 24 6 6 -4 4 8 -2
2 24 24 8 2 26 6 4
2 24 26 6 4 26 2 4
2 24 26 2 4 24 0 2
2 24 24 0 2 24 0 -2
2 24 24 0 -2 26 2 -4
2 24 26 2 -4 26 6 -4
2 24 26 6 -4 24 8 -2
0
