0 Door  1 x  4 x  4 Lift
0 Name: 6155.dat
0 Author: Eric D'Aragon
0 !LDRAW_ORG Part UPDATE 2002-06
0 !LICENSE Not redistributable : see NonCAreadme.txt

0 BFC NOCERTIFY

0 !HISTORY 2002-12-31 [PTadmin] Official Update 2002-06
0 !HISTORY 2007-07-16 [PTadmin] Header formatted for Contributor Agreement
0 !HISTORY 2008-07-01 [PTadmin] Official Update 2008-01

2 24 36 25 -5 -36 25 -5
2 24 36 23 -7 -36 23 -7
2 24 36 21 -5 -36 21 -5
2 24 36 19 -7 -36 19 -7
2 24 36 17 -5 -36 17 -5
2 24 36 15 -7 -36 15 -7
2 24 36 13 -5 -36 13 -5
2 24 36 11 -7 -36 11 -7
2 24 36 9 -5 -36 9 -5
2 24 36 7 -7 -36 7 -7
2 24 36 5 -5 -36 5 -5
2 24 36 3 -7 -36 3 -7
2 24 36 -3 -7 -36 -3 -7
2 24 36 25 -5 36 23 -7
2 24 36 23 -7 36 21 -5
2 24 36 21 -5 36 19 -7
2 24 36 19 -7 36 17 -5
2 24 36 17 -5 36 15 -7
2 24 36 15 -7 36 13 -5
2 24 36 13 -5 36 11 -7
2 24 36 11 -7 36 9 -5
2 24 36 9 -5 36 7 -7
2 24 36 7 -7 36 5 -5
2 24 36 5 -5 36 3 -7
2 24 36 3 -7 36 -3 -7
2 24 -36 25 -5 -36 23 -7
2 24 -36 23 -7 -36 21 -5
2 24 -36 21 -5 -36 19 -7
2 24 -36 19 -7 -36 17 -5
2 24 -36 17 -5 -36 15 -7
2 24 -36 15 -7 -36 13 -5
2 24 -36 13 -5 -36 11 -7
2 24 -36 11 -7 -36 9 -5
2 24 -36 9 -5 -36 7 -7
2 24 -36 7 -7 -36 5 -5
2 24 -36 5 -5 -36 3 -7
2 24 -36 3 -7 -36 -3 -7
4 16 36 25 -5 36 23 -7 -36 23 -7 -36 25 -5
4 16 36 23 -7 36 21 -5 -36 21 -5 -36 23 -7
4 16 36 21 -5 36 19 -7 -36 19 -7 -36 21 -5
4 16 36 19 -7 36 17 -5 -36 17 -5 -36 19 -7
4 16 36 17 -5 36 15 -7 -36 15 -7 -36 17 -5
4 16 36 15 -7 36 13 -5 -36 13 -5 -36 15 -7
4 16 36 13 -5 36 11 -7 -36 11 -7 -36 13 -5
4 16 36 11 -7 36 9 -5 -36 9 -5 -36 11 -7
4 16 36 9 -5 36 7 -7 -36 7 -7 -36 9 -5
4 16 36 7 -7 36 5 -5 -36 5 -5 -36 7 -7
4 16 36 5 -5 36 3 -7 -36 3 -7 -36 5 -5
3 16 36 25 -5 36 23 -7 36 21 -5
3 16 36 21 -5 36 19 -7 36 17 -5
3 16 36 17 -5 36 15 -7 36 13 -5
3 16 36 13 -5 36 11 -7 36 9 -5
3 16 36 9 -5 36 7 -7 36 5 -5
3 16 -36 25 -5 -36 23 -7 -36 21 -5
3 16 -36 21 -5 -36 19 -7 -36 17 -5
3 16 -36 17 -5 -36 15 -7 -36 13 -5
3 16 -36 13 -5 -36 11 -7 -36 9 -5
3 16 -36 9 -5 -36 7 -7 -36 5 -5
2 24 36 49 -5 -36 49 -5
2 24 36 47 -7 -36 47 -7
2 24 36 45 -5 -36 45 -5
2 24 36 43 -7 -36 43 -7
2 24 36 41 -5 -36 41 -5
2 24 36 39 -7 -36 39 -7
2 24 36 37 -5 -36 37 -5
2 24 36 35 -7 -36 35 -7
2 24 36 33 -5 -36 33 -5
2 24 36 31 -7 -36 31 -7
2 24 36 29 -5 -36 29 -5
2 24 36 27 -7 -36 27 -7
2 24 36 49 -5 36 47 -7
2 24 36 47 -7 36 45 -5
2 24 36 45 -5 36 43 -7
2 24 36 43 -7 36 41 -5
2 24 36 41 -5 36 39 -7
2 24 36 39 -7 36 37 -5
2 24 36 37 -5 36 35 -7
2 24 36 35 -7 36 33 -5
2 24 36 33 -5 36 31 -7
2 24 36 31 -7 36 29 -5
2 24 36 29 -5 36 27 -7
2 24 36 27 -7 36 25 -5
2 24 -36 49 -5 -36 47 -7
2 24 -36 47 -7 -36 45 -5
2 24 -36 45 -5 -36 43 -7
2 24 -36 43 -7 -36 41 -5
2 24 -36 41 -5 -36 39 -7
2 24 -36 39 -7 -36 37 -5
2 24 -36 37 -5 -36 35 -7
2 24 -36 35 -7 -36 33 -5
2 24 -36 33 -5 -36 31 -7
2 24 -36 31 -7 -36 29 -5
2 24 -36 29 -5 -36 27 -7
2 24 -36 27 -7 -36 25 -5
4 16 36 49 -5 36 47 -7 -36 47 -7 -36 49 -5
4 16 36 47 -7 36 45 -5 -36 45 -5 -36 47 -7
4 16 36 45 -5 36 43 -7 -36 43 -7 -36 45 -5
4 16 36 43 -7 36 41 -5 -36 41 -5 -36 43 -7
4 16 36 41 -5 36 39 -7 -36 39 -7 -36 41 -5
4 16 36 39 -7 36 37 -5 -36 37 -5 -36 39 -7
4 16 36 37 -5 36 35 -7 -36 35 -7 -36 37 -5
4 16 36 35 -7 36 33 -5 -36 33 -5 -36 35 -7
4 16 36 33 -5 36 31 -7 -36 31 -7 -36 33 -5
4 16 36 31 -7 36 29 -5 -36 29 -5 -36 31 -7
4 16 36 29 -5 36 27 -7 -36 27 -7 -36 29 -5
4 16 36 27 -7 36 25 -5 -36 25 -5 -36 27 -7
3 16 36 49 -5 36 47 -7 36 45 -5
3 16 36 45 -5 36 43 -7 36 41 -5
3 16 36 41 -5 36 39 -7 36 37 -5
3 16 36 37 -5 36 35 -7 36 33 -5
3 16 36 33 -5 36 31 -7 36 29 -5
3 16 36 29 -5 36 27 -7 36 25 -5
3 16 -36 49 -5 -36 47 -7 -36 45 -5
3 16 -36 45 -5 -36 43 -7 -36 41 -5
3 16 -36 41 -5 -36 39 -7 -36 37 -5
3 16 -36 37 -5 -36 35 -7 -36 33 -5
3 16 -36 33 -5 -36 31 -7 -36 29 -5
3 16 -36 29 -5 -36 27 -7 -36 25 -5
2 24 36 80 -7 -36 80 -7
2 24 36 71 -7 -36 71 -7
2 24 36 69 -5 -36 69 -5
2 24 36 67 -7 -36 67 -7
2 24 36 65 -5 -36 65 -5
2 24 36 63 -7 -36 63 -7
2 24 36 61 -5 -36 61 -5
2 24 36 59 -7 -36 59 -7
2 24 36 57 -5 -36 57 -5
2 24 36 55 -7 -36 55 -7
2 24 36 53 -5 -36 53 -5
2 24 36 51 -7 -36 51 -7
2 24 36 80 -7 36 71 -7
2 24 36 71 -7 36 69 -5
2 24 36 69 -5 36 67 -7
2 24 36 67 -7 36 65 -5
2 24 36 65 -5 36 63 -7
2 24 36 63 -7 36 61 -5
2 24 36 61 -5 36 59 -7
2 24 36 59 -7 36 57 -5
2 24 36 57 -5 36 55 -7
2 24 36 55 -7 36 53 -5
2 24 36 53 -5 36 51 -7
2 24 36 51 -7 36 49 -5
2 24 -36 80 -7 -36 71 -7
2 24 -36 71 -7 -36 69 -5
2 24 -36 69 -5 -36 67 -7
2 24 -36 67 -7 -36 65 -5
2 24 -36 65 -5 -36 63 -7
2 24 -36 63 -7 -36 61 -5
2 24 -36 61 -5 -36 59 -7
2 24 -36 59 -7 -36 57 -5
2 24 -36 57 -5 -36 55 -7
2 24 -36 55 -7 -36 53 -5
2 24 -36 53 -5 -36 51 -7
2 24 -36 51 -7 -36 49 -5
4 16 36 71 -7 36 69 -5 -36 69 -5 -36 71 -7
4 16 36 69 -5 36 67 -7 -36 67 -7 -36 69 -5
4 16 36 67 -7 36 65 -5 -36 65 -5 -36 67 -7
4 16 36 65 -5 36 63 -7 -36 63 -7 -36 65 -5
4 16 36 63 -7 36 61 -5 -36 61 -5 -36 63 -7
4 16 36 61 -5 36 59 -7 -36 59 -7 -36 61 -5
4 16 36 59 -7 36 57 -5 -36 57 -5 -36 59 -7
4 16 36 57 -5 36 55 -7 -36 55 -7 -36 57 -5
4 16 36 55 -7 36 53 -5 -36 53 -5 -36 55 -7
4 16 36 53 -5 36 51 -7 -36 51 -7 -36 53 -5
4 16 36 51 -7 36 49 -5 -36 49 -5 -36 51 -7
3 16 36 69 -5 36 67 -7 36 65 -5
3 16 36 65 -5 36 63 -7 36 61 -5
3 16 36 61 -5 36 59 -7 36 57 -5
3 16 36 57 -5 36 55 -7 36 53 -5
3 16 36 53 -5 36 51 -7 36 49 -5
3 16 -36 69 -5 -36 67 -7 -36 65 -5
3 16 -36 65 -5 -36 63 -7 -36 61 -5
3 16 -36 61 -5 -36 59 -7 -36 57 -5
3 16 -36 57 -5 -36 55 -7 -36 53 -5
3 16 -36 53 -5 -36 51 -7 -36 49 -5
4 16 36 3 -7 36 -3 -7 -36 -3 -7 -36 3 -7
4 16 -6 80 -7 -6 71 -7 -36 71 -7 -36 80 -7
4 16 36 80 -7 36 71 -7 6 71 -7 6 80 -7
4 16 6 75 -7 -6 75 -7 -6 80 -7 6 80 -7
4 16 -6 80 -3 -6 71 -3 -36 71 -3 -36 80 -3
4 16 36 80 -3 36 71 -3 6 71 -3 6 80 -3
4 16 6 75 -3 -6 75 -3 -6 80 -3 6 80 -3
4 16 -36 -3 -5 -36 -3 -7 -36 3 -7 -36 5 -5
4 16 36 -3 -5 36 -3 -7 36 3 -7 36 5 -5
4 16 36 69 -5 36 71 -7 36 80 -7 36 80 -5
4 16 -36 69 -5 -36 71 -7 -36 80 -7 -36 80 -5
4 16 36 80 -3 36 80 -7 -36 80 -7 -36 80 -3
4 16 36 -3 -3 36 -3 -7 -36 -3 -7 -36 -3 -3
4 16 36 -3 -3 36 -3 -5 36 80 -5 36 80 -3
4 16 -36 -3 -3 -36 -3 -5 -36 80 -5 -36 80 -3
4 16 -36 3 -3 36 3 -3 36 71 -3 -36 71 -3
4 16 -33.5 -3 -3 33.5 -3 -3 33.5 3 -3 -33.5 3 -3
1 16 4 73 -11 0 0 2 2 0 0 0 2 0 2-4edge.dat
1 16 -4 73 -11 0 0 -2 2 0 0 0 2 0 2-4edge.dat
2 24 4 75 -11 -4 75 -11
2 24 4 71 -11 -4 71 -11
1 16 4 73 -9 -2 0 0 0 0 2 0 2 0 4-4edge.dat
1 16 -4 73 -9 -2 0 0 0 0 2 0 2 0 4-4edge.dat
1 16 4 73 -7 0 0 2 2 0 0 0 2 0 2-4edge.dat
1 16 -4 73 -7 0 0 -2 2 0 0 0 2 0 2-4edge.dat
2 24 4 75 -7 -4 75 -7
2 24 4 71 -7 -4 71 -7
1 16 4 73 -3 -2 0 0 0 0 2 0 2 0 4-4edge.dat
1 16 -4 73 -3 -2 0 0 0 0 2 0 2 0 4-4edge.dat
2 24 4 75 -7 4 75 -9
2 24 4 71 -7 4 71 -9
2 24 -4 75 -7 -4 75 -9
2 24 -4 71 -7 -4 71 -9
4 16 4 75 -11 4 71 -11 -4 71 -11 -4 75 -11
4 16 4 75 -11 4 75 -7 -4 75 -7 -4 75 -11
4 16 4 71 -11 4 71 -7 -4 71 -7 -4 71 -11
1 16 4 73 -11 0 0 2 2 0 0 0 2 0 2-4disc.dat
1 16 -4 73 -11 0 0 -2 2 0 0 0 2 0 2-4disc.dat
1 16 4 73 -9 -2 0 0 0 0 2 0 2 0 4-4disc.dat
1 16 -4 73 -9 -2 0 0 0 0 2 0 2 0 4-4disc.dat
1 16 4 73 -7 0 0 2 2 0 0 0 2 0 2-4ndis.dat
1 16 -4 73 -7 0 0 -2 2 0 0 0 2 0 2-4ndis.dat
1 16 4 73 -3 -2 0 0 0 0 2 0 2 0 4-4ndis.dat
1 16 -4 73 -3 -2 0 0 0 0 2 0 2 0 4-4ndis.dat
1 16 4 73 -11 0 0 2 2 0 0 0 2 0 2-4cyli.dat
1 16 -4 73 -11 0 0 -2 2 0 0 0 2 0 2-4cyli.dat
1 16 4 73 -9 0 0 -2 2 0 0 0 6 0 2-4cyli.dat
1 16 -4 73 -9 0 0 2 2 0 0 0 6 0 2-4cyli.dat
1 16 4 73 -7 0 0 2 2 0 0 0 4 0 2-4cyli.dat
1 16 -4 73 -7 0 0 -2 2 0 0 0 4 0 2-4cyli.dat
4 16 2 75 -3 -2 75 -3 -2 71 -3 2 71 -3
4 16 36 3 -3 36 -3 -3 36 -3 0 36 3 0
4 16 33.5 3 -3 33.5 -3 -3 33.5 -3 0 33.5 3 0
4 16 33.5 -3 -3 36 -3 -3 36 -3 0 33.5 -3 0
4 16 33.5 3 -3 36 3 -3 36 3 0 33.5 3 0
1 16 36 0 0 0 -2.5 0 -3 0 0 0 0 3 2-4cyli.dat
1 16 36 0 0 0 4 0 3 0 0 0 0 3 2-4disc.dat
1 16 33.5 0 0 0 4 0 3 0 0 0 0 3 2-4disc.dat
1 16 36 0 0 0 4 0 3 0 0 0 0 3 2-4edge.dat
1 16 33.5 0 0 0 4 0 3 0 0 0 0 3 2-4edge.dat
4 16 -36 3 -3 -36 -3 -3 -36 -3 0 -36 3 0
4 16 -33.5 3 -3 -33.5 -3 -3 -33.5 -3 0 -33.5 3 0
4 16 -33.5 -3 -3 -36 -3 -3 -36 -3 0 -33.5 -3 0
4 16 -33.5 3 -3 -36 3 -3 -36 3 0 -33.5 3 0
1 16 -33.5 0 0 0 -2.5 0 -3 0 0 0 0 3 2-4cyli.dat
1 16 -36 0 0 0 4 0 3 0 0 0 0 3 2-4disc.dat
1 16 -33.5 0 0 0 4 0 3 0 0 0 0 3 2-4disc.dat
1 16 -36 0 0 0 4 0 3 0 0 0 0 3 2-4edge.dat
1 16 -33.5 0 0 0 4 0 3 0 0 0 0 3 2-4edge.dat
2 24 36 -3 -7 36 -3 0
2 24 36 3 -3 36 80 -3
2 24 -36 80 -3 36 80 -3
2 24 -36 80 -3 -36 3 -3
2 24 -36 80 -7 -36 80 -3
2 24 36 80 -7 36 80 -3
2 24 -33.5 -3 -3 33.5 -3 -3
2 24 36 3 -3 36 3 0
2 24 33.5 3 -3 36 3 -3
2 24 33.5 -3 -3 33.5 3 -3
2 24 -33.5 -3 -3 -33.5 3 -3
2 24 -36 3 -3 -33.5 3 -3
2 24 -36 -3 -7 -36 -3 0
2 24 -36 3 -3 -36 3 0
2 24 33.5 -3 -3 33.5 -3 0
2 24 33.5 3 -3 33.5 3 0
2 24 -33.5 -3 -3 -33.5 -3 0
2 24 -33.5 3 -3 -33.5 3 0
0
