0 Panel  1 x  1 x  1 Corner
0 Name: 6231.dat
0 Author: James Jessiman
0 Original LDraw Part
0 LDRAW_ORG Part UPDATE 2001-02

0 2001-10-12 Jacob Sparre Andersen, bug-fix
 
4 16  10 0 10  10 16 10  10 16 6  10 0 6

 1 16 0 24 0 6 0 0 0 -4 0 0 0 6 box5.dat

 4 16 10 24 10 6 24 6 -6 24 6 -10 24 10
 4 16 -10 24 10 -6 24 6 -6 24 -6 -10 24 -10
 4 16 -10 24 -10 -6 24 -6 6 24 -6 10 24 -10
 4 16 10 24 -10 6 24 -6 6 24 6 10 24 10

 2 24 10 24 10 -10 24 10
 2 24 -10 24 10 -10 24 -10
 2 24 -10 24 -10 10 24 -10
 2 24 10 24 -10 10 24 10

 2 24 10 16 6 -6 16 6
 2 24 -6 16 6 -6 16 -10
 2 24 -6 16 -10 10 16 -10
 2 24 10 16 -10 10 16 6

 2 24 10 0 10 -10 0 10
 2 24 -10 0 10 -10 0 -10
 2 24 -10 0 -10 -6 0 -10
 2 24 -6 0 -10 -6 0 6
 2 24 -6 0 6 10 0 6
 2 24 10 0 6 10 0 10

 2 24 10 0 6 10 16 6
 2 24 -6 0 6 -6 16 6
 2 24 -6 0 -10 -6 16 -10
 2 24 10 16 -10 10 24 -10
 2 24 10 0 10 10 24 10
 2 24 -10 0 10 -10 24 10
 2 24 -10 0 -10 -10 24 -10

 4 16 10 16 6 10 16 -10 -6 16 -10 -6 16 6
 4 16 10 0 10 10 0 6 -6 0 6 -10 0 10
 4 16 -6 0 6 -6 0 -10 -10 0 -10 -10 0 10

 4 16 -10 24 -10 10 24 -10 10 16 -10 -10 16 -10
 4 16 10 24 -10 10 24 10 10 16 10 10 16 -10

 4 16 10 24 10 10 0 10 -10 0 10 -10 24 10
 4 16 -10 24 10 -10 0 10 -10 0 -10 -10 24 -10
 4 16 -10 16 -10 -10 0 -10 -6 0 -10 -6 16 -10
 4 16 -6 16 -10 -6 0 -10 -6 0 6 -6 16 6
 4 16 -6 16 6 -6 0 6 10 0 6 10 16 6
0
