0 Freestyle Door  1 x  6 x  6
0 Name: 6237.dat
0 Author: James Jessiman
0 Original LDraw Part - LDraw beta 0.27 Archive

 1 16 0 128 0 3 0 0 0 0 0 0 0 -3 2-4edge.dat
 1 16 0 0 0 3 0 0 0 0 0 0 0 -3 2-4edge.dat
 2 24 3 128 0 3 128 95
 2 24 3 128 95 -3 128 95
 2 24 -3 128 95 -3 128 0
 2 24 3 0 0 3 0 95
 2 24 3 0 95 -3 0 95
 2 24 -3 0 95 -3 0 0

 1 16 0 70 23 3 0 0 0 0 0 0 0 16 rect.dat
 1 16 0 70 69 3 0 0 0 0 0 0 0 16 rect.dat
 1 16 0 43 23 3 0 0 0 0 0 0 0 16 rect.dat
 1 16 0 43 69 3 0 0 0 0 0 0 0 16 rect.dat
 1 16 0 37 23 3 0 0 0 0 0 0 0 16 rect.dat
 1 16 0 37 69 3 0 0 0 0 0 0 0 16 rect.dat
 2 24 3 8 39 -3 8 39
 2 24 3 8 53 -3 8 53

 2 24 3 0 95 3 128 95
 2 24 -3 0 95 -3 128 95
 2 24 3 43 85 3 70 85
 2 24 -3 43 85 -3 70 85
 2 24 3 8 53 3 37 53
 2 24 -3 8 53 -3 37 53
 2 24 3 43 53 3 70 53
 2 24 -3 43 53 -3 70 53
 2 24 3 8 39 3 37 39
 2 24 -3 8 39 -3 37 39
 2 24 3 43 39 3 70 39
 2 24 -3 43 39 -3 70 39
 2 24 3 43 7 3 70 7
 2 24 -3 43 7 -3 70 7

 1 16 3 37 53 0 0 0 -29 0 0 0 0 32 1-4edge.dat
 1 16 -3 37 53 0 0 0 -29 0 0 0 0 32 1-4edge.dat
 1 16 3 37 39 0 0 0 -29 0 0 0 0 -32 1-4edge.dat
 1 16 -3 37 39 0 0 0 -29 0 0 0 0 -32 1-4edge.dat

 1 16 0 128 0 3 0 0 0 0 0 0 0 -3 2-4disc.dat
 4 16 3 128 0 3 128 95 -3 128 95 -3 128 0
 1 16 0 0 0 3 0 0 0 0 0 0 0 -3 2-4disc.dat
 4 16 3 0 0 3 0 95 -3 0 95 -3 0 0

 4 16 3 128 95 3 0 95 -3 0 95 -3 128 95
 4 16 3 70 85 3 43 85 -3 43 85 -3 70 85
 1 16 3 37 53 0 -6 0 -29 0 0 0 0 32 1-4cyli.dat
 4 16 3 70 53 3 43 53 -3 43 53 -3 70 53
 4 16 3 37 53 3 8 53 -3 8 53 -3 37 53
 4 16 3 70 39 3 43 39 -3 43 39 -3 70 39
 4 16 3 37 39 3 8 39 -3 8 39 -3 37 39
 1 16 3 37 39 0 -6 0 -29 0 0 0 0 -32 1-4cyli.dat
 4 16 3 70 7 3 43 7 -3 43 7 -3 70 7
 1 16 0 0 0 3 0 0 0 128 0 0 0 -3 2-4cyli.dat

 1 16 3 37 39 0 0 0 -29 0 0 0 0 -32 1-4ndis.dat
 1 16 -3 37 39 0 0 0 -29 0 0 0 0 -32 1-4ndis.dat
 1 16 3 37 53 0 0 0 -29 0 0 0 0 32 1-4ndis.dat
 1 16 -3 37 53 0 0 0 -29 0 0 0 0 32 1-4ndis.dat

 4 16 3 128 95 3 70 85 3 70 7 3 128 0
 4 16 3 43 85 3 37 85 3 37 7 3 43 7
 4 16 3 0 95 3 8 85 3 8 7 3 0 0
 4 16 3 128 95 3 70 85 3 8 85 3 0 95
 4 16 3 70 53 3 8 53 3 8 39 3 70 39
 4 16 3 128 0 3 70 7 3 8 7 3 0 0
 4 16 -3 128 95 -3 70 85 -3 70 7 -3 128 0
 4 16 -3 43 85 -3 37 85 -3 37 7 -3 43 7
 4 16 -3 0 95 -3 8 85 -3 8 7 -3 0 0
 4 16 -3 128 95 -3 70 85 -3 8 85 -3 0 95
 4 16 -3 70 53 -3 8 53 -3 8 39 -3 70 39
 4 16 -3 128 0 -3 70 7 -3 8 7 -3 0 0

 2 24 3 118 85 3 80 85
 2 24 3 80 85 3 80 7
 2 24 3 80 7 3 118 7
 2 24 3 118 7 3 118 85
 2 24 -3 118 85 -3 80 85
 2 24 -3 80 85 -3 80 7
 2 24 -3 80 7 -3 118 7
 2 24 -3 118 7 -3 118 85

 1 16 4.5 80 83 1.5 0 0 0 0 8 0 0 0 rect.dat
 1 16 8 80 83 0 0 0 8 0 0 0 0 8 4-4edge.dat
 1 16 6 80 83 0 0 0 8 0 0 0 0 8 2-4edge.dat
 1 16 3 80 83 0 0 0 8 0 0 0 0 -8 2-4edge.dat
 1 16 8 80 83 0 0 0 8 0 0 0 0 8 4-4disc.dat
 1 16 6 80 83 0 0 0 8 0 0 0 0 8 2-4disc.dat
 1 16 8 80 83 0 -2 0 8 0 0 0 0 8 2-4cyli.dat
 1 16 8 80 83 0 -5 0 8 0 0 0 0 -8 2-4cyli.dat
 1 16 -4.5 80 83 1.5 0 0 0 0 8 0 0 0 rect.dat
 1 16 -8 80 83 0 0 0 8 0 0 0 0 8 4-4edge.dat
 1 16 -6 80 83 0 0 0 8 0 0 0 0 8 2-4edge.dat
 1 16 -3 80 83 0 0 0 8 0 0 0 0 -8 2-4edge.dat
 1 16 -8 80 83 0 0 0 8 0 0 0 0 8 4-4disc.dat
 1 16 -6 80 83 0 0 0 8 0 0 0 0 8 2-4disc.dat
 1 16 -8 80 83 0 2 0 8 0 0 0 0 8 2-4cyli.dat
 1 16 -8 80 83 0 5 0 8 0 0 0 0 -8 2-4cyli.dat
0
