0 Windscreen  4 x  4 x  1
0 Name: 6238.dat
0 Author: Thomas Burger
0 Official LCad update 98-07

 1 16 20 20 -30 1 0 0 0 -1 0 0 0 1 stud3.dat
 1 16 0 20 -30 1 0 0 0 -1 0 0 0 1 stud3.dat
 1 16 -20 20 -30 1 0 0 0 -1 0 0 0 1 stud3.dat
 2 24 36 24 -24 -36 24 -24 
 2 24 -36 24 -24 -36 24 -30 
 2 24 -30 24 -36 30 24 -36 
 2 24 36 24 -30 36 24 -24 
 1 16 30 24 -30 6 0 0 0 0 0 0 0 -6 1-4edge.dat
 1 16 -30 24 -30 -6 0 0 0 0 0 0 0 -6 1-4edge.dat
 2 24 36 20 -24 -36 20 -24 
 2 24 -36 20 -24 -36 20 -30 
 2 24 -30 20 -36 30 20 -36 
 2 24 36 20 -30 36 20 -24 
 1 16 30 20 -30 6 0 0 0 0 0 0 0 -6 1-4edge.dat
 1 16 -30 20 -30 -6 0 0 0 0 0 0 0 -6 1-4edge.dat
 2 24 36 20 -24 36 24 -24 
 2 24 -36 20 -24 -36 24 -24 
 2 24 40 24 40 36 24 40 
 2 24 36 24 40 36 24 -20 
 2 24 36 24 -20 -36 24 -20 
 2 24 -36 24 -20 -36 24 40 
 2 24 -36 24 40 -40 24 40 
 2 24 -40 24 40 -40 24 -30 
 2 24 -30 24 -40 30 24 -40 
 2 24 40 24 -30 40 24 40 
 2 24 36 16 -20 -36 16 -20 
 2 24 -36 16 -20 -36 16 -30 
 2 24 -30 16 -36 30 16 -36 
 2 24 36 16 -30 36 16 -20 
 2 24 -30 4 0 30 4 0 
 1 16 30 4 6 6 0 0 0 0 0 0 0 -6 1-4edge.dat
 1 16 -30 4 6 -6 0 0 0 0 0 0 0 -6 1-4edge.dat
 2 24 40 24 40 36 24 40 
 2 24 -36 24 40 -40 24 40 
 2 24 40 0 40 36 0 40 
 2 24 -30 0 0 30 0 0 
 1 16 30 0 6 6 0 0 0 0 0 0 0 -6 1-4edge.dat
 1 16 -30 0 6 -6 0 0 0 0 0 0 0 -6 1-4edge.dat
0
 4 16 -30 4 0 -30 0 0 30 0 0 30 4 0 
 1 16 30 0 6 6 0 0 0 4 0 0 0 -6 1-4cyli.dat
 1 16 -30 0 6 -6 0 0 0 4 0 0 0 -6 1-4cyli.dat
0
 2 24 -36 0 40 -40 0 40 
 2 24 40 0 40 40 24 40 
 2 24 36 0 40 36 24 40 
 2 24 -40 0 40 -40 24 40 
 2 24 -36 0 40 -36 24 40 
 2 24 -40 0 40 -40 0 -10 
 2 24 -30 0 -20 30 0 -20 
 2 24 -30 4 -19 30 4 -19 
 2 24 40 0 -10 40 0 40 
 2 24 36 16 -20 36 24 -20 
 2 24 -36 16 -20 -36 24 -20 
0
 2 24 36 4 -13.33 36 4 6 
 2 24 -36 4 -13.33 -36 4 6 
 2 24 36 0 40 36 0 6 
 2 24 -36 0 6 -36 0 40 
 2 24 -30 16 -40 30 16 -40 
 1 16 -30 4 6 0 0 -6 0 0 0 -6 0 0 1-4ndis.dat
 1 16 30 4 6 6 0 0 0 0 0 0 0 -6 1-4ndis.dat
 1 16 -30 0 6 0 0 -6 0 0 0 -6 0 0 1-4ndis.dat
 1 16 30 0 6 6 0 0 0 0 0 0 0 -6 1-4ndis.dat
 1 16 30 24 -30 10 0 0 0 0 0 0 0 -10 1-4edge.dat
 1 16 -30 24 -30 -10 0 0 0 0 0 0 0 -10 1-4edge.dat
 1 16 30 16 -30 6 0 0 0 0 0 0 0 -6 1-4edge.dat
 1 16 -30 16 -30 -6 0 0 0 0 0 0 0 -6 1-4edge.dat
 1 16 30 16 -30 10 0 0 0 0 0 0 0 -10 1-4edge.dat
 1 16 -30 16 -30 -10 0 0 0 0 0 0 0 -10 1-4edge.dat
 1 16 30 4 -13.33 6 0 0 0 0 0 0 0 -6 1-4edge.dat
 1 16 -30 4 -13.33 -6 0 0 0 0 0 0 0 -6 1-4edge.dat
 1 16 30 0 -10 10 0 0 0 0 0 0 0 -10 1-4edge.dat
 1 16 -30 0 -10 -10 0 0 0 0 0 0 0 -10 1-4edge.dat
 4 16 36 24 -24 36 20 -24 -36 20 -24 -36 24 -24 
 4 16 -36 24 -24 -36 20 -24 -36 20 -30 -36 24 -30 
 4 16 36 24 -30 36 20 -30 36 20 -24 36 24 -24 
 4 16 -30 24 -36 -30 20 -36 30 20 -36 30 24 -36 
 1 16 30 20 -30 6 0 0 0 4 0 0 0 -6 1-4cyli.dat
 1 16 -30 20 -30 -6 0 0 0 4 0 0 0 -6 1-4cyli.dat
 1 16 30 16 -30 10 0 0 0 8 0 0 0 -10 1-4cyli.dat
 1 16 -30 16 -30 -10 0 0 0 8 0 0 0 -10 1-4cyli.dat
 4 16 -36 24 -20 36 24 -20 36 16 -20 -36 16 -20 
 4 16 -30 24 -40 30 24 -40 30 16 -40 -30 16 -40 
 4 16 36 24 -20 -36 24 -20 -36 24 -24 36 24 -24 
 4 16 30 24 -36 -30 24 -36 -30 24 -40 30 24 -40 
 1 16 30 20 -30 6 0 0 0 0 0 0 0 -6 1-4disc.dat
 1 16 -30 20 -30 -6 0 0 0 0 0 0 0 -6 1-4disc.dat
 4 16 36 20 -24 -36 20 -24 -36 20 -30 36 20 -30 
 4 16 30 20 -30 -30 20 -30 -30 20 -36 30 20 -36 
 1 16 30 16 -30 6 0 0 0 0 0 0 0 -6 1-4disc.dat
 1 16 -30 16 -30 -6 0 0 0 0 0 0 0 -6 1-4disc.dat
 4 16 36 16 -20 -36 16 -20 -36 16 -30 36 16 -30 
 4 16 30 16 -30 -30 16 -30 -30 16 -36 30 16 -36 
 1 16 30 4 -13.33 6 0 0 0 0 0 0 0 -6 1-4disc.dat
 1 16 -30 4 -13.33 -6 0 0 0 0 0 0 0 -6 1-4disc.dat
 4 16 36 4 0 30 4 0 30 4 -15 36 4 -15 
 4 16 -36 4 0 -30 4 0 -30 4 -15 -36 4 -15 
 1 16 30 0 -10 10 0 0 0 0 0 0 0 -10 1-4disc.dat
 1 16 -30 0 -10 -10 0 0 0 0 0 0 0 -10 1-4disc.dat
 4 16 -36 24 -30 -35.54 24 -32.30 -39.24 24 -33.83 -40 24 -30 
 4 16 -35.54 24 -32.30 -34.24 24 -34.24 -37.07 24 -37.07 -39.24 24 -33.83 
 4 16 -34.24 24 -34.24 -32.30 24 -35.54 -33.83 24 -39.24 -37.07 24 -37.07 
 4 16 -32.30 24 -35.54 -30 24 -36 -30 24 -40 -33.83 24 -39.24 
 4 16 30 24 -36 32.30 24 -35.54 33.83 24 -39.24 30 24 -40 
 4 16 32.30 24 -35.54 34.24 24 -34.24 37.07 24 -37.07 33.83 24 -39.24 
 4 16 34.24 24 -34.24 35.54 24 -32.30 39.24 24 -33.83 37.07 24 -37.07 
 4 16 35.54 24 -32.30 36 24 -30 40 24 -30 39.24 24 -33.83 
0 new edit
 1 16 30 4 -13.33 6 0 0 0 12 0 0 -16.67 -6 1-4cyli.dat
 1 16 -30 4 -13.33 -6 0 0 0 12 0 0 -16.67 -6 1-4cyli.dat
 1 16 30 0 -10 10 0 0 0 16 0 0 -20 -10 1-4cyli.dat
 1 16 -30 0 -10 -10 0 0 0 16 0 0 -20 -10 1-4cyli.dat
 4 16 36 4 0 -36 4 0 -30 4 -19 30 4 -19 
0 end
 3 16 40 24 -30 40 16 -30 40 0 -10 
 3 16 -40 24 -30 -40 16 -30 -40 0 -10 
0 editing next plane
 3 16 -36 0 40 -36 0 6 -36 4 6 
 3 16 36 0 40 36 0 6 36 4 6 
 3 16 -36 0 40 -36 24 -20 -36 4 6 
 3 16 36 0 40 36 24 -20 36 4 6 
0 end 2
 4 16 -36 4 0 -36 0 0 36 4 0 36 0 0 
 4 16 40 24 40 36 24 40 36 24 -30 40 24 -30 
 4 16 -40 24 40 -36 24 40 -36 24 -30 -40 24 -30 
 4 16 40 0 40 36 0 40 36 0 0 40 0 0 
 4 16 -40 0 40 -36 0 40 -36 0 0 -40 0 0 
 4 16 40 0 0 30 0 0 30 0 -10 40 0 -10 
 4 16 -40 0 0 -30 0 0 -30 0 -10 -40 0 -10 
 4 16 30 0 0 -30 0 0 -30 0 -20 30 0 -20 
 4 16 -40 24 40 -40 24 -30 -40 0 40 -40 0 -10 
 4 16 40 24 40 40 24 -30 40 0 40 40 0 -10 
 4 16 30 16 -40 -30 16 -40 -30 0 -20 30 0 -20 
 4 16 -30 16 -36 30 16 -36 -30 4 -19 30 4 -19 
 4 16 36 0 40 36 24 40 36 16 -20 36 24 -20 
 4 16 -36 0 40 -36 24 40 -36 16 -20 -36 24 -20 
 4 16 36 0 40 36 24 40 40 0 40 40 24 40 
 4 16 -36 0 40 -36 24 40 -40 0 40 -40 24 40 
 1 16 30 0 -10 1 0 0 0 1 0 0 0 1 stud2.dat
 1 16 10 0 -10 1 0 0 0 1 0 0 0 1 stud2.dat
 1 16 -10 0 -10 1 0 0 0 1 0 0 0 1 stud2.dat
 1 16 -30 0 -10 1 0 0 0 1 0 0 0 1 stud2.dat
