0 Minifig Tool Power Drill
0 Name: 6246c.dat
0 Author: Steve Bliss
0 Official LCad update 98-09

0 CATEGORY Minifig
0 KEYWORDS minifig, tools, power drill, drill, town
0 not CW-Compliant

4 16 0 20 43.964 4 20 43.964 3.68 20 42.384 2.8 20 41.053
4 16 0 20 43.964 2.8 20 41.053 1.52 20 40.137 0 20 39.805
4 16 0 20 43.964 0 20 39.805 -1.52 20 40.137 -2.8 20 41.053
4 16 0 20 43.964 -2.8 20 41.053 -3.68 20 42.384 -4 20 43.964
4 16 0 20 43.964 -4 20 43.964 -3.68 20 45.544 -2.8 20 46.875
4 16 0 20 43.964 -2.8 20 46.875 -1.52 20 47.79 0 20 48.123
4 16 0 20 43.964 0 20 48.123 1.52 20 47.79 2.8 20 46.875
4 16 0 20 43.964 2.8 20 46.875 3.68 20 45.544 4 20 43.964
2 24 4 20 43.964 3.68 20 42.384
2 24 3.68 20 42.384 2.8 20 41.053
2 24 2.8 20 41.053 1.52 20 40.137
2 24 1.52 20 40.137 0 20 39.805
2 24 0 20 39.805 -1.52 20 40.137
2 24 -1.52 20 40.137 -2.8 20 41.053
2 24 -2.8 20 41.053 -3.68 20 42.384
2 24 -3.68 20 42.384 -4 20 43.964
2 24 -4 20 43.964 -3.68 20 45.544
2 24 -3.68 20 45.544 -2.8 20 46.875
2 24 -2.8 20 46.875 -1.52 20 47.79
2 24 -1.52 20 47.79 0 20 48.123
2 24 0 20 48.123 1.52 20 47.79
2 24 1.52 20 47.79 2.8 20 46.875
2 24 2.8 20 46.875 3.68 20 45.544
2 24 3.68 20 45.544 4 20 43.964
2 24 3.68 8 39.168 4 8 40.747
2 24 2.8 8 37.836 3.68 8 39.168
2 24 1.52 8 36.921 2.8 8 37.836
2 24 0 8 36.589 1.52 8 36.921
2 24 -1.52 8 36.921 0 8 36.589
2 24 -2.8 8 37.836 -1.52 8 36.921
2 24 -3.68 8 39.168 -2.8 8 37.836
2 24 -4 8 40.747 -3.68 8 39.168
2 24 -3.68 6.779 42 -4 8 40.747
2 24 -2.8 1.812 42 -3.68 6.779 42
2 24 -1.52 -1.603 42 -2.8 1.812 42
2 24 0 -2.842 42 -1.52 -1.603 42
2 24 1.52 -1.603 42 0 -2.842 42
2 24 2.8 1.812 42 1.52 -1.603 42
2 24 3.68 6.779 42 2.8 1.812 42
2 24 3.68 7 42 3.699 7.383 41.924
2 24 3.699 7.383 41.924 3.755 7.707 41.707
2 24 3.755 7.707 41.707 3.838 7.924 41.383
2 24 3.838 7.924 41.383 3.935 8 41
4 16 4 20 43.964 3.68 20 42.384 3.68 8 39.168 4 8 40.747
5 24 4 20 43.964 4 8 40.747 3.68 22.395 43.026 3.68 21.605 45.974
4 16 3.68 20 42.384 2.8 20 41.053 2.8 8 37.836 3.68 8 39.168
5 24 3.68 20 42.384 3.68 8 39.168 2.8 22.728 41.784 4 22 44.5
4 16 2.8 20 41.053 1.52 20 40.137 1.52 8 36.921 2.8 8 37.836
5 24 2.8 20 41.053 2.8 8 37.836 1.52 22.957 40.93 3.68 22.395 43.026
4 16 1.52 20 40.137 0 20 39.805 0 8 36.589 1.52 8 36.921
5 24 1.52 20 40.137 1.52 8 36.921 0 23.04 40.62 2.8 22.728 41.784
4 16 0 20 39.805 -1.52 20 40.137 -1.52 8 36.921 0 8 36.589
5 24 0 20 39.805 0 8 36.589 -1.52 22.957 40.93 1.52 22.957 40.93
4 16 -1.52 20 40.137 -2.8 20 41.053 -2.8 8 37.836 -1.52 8 36.921
5 24 -1.52 20 40.137 -1.52 8 36.921 -2.8 22.728 41.784 0 23.04 40.62
4 16 -2.8 20 41.053 -3.68 20 42.384 -3.68 8 39.168 -2.8 8 37.836
5 24 -2.8 20 41.053 -2.8 8 37.836 -3.68 22.395 43.026 -1.52 22.957 40.93
4 16 -3.68 20 42.384 -4 20 43.964 -4 8 40.747 -3.68 8 39.168
5 24 -3.68 20 42.384 -3.68 8 39.168 -4 22 44.5 -2.8 22.728 41.784
4 16 -4 20 43.964 -3.68 20 45.544 -3.68 6.779 42 -4 8 40.747
5 24 -4 20 43.964 -4 8 40.747 -3.68 21.605 45.974 -3.68 22.395 43.026
4 16 -3.68 20 45.544 -2.8 20 46.875 -2.8 1.812 42 -3.68 6.779 42
5 24 -3.68 20 45.544 -3.68 6.779 42 -2.8 21.272 47.216 -4 22 44.5
4 16 -2.8 20 46.875 -1.52 20 47.79 -1.52 -1.603 42 -2.8 1.812 42
5 24 -2.8 20 46.875 -2.8 1.812 42 -1.52 21.043 48.07 -3.68 21.605 45.974
4 16 -1.52 20 47.79 0 20 48.123 0 -2.842 42 -1.52 -1.603 42
5 24 -1.52 20 47.79 -1.52 -1.603 42 0 20.96 48.38 -2.8 21.272 47.216
4 16 0 20 48.123 1.52 20 47.79 1.52 -1.603 42 0 -2.842 42
5 24 0 20 48.123 0 -2.842 42 1.52 21.043 48.07 -1.52 21.043 48.07
4 16 1.52 20 47.79 2.8 20 46.875 2.8 1.812 42 1.52 -1.603 42
5 24 1.52 20 47.79 1.52 -1.603 42 2.8 21.272 47.216 0 20.96 48.38
4 16 2.8 20 46.875 3.68 20 45.544 3.68 6.779 42 2.8 1.812 42
5 24 2.8 20 46.875 2.8 1.812 42 3.68 21.605 45.974 1.52 21.043 48.07
4 16 3.68 20 45.544 4 20 43.964 4 8 40.747 3.68 6.779 42
5 24 3.68 20 45.544 3.68 6.779 42 4 22 44.5 2.8 21.272 47.216
1 16 0 0 1.5 1.5 0 0 0 0 -1.5 0 -1.5 0 4-8sphe.dat
1 16 0 0 1.5 1.5 0 0 0 0 -1.5 0 6.5 0 4-4cyli.dat
1 16 0 0 8 1.5 0 0 0 0 -1.5 0 0 0 4-4edge.dat
1 16 0 0 8 2 0 0 0 0 -2 0 0 0 4-4disc.dat
1 16 0 0 8 2 0 0 0 0 -2 0 0 0 4-4edge.dat
1 16 0 0 10 2 0 0 0 0 -2 0 -2 0 4-4con12.dat
1 16 0 0 10 4 0 0 0 0 -4 0 0 0 4-4edge.dat
1 16 0 0 10 4 0 0 0 0 -4 0 4 0 4-4cyli.dat
1 16 0 0 14 4 0 0 0 0 -4 0 0 0 4-4edge.dat
1 16 0 0 14 2 0 0 0 0 -2 0 0 0 ring2.dat
1 16 0 0 14 6 0 0 0 0 -6 0 0 0 4-4edge.dat
1 16 0 0 14 6 0 0 0 0 -6 0 7 0 4-4cyli.dat
1 16 0 0 21 6 0 0 0 0 -6 0 0 0 4-4edge.dat
1 16 6 -4 33 0 0 0 -0.75 0 0 0 0 0.75 2-4edge.dat
2 24 6 -4.75 33 6 -4.75 24.5
2 24 6 -3.25 33 6 -3.25 24.5
1 16 6 -4 24.5 0 0 0 -0.75 0 0 0 0 -0.75 2-4edge.dat
1 16 6 -1 33 0 0 0 -0.75 0 0 0 0 0.75 2-4edge.dat
2 24 6 -1.75 33 6 -1.75 24.5
2 24 6 -0.25 33 6 -0.25 24.5
1 16 6 -1 24.5 0 0 0 -0.75 0 0 0 0 -0.75 2-4edge.dat
1 16 -6 -4 33 0 0 0 -0.75 0 0 0 0 0.75 2-4edge.dat
2 24 -6 -4.75 33 -6 -4.75 24.5
2 24 -6 -3.25 33 -6 -3.25 24.5
1 16 -6 -4 24.5 0 0 0 -0.75 0 0 0 0 -0.75 2-4edge.dat
1 16 -6 -1 33 0 0 0 -0.75 0 0 0 0 0.75 2-4edge.dat
2 24 -6 -1.75 33 -6 -1.75 24.5
2 24 -6 -0.25 33 -6 -0.25 24.5
1 16 -6 -1 24.5 0 0 0 -0.75 0 0 0 0 -0.75 2-4edge.dat
2 24 6 6 21 6 -5 21
1 16 5 -5 21 1 0 0 0 0 -1 0 0 0 1-4edge.dat
1 16 5 -5 21 1 0 0 0 0 -1 0 0 0 1-4disc.dat
2 24 5 -6 21 -5 -6 21
1 16 -5 -5 21 -1 0 0 0 0 -1 0 0 0 1-4edge.dat
1 16 -5 -5 21 -1 0 0 0 0 -1 0 0 0 1-4disc.dat
2 24 -6 -5 21 -6 7 21
4 16 -6 7 22 -5.924 7.383 22 -6 7 21 -5.924 7.383 21.076
4 16 -5.924 7.383 22 -5.707 7.707 22 -5.924 7.383 21.076 -5.707 7.707 21.293
4 16 -5.707 7.707 22 -5.383 7.924 22 -5.707 7.707 21.293 -5.383 7.924 21.617
4 16 -5.383 7.924 22 -5 8 22 -5.383 7.924 21.617 -5 8 22
4 16 -5 7 21 -5 7.383 21.076 -6 7 21 -5.924 7.383 21.076
4 16 -5 7.383 21.076 -5 7.707 21.293 -5.924 7.383 21.076 -5.707 7.707 21.293
4 16 -5 7.707 21.293 -5 7.924 21.617 -5.707 7.707 21.293 -5.383 7.924 21.617
4 16 -5 7.924 21.617 -5 8 22 -5.383 7.924 21.617 -5 8 22
5 24 -5 7.383 21.076 -5.924 7.383 21.076 -5.481 7.191 21.038 -5.408 7.545 21.184
5 24 -5 7.707 21.293 -5.707 7.707 21.293 -5.408 7.545 21.184 -5.273 7.816 21.455
5 24 -5 7.924 21.617 -5.383 7.924 21.617 -5.273 7.816 21.455 -5.096 7.962 21.809
5 24 -5 8 22 -5.383 7.924 21.617 -5.191 7.962 21.904 -5.096 7.962 21.809
5 24 -5.383 7.924 21.617 -5.707 7.707 21.293 -5.545 7.816 21.727 -5.273 7.816 21.455
5 24 -5.383 7.924 22 -5.383 7.924 21.617 -5.545 7.816 21.727 -5.191 7.962 21.904
5 24 -5.707 7.707 22 -5.707 7.707 21.293 -5.816 7.545 21.592 -5.545 7.816 21.727
5 24 -5.924 7.383 21.076 -6 7 21 -5.962 7.191 21.519 -5.481 7.191 21.038
5 24 -5.707 7.707 21.293 -5.924 7.383 21.076 -5.816 7.545 21.592 -5.408 7.545 21.184
5 24 -5.924 7.383 22 -5.924 7.383 21.076 -5.962 7.191 21.519 -5.816 7.545 21.592
4 16 6 7 22 5.924 7.383 22 6 7 21 5.924 7.383 21.076
4 16 5.924 7.383 22 5.707 7.707 22 5.924 7.383 21.076 5.707 7.707 21.293
4 16 5.707 7.707 22 5.383 7.924 22 5.707 7.707 21.293 5.383 7.924 21.617
4 16 5.383 7.924 22 5 8 22 5.383 7.924 21.617 5 8 22
4 16 5 7 21 5 7.383 21.076 6 7 21 5.924 7.383 21.076
4 16 5 7.383 21.076 5 7.707 21.293 5.924 7.383 21.076 5.707 7.707 21.293
4 16 5 7.707 21.293 5 7.924 21.617 5.707 7.707 21.293 5.383 7.924 21.617
4 16 5 7.924 21.617 5 8 22 5.383 7.924 21.617 5 8 22
5 24 5 7.383 21.076 5.924 7.383 21.076 5.481 7.191 21.038 5.408 7.545 21.184
5 24 5 7.707 21.293 5.707 7.707 21.293 5.408 7.545 21.184 5.273 7.816 21.455
5 24 5 7.924 21.617 5.383 7.924 21.617 5.273 7.816 21.455 5.096 7.962 21.809
5 24 5 8 22 5.383 7.924 21.617 5.191 7.962 21.904 5.096 7.962 21.809
5 24 5.383 7.924 21.617 5.707 7.707 21.293 5.545 7.816 21.727 5.273 7.816 21.455
5 24 5.383 7.924 22 5.383 7.924 21.617 5.545 7.816 21.727 5.191 7.962 21.904
5 24 5.707 7.707 22 5.707 7.707 21.293 5.816 7.545 21.592 5.545 7.816 21.727
5 24 5.924 7.383 21.076 6 7 21 5.962 7.191 21.519 5.481 7.191 21.038
5 24 5.707 7.707 21.293 5.924 7.383 21.076 5.816 7.545 21.592 5.408 7.545 21.184
5 24 5.924 7.383 22 5.924 7.383 21.076 5.962 7.191 21.519 5.816 7.545 21.592
4 16 -6 -5 21 6 -5 21 6 7 21 -6 7 21
4 16 -5 -5 21 -5 -6 21 5 -6 21 5 -5 21
1 16 -5 7 22 0 10 0 0 0 1 -1 0 0 1-4cyli.dat
1 16 -5 -5 21 -1 0 0 0 0 -1 0 20 0 1-4cyli.dat
1 16 5 -5 21 1 0 0 0 0 -1 0 20 0 1-4cyli.dat
4 16 -5 -6 21 5 -6 21 5 -6 41 -5 -6 41
1 16 -5 7 22 -1 0 0 0 0 1 0 19 0 1-4cyli.dat
4 16 -6 -5 21 -6 7 21 -6 7 41 -6 -5 41
1 16 -5 -5 41 -1 0 0 0 0 -1 0 1 0 1-8sphe.dat
1 16 5 -5 41 1 0 0 0 0 -1 0 1 0 1-8sphe.dat
1 16 -5 -5 41 0 10 0 0 0 -1 1 0 0 1-4cyli.dat
1 16 -5 7 41 -1 0 0 0 -12 0 0 0 1 1-4cyli.dat
1 16 -5 7 41 -1 0 0 0 0 1 0 1 0 1-8sphe.dat
1 16 5 7 41 1 0 0 0 -12 0 0 0 1 1-4cyli.dat
1 16 5 7 41 1 0 0 0 0 1 0 1 0 1-8sphe.dat
1 16 -5 7 41 0 10 0 0 0 1 1 0 0 1-4cyli.dat
4 16 -5 7 42 -5 -5 42 5 -5 42 5 7 42
1 16 5 7 22 1 0 0 0 0 1 0 19 0 1-4cyli.dat
4 16 6 -5 21 6 7 21 6 7 41 6 -5 41
4 16 -5 8 22 5 8 22 5 8 41 -5 8 41
0