0 Minifig Tool Box Wrench
0 Name: 6246d.dat
0 Author: Steve Bliss
0 Official LCad update 99-05

0 CATEGORY Minifig Accessory
0 KEYWORDS Minifig tool box closed-end wrench

1 16 0 48 0 4 0 0 0 0 0 0 0 4 4-4edge.dat
1 16 0 41.5 0 4 0 0 0 0 0 0 0 4 4-4edge.dat
1 16 0 40 0 4 0 0 0 0 0 0 0 4 4-4edge.dat
1 16 0 38.5 0 4 0 0 0 0 0 0 0 4 4-4edge.dat
1 16 0 37 0 4 0 0 0 0 0 0 0 4 4-4edge.dat
1 16 0 35.5 0 4 0 0 0 0 0 0 0 4 4-4edge.dat
1 16 0 34 0 4 0 0 0 0 0 0 0 4 4-4edge.dat
1 16 0 32.5 0 4 0 0 0 0 0 0 0 4 4-4edge.dat
1 16 0 26 0 4 0 0 0 0 0 0 0 4 4-4edge.dat
1 16 0 23 0 2 0 0 0 0 0 0 0 2 4-4edge.dat
1 16 0 48 0 4 0 0 0 0 0 0 0 4 4-4disc.dat
1 16 0 26 0 4 0 0 0 22 0 0 0 4 4-4cyli.dat
1 16 0 26 0 2 0 0 0 -3 0 0 0 2 4-4con12.dat
1 16 0 23 0 2 0 0 0 0 0 0 0 2 4-4edge.dat
1 16 0 23 0 2 0 0 0 -6 0 0 0 2 4-4cyli.dat
2 24 2 17.58 0 1.84 17.61 0.76
2 24 1.84 17.61 0.76 1.4 17.705 1.4
2 24 1.4 17.705 1.4 0.76 17.84 1.84
2 24 0.76 17.84 1.84 0 18 2
2 24 0 18 2 -0.76 17.84 1.84
2 24 -0.76 17.84 1.84 -1.4 17.705 1.4
2 24 -1.4 17.705 1.4 -1.84 17.61 0.76
2 24 -1.84 17.61 0.76 -2 17.58 0
2 24 -2 17.58 0 -1.84 17.61 -0.76
2 24 -1.84 17.61 -0.76 -1.4 17.705 -1.4
2 24 -1.4 17.705 -1.4 -0.76 17.84 -1.84
2 24 -0.76 17.84 -1.84 0 18 -2
2 24 0 18 -2 0.76 17.84 -1.84
2 24 0.76 17.84 -1.84 1.4 17.705 -1.4
2 24 1.4 17.705 -1.4 1.84 17.61 -0.76
2 24 1.84 17.61 -0.76 2 17.58 0
1 16 0 9 -4 9 0 0 0 0 9 0 0 0 4-4edge.dat
1 16 0 9 4 9 0 0 0 0 9 0 0 0 4-4edge.dat
1 16 0 9 -4 9 0 0 0 0 9 0 8 0 4-4cyli.dat
2 24 0 15.928 -4 6 12.464 -4
2 24 6 12.464 -4 6 5.356 -4
2 24 6 5.356 -4 0 2.072 -4
2 24 0 2.072 -4 -6 5.356 -4
2 24 -6 5.356 -4 -6 12.464 -4
2 24 -6 12.464 -4 0 15.928 -4
2 24 0 15.928 4 6 12.464 4
2 24 6 12.464 4 6 5.356 4
2 24 6 5.356 4 0 2.072 4
2 24 0 2.072 4 -6 5.356 4
2 24 -6 5.356 4 -6 12.464 4
2 24 -6 12.464 4 0 15.928 4
2 24 0 15.928 -4 0 15.928 4
2 24 6 12.464 -4 6 12.464 4
2 24 6 5.356 -4 6 5.356 4
2 24 0 2.072 -4 0 2.072 4
2 24 -6 5.356 -4 -6 5.356 4
2 24 -6 12.464 -4 -6 12.464 4
4 16 0 15.928 -4 0 15.928 4 6 12.464 -4 6 12.464 4
4 16 6 12.464 -4 6 12.464 4 6 5.356 -4 6 5.356 4
4 16 6 5.356 -4 6 5.356 4 0 2.072 -4 0 2.072 4
4 16 0 2.072 -4 0 2.072 4 -6 5.356 -4 -6 5.356 4
4 16 -6 5.356 -4 -6 5.356 4 -6 12.464 -4 -6 12.464 4
4 16 -6 12.464 -4 -6 12.464 4 0 15.928 -4 0 15.928 4
4 16 0 2.072 -4 -3.42 0.72 -4 0 0 -4 3.42 0.72 -4
4 16 -6 5.356 -4 0 2.072 -4 -3.42 0.72 -4 -6.3 2.7 -4
4 16 -6 5.356 -4 -6.3 2.7 -4 -8.28 5.58 -4 -9 9 -4
3 16 -6 5.356 -4 -6 12.464 -4 -9 9 -4
4 16 -6 12.464 -4 -9 9 -4 -8.28 12.42 -4 -6.3 15.3 -4
4 16 -6 12.464 -4 0 15.928 -4 -6.3 15.3 -4 -3.42 17.28 -4
4 16 0 15.928 -4 -3.42 17.28 -4 0 18 -4 3.42 17.28 -4
4 16 6 12.464 -4 0 15.928 -4 6.3 15.3 -4 3.42 17.28 -4
4 16 6 12.464 -4 9 9 -4 8.28 12.42 -4 6.3 15.3 -4
3 16 6 5.356 -4 6 12.464 -4 9 9 -4
4 16 6 5.356 -4 6.3 2.7 -4 8.28 5.58 -4 9 9 -4
4 16 6 5.356 -4 0 2.072 -4 3.42 0.72 -4 6.3 2.7 -4
4 16 0 2.072 4 -3.42 0.72 4 0 0 4 3.42 0.72 4
4 16 -6 5.356 4 0 2.072 4 -3.42 0.72 4 -6.3 2.7 4
4 16 -6 5.356 4 -6.3 2.7 4 -8.28 5.58 4 -9 9 4
3 16 -6 5.356 4 -6 12.464 4 -9 9 4
4 16 -6 12.464 4 -9 9 4 -8.28 12.42 4 -6.3 15.3 4
4 16 -6 12.464 4 0 15.928 4 -6.3 15.3 4 -3.42 17.28 4
4 16 0 15.928 4 -3.42 17.28 4 0 18 4 3.42 17.28 4
4 16 6 12.464 4 0 15.928 4 6.3 15.3 4 3.42 17.28 4
4 16 6 12.464 4 9 9 4 8.28 12.42 4 6.3 15.3 4
3 16 6 5.356 4 6 12.464 4 9 9 4
4 16 6 5.356 4 6.3 2.7 4 8.28 5.58 4 9 9 4
4 16 6 5.356 4 0 2.072 4 3.42 0.72 4 6.3 2.7 4
0