0 Duplo Tile  2 x  2 with Equality Pattern
0 Name: 6309pug.dat
0 Author: Tony Hafner <www.hafhead.com>
0 LDRAW_ORG Part UPDATE 2004-03

0 BFC CERTIFY CW

1 16 0 0 0 1 0 0 0 1 0 0 0 1 s\6309s01.dat

0 Old solid face
0 4 16 -40 0 -40 -40 0 40 40 0 40 40 0 -40

0 Symbol
4 0 -16 0 11 16 0 11 16 0 4 -16 0 4
4 0 -16 0 -4 16 0 -4 16 0 -11 -16 0 -11

0 Surround
4 16 -16 0 4 16 0 4 16 0 -4 -16 0 -4
4 16 -40 0 40 -16 0 4 -16 0 -4 -40 0 -40
3 16 -40 0 40 -16 0 11 -16 0 4
3 16 -40 0 -40 -16 0 -4 -16 0 -11
4 16 40 0 40 40 0 -40 16 0 -4 16 0 4
3 16 40 0 40 16 0 4 16 0 11
3 16 40 0 -40 16 0 -11 16 0 -4
4 16 -40 0 40 40 0 40 16 0 11 -16 0 11
4 16 40 0 -40 -40 0 -40 -16 0 -11 16 0 -11

0
