0 Conveyor Belt Part 7
0 Name: 637.dat
0 Author: Arne Hackstein
0 Official LCad update 98-04

 1 16 20 0 0 0 0 0 0 0 8 8 0 0 2-4edge.dat
 1 16 20 0 0 0 0 0 0 0 8 8 0 0 2-4disc.dat
 1 16 24 0 0 0 0 0 0 0 8 8 0 0 2-4edge.dat
 1 16 24 0 0 0 0 0 0 0 8 8 0 0 2-4disc.dat
 1 16 24 0 0 0 -4 0 0 0 8 8 0 0 2-4cyli.dat
0
 1 16 -20 0 0 0 0 0 0 0 8 8 0 0 2-4edge.dat
 1 16 -20 0 0 0 0 0 0 0 8 8 0 0 2-4disc.dat
 1 16 -24 0 0 0 0 0 0 0 8 8 0 0 2-4edge.dat
 1 16 -24 0 0 0 0 0 0 0 8 8 0 0 2-4disc.dat
 1 16 -24 0 0 0 4 0 0 0 8 8 0 0 2-4cyli.dat
0
 1 16 20 -80 -8 0 0 0 4 0 0 0 0 4 2-4edge.dat
 1 16 24 -80 -8 0 0 0 4 0 0 0 0 -4 2-4edge.dat
 1 16 24 -80 -8 0 0 0 4 0 0 0 0 -4 2-4disc.dat
 1 16 24 -80 -8 0 -4 0 4 0 0 0 0 -4 2-4cyli.dat
0
 1 16 -20 -80 -8 0 0 0 4 0 0 0 0 4 2-4edge.dat
 1 16 -24 -80 -8 0 0 0 4 0 0 0 0 -4 2-4edge.dat
 1 16 -24 -80 -8 0 0 0 4 0 0 0 0 -4 2-4disc.dat
 1 16 -24 -80 -8 0 4 0 4 0 0 0 0 -4 2-4cyli.dat
0
 1 16 -20 -80 -8 0 40 0 4 0 0 0 0 -4 4-4cyli.dat
0
 1 16 0 -16 0 20 0 0 0 6 0 0 0 2 box.dat
0
 2 24 20 0 -8 20 -76 -8
 2 24 24 0 -8 24 -76 -8
 2 24 20 0 8 20 -88 8
 2 24 24 0 8 24 -88 8
0
 2 24 -20 0 -8 -20 -76 -8
 2 24 -24 0 -8 -24 -76 -8
 2 24 -20 0 8 -20 -88 8
 2 24 -24 0 8 -24 -88 8
0
 2 24 20 -84 -8 20 -88 8
 2 24 -20 -84 -8 -20 -88 8
0 
 2 24 24 -88 8 24 -86.5 2
 2 24 24 -85.5 -2 24 -84 -8 
 2 24 -24 -88 8 -24 -86.5 2
 2 24 -24 -85.5 -2 -24 -84 -8 
0
 2 24 24 -88 8 20 -88 8
 2 24 24 -84 -8 20 -84 -8 
 2 24 -24 -88 8 -20 -88 8
 2 24 -24 -84 -8 -20 -84 -8 
0
 2 24 24 0 2 24 0 -2
 2 24 24 0 2 24 -86.5 2
 2 24 24 0 -2 24 -85.5 -2
 2 24 26 0 2 26 0 -2
 2 24 26 0 2 26 -86.5 2
 2 24 26 0 -2 26 -85.5 -2
 2 24 24 0 2 26 0 2
 2 24 24 0 -2 26 0 -2
 2 24 24 -86.5 2 26 -86.5 2
 2 24 24 -85.5 -2 26 -85.5 -2
 2 24 26 -86.5 2 26 -85.5 -2
0
 2 24 -24 0 2 -24 0 -2
 2 24 -24 0 2 -24 -86.5 2
 2 24 -24 0 -2 -24 -85.5 -2
 2 24 -26 0 2 -26 0 -2
 2 24 -26 0 2 -26 -86.5 2
 2 24 -26 0 -2 -26 -85.5 -2
 2 24 -24 0 2 -26 0 2
 2 24 -24 0 -2 -26 0 -2
 2 24 -24 -86.5 2 -26 -86.5 2
 2 24 -24 -85.5 -2 -26 -85.5 -2
 2 24 -26 -86.5 2 -26 -85.5 -2
0 
 4 16 20 0 -8 20 -84 -8 20 -88 8 20 0 8
 4 16 -20 0 -8 -20 -84 -8 -20 -88 8 -20 0 8
0
 4 16 20 0 -8 20 -76 -8 24 -76 -8 24 0 -8
 4 16 20 0 8 20 -88 8 24 -88 8 24 0 8
 4 16 -20 0 -8 -20 -76 -8 -24 -76 -8 -24 0 -8
 4 16 -20 0 8 -20 -88 8 -24 -88 8 -24 0 8
0
 4 16 20 -84 -8 20 -88 8 24 -88 8 24 -84 -8
 4 16 -20 -84 -8 -20 -88 8 -24 -88 8 -24 -84 -8
0 
 4 16 24 -88 8 24 -86.5 2 24 0 2 24 0 8
 4 16 24 -85.5 -2 24 -84 -8 24 0 -8 24 0 -2
 4 16 -24 -88 8 -24 -86.5 2 -24 0 2 -24 0 8
 4 16 -24 -85.5 -2 -24 -84 -8 -24 0 -8 -24 0 -2
0
 4 16 24 0 2 26 0 2 26 -86.5 2 24 -86.5 2 
 4 16 24 0 -2 26 0 -2 26 -85.5 -2 24 -85.5 -2
 4 16 26 0 2 26 0 -2 26 -85.5 -2 26 -86.5 2
 4 16 24 0 2 26 0 2 26 0 -2 24 0 -2
 4 16 24 -86.5 2 26 -86.5 2 26 -85.5 -2 24 -85.5 -2
0
 4 16 -24 0 2 -26 0 2 -26 -86.5 2 -24 -86.5 2 
 4 16 -24 0 -2 -26 0 -2 -26 -85.5 -2 -24 -85.5 -2
 4 16 -26 0 2 -26 0 -2 -26 -85.5 -2 -26 -86.5 2
 4 16 -24 0 2 -26 0 2 -26 0 -2 -24 0 -2
 4 16 -24 -86.5 2 -26 -86.5 2 -26 -85.5 -2 -24 -85.5 -2
