0 Hinge Coupling-Nylon 
0 Name: 650.dat
0 Author Arne Hackstein
0 Official LCad update 98-05

 2 24 20 4 -70 -20 4 -70
 2 24 20 0 -70 -20 0 -70
 2 24 20 4 -30 8 4 -30
 2 24 -20 4 -30 -8 4 -30
 2 24 20 0 -30 8 0 -30
 2 24 -20 0 -30 -8 0 -30
 1 16 20 2 -50 0 0 0 0 0 2 20 0 0 rect.dat
 1 16 -20 2 -50 0 0 0 0 0 2 20 0 0 rect.dat
0
 4 16 20 4 -70 20 0 -70 -20 0 -70 -20 4 -70 
 4 16 20 4 -30 20 0 -30 8 0 -30 8 4 -30 
 4 16 -20 4 -30 -20 0 -30 -8 0 -30 -8 4 -30 
 4 16 20 4 -70 -20 4 -70 -20 4 -30 20 4 -30 
 4 16 20 0 -70 -20 0 -70 -20 0 -30 20 0 -30 
0 
 1 16 8 4 -24 -6 0 0 0 0 0 0 0 -6 1-4edge.dat
 1 16 -8 4 -24 6 0 0 0 0 0 0 0 -6 1-4edge.dat
 1 16 8 0 -24 -6 0 0 0 0 0 0 0 -6 1-4edge.dat
 1 16 -8 0 -24 6 0 0 0 0 0 0 0 -6 1-4edge.dat
 1 16 8 4 -24 -6 0 0 0 0 0 0 0 -6 1-4ndis.dat
 1 16 -8 4 -24 6 0 0 0 0 0 0 0 -6 1-4ndis.dat
 1 16 8 0 -24 -6 0 0 0 0 0 0 0 -6 1-4ndis.dat
 1 16 -8 0 -24 6 0 0 0 0 0 0 0 -6 1-4ndis.dat
 1 16 8 4 -24 -6 0 0 0 -4 0 0 0 -6 1-4cyli.dat
 1 16 -8 4 -24 6 0 0 0 -4 0 0 0 -6 1-4cyli.dat
0
 2 24 2 4 -24 2 4 24
 2 24 -2 4 -24 -2 4 24
 2 24 2 0 -24 2 0 24
 2 24 -2 0 -24 -2 0 24
0
 4 16 2 4 -30 -2 4 -30 -2 4 30 2 4 30
 4 16 2 0 -30 -2 0 -30 -2 0 30 2 0 30
 4 16 2 4 -24 2 0 -24 2 0 24 2 4 24
 4 16 -2 4 -24 -2 0 -24 -2 0 24 -2 4 24
0
 2 24 20 4 70 -20 4 70
 2 24 20 0 70 -20 0 70
 2 24 20 4 30 8 4 30
 2 24 -20 4 30 -8 4 30
 2 24 20 0 30 8 0 30
 2 24 -20 0 30 -8 0 30
 1 16 20 2 50 0 0 0 0 0 2 20 0 0 rect.dat
 1 16 -20 2 50 0 0 0 0 0 2 20 0 0 rect.dat
0
 4 16 20 4 70 20 0 70 -20 0 70 -20 4 70 
 4 16 20 4 30 20 0 30 8 0 30 8 4 30 
 4 16 -20 4 30 -20 0 30 -8 0 30 -8 4 30 
 4 16 20 4 70 -20 4 70 -20 4 30 20 4 30 
 4 16 20 0 70 -20 0 70 -20 0 30 20 0 30 
0 
 1 16 8 4 24 -6 0 0 0 0 0 0 0 6 1-4edge.dat
 1 16 -8 4 24 6 0 0 0 0 0 0 0 6 1-4edge.dat
 1 16 8 0 24 -6 0 0 0 0 0 0 0 6 1-4edge.dat
 1 16 -8 0 24 6 0 0 0 0 0 0 0 6 1-4edge.dat
 1 16 8 4 24 -6 0 0 0 0 0 0 0 6 1-4ndis.dat
 1 16 -8 4 24 6 0 0 0 0 0 0 0 6 1-4ndis.dat
 1 16 8 0 24 -6 0 0 0 0 0 0 0 6 1-4ndis.dat
 1 16 -8 0 24 6 0 0 0 0 0 0 0 6 1-4ndis.dat
 1 16 8 4 24 -6 0 0 0 -4 0 0 0 6 1-4cyli.dat
 1 16 -8 4 24 6 0 0 0 -4 0 0 0 6 1-4cyli.dat
0
 1 16 10 0 -60 1 0 0 0 1 0 0 0 1 stud.dat
 1 16 -10 0 -60 1 0 0 0 1 0 0 0 1 stud.dat
 1 16 10 0 -40 1 0 0 0 1 0 0 0 1 stud.dat
 1 16 -10 0 -40 1 0 0 0 1 0 0 0 1 stud.dat
 1 16 10 0 40 1 0 0 0 1 0 0 0 1 stud.dat
 1 16 -10 0 40 1 0 0 0 1 0 0 0 1 stud.dat
 1 16 10 0 60 1 0 0 0 1 0 0 0 1 stud.dat
 1 16 -10 0 60 1 0 0 0 1 0 0 0 1 stud.dat
