0 Technic Axle Joiner
0 Name: 6538.dat
0 Author: James Jessiman
0 Original LDraw Part - LDraw beta 0.27 Archive

 1 16 0 0 0 6 0 0 0 0 1 0 0 0 rect.dat
 1 16 0 0 -20 1 0 0 0 0 1 0 40 0 axlehole.dat
 1 16 0 0 20 1 0 0 0 0 1 0 0 0 axlehol2.dat
 1 16 0 0 -20 1 0 0 0 0 1 0 0 0 axlehol2.dat
0
 2 24 9.00 0.00 20 8.31 3.44 20
 2 24 8.31 3.44 20 7.57 4.55 20
 2 24 7.57 4.55 20 5.76 5.76 20
 2 24 5.76 5.76 20 4.55 7.57 20
 2 24 4.55 7.57 20 3.44 8.31 20
 2 24 3.44 8.31 20 0.00 9.00 20
 2 24 -9.00 0.00 20 -8.31 3.44 20
 2 24 -8.31 3.44 20 -7.57 4.55 20
 2 24 -7.57 4.55 20 -5.76 5.76 20
 2 24 -5.76 5.76 20 -4.55 7.57 20
 2 24 -4.55 7.57 20 -3.44 8.31 20
 2 24 -3.44 8.31 20 -0.00 9.00 20
 2 24 9.00 -0.00 20 8.31 -3.44 20
 2 24 8.31 -3.44 20 7.57 -4.55 20
 2 24 7.57 -4.55 20 5.76 -5.76 20
 2 24 5.76 -5.76 20 4.55 -7.57 20
 2 24 4.55 -7.57 20 3.44 -8.31 20
 2 24 3.44 -8.31 20 0.00 -9.00 20
 2 24 -9.00 -0.00 20 -8.31 -3.44 20
 2 24 -8.31 -3.44 20 -7.57 -4.55 20
 2 24 -7.57 -4.55 20 -5.76 -5.76 20
 2 24 -5.76 -5.76 20 -4.55 -7.57 20
 2 24 -4.55 -7.57 20 -3.44 -8.31 20
 2 24 -3.44 -8.31 20 -0.00 -9.00 20
 2 24 9.00 0.00 -20 8.31 3.44 -20
 2 24 8.31 3.44 -20 7.57 4.55 -20
 2 24 7.57 4.55 -20 5.76 5.76 -20
 2 24 5.76 5.76 -20 4.55 7.57 -20
 2 24 4.55 7.57 -20 3.44 8.31 -20
 2 24 3.44 8.31 -20 0.00 9.00 -20
 2 24 -9.00 0.00 -20 -8.31 3.44 -20
 2 24 -8.31 3.44 -20 -7.57 4.55 -20
 2 24 -7.57 4.55 -20 -5.76 5.76 -20
 2 24 -5.76 5.76 -20 -4.55 7.57 -20
 2 24 -4.55 7.57 -20 -3.44 8.31 -20
 2 24 -3.44 8.31 -20 -0.00 9.00 -20
 2 24 9.00 -0.00 -20 8.31 -3.44 -20
 2 24 8.31 -3.44 -20 7.57 -4.55 -20
 2 24 7.57 -4.55 -20 5.76 -5.76 -20
 2 24 5.76 -5.76 -20 4.55 -7.57 -20
 2 24 4.55 -7.57 -20 3.44 -8.31 -20
 2 24 3.44 -8.31 -20 0.00 -9.00 -20
 2 24 -9.00 -0.00 -20 -8.31 -3.44 -20
 2 24 -8.31 -3.44 -20 -7.57 -4.55 -20
 2 24 -7.57 -4.55 -20 -5.76 -5.76 -20
 2 24 -5.76 -5.76 -20 -4.55 -7.57 -20
 2 24 -4.55 -7.57 -20 -3.44 -8.31 -20
 2 24 -3.44 -8.31 -20 -0.00 -9.00 -20
0
 2 24 7.57 4.55 20 7.57 4.55 -20
 2 24 4.55 7.57 20 4.55 7.57 -20
 2 24 -7.57 4.55 20 -7.57 4.55 -20
 2 24 -4.55 7.57 20 -4.55 7.57 -20
 2 24 7.57 -4.55 20 7.57 -4.55 -20
 2 24 4.55 -7.57 20 4.55 -7.57 -20
 2 24 -7.57 -4.55 20 -7.57 -4.55 -20
 2 24 -4.55 -7.57 20 -4.55 -7.57 -20
0
 4 16 5.54 2.30 20 8.31 3.44 20 7.57 4.55 20 4.24 4.24 20
 4 16 2.30 5.54 20 3.44 8.31 20 4.55 7.57 20 4.24 4.24 20
 3 16 7.57 4.55 20 5.76 5.76 20 4.24 4.24 20
 3 16 4.55 7.57 20 5.76 5.76 20 4.24 4.24 20
 4 16 -5.54 2.30 20 -8.31 3.44 20 -7.57 4.55 20 -4.24 4.24 20
 4 16 -2.30 5.54 20 -3.44 8.31 20 -4.55 7.57 20 -4.24 4.24 20
 3 16 -7.57 4.55 20 -5.76 5.76 20 -4.24 4.24 20
 3 16 -4.55 7.57 20 -5.76 5.76 20 -4.24 4.24 20
 4 16 5.54 -2.30 20 8.31 -3.44 20 7.57 -4.55 20 4.24 -4.24 20
 4 16 2.30 -5.54 20 3.44 -8.31 20 4.55 -7.57 20 4.24 -4.24 20
 3 16 7.57 -4.55 20 5.76 -5.76 20 4.24 -4.24 20
 3 16 4.55 -7.57 20 5.76 -5.76 20 4.24 -4.24 20
 4 16 -5.54 -2.30 20 -8.31 -3.44 20 -7.57 -4.55 20 -4.24 -4.24 20
 4 16 -2.30 -5.54 20 -3.44 -8.31 20 -4.55 -7.57 20 -4.24 -4.24 20
 3 16 -7.57 -4.55 20 -5.76 -5.76 20 -4.24 -4.24 20
 3 16 -4.55 -7.57 20 -5.76 -5.76 20 -4.24 -4.24 20
 4 16 6.00 0 20 5.54 -2.30 20 8.31 -3.44 20 9.00 0 20
 4 16 2.30 -5.54 20 -0.00 -6 20 -0.00 -9 20 3.44 -8.31 20
 4 16 -0.00 -6 20 -2.30 -5.54 20 -3.44 -8.31 20 -0.00 -9 20
 4 16 -5.54 -2.30 20 -6.00 0 20 -9.00 0 20 -8.31 -3.44 20
 4 16 -6.00 0 20 -5.54 2.30 20 -8.31 3.44 20 -9.00 0 20
 4 16 -2.30 5.54 20 -0.00 6 20 -0.00 9 20 -3.44 8.31 20
 4 16 -0.00 6 20 2.30 5.54 20 3.44 8.31 20 -0.00 9 20
 4 16 5.54 2.30 20 6.00 0 20 9.00 0 20 8.31 3.44 20
 4 16 5.54 2.30 -20 8.31 3.44 -20 7.57 4.55 -20 4.24 4.24 -20
 4 16 2.30 5.54 -20 3.44 8.31 -20 4.55 7.57 -20 4.24 4.24 -20
 3 16 7.57 4.55 -20 5.76 5.76 -20 4.24 4.24 -20
 3 16 4.55 7.57 -20 5.76 5.76 -20 4.24 4.24 -20
 4 16 -5.54 2.30 -20 -8.31 3.44 -20 -7.57 4.55 -20 -4.24 4.24 -20
 4 16 -2.30 5.54 -20 -3.44 8.31 -20 -4.55 7.57 -20 -4.24 4.24 -20
 3 16 -7.57 4.55 -20 -5.76 5.76 -20 -4.24 4.24 -20
 3 16 -4.55 7.57 -20 -5.76 5.76 -20 -4.24 4.24 -20
 4 16 5.54 -2.30 -20 8.31 -3.44 -20 7.57 -4.55 -20 4.24 -4.24 -20
 4 16 2.30 -5.54 -20 3.44 -8.31 -20 4.55 -7.57 -20 4.24 -4.24 -20
 3 16 7.57 -4.55 -20 5.76 -5.76 -20 4.24 -4.24 -20
 3 16 4.55 -7.57 -20 5.76 -5.76 -20 4.24 -4.24 -20
 4 16 -5.54 -2.30 -20 -8.31 -3.44 -20 -7.57 -4.55 -20 -4.24 -4.24 -20
 4 16 -2.30 -5.54 -20 -3.44 -8.31 -20 -4.55 -7.57 -20 -4.24 -4.24 -20
 3 16 -7.57 -4.55 -20 -5.76 -5.76 -20 -4.24 -4.24 -20
 3 16 -4.55 -7.57 -20 -5.76 -5.76 -20 -4.24 -4.24 -20
 4 16 6.00 0 -20 5.54 -2.30 -20 8.31 -3.44 -20 9.00 0 -20
 4 16 2.30 -5.54 -20 -0.00 -6 -20 -0.00 -9 -20 3.44 -8.31 -20
 4 16 -0.00 -6 -20 -2.30 -5.54 -20 -3.44 -8.31 -20 -0.00 -9 -20
 4 16 -5.54 -2.30 -20 -6.00 0 -20 -9.00 0 -20 -8.31 -3.44 -20
 4 16 -6.00 0 -20 -5.54 2.30 -20 -8.31 3.44 -20 -9.00 0 -20
 4 16 -2.30 5.54 -20 -0.00 6 -20 -0.00 9 -20 -3.44 8.31 -20
 4 16 -0.00 6 -20 2.30 5.54 -20 3.44 8.31 -20 -0.00 9 -20
 4 16 5.54 2.30 -20 6.00 0 -20 9.00 0 -20 8.31 3.44 -20
0
 4 16 9.00 0.00 20 8.31 3.44 20 8.31 3.44 -20 9.00 0.00 -20
 4 16 8.31 3.44 20 7.57 4.55 20 7.57 4.55 -20 8.31 3.44 -20
 4 16 7.57 4.55 20 5.76 5.76 20 5.76 5.76 -20 7.57 4.55 -20
 4 16 5.76 5.76 20 4.55 7.57 20 4.55 7.57 -20 5.76 5.76 -20
 4 16 4.55 7.57 20 3.44 8.31 20 3.44 8.31 -20 4.55 7.57 -20
 4 16 3.44 8.31 20 0.00 9.00 20 0.00 9.00 -20 3.44 8.31 -20
 4 16 -9.00 0.00 20 -8.31 3.44 20 -8.31 3.44 -20 -9.00 0.00 -20
 4 16 -8.31 3.44 20 -7.57 4.55 20 -7.57 4.55 -20 -8.31 3.44 -20
 4 16 -7.57 4.55 20 -5.76 5.76 20 -5.76 5.76 -20 -7.57 4.55 -20
 4 16 -5.76 5.76 20 -4.55 7.57 20 -4.55 7.57 -20 -5.76 5.76 -20
 4 16 -4.55 7.57 20 -3.44 8.31 20 -3.44 8.31 -20 -4.55 7.57 -20
 4 16 -3.44 8.31 20 -0.00 9.00 20 -0.00 9.00 -20 -3.44 8.31 -20
 4 16 9.00 -0.00 20 8.31 -3.44 20 8.31 -3.44 -20 9.00 -0.00 -20
 4 16 8.31 -3.44 20 7.57 -4.55 20 7.57 -4.55 -20 8.31 -3.44 -20
 4 16 7.57 -4.55 20 5.76 -5.76 20 5.76 -5.76 -20 7.57 -4.55 -20
 4 16 5.76 -5.76 20 4.55 -7.57 20 4.55 -7.57 -20 5.76 -5.76 -20
 4 16 4.55 -7.57 20 3.44 -8.31 20 3.44 -8.31 -20 4.55 -7.57 -20
 4 16 3.44 -8.31 20 0.00 -9.00 20 0.00 -9.00 -20 3.44 -8.31 -20
 4 16 -9.00 -0.00 20 -8.31 -3.44 20 -8.31 -3.44 -20 -9.00 -0.00 -20
 4 16 -8.31 -3.44 20 -7.57 -4.55 20 -7.57 -4.55 -20 -8.31 -3.44 -20
 4 16 -7.57 -4.55 20 -5.76 -5.76 20 -5.76 -5.76 -20 -7.57 -4.55 -20
 4 16 -5.76 -5.76 20 -4.55 -7.57 20 -4.55 -7.57 -20 -5.76 -5.76 -20
 4 16 -4.55 -7.57 20 -3.44 -8.31 20 -3.44 -8.31 -20 -4.55 -7.57 -20
 4 16 -3.44 -8.31 20 -0.00 -9.00 20 -0.00 -9.00 -20 -3.44 -8.31 -20
0
 5 24 0.00 9.00 20.00 0.00 9.00 -20.00 -3.44 8.31 20.00 3.44 8.31 20.00
 5 24 -3.44 8.31 20.00 -3.44 8.31 -20.00 -6.36 6.36 20.00 0.00 9.00 20.00
 5 24 -8.31 3.44 20.00 -8.31 3.44 -20.00 -9.00 0.00 20.00 -6.36 6.36 20.00
 5 24 -9.00 0.00 20.00 -9.00 0.00 -20.00 -8.31 -3.44 20.00 -8.31 3.44 20.00
 5 24 -8.31 -3.44 20.00 -8.31 -3.44 -20.00 -6.36 -6.36 20.00 -9.00 0.00 20.00
 5 24 -3.44 -8.31 20.00 -3.44 -8.31 -20.00 0.00 -9.00 20.00 -6.36 -6.36 20.00
 5 24 0.00 -9.00 20.00 0.00 -9.00 -20.00 3.44 -8.31 20.00 -3.44 -8.31 20.00
 5 24 3.44 -8.31 20.00 3.44 -8.31 -20.00 6.36 -6.36 20.00 0.00 -9.00 20.00
 5 24 8.31 -3.44 20.00 8.31 -3.44 -20.00 9.00 0.00 20.00 6.36 -6.36 20.00
 5 24 9.00 0.00 20.00 9.00 0.00 -20.00 8.31 3.44 20.00 8.31 -3.44 20.00
 5 24 8.31 3.44 20.00 8.31 3.44 -20.00 6.36 6.36 20.00 9.00 0.00 20.00
 5 24 3.44 8.31 20.00 3.44 8.31 -20.00 0.00 9.00 20.00 6.36 6.36 20.00
0
 2 24 10     0    10 9.24 3.83 10
 2 24  0    10    10 3.83 9.24 10
 2 24  9.24  3.83 10 7.57 4.55 11
 2 24  3.83  9.24 10 4.55 7.57 11
 2 24  9     0    11 8.31 3.44 11
 2 24  0     9    11 3.44 8.31 11
 2 24  8.31  3.44 11 7.57 4.55 11
 2 24  3.44  8.31 11 4.55 7.57 11
 2 24  9.24  3.83 10 7.57 4.55  9
 2 24  3.83  9.24 10 4.55 7.57  9
 2 24  9     0     9 8.31 3.44  9
 2 24  0     9     9 3.44 8.31  9
 2 24  8.31  3.44  9 7.57 4.55  9
 2 24  3.44  8.31  9 4.55 7.57  9
 2 24 -10     0    10 -9.24 3.83 10
 2 24  -0    10    10 -3.83 9.24 10
 2 24  -9.24  3.83 10 -7.57 4.55 11
 2 24  -3.83  9.24 10 -4.55 7.57 11
 2 24  -9     0    11 -8.31 3.44 11
 2 24  -0     9    11 -3.44 8.31 11
 2 24  -8.31  3.44 11 -7.57 4.55 11
 2 24  -3.44  8.31 11 -4.55 7.57 11
 2 24  -9.24  3.83 10 -7.57 4.55  9
 2 24  -3.83  9.24 10 -4.55 7.57  9
 2 24  -9     0     9 -8.31 3.44  9
 2 24  -0     9     9 -3.44 8.31  9
 2 24  -8.31  3.44  9 -7.57 4.55  9
 2 24  -3.44  8.31  9 -4.55 7.57  9
 2 24 10     -0    10 9.24 -3.83 10
 2 24  0    -10    10 3.83 -9.24 10
 2 24  9.24  -3.83 10 7.57 -4.55 11
 2 24  3.83  -9.24 10 4.55 -7.57 11
 2 24  9     -0    11 8.31 -3.44 11
 2 24  0     -9    11 3.44 -8.31 11
 2 24  8.31  -3.44 11 7.57 -4.55 11
 2 24  3.44  -8.31 11 4.55 -7.57 11
 2 24  9.24  -3.83 10 7.57 -4.55  9
 2 24  3.83  -9.24 10 4.55 -7.57  9
 2 24  9     -0     9 8.31 -3.44  9
 2 24  0     -9     9 3.44 -8.31  9
 2 24  8.31  -3.44  9 7.57 -4.55  9
 2 24  3.44  -8.31  9 4.55 -7.57  9
 2 24 -10     -0    10 -9.24 -3.83 10
 2 24  -0    -10    10 -3.83 -9.24 10
 2 24  -9.24  -3.83 10 -7.57 -4.55 11
 2 24  -3.83  -9.24 10 -4.55 -7.57 11
 2 24  -9     -0    11 -8.31 -3.44 11
 2 24  -0     -9    11 -3.44 -8.31 11
 2 24  -8.31  -3.44 11 -7.57 -4.55 11
 2 24  -3.44  -8.31 11 -4.55 -7.57 11
 2 24  -9.24  -3.83 10 -7.57 -4.55  9
 2 24  -3.83  -9.24 10 -4.55 -7.57  9
 2 24  -9     -0     9 -8.31 -3.44  9
 2 24  -0     -9     9 -3.44 -8.31  9
 2 24  -8.31  -3.44  9 -7.57 -4.55  9
 2 24  -3.44  -8.31  9 -4.55 -7.57  9
0
 2 24 10     0     0 9.24 3.83  0
 2 24  0    10     0 3.83 9.24  0
 2 24  9.24  3.83  0 7.57 4.55  1
 2 24  3.83  9.24  0 4.55 7.57  1
 2 24  9     0     1 8.31 3.44  1
 2 24  0     9     1 3.44 8.31  1
 2 24  8.31  3.44  1 7.57 4.55  1
 2 24  3.44  8.31  1 4.55 7.57  1
 2 24  9.24  3.83  0 7.57 4.55 -1
 2 24  3.83  9.24  0 4.55 7.57 -1
 2 24  9     0    -1 8.31 3.44 -1
 2 24  0     9    -1 3.44 8.31 -1
 2 24  8.31  3.44 -1 7.57 4.55 -1
 2 24  3.44  8.31 -1 4.55 7.57 -1
 2 24 -10     0     0 -9.24 3.83  0
 2 24  -0    10     0 -3.83 9.24  0
 2 24  -9.24  3.83  0 -7.57 4.55  1
 2 24  -3.83  9.24  0 -4.55 7.57  1
 2 24  -9     0     1 -8.31 3.44  1
 2 24  -0     9     1 -3.44 8.31  1
 2 24  -8.31  3.44  1 -7.57 4.55  1
 2 24  -3.44  8.31  1 -4.55 7.57  1
 2 24  -9.24  3.83  0 -7.57 4.55 -1
 2 24  -3.83  9.24  0 -4.55 7.57 -1
 2 24  -9     0    -1 -8.31 3.44 -1
 2 24  -0     9    -1 -3.44 8.31 -1
 2 24  -8.31  3.44 -1 -7.57 4.55 -1
 2 24  -3.44  8.31 -1 -4.55 7.57 -1
 2 24 10     -0     0 9.24 -3.83  0
 2 24  0    -10     0 3.83 -9.24  0
 2 24  9.24  -3.83  0 7.57 -4.55  1
 2 24  3.83  -9.24  0 4.55 -7.57  1
 2 24  9     -0     1 8.31 -3.44  1
 2 24  0     -9     1 3.44 -8.31  1
 2 24  8.31  -3.44  1 7.57 -4.55  1
 2 24  3.44  -8.31  1 4.55 -7.57  1
 2 24  9.24  -3.83  0 7.57 -4.55 -1
 2 24  3.83  -9.24  0 4.55 -7.57 -1
 2 24  9     -0    -1 8.31 -3.44 -1
 2 24  0     -9    -1 3.44 -8.31 -1
 2 24  8.31  -3.44 -1 7.57 -4.55 -1
 2 24  3.44  -8.31 -1 4.55 -7.57 -1
 2 24 -10     -0     0 -9.24 -3.83  0
 2 24  -0    -10     0 -3.83 -9.24  0
 2 24  -9.24  -3.83  0 -7.57 -4.55  1
 2 24  -3.83  -9.24  0 -4.55 -7.57  1
 2 24  -9     -0     1 -8.31 -3.44  1
 2 24  -0     -9     1 -3.44 -8.31  1
 2 24  -8.31  -3.44  1 -7.57 -4.55  1
 2 24  -3.44  -8.31  1 -4.55 -7.57  1
 2 24  -9.24  -3.83  0 -7.57 -4.55 -1
 2 24  -3.83  -9.24  0 -4.55 -7.57 -1
 2 24  -9     -0    -1 -8.31 -3.44 -1
 2 24  -0     -9    -1 -3.44 -8.31 -1
 2 24  -8.31  -3.44 -1 -7.57 -4.55 -1
 2 24  -3.44  -8.31 -1 -4.55 -7.57 -1
0
 2 24 10     0    -10 9.24 3.83 -10
 2 24  0    10    -10 3.83 9.24 -10
 2 24  9.24  3.83 -10 7.57 4.55 -11
 2 24  3.83  9.24 -10 4.55 7.57 -11
 2 24  9     0    -11 8.31 3.44 -11
 2 24  0     9    -11 3.44 8.31 -11
 2 24  8.31  3.44 -11 7.57 4.55 -11
 2 24  3.44  8.31 -11 4.55 7.57 -11
 2 24  9.24  3.83 -10 7.57 4.55  -9
 2 24  3.83  9.24 -10 4.55 7.57  -9
 2 24  9     0     -9 8.31 3.44  -9
 2 24  0     9     -9 3.44 8.31  -9
 2 24  8.31  3.44  -9 7.57 4.55  -9
 2 24  3.44  8.31  -9 4.55 7.57  -9
 2 24 -10     0    -10 -9.24 3.83 -10
 2 24  -0    10    -10 -3.83 9.24 -10
 2 24  -9.24  3.83 -10 -7.57 4.55 -11
 2 24  -3.83  9.24 -10 -4.55 7.57 -11
 2 24  -9     0    -11 -8.31 3.44 -11
 2 24  -0     9    -11 -3.44 8.31 -11
 2 24  -8.31  3.44 -11 -7.57 4.55 -11
 2 24  -3.44  8.31 -11 -4.55 7.57 -11
 2 24  -9.24  3.83 -10 -7.57 4.55  -9
 2 24  -3.83  9.24 -10 -4.55 7.57  -9
 2 24  -9     0     -9 -8.31 3.44  -9
 2 24  -0     9     -9 -3.44 8.31  -9
 2 24  -8.31  3.44  -9 -7.57 4.55  -9
 2 24  -3.44  8.31  -9 -4.55 7.57  -9
 2 24 10     -0    -10 9.24 -3.83 -10
 2 24  0    -10    -10 3.83 -9.24 -10
 2 24  9.24  -3.83 -10 7.57 -4.55 -11
 2 24  3.83  -9.24 -10 4.55 -7.57 -11
 2 24  9     -0    -11 8.31 -3.44 -11
 2 24  0     -9    -11 3.44 -8.31 -11
 2 24  8.31  -3.44 -11 7.57 -4.55 -11
 2 24  3.44  -8.31 -11 4.55 -7.57 -11
 2 24  9.24  -3.83 -10 7.57 -4.55  -9
 2 24  3.83  -9.24 -10 4.55 -7.57  -9
 2 24  9     -0     -9 8.31 -3.44  -9
 2 24  0     -9     -9 3.44 -8.31  -9
 2 24  8.31  -3.44  -9 7.57 -4.55  -9
 2 24  3.44  -8.31  -9 4.55 -7.57  -9
 2 24 -10     -0    -10 -9.24 -3.83 -10
 2 24  -0    -10    -10 -3.83 -9.24 -10
 2 24  -9.24  -3.83 -10 -7.57 -4.55 -11
 2 24  -3.83  -9.24 -10 -4.55 -7.57 -11
 2 24  -9     -0    -11 -8.31 -3.44 -11
 2 24  -0     -9    -11 -3.44 -8.31 -11
 2 24  -8.31  -3.44 -11 -7.57 -4.55 -11
 2 24  -3.44  -8.31 -11 -4.55 -7.57 -11
 2 24  -9.24  -3.83 -10 -7.57 -4.55  -9
 2 24  -3.83  -9.24 -10 -4.55 -7.57  -9
 2 24  -9     -0     -9 -8.31 -3.44  -9
 2 24  -0     -9     -9 -3.44 -8.31  -9
 2 24  -8.31  -3.44  -9 -7.57 -4.55  -9
 2 24  -3.44  -8.31  -9 -4.55 -7.57  -9
0
 4 16 9    0    11 10     0    10 9.24 3.83 10 8.31 3.44 11
 4 16 0    9    11  0    10    10 3.83 9.24 10 3.44 8.31 11
 4 16 9    0     9 10     0    10 9.24 3.83 10 8.31 3.44  9
 4 16 0    9     9  0    10    10 3.83 9.24 10 3.44 8.31  9
 3 16 8.31 3.44 11  9.24  3.83 10 7.57 4.55 11
 3 16 3.44 8.31 11  3.83  9.24 10 4.55 7.57 11
 3 16 8.31 3.44  9  9.24  3.83 10 7.57 4.55  9
 3 16 3.44 8.31  9  3.83  9.24 10 4.55 7.57  9
 3 16 7.57 4.55 11  9.24  3.83 10 7.57 4.55  9
 3 16 4.55 7.57 11  3.83  9.24 10 4.55 7.57  9
 4 16 -9    0    11 -10     0    10 -9.24 3.83 10 -8.31 3.44 11
 4 16 -0    9    11  -0    10    10 -3.83 9.24 10 -3.44 8.31 11
 4 16 -9    0     9 -10     0    10 -9.24 3.83 10 -8.31 3.44  9
 4 16 -0    9     9  -0    10    10 -3.83 9.24 10 -3.44 8.31  9
 3 16 -8.31 3.44 11  -9.24  3.83 10 -7.57 4.55 11
 3 16 -3.44 8.31 11  -3.83  9.24 10 -4.55 7.57 11
 3 16 -8.31 3.44  9  -9.24  3.83 10 -7.57 4.55  9
 3 16 -3.44 8.31  9  -3.83  9.24 10 -4.55 7.57  9
 3 16 -7.57 4.55 11  -9.24  3.83 10 -7.57 4.55  9
 3 16 -4.55 7.57 11  -3.83  9.24 10 -4.55 7.57  9
 4 16 9    -0    11 10     -0    10 9.24 -3.83 10 8.31 -3.44 11
 4 16 0    -9    11  0    -10    10 3.83 -9.24 10 3.44 -8.31 11
 4 16 9    -0     9 10     -0    10 9.24 -3.83 10 8.31 -3.44  9
 4 16 0    -9     9  0    -10    10 3.83 -9.24 10 3.44 -8.31  9
 3 16 8.31 -3.44 11  9.24  -3.83 10 7.57 -4.55 11
 3 16 3.44 -8.31 11  3.83  -9.24 10 4.55 -7.57 11
 3 16 8.31 -3.44  9  9.24  -3.83 10 7.57 -4.55  9
 3 16 3.44 -8.31  9  3.83  -9.24 10 4.55 -7.57  9
 3 16 7.57 -4.55 11  9.24  -3.83 10 7.57 -4.55  9
 3 16 4.55 -7.57 11  3.83  -9.24 10 4.55 -7.57  9
 4 16 -9    -0    11 -10     -0    10 -9.24 -3.83 10 -8.31 -3.44 11
 4 16 -0    -9    11  -0    -10    10 -3.83 -9.24 10 -3.44 -8.31 11
 4 16 -9    -0     9 -10     -0    10 -9.24 -3.83 10 -8.31 -3.44  9
 4 16 -0    -9     9  -0    -10    10 -3.83 -9.24 10 -3.44 -8.31  9
 3 16 -8.31 -3.44 11  -9.24  -3.83 10 -7.57 -4.55 11
 3 16 -3.44 -8.31 11  -3.83  -9.24 10 -4.55 -7.57 11
 3 16 -8.31 -3.44  9  -9.24  -3.83 10 -7.57 -4.55  9
 3 16 -3.44 -8.31  9  -3.83  -9.24 10 -4.55 -7.57  9
 3 16 -7.57 -4.55 11  -9.24  -3.83 10 -7.57 -4.55  9
 3 16 -4.55 -7.57 11  -3.83  -9.24 10 -4.55 -7.57  9
0
 4 16 9    0     1 10     0     0 9.24 3.83  0 8.31 3.44  1
 4 16 0    9     1  0    10     0 3.83 9.24  0 3.44 8.31  1
 4 16 9    0    -1 10     0     0 9.24 3.83  0 8.31 3.44 -1
 4 16 0    9    -1  0    10     0 3.83 9.24  0 3.44 8.31 -1
 3 16 8.31 3.44  1  9.24  3.83  0 7.57 4.55  1
 3 16 3.44 8.31  1  3.83  9.24  0 4.55 7.57  1
 3 16 8.31 3.44 -1  9.24  3.83  0 7.57 4.55 -1
 3 16 3.44 8.31 -1  3.83  9.24  0 4.55 7.57 -1
 3 16 7.57 4.55  1  9.24  3.83  0 7.57 4.55 -1
 3 16 4.55 7.57  1  3.83  9.24  0 4.55 7.57 -1
 4 16 -9    0     1 -10     0     0 -9.24 3.83  0 -8.31 3.44  1
 4 16 -0    9     1  -0    10     0 -3.83 9.24  0 -3.44 8.31  1
 4 16 -9    0    -1 -10     0     0 -9.24 3.83  0 -8.31 3.44 -1
 4 16 -0    9    -1  -0    10     0 -3.83 9.24  0 -3.44 8.31 -1
 3 16 -8.31 3.44  1  -9.24  3.83  0 -7.57 4.55  1
 3 16 -3.44 8.31  1  -3.83  9.24  0 -4.55 7.57  1
 3 16 -8.31 3.44 -1  -9.24  3.83  0 -7.57 4.55 -1
 3 16 -3.44 8.31 -1  -3.83  9.24  0 -4.55 7.57 -1
 3 16 -7.57 4.55  1  -9.24  3.83  0 -7.57 4.55 -1
 3 16 -4.55 7.57  1  -3.83  9.24  0 -4.55 7.57 -1
 4 16 9    -0     1 10     -0     0 9.24 -3.83  0 8.31 -3.44  1
 4 16 0    -9     1  0    -10     0 3.83 -9.24  0 3.44 -8.31  1
 4 16 9    -0    -1 10     -0     0 9.24 -3.83  0 8.31 -3.44 -1
 4 16 0    -9    -1  0    -10     0 3.83 -9.24  0 3.44 -8.31 -1
 3 16 8.31 -3.44  1  9.24  -3.83  0 7.57 -4.55  1
 3 16 3.44 -8.31  1  3.83  -9.24  0 4.55 -7.57  1
 3 16 8.31 -3.44 -1  9.24  -3.83  0 7.57 -4.55 -1
 3 16 3.44 -8.31 -1  3.83  -9.24  0 4.55 -7.57 -1
 3 16 7.57 -4.55  1  9.24  -3.83  0 7.57 -4.55 -1
 3 16 4.55 -7.57  1  3.83  -9.24  0 4.55 -7.57 -1
 4 16 -9    -0     1 -10     -0     0 -9.24 -3.83  0 -8.31 -3.44  1
 4 16 -0    -9     1  -0    -10     0 -3.83 -9.24  0 -3.44 -8.31  1
 4 16 -9    -0    -1 -10     -0     0 -9.24 -3.83  0 -8.31 -3.44 -1
 4 16 -0    -9    -1  -0    -10     0 -3.83 -9.24  0 -3.44 -8.31 -1
 3 16 -8.31 -3.44  1  -9.24  -3.83  0 -7.57 -4.55  1
 3 16 -3.44 -8.31  1  -3.83  -9.24  0 -4.55 -7.57  1
 3 16 -8.31 -3.44 -1  -9.24  -3.83  0 -7.57 -4.55 -1
 3 16 -3.44 -8.31 -1  -3.83  -9.24  0 -4.55 -7.57 -1
 3 16 -7.57 -4.55  1  -9.24  -3.83  0 -7.57 -4.55 -1
 3 16 -4.55 -7.57  1  -3.83  -9.24  0 -4.55 -7.57 -1
0
 4 16 9    0    -11 10     0    -10 9.24 3.83 -10 8.31 3.44 -11
 4 16 0    9    -11  0    10    -10 3.83 9.24 -10 3.44 8.31 -11
 4 16 9    0     -9 10     0    -10 9.24 3.83 -10 8.31 3.44  -9
 4 16 0    9     -9  0    10    -10 3.83 9.24 -10 3.44 8.31  -9
 3 16 8.31 3.44 -11  9.24  3.83 -10 7.57 4.55 -11
 3 16 3.44 8.31 -11  3.83  9.24 -10 4.55 7.57 -11
 3 16 8.31 3.44  -9  9.24  3.83 -10 7.57 4.55  -9
 3 16 3.44 8.31  -9  3.83  9.24 -10 4.55 7.57  -9
 3 16 7.57 4.55 -11  9.24  3.83 -10 7.57 4.55  -9
 3 16 4.55 7.57 -11  3.83  9.24 -10 4.55 7.57  -9
 4 16 -9    0    -11 -10     0    -10 -9.24 3.83 -10 -8.31 3.44 -11
 4 16 -0    9    -11  -0    10    -10 -3.83 9.24 -10 -3.44 8.31 -11
 4 16 -9    0     -9 -10     0    -10 -9.24 3.83 -10 -8.31 3.44  -9
 4 16 -0    9     -9  -0    10    -10 -3.83 9.24 -10 -3.44 8.31  -9
 3 16 -8.31 3.44 -11  -9.24  3.83 -10 -7.57 4.55 -11
 3 16 -3.44 8.31 -11  -3.83  9.24 -10 -4.55 7.57 -11
 3 16 -8.31 3.44  -9  -9.24  3.83 -10 -7.57 4.55  -9
 3 16 -3.44 8.31  -9  -3.83  9.24 -10 -4.55 7.57  -9
 3 16 -7.57 4.55 -11  -9.24  3.83 -10 -7.57 4.55  -9
 3 16 -4.55 7.57 -11  -3.83  9.24 -10 -4.55 7.57  -9
 4 16 9    -0    -11 10     -0    -10 9.24 -3.83 -10 8.31 -3.44 -11
 4 16 0    -9    -11  0    -10    -10 3.83 -9.24 -10 3.44 -8.31 -11
 4 16 9    -0     -9 10     -0    -10 9.24 -3.83 -10 8.31 -3.44  -9
 4 16 0    -9     -9  0    -10    -10 3.83 -9.24 -10 3.44 -8.31  -9
 3 16 8.31 -3.44 -11  9.24  -3.83 -10 7.57 -4.55 -11
 3 16 3.44 -8.31 -11  3.83  -9.24 -10 4.55 -7.57 -11
 3 16 8.31 -3.44  -9  9.24  -3.83 -10 7.57 -4.55  -9
 3 16 3.44 -8.31  -9  3.83  -9.24 -10 4.55 -7.57  -9
 3 16 7.57 -4.55 -11  9.24  -3.83 -10 7.57 -4.55  -9
 3 16 4.55 -7.57 -11  3.83  -9.24 -10 4.55 -7.57  -9
 4 16 -9    -0    -11 -10     -0    -10 -9.24 -3.83 -10 -8.31 -3.44 -11
 4 16 -0    -9    -11  -0    -10    -10 -3.83 -9.24 -10 -3.44 -8.31 -11
 4 16 -9    -0     -9 -10     -0    -10 -9.24 -3.83 -10 -8.31 -3.44  -9
 4 16 -0    -9     -9  -0    -10    -10 -3.83 -9.24 -10 -3.44 -8.31  -9
 3 16 -8.31 -3.44 -11  -9.24  -3.83 -10 -7.57 -4.55 -11
 3 16 -3.44 -8.31 -11  -3.83  -9.24 -10 -4.55 -7.57 -11
 3 16 -8.31 -3.44  -9  -9.24  -3.83 -10 -7.57 -4.55  -9
 3 16 -3.44 -8.31  -9  -3.83  -9.24 -10 -4.55 -7.57  -9
 3 16 -7.57 -4.55 -11  -9.24  -3.83 -10 -7.57 -4.55  -9
 3 16 -4.55 -7.57 -11  -3.83  -9.24 -10 -4.55 -7.57  -9
0
 5 24 0.00 9.00 20.00 0.00 9.00 -20.00 -3.44 8.31 20.00 3.44 8.31 20.00
 5 24 -3.44 8.31 20.00 -3.44 8.31 -20.00 -6.36 6.36 20.00 0.00 9.00 20.00
 5 24 -8.31 3.44 20.00 -8.31 3.44 -20.00 -9.00 0.00 20.00 -6.36 6.36 20.00
 5 24 -9.00 0.00 20.00 -9.00 0.00 -20.00 -8.31 -3.44 20.00 -8.31 3.44 20.00
 5 24 -8.31 -3.44 20.00 -8.31 -3.44 -20.00 -6.36 -6.36 20.00 -9.00 0.00 20.00
 5 24 -3.44 -8.31 20.00 -3.44 -8.31 -20.00 0.00 -9.00 20.00 -6.36 -6.36 20.00
 5 24 0.00 -9.00 20.00 0.00 -9.00 -20.00 3.44 -8.31 20.00 -3.44 -8.31 20.00
 5 24 3.44 -8.31 20.00 3.44 -8.31 -20.00 6.36 -6.36 20.00 0.00 -9.00 20.00
 5 24 8.31 -3.44 20.00 8.31 -3.44 -20.00 9.00 0.00 20.00 6.36 -6.36 20.00
 5 24 9.00 0.00 20.00 9.00 0.00 -20.00 8.31 3.44 20.00 8.31 -3.44 20.00
 5 24 8.31 3.44 20.00 8.31 3.44 -20.00 6.36 6.36 20.00 9.00 0.00 20.00
 5 24 3.44 8.31 20.00 3.44 8.31 -20.00 0.00 9.00 20.00 6.36 6.36 20.00
0
