0 Wheel 43.2 x 28 Balloon Small
0 Name: 6580.dat
0 Author: ONYX (J Boen) onyx@flash.net
0 Official LCad update 99-04

 1 16 0 0 0 -0.00 -0.50 -0.87 0 0.87 -0.50 1 -0.00 -0.00 s\6580a.dat
 1 16 0 0 0 -0.00 -0.50 0.87 0 0.87 0.50 1 -0.00 0.00 s\6580a.dat
 1 16 0 0 0 -0.00 0.50 0.87 0 -0.87 0.50 1 0.00 0.00 s\6580a.dat
 1 16 0 0 0 -0.00 0.50 -0.87 0 -0.87 -0.50 1 0.00 -0.00 s\6580a.dat
 1 16 0 0 22 0.00 -0.50 0.87 0.00 0.87 0.50 -1 0 0.00 s\6580b.dat
 1 16 0 0 22 -0.00 0.50 -0.87 -0.00 -0.87 -0.50 -1 0 0.00 s\6580b.dat
0