0 Plate  1 x  6 with Train Wagon End
0 Name: 6583.dat
0 Author: James Jessiman
0 Original LDraw Part - LDraw beta 0.27 Archive

 1 16 40 4 0 1 0 0 0 -1 0 0 0 1 stud3.dat
 1 16 20 4 0 1 0 0 0 -1 0 0 0 1 stud3.dat
 1 16 0 4 0 1 0 0 0 -1 0 0 0 1 stud3.dat
 1 16 -20 4 0 1 0 0 0 -1 0 0 0 1 stud3.dat
 1 16 -40 4 0 1 0 0 0 -1 0 0 0 1 stud3.dat

 1 16 0 8 0 56 0 0 0 -4 0 0 0 6 box5.dat

 4 16 60 8 10 56 8 6 -56 8 6 -60 8 10
 4 16 -60 8 10 -56 8 6 -56 8 -6 -60 8 -10
 4 16 -60 8 -10 -56 8 -6 56 8 -6 60 8 -10
 4 16 60 8 -10 56 8 -6 56 8 6 60 8 10

 2 24 60 8 10 60 8 -20
 2 24 60 8 -20 56 8 -20
 2 24 56 8 -20 56 8 -10
 2 24 56 8 -10 20 8 -10
 2 24 20 8 -10 20 8 -20
 2 24 20 8 -20 16 8 -20
 2 24 16 8 -20 16 8 -10
 2 24 16 8 -10 -16 8 -10
 2 24 -16 8 -10 -16 8 -20
 2 24 -16 8 -20 -20 8 -20
 2 24 -20 8 -20 -20 8 -10
 2 24 -20 8 -10 -56 8 -10
 2 24 -56 8 -10 -56 8 -20
 2 24 -56 8 -20 -60 8 -20
 2 24 -60 8 -20 -60 8 10
 2 24 -60 8 10 60 8 10

 2 24 60 0 10 60 8 10
 2 24 -60 0 10 -60 8 10

 2 24 60 0 10 60 0 -10
 2 24 60 0 10 -60 0 10
 2 24 60 0 -10 -60 0 -10
 2 24 -60 0 10 -60 0 -10

 2 24 56 8 -10 56 -18 -10
 2 24 56 -18 -10 38 -36 -10
 2 24 38 -36 -10 20 -36 -10
 2 24 20 -36 -10 20 8 -10

 2 24 16 8 -10 16 -36 -10
 2 24 16 -36 -10 -16 -36 -10
 2 24 -16 -36 -10 -16 8 -10

 2 24 -20 8 -10 -20 -36 -10
 2 24 -20 -36 -10 -38 -36 -10
 2 24 -38 -36 -10 -56 -18 -10
 2 24 -56 -18 -10 -56 8 -10

 2 24 60 0 -10 60 -20 -10
 2 24 60 -20 -10 40 -40 -10
 2 24 40 -40 -10 -40 -40 -10
 2 24 -40 -40 -10 -60 -20 -10
 2 24 -60 -20 -10 -60 0 -10

 2 24 56 8 -20 56 -18 -20
 2 24 56 -18 -20 38 -36 -20
 2 24 38 -36 -20 20 -36 -20
 2 24 20 -36 -20 20 8 -20

 2 24 16 8 -20 16 -36 -20
 2 24 16 -36 -20 -16 -36 -20
 2 24 -16 -36 -20 -16 8 -20

 2 24 -20 8 -20 -20 -36 -20
 2 24 -20 -36 -20 -38 -36 -20
 2 24 -38 -36 -20 -56 -18 -20
 2 24 -56 -18 -20 -56 8 -20

 2 24 60 8 -20 60 -20 -20
 2 24 60 -20 -20 40 -40 -20
 2 24 40 -40 -20 -40 -40 -20
 2 24 -40 -40 -20 -60 -20 -20
 2 24 -60 -20 -20 -60 8 -20

 2 24 56 -18 -10 56 -18 -20
 2 24 -56 -18 -10 -56 -18 -20
 2 24 60 -20 -10 60 -20 -20
 2 24 -60 -20 -10 -60 -20 -20
 2 24 16 -36 -10 16 -36 -20
 2 24 -16 -36 -10 -16 -36 -20
 2 24 20 -36 -10 20 -36 -20
 2 24 -20 -36 -10 -20 -36 -20
 2 24 38 -36 -10 38 -36 -20
 2 24 -38 -36 -10 -38 -36 -20
 2 24 40 -40 -10 40 -40 -20
 2 24 -40 -40 -10 -40 -40 -20

 4 16 60 8 -10 60 8 -20 56 8 -20 56 8 -10
 4 16 20 8 -10 20 8 -20 16 8 -20 16 8 -10
 4 16 -20 8 -10 -20 8 -20 -16 8 -20 -16 8 -10
 4 16 -60 8 -10 -60 8 -20 -56 8 -20 -56 8 -10
 4 16 60 0 10 60 0 -10 -60 0 -10 -60 0 10
 4 16 38 -36 -10 38 -36 -20 20 -36 -20 20 -36 -10
 4 16 16 -36 -10 16 -36 -20 -16 -36 -20 -16 -36 -10
 4 16 -20 -36 -10 -20 -36 -20 -38 -36 -20 -38 -36 -10
 4 16 40 -40 -10 40 -40 -20 -40 -40 -20 -40 -40 -10

 4 16 60 8 10 60 0 10 60 0 -10 60 8 -20
 4 16 60 0 -10 60 -20 -10 60 -20 -20 60 8 -20
 4 16 56 8 -10 56 -18 -10 56 -18 -20 56 8 -20
 4 16 20 8 -10 20 -36 -10 20 -36 -20 20 8 -20
 4 16 16 8 -10 16 -36 -10 16 -36 -20 16 8 -20
 4 16 -16 8 -10 -16 -36 -10 -16 -36 -20 -16 8 -20
 4 16 -20 8 -10 -20 -36 -10 -20 -36 -20 -20 8 -20
 4 16 -56 8 -10 -56 -18 -10 -56 -18 -20 -56 8 -20
 4 16 -60 8 10 -60 0 10 -60 0 -10 -60 8 -20
 4 16 -60 0 -10 -60 -20 -10 -60 -20 -20 -60 8 -20

 4 16 60 8 10 60 0 10 -60 0 10 -60 8 10
 4 16 56 8 -10 56 0 -10 -56 0 -10 -56 8 -10
 4 16 60 0 -10 60 -20 -10 56 -18 -10 56 0 -10
 4 16 60 -20 -10 40 -40 -10 38 -36 -10 56 -18 -10
 4 16 20 0 -10 20 -36 -10 16 -36 -10 16 0 -10
 4 16 38 -36 -10 40 -40 -10 -40 -40 -10 -38 -36 -10
 4 16 -20 0 -10 -20 -36 -10 -16 -36 -10 -16 0 -10
 4 16 -60 -20 -10 -40 -40 -10 -38 -36 -10 -56 -18 -10
 4 16 -60 0 -10 -60 -20 -10 -56 -18 -10 -56 0 -10
 4 16 60 8 -20 60 -20 -20 56 -18 -20 56 8 -20
 4 16 60 -20 -20 40 -40 -20 38 -36 -20 56 -18 -20
 4 16 20 8 -20 20 -36 -20 16 -36 -20 16 8 -20
 4 16 38 -36 -20 40 -40 -20 -40 -40 -20 -38 -36 -20
 4 16 -20 8 -20 -20 -36 -20 -16 -36 -20 -16 8 -20
 4 16 -60 -20 -20 -40 -40 -20 -38 -36 -20 -56 -18 -20
 4 16 -60 8 -20 -60 -20 -20 -56 -18 -20 -56 8 -20

 4 16 56 -18 -10 56 -18 -20 38 -36 -20 38 -36 -10
 4 16 -56 -18 -10 -56 -18 -20 -38 -36 -20 -38 -36 -10
 4 16 60 -20 -10 60 -20 -20 40 -40 -20 40 -40 -10
 4 16 -60 -20 -10 -60 -20 -20 -40 -40 -20 -40 -40 -10

 1 16 50 0 0 1 0 0 0 1 0 0 0 1 stud.dat
 1 16 30 0 0 1 0 0 0 1 0 0 0 1 stud.dat
 1 16 10 0 0 1 0 0 0 1 0 0 0 1 stud.dat
 1 16 -10 0 0 1 0 0 0 1 0 0 0 1 stud.dat
 1 16 -30 0 0 1 0 0 0 1 0 0 0 1 stud.dat
 1 16 -50 0 0 1 0 0 0 1 0 0 0 1 stud.dat
0
