0 Technic Liftarm  1 x  3
0 Name: 6632.dat
0 Author: James Jessiman
0 Original LDraw Part - LDraw beta 0.27 Archive

 1 16 0 -5 0 9 0 0 0 0 0 0 0 -9 2-4edge.dat
 1 16 0 5 0 9 0 0 0 0 0 0 0 -9 2-4edge.dat
 1 16 0 -5 0 9 0 0 0 10 0 0 0 -9 2-4cyli.dat
 1 16 0 -5 0 1 0 0 0 10 0 0 0 1 axlehol4.dat
 1 16 0 -5 40 9 0 0 0 0 0 0 0 9 2-4edge.dat
 1 16 0 5 40 9 0 0 0 0 0 0 0 9 2-4edge.dat
 1 16 0 -5 40 9 0 0 0 10 0 0 0 9 2-4cyli.dat
 1 16 0 -5 40 1 0 0 0 10 0 0 0 -1 axlehol4.dat

 2 24 9 -5 0 9 -5 40
 2 24 -9 -5 0 -9 -5 40
 2 24 9 5 0 9 5 40
 2 24 -9 5 0 -9 5 40
 4 16 9 -5 0 9 -5 40 9 5 40 9 5 0
 4 16 -9 -5 0 -9 -5 40 -9 5 40 -9 5 0

 1 16 0 -5 20 1 0 0 0 1 0 0 0 1 peghole.dat
 1 16 0 5 20 1 0 0 0 -1 0 0 0 1 peghole.dat
 1 16 0 -3 20 6 0 0 0 6 0 0 0 6 4-4cyli.dat

 4 16 -2    -5  5.58 -2.30 -5  5.54 -3.44 -5  8.31 -2    -5  8.58
 4 16 -2     5  5.58 -2.30  5  5.54 -3.44  5  8.31 -2     5  8.58
 4 16 -2.30 -5  5.54 -4.24 -5  4.24 -6.36 -5  6.36 -3.44 -5  8.31
 4 16 -2.30  5  5.54 -4.24  5  4.24 -6.36  5  6.36 -3.44  5  8.31
 4 16 -4.24 -5  4.24 -5.54 -5  2.30 -8.31 -5  3.44 -6.36 -5  6.36
 4 16 -4.24  5  4.24 -5.54  5  2.30 -8.31  5  3.44 -6.36  5  6.36
 4 16 -5.54 -5  2.30 -6    -5  0    -9    -5  0    -8.31 -5  3.44
 4 16 -5.54  5  2.30 -6     5  0    -9     5  0    -8.31  5  3.44
 4 16 -6    -5  0    -5.54 -5 -2.30 -8.31 -5 -3.44 -9    -5  0
 4 16 -6     5  0    -5.54  5 -2.30 -8.31  5 -3.44 -9     5  0
 4 16 -5.54 -5 -2.30 -4.24 -5 -4.24 -6.36 -5 -6.36 -8.31 -5 -3.44
 4 16 -5.54  5 -2.30 -4.24  5 -4.24 -6.36  5 -6.36 -8.31  5 -3.44
 4 16 -4.24 -5 -4.24 -2.30 -5 -5.54 -3.44 -5 -8.31 -6.36 -5 -6.36
 4 16 -4.24  5 -4.24 -2.30  5 -5.54 -3.44  5 -8.31 -6.36  5 -6.36
 4 16 -2.30 -5 -5.54  0    -5 -6     0    -5 -9    -3.44 -5 -8.31
 4 16 -2.30  5 -5.54  0     5 -6     0     5 -9    -3.44  5 -8.31
 4 16  0    -5 -6     2.30 -5 -5.54  3.44 -5 -8.31  0    -5 -9
 4 16  0     5 -6     2.30  5 -5.54  3.44  5 -8.31  0     5 -9
 4 16  2.30 -5 -5.54  4.24 -5 -4.24  6.36 -5 -6.36  3.44 -5 -8.31
 4 16  2.30  5 -5.54  4.24  5 -4.24  6.36  5 -6.36  3.44  5 -8.31
 4 16  4.24 -5 -4.24  5.54 -5 -2.30  8.31 -5 -3.44  6.36 -5 -6.36
 4 16  4.24  5 -4.24  5.54  5 -2.30  8.31  5 -3.44  6.36  5 -6.36
 4 16  5.54 -5 -2.30  6    -5  0     9    -5  0     8.31 -5 -3.44
 4 16  5.54  5 -2.30  6     5  0     9     5  0     8.31  5 -3.44
 4 16  6    -5  0     5.54 -5  2.30  8.31 -5  3.44  9    -5  0
 4 16  6     5  0     5.54  5  2.30  8.31  5  3.44  9     5  0
 4 16  5.54 -5  2.30  4.24 -5  4.24  6.36 -5  6.36  8.31 -5  3.44
 4 16  5.54  5  2.30  4.24  5  4.24  6.36  5  6.36  8.31  5  3.44
 4 16  4.24 -5  4.24  2.30 -5  5.54  3.44 -5  8.31  6.36 -5  6.36
 4 16  4.24  5  4.24  2.30  5  5.54  3.44  5  8.31  6.36  5  6.36
 4 16  2.30 -5  5.54  2    -5  5.58  2    -5  8.58  3.44 -5  8.31
 4 16  2.30  5  5.54  2     5  5.58  2     5  8.58  3.44  5  8.31

 4 16 0.00 -5.00 28.00 -3.06 -5.00 27.39 -3.44 -5.00 28.31 0.00 -5.00 29.00
 4 16 0.00 5.00 28.00 -3.06 5.00 27.39 -3.44 5.00 28.31 0.00 5.00 29.00
 4 16 -3.06 -5.00 27.39 -5.66 -5.00 25.66 -6.36 -5.00 26.36 -3.44 -5.00 28.31
 4 16 -3.06 5.00 27.39 -5.66 5.00 25.66 -6.36 5.00 26.36 -3.44 5.00 28.31
 4 16 -5.66 -5.00 25.66 -7.39 -5.00 23.06 -8.31 -5.00 23.44 -6.36 -5.00 26.36
 4 16 -5.66 5.00 25.66 -7.39 5.00 23.06 -8.31 5.00 23.44 -6.36 5.00 26.36
 4 16 -7.39 -5.00 23.06 -8.00 -5.00 20.00 -9.00 -5.00 20.00 -8.31 -5.00 23.44
 4 16 -7.39 5.00 23.06 -8.00 5.00 20.00 -9.00 5.00 20.00 -8.31 5.00 23.44
 4 16 -8.00 -5.00 20.00 -7.39 -5.00 16.94 -8.31 -5.00 16.56 -9.00 -5.00 20.00
 4 16 -8.00 5.00 20.00 -7.39 5.00 16.94 -8.31 5.00 16.56 -9.00 5.00 20.00
 4 16 -7.39 -5.00 16.94 -5.66 -5.00 14.34 -6.36 -5.00 13.64 -8.31 -5.00 16.56
 4 16 -7.39 5.00 16.94 -5.66 5.00 14.34 -6.36 5.00 13.64 -8.31 5.00 16.56
 4 16 -5.66 -5.00 14.34 -3.06 -5.00 12.61 -3.44 -5.00 11.69 -6.36 -5.00 13.64
 4 16 -5.66 5.00 14.34 -3.06 5.00 12.61 -3.44 5.00 11.69 -6.36 5.00 13.64
 4 16 -3.06 -5.00 12.61 0.00 -5.00 12.00 0.00 -5.00 11.00 -3.44 -5.00 11.69
 4 16 -3.06 5.00 12.61 0.00 5.00 12.00 0.00 5.00 11.00 -3.44 5.00 11.69
 4 16 0.00 -5.00 12.00 3.06 -5.00 12.61 3.44 -5.00 11.69 0.00 -5.00 11.00
 4 16 0.00 5.00 12.00 3.06 5.00 12.61 3.44 5.00 11.69 0.00 5.00 11.00
 4 16 3.06 -5.00 12.61 5.66 -5.00 14.34 6.36 -5.00 13.64 3.44 -5.00 11.69
 4 16 3.06 5.00 12.61 5.66 5.00 14.34 6.36 5.00 13.64 3.44 5.00 11.69
 4 16 5.66 -5.00 14.34 7.39 -5.00 16.94 8.31 -5.00 16.56 6.36 -5.00 13.64
 4 16 5.66 5.00 14.34 7.39 5.00 16.94 8.31 5.00 16.56 6.36 5.00 13.64
 4 16 7.39 -5.00 16.94 8.00 -5.00 20.00 9.00 -5.00 20.00 8.31 -5.00 16.56
 4 16 7.39 5.00 16.94 8.00 5.00 20.00 9.00 5.00 20.00 8.31 5.00 16.56
 4 16 8.00 -5.00 20.00 7.39 -5.00 23.06 8.31 -5.00 23.44 9.00 -5.00 20.00
 4 16 8.00 5.00 20.00 7.39 5.00 23.06 8.31 5.00 23.44 9.00 5.00 20.00
 4 16 7.39 -5.00 23.06 5.66 -5.00 25.66 6.36 -5.00 26.36 8.31 -5.00 23.44
 4 16 7.39 5.00 23.06 5.66 5.00 25.66 6.36 5.00 26.36 8.31 5.00 23.44
 4 16 5.66 -5.00 25.66 3.06 -5.00 27.39 3.44 -5.00 28.31 6.36 -5.00 26.36
 4 16 5.66 5.00 25.66 3.06 5.00 27.39 3.44 5.00 28.31 6.36 5.00 26.36
 4 16 3.06 -5.00 27.39 0.00 -5.00 28.00 0.00 -5.00 29.00 3.44 -5.00 28.31
 4 16 3.06 5.00 27.39 0.00 5.00 28.00 0.00 5.00 29.00 3.44 5.00 28.31

 4 16 0.00 -5.00 46.00 -2.30 -5.00 45.54 -3.44 -5.00 48.31 0.00 -5.00 49.00
 4 16 0.00 5.00 46.00 -2.30 5.00 45.54 -3.44 5.00 48.31 0.00 5.00 49.00
 4 16 -2.30 -5.00 45.54 -4.24 -5.00 44.24 -6.36 -5.00 46.36 -3.44 -5.00 48.31
 4 16 -2.30 5.00 45.54 -4.24 5.00 44.24 -6.36 5.00 46.36 -3.44 5.00 48.31
 4 16 -4.24 -5.00 44.24 -5.54 -5.00 42.30 -8.31 -5.00 43.44 -6.36 -5.00 46.36
 4 16 -4.24 5.00 44.24 -5.54 5.00 42.30 -8.31 5.00 43.44 -6.36 5.00 46.36
 4 16 -5.54 -5.00 42.30 -6.00 -5.00 40.00 -9.00 -5.00 40.00 -8.31 -5.00 43.44
 4 16 -5.54 5.00 42.30 -6.00 5.00 40.00 -9.00 5.00 40.00 -8.31 5.00 43.44
 4 16 -6.00 -5.00 40.00 -5.54 -5.00 37.70 -8.31 -5.00 36.56 -9.00 -5.00 40.00
 4 16 -6.00 5.00 40.00 -5.54 5.00 37.70 -8.31 5.00 36.56 -9.00 5.00 40.00
 4 16 -5.54 -5.00 37.70 -4.24 -5.00 35.76 -6.36 -5.00 33.64 -8.31 -5.00 36.56
 4 16 -5.54 5.00 37.70 -4.24 5.00 35.76 -6.36 5.00 33.64 -8.31 5.00 36.56
 4 16 -4.24 -5.00 35.76 -2.30 -5.00 34.46 -3.44 -5.00 31.69 -6.36 -5.00 33.64
 4 16 -4.24 5.00 35.76 -2.30 5.00 34.46 -3.44 5.00 31.69 -6.36 5.00 33.64
 4 16 -2.30 -5.00 34.46 -2.00 -5.00 34.42 -2.00 -5.00 31.42 -3.44 -5.00 31.69
 4 16 -2.30 5.00 34.46 -2.00 5.00 34.42 -2.00 5.00 31.42 -3.44 5.00 31.69
 4 16 2.00 -5.00 34.42 2.30 -5.00 34.46 3.44 -5.00 31.69 2.00 -5.00 31.42
 4 16 2.00 5.00 34.42 2.30 5.00 34.46 3.44 5.00 31.69 2.00 5.00 31.42
 4 16 2.30 -5.00 34.46 4.24 -5.00 35.76 6.36 -5.00 33.64 3.44 -5.00 31.69
 4 16 2.30 5.00 34.46 4.24 5.00 35.76 6.36 5.00 33.64 3.44 5.00 31.69
 4 16 4.24 -5.00 35.76 5.54 -5.00 37.70 8.31 -5.00 36.56 6.36 -5.00 33.64
 4 16 4.24 5.00 35.76 5.54 5.00 37.70 8.31 5.00 36.56 6.36 5.00 33.64
 4 16 5.54 -5.00 37.70 6.00 -5.00 40.00 9.00 -5.00 40.00 8.31 -5.00 36.56
 4 16 5.54 5.00 37.70 6.00 5.00 40.00 9.00 5.00 40.00 8.31 5.00 36.56
 4 16 6.00 -5.00 40.00 5.54 -5.00 42.30 8.31 -5.00 43.44 9.00 -5.00 40.00
 4 16 6.00 5.00 40.00 5.54 5.00 42.30 8.31 5.00 43.44 9.00 5.00 40.00
 4 16 5.54 -5.00 42.30 4.24 -5.00 44.24 6.36 -5.00 46.36 8.31 -5.00 43.44
 4 16 5.54 5.00 42.30 4.24 5.00 44.24 6.36 5.00 46.36 8.31 5.00 43.44
 4 16 4.24 -5.00 44.24 2.30 -5.00 45.54 3.44 -5.00 48.31 6.36 -5.00 46.36
 4 16 4.24 5.00 44.24 2.30 5.00 45.54 3.44 5.00 48.31 6.36 5.00 46.36
 4 16 2.30 -5.00 45.54 0.00 -5.00 46.00 0.00 -5.00 49.00 3.44 -5.00 48.31
 4 16 2.30 5.00 45.54 0.00 5.00 46.00 0.00 5.00 49.00 3.44 5.00 48.31

 2 24 2 -5 5.58 2 -5 8.58
 2 24 2 -5 8.58 3.44 -5 8.31
 2 24 3.44 -5 8.31 6.36 -5 6.36
 2 24 -2 -5 5.58 -2 -5 8.58
 2 24 -2 -5 8.58 -3.44 -5 8.31
 2 24 -3.44 -5 8.31 -6.36 -5 6.36
 2 24 2 5 5.58 2 5 8.58
 2 24 2 5 8.58 3.44 5 8.31
 2 24 3.44 5 8.31 6.36 5 6.36
 2 24 -2 5 5.58 -2 5 8.58
 2 24 -2 5 8.58 -3.44 5 8.31
 2 24 -3.44 5 8.31 -6.36 5 6.36
 2 24 2 -5 8.58 2 5 8.58
 2 24 -2 -5 8.58 -2 5 8.58
 4 16  2    -5 5.58  2    -5 8.58  2    5 8.58  2    5 5.58
 4 16  2    -5 8.58  3.44 -5 8.31  3.44 5 8.31  2    5 8.58
 4 16  3.44 -5 8.31  6.36 -5 6.36  6.36 5 6.36  3.44 5 8.31
 4 16 -2    -5 5.58 -2    -5 8.58 -2    5 8.58 -2    5 5.58
 4 16 -2    -5 8.58 -3.44 -5 8.31 -3.44 5 8.31 -2    5 8.58
 4 16 -3.44 -5 8.31 -6.36 -5 6.36 -6.36 5 6.36 -3.44 5 8.31

 2 24 2 -5 34.42 2 -5 31.42
 2 24 2 -5 31.42 3.44 -5 31.69
 2 24 3.44 -5 31.69 6.36 -5 33.64
 2 24 -2 -5 34.42 -2 -5 31.42
 2 24 -2 -5 31.42 -3.44 -5 31.69
 2 24 -3.44 -5 31.69 -6.36 -5 33.64
 2 24 2 5 34.42 2 5 31.42
 2 24 2 5 31.42 3.44 5 31.69
 2 24 3.44 5 31.69 6.36 5 33.64
 2 24 -2 5 34.42 -2 5 31.42
 2 24 -2 5 31.42 -3.44 5 31.69
 2 24 -3.44 5 31.69 -6.36 5 33.64
 2 24 2 -5 31.42 2 5 31.42
 2 24 -2 -5 31.42 -2 5 31.42
 4 16  2    -5 34.42  2    -5 31.42  2    5 31.42  2    5 34.42
 4 16  2    -5 31.42  3.44 -5 31.69  3.44 5 31.69  2    5 31.42
 4 16  3.44 -5 31.69  6.36 -5 33.64  6.36 5 33.64  3.44 5 31.69
 4 16 -2    -5 34.42 -2    -5 31.42 -2    5 31.42 -2    5 34.42
 4 16 -2    -5 31.42 -3.44 -5 31.69 -3.44 5 31.69 -2    5 31.42
 4 16 -3.44 -5 31.69 -6.36 -5 33.64 -6.36 5 33.64 -3.44 5 31.69

 1 16 0 -5 20 6.36 0 -6.36 0 0 0 -6.36 0 -6.36 1-4edge.dat
 1 16 0 5 20 6.36 0 -6.36 0 0 0 -6.36 0 -6.36 1-4edge.dat
 1 16 0 -5 20 6.36 0 -6.36 0 10 0 -6.36 0 -6.36 1-4cyli.dat
 1 16 6.36 0 10 0 0 0 5 0 0 0 0 3.64 rect.dat
 1 16 -6.36 0 10 0 0 0 5 0 0 0 0 3.64 rect.dat

 4 16 9 -5 0 6.36 -5 6.36 6.36 -5 13.64 9 -5 20
 4 16 -9 -5 0 -6.36 -5 6.36 -6.36 -5 13.64 -9 -5 20
 4 16 9 5 0 6.36 5 6.36 6.36 5 13.64 9 5 20
 4 16 -9 5 0 -6.36 5 6.36 -6.36 5 13.64 -9 5 20

 1 16 0 -5 20 6.36 0 -6.36 0 0 0 6.36 0 6.36 1-4edge.dat
 1 16 0 5 20 6.36 0 -6.36 0 0 0 6.36 0 6.36 1-4edge.dat
 1 16 0 -5 20 6.36 0 -6.36 0 10 0 6.36 0 6.36 1-4cyli.dat
 1 16 6.36 0 30 0 0 0 5 0 0 0 0 3.64 rect.dat
 1 16 -6.36 0 30 0 0 0 5 0 0 0 0 3.64 rect.dat

 4 16 9 -5 20 6.36 -5 26.36 6.36 -5 33.64 9 -5 40
 4 16 -9 -5 20 -6.36 -5 26.36 -6.36 -5 33.64 -9 -5 40
 4 16 9 5 20 6.36 5 26.36 6.36 5 33.64 9 5 40
 4 16 -9 5 20 -6.36 5 26.36 -6.36 5 33.64 -9 5 40
0
