0 ~Technic Fiber Optics Element Sides
0 name 6637b.dat
0 (c) Remco Braak 1997
0 rbraak@nat.vu.nl
0 Official LCad update 97-01

2 24 40 -40 7.05 40 -38.6 2.43
2 24 40 -38.6 2.43 40 -38.6 0
2 24 40 -9.4 0 40 -9.4 2.43
2 24 40 -9.4 2.43 40 -8 7.05
2 24 40 -8 7.05 40 -17.6 7.05
2 24 40 -17.6 7.05 40 -16.82 2.43
2 24 40 -16.82 2.43 40 -21.69 2.43
2 24 40 -21.69 2.43 40 -21.9 5.9
2 24 40 -21.9 5.9 40 -24 6.15
2 24 40 -24 6.15 40 -26.1 5.9
2 24 40 -26.1 5.9 40 -26.31 2.43
2 24 40 -26.31 2.43 40 -31.18 2.43
2 24 40 -31.18 2.43 40 -30.4 7.05
2 24 40 -30.4 7.05 40 -40 7.05

4 16 40 -38.6 0		40 -38.6 2.43	25.92 -38.6 2.43	25.92	-38.6 0
4 16 40 -40 7.05		40 -38.6 2.43	25.92 -38.6 2.43	25.28 -40 7.05
4 16 40 -40 7.05		40 -30.4 7.05	29.7	-30.4	7.05	25.28	-40 7.05
4 16 40 -30.4 7.05	40 -31.18 2.43	29.34 -31.18 2.43	29.7 -30.4
7.05
4 16 40 -31.18 2.43	40 -30.4 2.43	29.7 -30.4 2.43	29.34 -31.18
2.43
4 16 40 -30.4 2.43	40 -26.31 2.43	29.7 -26.31 2.43	29.7 -30.4
2.43
4 16 40 -26.31 2.43	40 -26.1 5.9	29.7 -26.31 5.9	29.7 -26.31
2.43
4 16 40 -26.1 5.9		40 -24 6.15		29.7 -24 6.15	29.7 -26.31 5.9
4 16 40 -24 6.15		40 -21.9 5.9	29.7 -21.9 5.9	29.7 -24 6.15
4 16 40 -21.9 5.9		40 -21.69 2.43	29.7 -21.69 2.43	29.7 -21.9
5.9
4 16 40 -21.69 2.43	40 -17.6 2.43	29.7 -17.6 2.43	29.7 -21.69
2.43
4 16 40 -17.6 2.43	40 -16.82 2.43	29.34 -16.82 2.43	29.7 -17.6
2.43
4 16 40 -16.82 2.43	40 -17.6 7.05	29.7 -17.6 7.05	29.34 -16.82
2.43
4 16 40 -17.6 7.05	40 -8 7.05		25.28 -8 7.05	29.7 -17.6 7.05
4 16 40 -8 7.05		40 -9.4 2.43	25.92 -9.4 2.43	25.28 -8 7.05
4 16 40 -9.4 2.43		40 -9.4 0		25.92 -9.4 0	25.92 -9.4 2.43

2 24 25.92 -38.6 0	25.92 -38.6 2.43
2 24 25.92 -38.6 2.43	25.28 -40 7.05
2 24 25.28 -40 7.05	29.7 -30.4 7.05
2 24 29.7 -30.4 7.05	29.34 -31.18 2.43
2 24 29.34 -31.18 2.43	29.7 -30.4 2.43
2 24 29.7 -30.4 2.43	29.7 -26.31 2.43
2 24 29.7 -26.31 2.43	29.7 -26.1 5.9
2 24 29.7 -26.1 5.9	29.7 -24 6.15
2 24 29.7 -24 6.15	29.7 -21.9 5.9
2 24 29.7 -21.9 5.9	29.7 -21.69 2.43
2 24 29.7 -21.69 2.43	29.7 -17.6 2.43
2 24 29.7 -17.6 2.43	29.34 -16.82 2.43
2 24 29.34 -16.82 2.43	29.7 -17.6 7.05
2 24 29.7 -17.6 7.05	25.28 -8 7.05
2 24 25.28 -8 7.05	25.92 -9.4 2.43
2 24 25.92 -9.4 2.43	25.92 -9.4 0

2 24 40 -40 7.05		25.28 -40 7.05
2 24 40 -30.4 7.05	29.7 -30.4 7.05
2 24 40 -31.18 2.43	29.34 -31.18 2.43
2 24 40 -26.31 2.43	29.7 -26.31 2.43
2 24 40 -26.1 5.9		29.7 -26.1 5.9
2 24 40 -24 6.15		29.7 -24 6.15
2 24 40 -21.9 5.9		29.7 -21.9 5.9
2 24 40 -21.69 2.43	29.7 -21.69 2.43
2 24 40 -16.82 2.43	29.34 -16.82 2.43
2 24 40 -17.6 7.05	29.7 -17.6 7.05
2 24 40 -8 7.05		25.28 -8 7.05

4 16 25.92 -38.6 0	29.7 -30.4 0	29.7 -30.4 2.43	25.92 -38.6 2.43
4 16 29.7 -30.4 0		29.7 -17.6 0	29.7 -17.6 2.43	29.7 -30.4 2.43
4 16 29.7 -17.6 0		25.92 -9.4 0		25.92 -9.4 2.43	29.7 -17.6 2.43
4 16 25.28 -40 7.05	25.92 -38.6 2.43	29.34 -31.18 2.43	29.7
-30.4 7.05
4 16 29.7 -17.6 7.05	25.28 -8 7.05	25.92 -9.4 2.43	29.34 -16.82
2.43
4 16 29.7 -26.31 2.43	29.7 -26.1 5.9	29.7 -24 6.15	29.7 -24 2.43
4 16 29.7 -24 2.43	29.7 -21.69 2.43	29.7 -21.9 5.9	29.7 -24 6.15

4 16 40 -40 0		40 -48 0		40 -48 20		40 -40 20
4 16 40 -40 7.05		40 -8 7.05		40 -8 9.5		40 -40 9.5
4 16 40 -8 0		40 0 0		40 0 20		40 -8 20
4 16 40 -40 0		40 -38.6 0		40 -38.6 2.43	40 -40 7.05
4 16 40 -8 0		40 -9.4 0		40 -9.4 2.43	40 -8 7.05
4 16 40 -31.18 2.43	40 -26.31 2.43	40 -26.1 5.9	40 -30.4 7.05
4 16 40 -26.1 5.9		40 -30.4 7.05	40 -24 7.05		40 -24 6.15
4 16 40 -24 6.15		40 -24 7.05		40 -17.6 7.05	40 -21.9 5.9
4 16 40 -21.9 5.9		40 -17.6 7.05	40 -16.82 2.43	40 -21.69 2.43
2 24 40 -48 0 40 -48 20
2 24 40 -40 20 40 -40 9.5
2 24 40 -40 9.5 40 -8 9.5
2 24 40 -8 9.5 40 -8 20
2 24 40 -48 20 40 -48 0
0