0 ~Technic Pneumatic Airtank End
0 Name: 68.DAT
0 Author: Fredrik Glöckner
0 Official LCAD Part - 2000-02 Update

 2 24 76 5.58 2 76 5.52 2.28
 2 24 76 5.52 2.28 76 4.26 4.26
 2 24 76 4.26 4.26 76 2.28 5.52
 2 24 76 2.28 5.52 76 2 5.58
 2 24 76 2 -5.58 76 2.28 -5.52
 2 24 76 2.28 -5.52 76 4.26 -4.26
 2 24 76 4.26 -4.26 76 5.52 -2.28
 2 24 76 5.52 -2.28 76 5.58 -2
 2 24 76 -5.58 -2 76 -5.52 -2.28
 2 24 76 -5.52 -2.28 76 -4.26 -4.26
 2 24 76 -4.26 -4.26 76 -2.28 -5.52
 2 24 76 -2.28 -5.52 76 -2 -5.58
 2 24 76 -2 5.58 76 -2.28 5.52
 2 24 76 -2.28 5.52 76 -4.26 4.26
 2 24 76 -4.26 4.26 76 -5.52 2.28
 2 24 76 -5.52 2.28 76 -5.58 2
 2 24 80 14 -10 80 14 10
 2 24 80 16.91 -10 80 14 -10
 2 24 80 16.91 10 80 14 10
 1 16 80 0 0 0 0 0 6 0 0 0 0 6 RING1.DAT
 3 16 80 -14.14 -14.14 80 -16.91 -10 80 -10 -10
 4 16 80 -4.14 -10 80 -7.65 -18.48 80 -14.14 -14.14 80 -10 -10
 3 16 80 0 -10 80 0 -20 80 -7.65 -18.48
 3 16 80 0 -10 80 -7.65 -18.48 80 -4.14 -10
 3 16 80 7.65 -18.48 80 0 -20 80 0 -10
 3 16 80 7.65 -18.48 80 0 -10 80 4.14 -10
 4 16 80 10 -10 80 14.14 -14.14 80 7.65 -18.48 80 4.14 -10
 3 16 80 14.14 -14.14 80 10 -10 80 16.91 -10
 3 16 80 14.14 14.14 80 16.91 10 80 10 10
 4 16 80 4.14 10 80 7.65 18.48 80 14.14 14.14 80 10 10
 3 16 80 0 10 80 0 20 80 7.65 18.48
 3 16 80 0 10 80 7.65 18.48 80 4.14 10
 3 16 80 -7.65 18.48 80 0 20 80 0 10
 3 16 80 -7.65 18.48 80 0 10 80 -4.14 10
 4 16 80 -10 10 80 -14.14 14.14 80 -7.65 18.48 80 -4.14 10
 3 16 80 -14.14 14.14 80 -10 10 80 -16.91 10
 3 16 80 0 10 80 -3.83 9.24 80 -4.14 10
 4 16 80 -4.14 10 80 -3.83 9.24 80 -7.07 7.07 80 -10 10
 3 16 80 -7.07 7.07 80 -9.24 3.83 80 -18.48 7.65
 4 16 80 -7.07 7.07 80 -18.48 7.65 80 -16.91 10 80 -10 10
 4 16 80 -9.24 3.83 80 -10 0 80 -20 0 80 -18.48 7.65
 4 16 80 -10 0 80 -9.24 -3.83 80 -18.48 -7.65 80 -20 0
 3 16 80 -18.48 -7.65 80 -9.24 -3.83 80 -7.07 -7.07
 4 16 80 -18.48 -7.65 80 -7.07 -7.07 80 -10 -10 80 -16.91 -10
 4 16 80 -10 -10 80 -7.07 -7.07 80 -3.83 -9.24 80 -4.14 -10
 3 16 80 -4.14 -10 80 -3.83 -9.24 80 0 -10
 3 16 80 0 -10 80 3.83 -9.24 80 4.14 -10
 4 16 80 3.83 -9.24 80 7.07 -7.07 80 7.22 -10 80 4.14 -10
 3 16 80 7.07 -7.07 80 7.22 -10 80 10 -10
 3 16 80 7.07 -7.07 80 9.24 -3.83 80 14 -5.8
 4 16 80 7.07 -7.07 80 14 -5.8 80 14 -10 80 10 -10
 4 16 80 14 -5.8 80 9.24 -3.83 80 10 0 80 14 0
 4 16 80 14 0 80 10 0 80 9.24 3.83 80 14 5.8
 3 16 80 14 5.8 80 9.24 3.83 80 7.07 7.07
 4 16 80 14 5.8 80 7.07 7.07 80 10 10 80 14 10
 4 16 80 7.07 7.07 80 3.83 9.24 80 4.14 10 80 7.22 10
 3 16 80 7.07 7.07 80 7.22 10 80 10 10
 3 16 80 4.14 10 80 3.83 9.24 80 0 10
 1 16 80 0 0 0 0 0 6 0 0 0 0 6 4-4EDGE.DAT
 1 16 60 0 0 0 0 0 6 0 0 0 0 6 4-4EDGE.DAT
 1 16 60 0 0 0 0 0 6 0 0 0 0 6 4-4DISC.DAT
 1 16 80 0 0 0 -20 0 6 0 0 0 0 6 4-4CYLI.DAT
 1 16 76 0 0 0 -16 0 1 0 0 0 0 1 AXLEHOLE.DAT
 1 16 53 0 0 0 0 0 36.03 0 -14.92 14.92 0 36.03 2-4EDGE.DAT
 1 16 53 0 0 0 0 0 -36.03 0 14.92 -14.92 0 -36.03 1-4EDGE.DAT
 1 16 53 0 0 0 0 0 14.92 0 36.03 -36.03 0 14.92 1-8EDGE.DAT
 1 16 54 0 0 0 0 0 36.03 0 -14.92 14.92 0 36.03 2-4EDGE.DAT
 1 16 54 0 0 0 0 0 -36.03 0 14.92 -14.92 0 -36.03 1-4EDGE.DAT
 1 16 54 0 0 0 0 0 14.92 0 36.03 -36.03 0 14.92 1-8EDGE.DAT
 1 16 53 0 0 0 1 0 36.03 0 -14.92 14.92 0 36.03 2-4CYLI.DAT
 1 16 53 0 0 0 1 0 -36.03 0 14.92 -14.92 0 -36.03 1-4CYLI.DAT
 1 16 53 0 0 0 1 0 14.92 0 36.03 -36.03 0 14.92 1-8CYLI.DAT
 2 24 53 37.73 -10 54 37.73 -10
 2 24 53 37.73 10 54 37.73 10
 2 24 53 36.03 -14.92 53 37.73 -10
 2 24 53 36.03 14.92 53 37.73 10
 2 24 53 37.73 -10 53 37.73 10
 2 24 54 36.03 -14.92 54 37.73 -10
 2 24 54 36.03 14.92 54 37.73 10
 2 24 54 37.73 -10 54 37.73 10
 4 16 53 36.03 -14.92 54 36.03 -14.92 54 37.73 -10 53 37.73 -10
 4 16 53 36.03 14.92 54 36.03 14.92 54 37.73 10 53 37.73 10
 4 16 54 37.73 10 53 37.73 10 53 37.73 -10 54 37.73 -10
 1 16 54 0 0 0 0 0 -15.31 0 36.96 36.96 0 15.31 1-4EDGE.DAT
 1 16 54 0 0 0 0 0 36.95 0 -15.31 -15.31 0 -36.95 1-8EDGE.DAT
 1 16 54 0 0 0 0 0 15.31 0 -36.96 -36.96 0 -15.31 2-4EDGE.DAT
 1 16 54 0 0 0 6 0 -15.31 0 36.96 36.96 0 15.31 1-4CYLI.DAT
 1 16 54 0 0 0 6 0 36.95 0 -15.31 -15.31 0 -36.95 1-8CYLI.DAT
 1 16 54 0 0 0 6 0 15.31 0 -36.96 -36.96 0 -15.31 2-4CYLI.DAT
 1 16 54 0 0 0 1 0 1.39 0 -3.36 3.36 0 1.39 1-4RIN10.DAT
 1 16 54 0 0 0 1 0 -3.36 0 -1.39 1.39 0 -3.36 1-4RIN10.DAT
 1 16 54 0 0 0 1 0 -1.39 0 3.36 -3.36 0 -1.39 1-4RIN10.DAT
 1 16 54 0 0 0 1 0 3.36 0 -1.39 1.39 0 3.36 1-4RIN10.DAT
 3 16 54 36.95 -15.31 54 33.6 -13.92 54 36.36 0
 4 16 54 36.95 -15.31 54 36.36 0 54 38.73 0 54 38.73 -10
 3 16 54 36.36 0 54 33.6 13.92 54 36.96 15.31
 4 16 54 36.36 0 54 36.96 15.31 54 38.73 10 54 38.73 0
 5 24 54 36.96 -15.31 60 36.96 -15.31 54 38.73 -10 54 28.28 -28.28
 5 24 54 36.96 15.31 60 36.96 15.31 54 38.73 10 54 28.28 28.28
 2 24 60 38.73 -10 56 38.73 -10
 2 24 60 38.73 10 56 38.73 10
 2 24 54 38.73 -10 54 38.73 10
 2 24 56 38.73 -10 56 38.73 10
 2 24 54 36.96 -15.31 54 38.73 -10
 2 24 54 36.96 15.31 54 38.73 10
 2 24 54 38.73 -10 56 38.73 -10
 2 24 54 38.73 10 56 38.73 10
 4 16 56 38.73 -10 56 38.73 10 54 38.73 10 54 38.73 -10
 4 16 60 36.96 -15.31 60 38.73 -10 54 38.73 -10 54 36.96 -15.31
 4 16 60 36.96 15.31 60 38.73 10 54 38.73 10 54 36.96 15.31
 2 24 80 14 -10 68 14 -10
 2 24 80 14 10 68 14 10
 2 24 68 14 -10 68 14 10
 2 24 68 14 -10 56 26 -10
 2 24 68 14 10 56 26 10
 2 24 56 26 -10 56 26 10
 2 24 56 38.73 -10 56 26 -10
 2 24 56 38.73 10 56 26 10
 4 16 56 38.73 10 56 38.73 -10 56 26 -10 56 26 10
 4 16 56 26 -10 56 26 10 68 14 10 68 14 -10
 4 16 80 14 -10 80 14 10 68 14 10 68 14 -10
 1 16 62 20 0 -2.83 0 0 2.83 0 0 0 0 4 4-4EDGE.DAT
 1 16 71.19 29.19 0 -2.83 0 0 2.83 0 0 0 0 4 4-4EDGE.DAT
 1 16 73.31 31.31 0 -1.41 0 0 1.41 0 0 0 0 2 4-4EDGE.DAT
 1 16 62 20 0 -1.41 11.31 0 1.41 11.31 0 0 0 2 4-4CYLI.DAT
 1 16 62 20 0 -2.83 9.19 0 2.83 9.19 0 0 0 4 4-4CYLI.DAT
 1 16 71.19 29.19 0 -1.41 2.12 0 1.41 2.12 0 0 0 2 4-4con12.dat
 5 24 60 -40 0 67.51 -38.51 0 60 -36.96 -15.31 60 -36.96 15.31
 5 24 67.65 -38.48 0 74.14 -34.14 0 67.65 -35.55 -14.72 67.65 -35.55 14.72
 5 24 74.14 -34.14 0 78.48 -27.65 0 74.14 -31.54 -13.07 74.14 -31.54 13.07
 5 24 78.48 -27.65 0 80 -20 0 78.48 -25.55 -10.58 78.48 -25.55 10.58
 5 24 60 -36.96 -15.31 60 -40 0 67.65 -38.48 0 52.35 -38.48 0
 5 24 67.65 -35.55 -14.72 67.65 -38.48 0 60 -40 0 74.14 -34.14 0
 5 24 74.14 -31.54 -13.07 74.14 -34.14 0 78.48 -27.65 0 67.65 -38.48 0
 5 24 78.48 -25.55 -10.58 78.48 -27.65 0 80 -20 0 74.14 -34.14 0
 5 24 80 -18.48 -7.65 80 -20 0 78.48 -27.65 0 78.48 -12.35 0
 4 16 60 -40 0 67.51 -38.51 0 67.51 -35.58 -14.74 60 -36.96 -15.31
 4 16 67.65 -38.48 0 74.14 -34.14 0 74.14 -31.54 -13.07 67.65 -35.55 -14.72
 4 16 74.14 -34.14 0 78.48 -27.65 0 78.48 -25.55 -10.58 74.14 -31.54 -13.07
 4 16 78.48 -27.65 0 80 -20 0 80 -18.48 -7.65 78.48 -25.55 -10.58
 5 24 60 -36.96 -15.31 67.51 -35.58 -14.74 60 -28.28 -28.28 60 -40 0
 5 24 67.65 -35.55 -14.72 74.14 -31.54 -13.07 67.65 -27.21 -27.21 67.65 -38.48 0
 5 24 74.14 -31.54 -13.07 78.48 -25.55 -10.58 74.14 -24.14 -24.14 74.14 -34.14 0
 5 24 78.48 -25.55 -10.58 80 -18.48 -7.65 78.48 -19.55 -19.55 78.48 -27.65 0
 5 24 60 -28.28 -28.28 60 -36.96 -15.31 67.65 -35.55 -14.72 52.35 -35.55 -14.72
 5 24 67.65 -27.21 -27.21 67.65 -35.55 -14.72 60 -36.96 -15.31 74.14 -31.54 -13.07
 5 24 74.14 -24.14 -24.14 74.14 -31.54 -13.07 78.48 -25.55 -10.58 67.65 -35.55 -14.72
 5 24 78.48 -19.55 -19.55 78.48 -25.55 -10.58 80 -18.48 -7.65 74.14 -31.54 -13.07
 5 24 80 -14.14 -14.14 80 -18.48 -7.65 78.48 -25.55 -10.58 78.48 -11.41 -4.72
 4 16 60 -36.96 -15.31 67.51 -35.58 -14.74 67.51 -27.23 -27.23 60 -28.28 -28.28
 4 16 67.65 -35.55 -14.72 74.14 -31.54 -13.07 74.14 -24.14 -24.14 67.65 -27.21 -27.21
 4 16 74.14 -31.54 -13.07 78.48 -25.55 -10.58 78.48 -19.55 -19.55 74.14 -24.14 -24.14
 4 16 78.48 -25.55 -10.58 80 -18.48 -7.65 80 -14.14 -14.14 78.48 -19.55 -19.55
 5 24 60 -28.28 -28.28 67.51 -27.23 -27.23 60 -15.31 -36.96 60 -36.96 -15.31
 5 24 67.65 -27.21 -27.21 74.14 -24.14 -24.14 67.65 -14.72 -35.55 67.65 -35.55 -14.72
 5 24 74.14 -24.14 -24.14 78.48 -19.55 -19.55 74.14 -13.07 -31.54 74.14 -31.54 -13.07
 5 24 78.48 -19.55 -19.55 80 -14.14 -14.14 78.48 -10.58 -25.55 78.48 -25.55 -10.58
 5 24 60 -15.31 -36.96 60 -28.28 -28.28 67.65 -27.21 -27.21 52.35 -27.21 -27.21
 5 24 67.65 -14.72 -35.55 67.65 -27.21 -27.21 60 -28.28 -28.28 74.14 -24.14 -24.14
 5 24 74.14 -13.07 -31.54 74.14 -24.14 -24.14 78.48 -19.55 -19.55 67.65 -27.21 -27.21
 5 24 78.48 -10.58 -25.55 78.48 -19.55 -19.55 80 -14.14 -14.14 74.14 -24.14 -24.14
 5 24 80 -7.65 -18.48 80 -14.14 -14.14 78.48 -19.55 -19.55 78.48 -8.73 -8.73
 4 16 60 -28.28 -28.28 67.51 -27.23 -27.23 67.51 -14.74 -35.58 60 -15.31 -36.96
 4 16 67.65 -27.21 -27.21 74.14 -24.14 -24.14 74.14 -13.07 -31.54 67.65 -14.72 -35.55
 4 16 74.14 -24.14 -24.14 78.48 -19.55 -19.55 78.48 -10.58 -25.55 74.14 -13.07 -31.54
 4 16 78.48 -19.55 -19.55 80 -14.14 -14.14 80 -7.65 -18.48 78.48 -10.58 -25.55
 5 24 60 -15.31 -36.96 67.51 -14.74 -35.58 60 0 -40 60 -28.28 -28.28
 5 24 67.65 -14.72 -35.55 74.14 -13.07 -31.54 67.65 0 -38.48 67.65 -27.21 -27.21
 5 24 74.14 -13.07 -31.54 78.48 -10.58 -25.55 74.14 0 -34.14 74.14 -24.14 -24.14
 5 24 78.48 -10.58 -25.55 80 -7.65 -18.48 78.48 0 -27.65 78.48 -19.55 -19.55
 5 24 60 0 -40 60 -15.31 -36.96 67.65 -14.72 -35.55 52.35 -14.72 -35.55
 5 24 67.65 0 -38.48 67.65 -14.72 -35.55 60 -15.31 -36.96 74.14 -13.07 -31.54
 5 24 74.14 0 -34.14 74.14 -13.07 -31.54 78.48 -10.58 -25.55 67.65 -14.72 -35.55
 5 24 78.48 0 -27.65 78.48 -10.58 -25.55 80 -7.65 -18.48 74.14 -13.07 -31.54
 5 24 80 0 -20 80 -7.65 -18.48 78.48 -10.58 -25.55 78.48 -4.72 -11.41
 4 16 60 -15.31 -36.96 67.51 -14.74 -35.58 67.51 0 -38.51 60 0 -40
 4 16 67.65 -14.72 -35.55 74.14 -13.07 -31.54 74.14 0 -34.14 67.65 0 -38.48
 4 16 74.14 -13.07 -31.54 78.48 -10.58 -25.55 78.48 0 -27.65 74.14 0 -34.14
 4 16 78.48 -10.58 -25.55 80 -7.65 -18.48 80 0 -20 78.48 0 -27.65
 5 24 60 0 -40 67.51 0 -38.51 60 15.31 -36.96 60 -15.31 -36.96
 5 24 67.65 0 -38.48 74.14 0 -34.14 67.65 14.72 -35.55 67.65 -14.72 -35.55
 5 24 74.14 0 -34.14 78.48 0 -27.65 74.14 13.07 -31.54 74.14 -13.07 -31.54
 5 24 78.48 0 -27.65 80 0 -20 78.48 10.58 -25.55 78.48 -10.58 -25.55
 5 24 60 15.31 -36.96 60 0 -40 67.65 0 -38.48 52.35 0 -38.48
 5 24 67.65 14.72 -35.55 67.65 0 -38.48 60 0 -40 74.14 0 -34.14
 5 24 74.14 13.07 -31.54 74.14 0 -34.14 78.48 0 -27.65 67.65 0 -38.48
 5 24 78.48 10.58 -25.55 78.48 0 -27.65 80 0 -20 74.14 0 -34.14
 5 24 80 7.65 -18.48 80 0 -20 78.48 0 -27.65 78.48 0 -12.35
 4 16 60 0 -40 67.51 0 -38.51 67.51 14.74 -35.58 60 15.31 -36.96
 4 16 67.65 0 -38.48 74.14 0 -34.14 74.14 13.07 -31.54 67.65 14.72 -35.55
 4 16 74.14 0 -34.14 78.48 0 -27.65 78.48 10.58 -25.55 74.14 13.07 -31.54
 4 16 78.48 0 -27.65 80 0 -20 80 7.65 -18.48 78.48 10.58 -25.55
 5 24 60 15.31 -36.96 67.51 14.74 -35.58 60 28.28 -28.28 60 0 -40
 5 24 67.65 14.72 -35.55 74.14 13.07 -31.54 67.65 27.21 -27.21 67.65 0 -38.48
 5 24 74.14 13.07 -31.54 78.48 10.58 -25.55 74.14 24.14 -24.14 74.14 0 -34.14
 5 24 78.48 10.58 -25.55 80 7.65 -18.48 78.48 19.55 -19.55 78.48 0 -27.65
 5 24 60 28.28 -28.28 60 15.31 -36.96 67.65 14.72 -35.55 52.35 14.72 -35.55
 5 24 67.65 27.21 -27.21 67.65 14.72 -35.55 60 15.31 -36.96 74.14 13.07 -31.54
 5 24 74.14 24.14 -24.14 74.14 13.07 -31.54 78.48 10.58 -25.55 67.65 14.72 -35.55
 5 24 78.48 19.55 -19.55 78.48 10.58 -25.55 80 7.65 -18.48 74.14 13.07 -31.54
 5 24 80 14.14 -14.14 80 7.65 -18.48 78.48 10.58 -25.55 78.48 4.72 -11.41
 4 16 60 15.31 -36.96 67.51 14.74 -35.58 67.51 27.23 -27.23 60 28.28 -28.28
 4 16 67.65 14.72 -35.55 74.14 13.07 -31.54 74.14 24.14 -24.14 67.65 27.21 -27.21
 4 16 74.14 13.07 -31.54 78.48 10.58 -25.55 78.48 19.55 -19.55 74.14 24.14 -24.14
 4 16 78.48 10.58 -25.55 80 7.65 -18.48 80 14.14 -14.14 78.48 19.55 -19.55
 5 24 60 28.28 28.28 67.51 27.23 27.23 60 15.31 36.96 60 36.96 15.31
 5 24 67.65 27.21 27.21 74.14 24.14 24.14 67.65 14.72 35.55 67.65 35.55 14.72
 5 24 74.14 24.14 24.14 78.48 19.55 19.55 74.14 13.07 31.54 74.14 31.54 13.07
 5 24 78.48 19.55 19.55 80 14.14 14.14 78.48 10.58 25.55 78.48 25.55 10.58
 5 24 60 15.31 36.96 60 28.28 28.28 67.65 27.21 27.21 52.35 27.21 27.21
 5 24 67.65 14.72 35.55 67.65 27.21 27.21 60 28.28 28.28 74.14 24.14 24.14
 5 24 74.14 13.07 31.54 74.14 24.14 24.14 78.48 19.55 19.55 67.65 27.21 27.21
 5 24 78.48 10.58 25.55 78.48 19.55 19.55 80 14.14 14.14 74.14 24.14 24.14
 5 24 80 7.65 18.48 80 14.14 14.14 78.48 19.55 19.55 78.48 8.73 8.73
 4 16 60 28.28 28.28 67.51 27.23 27.23 67.51 14.74 35.58 60 15.31 36.96
 4 16 67.65 27.21 27.21 74.14 24.14 24.14 74.14 13.07 31.54 67.65 14.72 35.55
 4 16 74.14 24.14 24.14 78.48 19.55 19.55 78.48 10.58 25.55 74.14 13.07 31.54
 4 16 78.48 19.55 19.55 80 14.14 14.14 80 7.65 18.48 78.48 10.58 25.55
 5 24 60 15.31 36.96 67.51 14.74 35.58 60 0 40 60 28.28 28.28
 5 24 67.65 14.72 35.55 74.14 13.07 31.54 67.65 0 38.48 67.65 27.21 27.21
 5 24 74.14 13.07 31.54 78.48 10.58 25.55 74.14 0 34.14 74.14 24.14 24.14
 5 24 78.48 10.58 25.55 80 7.65 18.48 78.48 0 27.65 78.48 19.55 19.55
 5 24 60 0 40 60 15.31 36.96 67.65 14.72 35.55 52.35 14.72 35.55
 5 24 67.65 0 38.48 67.65 14.72 35.55 60 15.31 36.96 74.14 13.07 31.54
 5 24 74.14 0 34.14 74.14 13.07 31.54 78.48 10.58 25.55 67.65 14.72 35.55
 5 24 78.48 0 27.65 78.48 10.58 25.55 80 7.65 18.48 74.14 13.07 31.54
 5 24 80 0 20 80 7.65 18.48 78.48 10.58 25.55 78.48 4.72 11.41
 4 16 60 15.31 36.96 67.51 14.74 35.58 67.51 0 38.51 60 0 40
 4 16 67.65 14.72 35.55 74.14 13.07 31.54 74.14 0 34.14 67.65 0 38.48
 4 16 74.14 13.07 31.54 78.48 10.58 25.55 78.48 0 27.65 74.14 0 34.14
 4 16 78.48 10.58 25.55 80 7.65 18.48 80 0 20 78.48 0 27.65
 5 24 60 0 40 67.51 0 38.51 60 -15.31 36.96 60 15.31 36.96
 5 24 67.65 0 38.48 74.14 0 34.14 67.65 -14.72 35.55 67.65 14.72 35.55
 5 24 74.14 0 34.14 78.48 0 27.65 74.14 -13.07 31.54 74.14 13.07 31.54
 5 24 78.48 0 27.65 80 0 20 78.48 -10.58 25.55 78.48 10.58 25.55
 5 24 60 -15.31 36.96 60 0 40 67.65 0 38.48 52.35 0 38.48
 5 24 67.65 -14.72 35.55 67.65 0 38.48 60 0 40 74.14 0 34.14
 5 24 74.14 -13.07 31.54 74.14 0 34.14 78.48 0 27.65 67.65 0 38.48
 5 24 78.48 -10.58 25.55 78.48 0 27.65 80 0 20 74.14 0 34.14
 5 24 80 -7.65 18.48 80 0 20 78.48 0 27.65 78.48 0 12.35
 4 16 60 0 40 67.51 0 38.51 67.51 -14.74 35.58 60 -15.31 36.96
 4 16 67.65 0 38.48 74.14 0 34.14 74.14 -13.07 31.54 67.65 -14.72 35.55
 4 16 74.14 0 34.14 78.48 0 27.65 78.48 -10.58 25.55 74.14 -13.07 31.54
 4 16 78.48 0 27.65 80 0 20 80 -7.65 18.48 78.48 -10.58 25.55
 5 24 60 -15.31 36.96 67.51 -14.74 35.58 60 -28.28 28.28 60 0 40
 5 24 67.65 -14.72 35.55 74.14 -13.07 31.54 67.65 -27.21 27.21 67.65 0 38.48
 5 24 74.14 -13.07 31.54 78.48 -10.58 25.55 74.14 -24.14 24.14 74.14 0 34.14
 5 24 78.48 -10.58 25.55 80 -7.65 18.48 78.48 -19.55 19.55 78.48 0 27.65
 5 24 60 -28.28 28.28 60 -15.31 36.96 67.65 -14.72 35.55 52.35 -14.72 35.55
 5 24 67.65 -27.21 27.21 67.65 -14.72 35.55 60 -15.31 36.96 74.14 -13.07 31.54
 5 24 74.14 -24.14 24.14 74.14 -13.07 31.54 78.48 -10.58 25.55 67.65 -14.72 35.55
 5 24 78.48 -19.55 19.55 78.48 -10.58 25.55 80 -7.65 18.48 74.14 -13.07 31.54
 5 24 80 -14.14 14.14 80 -7.65 18.48 78.48 -10.58 25.55 78.48 -4.72 11.41
 4 16 60 -15.31 36.96 67.51 -14.74 35.58 67.51 -27.23 27.23 60 -28.28 28.28
 4 16 67.65 -14.72 35.55 74.14 -13.07 31.54 74.14 -24.14 24.14 67.65 -27.21 27.21
 4 16 74.14 -13.07 31.54 78.48 -10.58 25.55 78.48 -19.55 19.55 74.14 -24.14 24.14
 4 16 78.48 -10.58 25.55 80 -7.65 18.48 80 -14.14 14.14 78.48 -19.55 19.55
 5 24 60 -28.28 28.28 67.51 -27.23 27.23 60 -36.96 15.31 60 -15.31 36.96
 5 24 67.65 -27.21 27.21 74.14 -24.14 24.14 67.65 -35.55 14.72 67.65 -14.72 35.55
 5 24 74.14 -24.14 24.14 78.48 -19.55 19.55 74.14 -31.54 13.07 74.14 -13.07 31.54
 5 24 78.48 -19.55 19.55 80 -14.14 14.14 78.48 -25.55 10.58 78.48 -10.58 25.55
 5 24 60 -36.96 15.31 60 -28.28 28.28 67.65 -27.21 27.21 52.35 -27.21 27.21
 5 24 67.65 -35.55 14.72 67.65 -27.21 27.21 60 -28.28 28.28 74.14 -24.14 24.14
 5 24 74.14 -31.54 13.07 74.14 -24.14 24.14 78.48 -19.55 19.55 67.65 -27.21 27.21
 5 24 78.48 -25.55 10.58 78.48 -19.55 19.55 80 -14.14 14.14 74.14 -24.14 24.14
 5 24 80 -18.48 7.65 80 -14.14 14.14 78.48 -19.55 19.55 78.48 -8.73 8.73
 4 16 60 -28.28 28.28 67.51 -27.23 27.23 67.51 -35.58 14.74 60 -36.96 15.31
 4 16 67.65 -27.21 27.21 74.14 -24.14 24.14 74.14 -31.54 13.07 67.65 -35.55 14.72
 4 16 74.14 -24.14 24.14 78.48 -19.55 19.55 78.48 -25.55 10.58 74.14 -31.54 13.07
 4 16 78.48 -19.55 19.55 80 -14.14 14.14 80 -18.48 7.65 78.48 -25.55 10.58
 5 24 60 -36.96 15.31 67.51 -35.58 14.74 60 -40 0 60 -28.28 28.28
 5 24 67.65 -35.55 14.72 74.14 -31.54 13.07 67.65 -38.48 0 67.65 -27.21 27.21
 5 24 74.14 -31.54 13.07 78.48 -25.55 10.58 74.14 -34.14 0 74.14 -24.14 24.14
 5 24 78.48 -25.55 10.58 80 -18.48 7.65 78.48 -27.65 0 78.48 -19.55 19.55
 5 24 60 -40 0 60 -36.96 15.31 67.65 -35.55 14.72 52.35 -35.55 14.72
 5 24 67.65 -38.48 0 67.65 -35.55 14.72 60 -36.96 15.31 74.14 -31.54 13.07
 5 24 74.14 -34.14 0 74.14 -31.54 13.07 78.48 -25.55 10.58 67.65 -35.55 14.72
 5 24 78.48 -27.65 0 78.48 -25.55 10.58 80 -18.48 7.65 74.14 -31.54 13.07
 5 24 80 -20 0 80 -18.48 7.65 78.48 -25.55 10.58 78.48 -11.41 4.72
 4 16 60 -36.96 15.31 67.51 -35.58 14.74 67.51 -38.51 0 60 -40 0
 4 16 67.65 -35.55 14.72 74.14 -31.54 13.07 74.14 -34.14 0 67.65 -38.48 0
 4 16 74.14 -31.54 13.07 78.48 -25.55 10.58 78.48 -27.65 0 74.14 -34.14 0
 4 16 78.48 -25.55 10.58 80 -18.48 7.65 80 -20 0 78.48 -27.65 0
 5 24 60 36.96 15.31 60 38.73 10 67.65 38.48 0 52.35 38.48 0
 5 24 67.65 35.55 14.72 67.65 36.49 10 60 40 0 74.14 34.14 0
 5 24 74.14 31.54 13.07 74.14 32.15 10 78.48 27.65 0 67.65 38.48 0
 5 24 78.48 25.55 10.58 78.48 25.66 10 80 20 0 74.14 34.14 0
 4 16 67.51 36.52 10 67.51 35.58 14.74 60 36.96 15.31 60 38.73 10
 2 24 67.51 36.52 10 60 38.73 10
 4 16 74.14 32.15 10 74.14 31.54 13.07 67.65 35.55 14.72 67.65 36.49 10
 2 24 74.14 32.15 10 67.65 36.49 10
 4 16 78.48 25.66 10 78.48 25.55 10.58 74.14 31.54 13.07 74.14 32.15 10
 2 24 78.48 25.66 10 74.14 32.15 10
 3 16 78.48 25.55 10.58 78.48 25.66 10 78.78 24.14 10
 2 24 78.48 25.66 10 78.78 24.14 10
 5 24 60 36.96 15.31 67.51 35.58 14.74 60 28.28 28.28 60 40 0
 5 24 67.65 35.55 14.72 74.14 31.54 13.07 67.65 27.21 27.21 67.65 38.48 0
 5 24 74.14 31.54 13.07 78.48 25.55 10.58 74.14 24.14 24.14 74.14 34.14 0
 5 24 78.48 25.55 10.58 78.78 24.14 10 78.48 19.55 19.55 78.48 27.65 0
 5 24 60 28.28 28.28 60 36.96 15.31 67.65 35.55 14.72 52.35 35.55 14.72
 5 24 67.65 27.21 27.21 67.65 35.55 14.72 60 36.96 15.31 74.14 31.54 13.07
 5 24 74.14 24.14 24.14 74.14 31.54 13.07 78.48 25.55 10.58 67.65 35.55 14.72
 5 24 78.48 19.55 19.55 78.48 25.55 10.58 80 18.48 7.65 74.14 31.54 13.07
 5 24 80 14.14 14.14 80 16.91 10 78.48 25.55 10.58 78.48 11.41 4.72
 4 16 60 36.96 15.31 67.51 35.58 14.74 67.51 27.23 27.23 60 28.28 28.28
 4 16 67.65 35.55 14.72 74.14 31.54 13.07 74.14 24.14 24.14 67.65 27.21 27.21
 4 16 74.14 31.54 13.07 78.48 25.55 10.58 78.48 19.55 19.55 74.14 24.14 24.14
 3 16 80 14.14 14.14 78.48 19.55 19.55 78.48 25.55 10.58
 4 16 80 14.14 14.14 78.48 25.55 10.58 78.78 24.14 10 80 16.91 10
 2 24 78.78 24.14 10 80 16.91 10
 3 16 56 38.73 10 60 38.73 10 56 26 10
 4 16 67.51 36.52 10 60 38.73 10 56 26 10 68 14 10
 3 16 74.14 32.15 10 67.65 36.49 10 68 14 10
 3 16 78.48 25.66 10 74.14 32.15 10 68 14 10
 3 16 78.48 25.66 10 78.78 24.14 10 68 14 10
 4 16 78.78 24.14 10 80 16.91 10 80 14 10 68 14 10
 5 24 60 36.96 -15.31 60 38.73 -10 67.65 38.48 0 52.35 38.48 0
 5 24 67.65 35.55 -14.72 67.65 36.49 -10 60 40 0 74.14 34.14 0
 5 24 74.14 31.54 -13.07 74.14 32.15 -10 78.48 27.65 0 67.65 38.48 0
 5 24 78.48 25.55 -10.58 78.48 25.66 -10 80 20 0 74.14 34.14 0
 4 16 67.51 36.52 -10 67.51 35.58 -14.74 60 36.96 -15.31 60 38.73 -10
 2 24 67.51 36.52 -10 60 38.73 -10
 4 16 74.14 32.15 -10 74.14 31.54 -13.07 67.65 35.55 -14.72 67.65 36.49 -10
 2 24 74.14 32.15 -10 67.65 36.49 -10
 4 16 78.48 25.66 -10 78.48 25.55 -10.58 74.14 31.54 -13.07 74.14 32.15 -10
 2 24 78.48 25.66 -10 74.14 32.15 -10
 3 16 78.48 25.55 -10.58 78.48 25.66 -10 78.78 24.14 -10
 2 24 78.48 25.66 -10 78.78 24.14 -10
 5 24 60 36.96 -15.31 67.51 35.58 -14.74 60 28.28 -28.28 60 40 0
 5 24 67.65 35.55 -14.72 74.14 31.54 -13.07 67.65 27.21 -27.21 67.65 38.48 0
 5 24 74.14 31.54 -13.07 78.48 25.55 -10.58 74.14 24.14 -24.14 74.14 34.14 0
 5 24 78.48 25.55 -10.58 78.78 24.14 -10 78.48 19.55 -19.55 78.48 27.65 0
 5 24 60 28.28 -28.28 60 36.96 -15.31 67.65 35.55 -14.72 52.35 35.55 -14.72
 5 24 67.65 27.21 -27.21 67.65 35.55 -14.72 60 36.96 -15.31 74.14 31.54 -13.07
 5 24 74.14 24.14 -24.14 74.14 31.54 -13.07 78.48 25.55 -10.58 67.65 35.55 -14.72
 5 24 78.48 19.55 -19.55 78.48 25.55 -10.58 80 18.48 -7.65 74.14 31.54 -13.07
 5 24 80 14.14 -14.14 80 16.91 -10 78.48 25.55 -10.58 78.48 11.41 -4.72
 4 16 60 36.96 -15.31 67.51 35.58 -14.74 67.51 27.23 -27.23 60 28.28 -28.28
 4 16 67.65 35.55 -14.72 74.14 31.54 -13.07 74.14 24.14 -24.14 67.65 27.21 -27.21
 4 16 74.14 31.54 -13.07 78.48 25.55 -10.58 78.48 19.55 -19.55 74.14 24.14 -24.14
 3 16 80 14.14 -14.14 78.48 19.55 -19.55 78.48 25.55 -10.58
 4 16 80 14.14 -14.14 78.48 25.55 -10.58 78.78 24.14 -10 80 16.91 -10
 2 24 78.78 24.14 -10 80 16.91 -10
 3 16 56 38.73 -10 60 38.73 -10 56 26 -10
 4 16 67.51 36.52 -10 60 38.73 -10 56 26 -10 68 14 -10
 3 16 74.14 32.15 -10 67.65 36.49 -10 68 14 -10
 3 16 78.48 25.66 -10 74.14 32.15 -10 68 14 -10
 3 16 78.48 25.66 -10 78.78 24.14 -10 68 14 -10
 4 16 78.78 24.14 -10 80 16.91 -10 80 14 -10 68 14 -10
0 
