0 Tyre 14 x 10 Single Smooth
0 Name: 7.dat
0 Author: James Jessiman
0 Original LDraw Part
0 LDRAW_ORG Part UPDATE 2005-01

0 BFC CERTIFY CCW

0 // 2003-06-08 JHR             BFC compliancy, ring subsitutions
0 // 2004-06-06 Niels Karsdorp: added details


1 16 2 0 0 0 1 0 6 0 0 0 0 6 4-4edge.dat
1 16 4 0 0 0 1 0 10 0 0 0 0 10 4-4edge.dat
1 16 5 0 0 0 1 0 10 0 0 0 0 10 4-4edge.dat
1 16 5 0 0 0 1 0 17.5 0 0 0 0 17.5 4-4edge.dat
1 16 -5 0 0 0 1 0 17.5 0 0 0 0 17.5 4-4edge.dat
1 16 -5 0 0 0 1 0 10 0 0 0 0 10 4-4edge.dat
1 16 -4 0 0 0 1 0 10 0 0 0 0 10 4-4edge.dat
1 16 -2 0 0 0 1 0 6 0 0 0 0 6 4-4edge.dat

5 24 2.5 18 0 2.5 16.6302 6.8886 5 17.5 0 -2.5 18 0
5 24 2.5 16.6302 6.8886 2.5 12.7278 12.7278 5 16.1682 6.6972 -2.5 16.6302 6.8886
5 24 2.5 12.7278 12.7278 2.5 6.8886 16.6302 5 12.3743 12.3743 -2.5 12.7278 12.7278
5 24 2.5 6.8886 16.6302 2.5 0 18 5 6.6972 16.1682 -2.5 6.8886 16.6302
5 24 2.5 0 18 2.5 -6.8886 16.6302 5 0 17.5 -2.5 0 18
5 24 2.5 -6.8886 16.6302 2.5 -12.7278 12.7278 5 -6.6972 16.1682 -2.5 -6.8886 16.6302
5 24 2.5 -12.7278 12.7278 2.5 -16.6302 6.8886 5 -12.3743 12.3743 -2.5 -12.7278 12.7278
5 24 2.5 -16.6302 6.8886 2.5 -18 0 5 -16.1682 6.6972 -2.5 -16.6302 6.8886
5 24 2.5 -18 0 2.5 -16.6302 -6.8886 5 -17.5 0 -2.5 -18 0
5 24 2.5 -16.6302 -6.8886 2.5 -12.7278 -12.7278 5 -16.1682 -6.6972 -2.5 -16.6302 -6.8886
5 24 2.5 -12.7278 -12.7278 2.5 -6.8886 -16.6302 5 -12.3743 -12.3743 -2.5 -12.7278 -12.7278
5 24 2.5 -6.8886 -16.6302 2.5 0 -18 5 -6.6972 -16.1682 -2.5 -6.8886 -16.6302
5 24 2.5 0 -18 2.5 6.8886 -16.6302 5 0 -17.5 -2.5 0 -18
5 24 2.5 6.8886 -16.6302 2.5 12.7278 -12.7278 5 6.6972 -16.1682 -2.5 6.8886 -16.6302
5 24 2.5 12.7278 -12.7278 2.5 16.6302 -6.8886 5 12.3743 -12.3743 -2.5 12.7278 -12.7278
5 24 2.5 16.6302 -6.8886 2.5 18 0 5 16.1682 -6.6972 -2.5 16.6302 -6.8886

5 24 -2.5 18 0 -2.5 16.6302 6.8886 -5 17.5 0 2.5 18 0
5 24 -2.5 16.6302 6.8886 -2.5 12.7278 12.7278 -5 16.1682 6.6972 2.5 16.6302 6.8886
5 24 -2.5 12.7278 12.7278 -2.5 6.8886 16.6302 -5 12.3743 12.3743 2.5 12.7278 12.7278
5 24 -2.5 6.8886 16.6302 -2.5 0 18 -5 6.6972 16.1682 2.5 6.8886 16.6302
5 24 -2.5 0 18 -2.5 -6.8886 16.6302 -5 0 17.5 2.5 0 18
5 24 -2.5 -6.8886 16.6302 -2.5 -12.7278 12.7278 -5 -6.6972 16.1682 2.5 -6.8886 16.6302
5 24 -2.5 -12.7278 12.7278 -2.5 -16.6302 6.8886 -5 -12.3743 12.3743 2.5 -12.7278 12.7278
5 24 -2.5 -16.6302 6.8886 -2.5 -18 0 -5 -16.1682 6.6972 2.5 -16.6302 6.8886
5 24 -2.5 -18 0 -2.5 -16.6302 -6.8886 -5 -17.5 0 2.5 -18 0
5 24 -2.5 -16.6302 -6.8886 -2.5 -12.7278 -12.7278 -5 -16.1682 -6.6972 2.5 -16.6302 -6.8886
5 24 -2.5 -12.7278 -12.7278 -2.5 -6.8886 -16.6302 -5 -12.3743 -12.3743 2.5 -12.7278 -12.7278
5 24 -2.5 -6.8886 -16.6302 -2.5 0 -18 -5 -6.6972 -16.1682 2.5 -6.8886 -16.6302
5 24 -2.5 0 -18 -2.5 6.8886 -16.6302 -5 0 -17.5 2.5 0 -18
5 24 -2.5 6.8886 -16.6302 -2.5 12.7278 -12.7278 -5 6.6972 -16.1682 2.5 6.8886 -16.6302
5 24 -2.5 12.7278 -12.7278 -2.5 16.6302 -6.8886 -5 12.3743 -12.3743 2.5 12.7278 -12.7278
5 24 -2.5 16.6302 -6.8886 -2.5 18 0 -5 16.1682 -6.6972 2.5 16.6302 -6.8886

1 16 5 0 0 0 1 0 15 0 0 0 0 15 4-4edge.dat
1 16 5 0 0 0 1 0 16 0 0 0 0 16 4-4edge.dat
1 16 5.5 0 0 0 1 0 15 0 0 0 0 15 4-4edge.dat
1 16 5.5 0 0 0 1 0 16 0 0 0 0 16 4-4edge.dat

1 16 5 0 0 0 1 0 12 0 0 0 0 12 4-4edge.dat
1 16 5 0 0 0 1 0 13 0 0 0 0 13 4-4edge.dat
1 16 5.5 0 0 0 1 0 12 0 0 0 0 12 4-4edge.dat
1 16 5.5 0 0 0 1 0 13 0 0 0 0 13 4-4edge.dat

1 16 -5 0 0 0 1 0 15 0 0 0 0 15 4-4edge.dat
1 16 -5 0 0 0 1 0 16 0 0 0 0 16 4-4edge.dat
1 16 -5.5 0 0 0 1 0 15 0 0 0 0 15 4-4edge.dat
1 16 -5.5 0 0 0 1 0 16 0 0 0 0 16 4-4edge.dat

1 16 -5 0 0 0 1 0 12 0 0 0 0 12 4-4edge.dat
1 16 -5 0 0 0 1 0 13 0 0 0 0 13 4-4edge.dat
1 16 -5.5 0 0 0 1 0 12 0 0 0 0 12 4-4edge.dat
1 16 -5.5 0 0 0 1 0 13 0 0 0 0 13 4-4edge.dat

0 BFC INVERTNEXT
1 16 5 0 0 0 -1 0 10 0 0 0 0 10 4-4cyli.dat
0 BFC INVERTNEXT
1 16 -4 0 0 0 1 0 2 0 0 0 0 2 4-4con4.dat
0 BFC INVERTNEXT
1 16 -3 0 0 0 1 0 2 0 0 0 0 2 4-4con3.dat
0 BFC INVERTNEXT
1 16 2 0 0 0 -4 0 6 0 0 0 0 6 4-4cyli.dat
0 BFC INVERTNEXT
1 16 4 0 0 0 -1 0 2 0 0 0 0 2 4-4con4.dat
0 BFC INVERTNEXT
1 16 3 0 0 0 -1 0 2 0 0 0 0 2 4-4con3.dat
0 BFC INVERTNEXT
1 16 -5 0 0 0 1 0 10 0 0 0 0 10 4-4cyli.dat

1 16 2.5 0 0 0 2.5 0 0.5 0 0 0 0 0.5 4-4con35.dat
1 16 2.5 0 0 0 -5 0 18 0 0 0 0 18 4-4cyli.dat
1 16 -2.5 0 0 0 -2.5 0 0.5 0 0 0 0 0.5 4-4con35.dat
1 16 5 0 0 0 -1 0 5 0 0 0 0 5 ring2.dat
1 16 5 0 0 0 -1 0 2.5 0 0 0 0 2.5 4-4ring6.dat
1 16 -5 0 0 0 1 0 5 0 0 0 0 -5 ring2.dat
1 16 -5 0 0 0 1 0 2.5 0 0 0 0 -2.5 4-4ring6.dat

0 BFC INVERTNEXT
1 16 5 0 0 0 .5 0 15 0 0 0 0 15 4-4cyli.dat
1 16 5 0 0 0 .5 0 16 0 0 0 0 16 4-4cyli.dat
1 16 5.5 0 0 0 -1 0 1 0 0 0 0 1 4-4rin15.dat

0 BFC INVERTNEXT
1 16 5 0 0 0 .5 0 12 0 0 0 0 12 4-4cyli.dat
1 16 5 0 0 0 .5 0 13 0 0 0 0 13 4-4cyli.dat
1 16 5.5 0 0 0 -1 0 1 0 0 0 0 1 4-4rin12.dat

0 BFC INVERTNEXT
1 16 -5 0 0 0 -.5 0 15 0 0 0 0 15 4-4cyli.dat
1 16 -5 0 0 0 -.5 0 16 0 0 0 0 16 4-4cyli.dat
1 16 -5.5 0 0 0 1 0 1 0 0 0 0 1 4-4rin15.dat

0 BFC INVERTNEXT
1 16 -5 0 0 0 -.5 0 12 0 0 0 0 12 4-4cyli.dat
1 16 -5 0 0 0 -.5 0 13 0 0 0 0 13 4-4cyli.dat
1 16 -5.5 0 0 0 1 0 1 0 0 0 0 1 4-4rin12.dat
0
