0 Brick  4 x  4 Corner
0 Name: 702.dat
0 Author: R. M. Rodinsky (dublar@aol.com)
0 Official LCad update 97-17

 2 24 -16 24 56 -16 24 -16 
 2 24 16 24 56 -16 24 56 
 2 24 -16 24 -16 56 24 -16 
 2 24 56 24 -16 56 24 16 
 2 24 56 24 16 18 24 16 
 2 24 18 24 16 15 24 13 
 2 24 15 24 13 13 24 15 
 2 24 13 24 15 16 24 18 
 2 24 16 24 18 16 24 56 
 2 24 56 24 -16 56 4 -16 
 2 24 -16 24 -16 -16 4 -16 
 2 24 -16 24 56 -16 4 56 
 2 24 16 24 56 16 4 56 
 2 24 16 24 16 16 4 16 
 2 24 56 24 16 56 4 16 
 2 24 60 24 -20 60 0 -20 
 2 24 -20 24 -20 -20 0 -20 
 2 24 -20 24 60 -20 0 60 
 2 24 20 24 60 20 0 60 
 2 24 20 24 20 20 0 20 
 2 24 60 24 20 60 0 20 
 2 24 16 4 56 -16 4 56 
 2 24 -16 4 56 -16 4 -16 
 2 24 -16 4 -16 56 4 -16 
 2 24 56 4 -16 56 4 16 
 2 24 56 4 16 18 4 16 
 2 24 18 4 16 15 4 13 
 2 24 15 4 13 13 4 15 
 2 24 13 4 15 16 4 18 
 2 24 16 4 18 16 4 56 
 2 24 20 24 60 -20 24 60 
 2 24 20 0 60 -20 0 60 
 2 24 -20 0 60 -20 0 -20 
 2 24 -20 0 -20 60 0 -20 
 2 24 60 0 -20 60 0 20 
 2 24 60 0 20 20 0 20 
 2 24 20 0 20 20 0 60 
 2 24 20 0 20 20 0 60 
 2 24 -20 24 60 -20 24 -20 
 2 24 -20 24 -20 60 24 -20 
 2 24 60 24 -20 60 24 20 
 2 24 60 24 20 20 24 20 
 2 24 20 24 20 20 24 60 
 4 16 20 24 60 16 24 56 -16 24 56 -20 24 60 
 4 16 -20 24 60 -16 24 56 -16 24 -16 -20 24 -20 
 4 16 -20 24 -20 -16 24 -16 56 24 -16 60 24 -20 
 4 16 60 24 -20 56 24 -16 56 24 16 60 24 20 
 4 16 60 24 20 56 24 16 16 24 16 20 24 20 
 4 16 20 24 20 16 24 16 16 24 56 20 24 60 
 4 16 18 24 16 15 24 13 13 24 15 16 24 18
 1 16 20 14 -16 36 0 0 0 0 -10 0 -12 0 rect.dat
 1 16 36 14 16 20 0 0 0 0 -10 0 -12 0 rect.dat
 1 16 56 14 0 0 -12 0 0 0 -10 -16 0 0 rect.dat
 1 16 0 14 56 -16 0 0 0 0 -10 0 12 0 rect.dat
 1 16 -16 14 20 0 -12 0 -10 0 0 0 0 36 rect.dat
 1 16 16 14 36 0 -12 0 -10 0 0 0 0 20 rect.dat
 1 16 0 12 60 0 0 20 -12 0 0 0 -4 0 rect.dat
 1 16 20 12 40 0 4 0 -12 0 0 0 0 20 rect.dat
 1 16 40 12 20 0 0 20 -12 0 0 0 -4 0 rect.dat
 1 16 60 12 0 0 4 0 -12 0 0 0 0 20 rect.dat
 1 16 20 12 -20 0 0 40 -12 0 0 0 -4 0 rect.dat
 1 16 -20 12 20 0 4 0 -12 0 0 0 0 40 rect.dat 
 4 16 56 4 16 -16 4 16 -16 4 -16 56 4 -16 
 4 16 16 4 56 16 4 16 -16 4 16 -16 4 56 
 4 16 60 0 20 -20 0 20 -20 0 -20 60 0 -20 
 4 16 20 0 60 20 0 20 -20 0 20 -20 0 60 
 1 16 0 4 40 1 0 0 0 -5 0 0 0 1 stud4.dat
 1 16 0 4 20 1 0 0 0 -5 0 0 0 1 stud4.dat
 1 16 0 4 0 1 0 0 0 -5 0 0 0 1 stud4.dat
 1 16 20 4 0 1 0 0 0 -5 0 0 0 1 stud4.dat
 1 16 40 4 0 1 0 0 0 -5 0 0 0 1 stud4.dat
 1 16 10 0 50 1 0 0 0 1 0 0 0 1 stud.dat
 1 16 -10 0 50 1 0 0 0 1 0 0 0 1 stud.dat
 1 16 10 0 30 1 0 0 0 1 0 0 0 1 stud.dat
 1 16 -10 0 30 1 0 0 0 1 0 0 0 1 stud.dat
 1 16 50 0 10 1 0 0 0 1 0 0 0 1 stud.dat
 1 16 30 0 10 1 0 0 0 1 0 0 0 1 stud.dat
 1 16 10 0 10 1 0 0 0 1 0 0 0 1 stud.dat
 1 16 -10 0 10 1 0 0 0 1 0 0 0 1 stud.dat
 1 16 50 0 -10 1 0 0 0 1 0 0 0 1 stud.dat
 1 16 30 0 -10 1 0 0 0 1 0 0 0 1 stud.dat
 1 16 10 0 -10 1 0 0 0 1 0 0 0 1 stud.dat
 1 16 -10 0 -10 1 0 0 0 1 0 0 0 1 stud.dat
0