0 Sticker System Town TV Logo
0 Name: 71472.dat
0 Author: Willy Tschager
0 LDRAW_ORG Part UPDATE 2004-04

0 BFC CERTIFY CW
0 KEYWORDS News, Crisis, 6553, Television, Helicopter, Cameraman, Reporter, Van

0 Subpart TV Logo Pattern

1 1 0 -0.25 0 1 0 0 0 1 0 0 0 1 s\71472s01.dat

0 Border
4 1 -21.866 -0.25 -20.78 -20.716 -0.25 -18.405 20.716 -0.25 -18.405 21.866 -0.25 -20.781
3 1 20.716 -0.25 -18.405 21.866 -0.25 -19.281 21.866 -0.25 -20.781 
1 1 21.866 -0.25 -19.281 1.5 0 0 0 1 0 0 0 -1.5 1-4DISC.DAT
3 1 21.866 -0.25 -19.281 20.716 -0.25 -18.405 23.366 -0.25 -19.281 
4 1 20.716 -0.25 -18.405 20.716 -0.25 18.405 23.366 -0.25 19.281 23.366 -0.25 -19.281
3 1 20.716 -0.25 18.405 21.866 -0.25 19.281 23.366 -0.25 19.281 
1 1 21.866 -0.25 19.281 1.5 0 0 0 1 0 0 0 1.5 1-4DISC.DAT
3 1 21.866 -0.25 19.281 20.716 -0.25 18.405 21.866 -0.25 20.781 
4 1 -20.716 -0.25 18.405 -21.866 -0.25 20.78 21.866 -0.25 20.781 20.716 -0.25 18.405
3 1 -21.866 -0.25 19.281 -21.866 -0.25 20.781 -20.716 -0.25 18.405 
1 1 -21.866 -0.25 19.281 -1.5 0 0 0 1 0 0 0 1.5 1-4DISC.DAT
3 1 -23.366 -0.25 19.281 -21.866 -0.25 19.281 -20.716 -0.25 18.405 
4 1 -20.716 -0.25 -18.405 -23.366 -0.25 -19.281 -23.366 -0.25 19.281 -20.716 -0.25 18.405
3 1 -23.366 -0.25 -19.281 -20.716 -0.25 -18.405 -21.866 -0.25 -19.281 
1 1 -21.866 -0.25 -19.281 -1.5 0 0 0 1 0 0 0 -1.5 1-4DISC.DAT
3 1 -21.866 -0.25 -19.281 -20.716 -0.25 -18.405 -21.866 -0.25 -20.781 

0 Thin Box
4 1 21.866 0 -20.781 21.866 0 -19.281 -21.866 0 -19.281 -21.866 0 -20.78
1 1 21.866 0 -19.281 1.5 0 0 0 -1 0 0 0 -1.5 1-4DISC.DAT
4 1 23.366 0 -19.281 23.366 0 19.281 21.866 0 19.281 21.866 0 -19.281
1 1 21.866 0 19.281 1.5 0 0 0 -1 0 0 0 1.5 1-4DISC.DAT
4 1 21.866 0 19.281 21.866 0 20.781 -21.866 0 20.78 -21.866 0 19.281
1 1 -21.866 0 19.281 -1.5 0 0 0 -1 0 0 0 1.5 1-4DISC.DAT
4 1 -21.866 0 19.281 -23.366 0 19.281 -23.366 0 -19.281 -21.866 0 -19.281
1 1 -21.866 0 -19.281 -1.5 0 0 0 -1 0 0 0 -1.5 1-4DISC.DAT
4 1 21.866 0 -19.281 21.866 0 19.281 -21.866 0 19.281 -21.866 0 -19.281
4 1 -21.866 0 -20.781 -21.866 -0.25 -20.781 21.866 -0.25 -20.781 21.866 0 -20.781
1 1 21.866 0 -19.281 1.5 0 0 0 -0.25 0 0 0 -1.5 1-4CYLI.DAT
4 1 23.366 0 -19.281 23.366 -0.25 -19.281 23.366 -0.25 19.281 23.366 0 19.281
1 1 21.866 0 19.281 1.5 0 0 0 -0.25 0 0 0 1.5 1-4CYLI.DAT
4 1 21.866 0 20.781 21.866 -0.25 20.781 -21.866 -0.25 20.781 -21.866 0 20.781
1 1 -21.866 0 19.281 -1.5 0 0 0 -0.25 0 0 0 1.5 1-4CYLI.DAT
4 1 -23.366 0 19.281 -23.366 -0.25 19.281 -23.366 -0.25 -19.281 -23.366 0 -19.281
1 1 -21.866 0 -19.281 -1.5 0 0 0 -0.25 0 0 0 -1.5 1-4CYLI.DAT
0
