0 Electric 9V Battery Box  4 x 14 x  4 Buttons (Needs Work)
0 Name: 72.dat
0 Author: Marc Klein
0 Created with stl2dat conversion tool
0 0 Official LCAD Part - 2000-02 Update

4 16 12 -48 0 20 -48 0 20 -48 20 12 -48 12
2 24 20 -48 0 12 -48 0
2 24 20 -48 20 20 -48 0
2 24 12 -48 0 12 -48 12
4 16 12 -48 12 20 -48 20 -20 -48 20 -12 -48 12
2 24 -20 -48 20 20 -48 20
2 24 12 -48 12 -12 -48 12
4 16 -12 -48 12 -20 -48 20 -20 -48 0 -12 -48 0
2 24 -20 -48 0 -20 -48 20
2 24 -12 -48 0 -20 -48 0
2 24 -12 -48 12 -12 -48 0

4 16 -12 -42 0 -37 -42 0 -37 -42 137 -12 -42 12
2 24 -37 -42 0 -12 -42 0
2 24 -37 -42 137 -37 -42 0
2 24 -12 -42 0 -12 -42 12
4 16 -12 -42 12 -37 -42 137 37 -42 137 12 -42 12
2 24 37 -42 137 -37 -42 137
2 24 -12 -42 12 12 -42 12
4 16 12 -42 12 37 -42 137 37 -42 0 12 -42 0
2 24 37 -42 0 37 -42 137
2 24 12 -42 0 37 -42 0
2 24 12 -42 12 12 -42 0

4 16 -20 -45 0 -20 -45 20 -34 -45 46 -37 -45 0
2 24 -20 -45 0 -20 -45 20
2 24 -20 -45 0 -37 -45 0
4 16 -34 -45 46 -20 -45 20 20 -45 20 -6 -45 46
2 24 -20 -45 20 20 -45 20
2 24 -6 -45 46 -34 -45 46
3 16 -6 -45 46 20 -45 20 6 -45 46
4 16 -6 -45 46 6 -45 46 6 -45 74 -6 -45 74
2 24 6 -45 46 6 -45 74
2 24 -6 -45 74 -6 -45 46
3 16 -6 -45 74 6 -45 74 20 -45 80
3 16 20 -45 80 6 -45 74 34 -45 74
2 24 6 -45 74 34 -45 74
4 16 20 -45 80 34 -45 74 37 -45 137 20 -45 120
2 24 20 -45 120 20 -45 80
4 16 20 -45 120 37 -45 137 -37 -45 137 -20 -45 120
2 24 -37 -45 137 37 -45 137
2 24 -20 -45 120 20 -45 120
4 16 -20 -45 120 -37 -45 137 -34 -45 74 -20 -45 80
2 24 -20 -45 80 -20 -45 120
4 16 -20 -45 80 -34 -45 74 -6 -45 74 20 -45 80
2 24 -34 -45 74 -6 -45 74
2 24 20 -45 80 -20 -45 80
4 16 20 -45 20 20 -45 0 37 -45 0 34 -45 46
2 24 20 -45 20 20 -45 0
2 24 37 -45 0 20 -45 0
3 16 34 -45 46 37 -45 0 37 -45 137
2 24 37 -45 137 37 -45 0
3 16 -37 -45 0 -34 -45 46 -34 -45 74
2 24 -34 -45 46 -34 -45 74
3 16 -37 -45 0 -34 -45 74 -37 -45 137
2 24 -37 -45 0 -37 -45 137
3 16 34 -45 46 6 -45 46 20 -45 20
2 24 34 -45 46 6 -45 46
3 16 34 -45 74 34 -45 46 37 -45 137
2 24 34 -45 74 34 -45 46

4 16 20 -48 0 12 -48 0 12 -42 0 20 -45 0
2 24 12 -42 0 12 -48 0
2 24 20 -45 0 20 -48 0
4 16 20 -45 0 12 -42 0 37 -42 0 37 -45 0
2 24 37 -45 0 37 -42 0

4 16 -37 -45 0 -37 -42 0 -12 -42 0 -20 -45 0
2 24 -37 -42 0 -37 -45 0
4 16 -20 -45 0 -12 -42 0 -12 -48 0 -20 -48 0
2 24 -12 -42 0 -12 -48 0
2 24 -20 -48 0 -20 -45 0

4 16 37 -42 137 37 -45 137 37 -45 0 37 -42 0
2 24 37 -42 137 37 -45 137
4 16 -37 -42 137 -37 -45 137 37 -45 137 37 -42 137
2 24 -37 -42 137 -37 -45 137
4 16 -37 -42 0 -37 -45 0 -37 -45 137 -37 -42 137
4 16 -12 -42 12 -12 -48 12 -12 -48 0 -12 -42 0
2 24 -12 -42 12 -12 -48 12
4 16 12 -42 12 12 -48 12 -12 -48 12 -12 -42 12
2 24 12 -42 12 12 -48 12
4 16 12 -42 0 12 -48 0 12 -48 12 12 -42 12
4 16 20 -45 20 20 -48 20 20 -48 0 20 -45 0
2 24 20 -45 20 20 -48 20
4 16 -20 -45 20 -20 -48 20 20 -48 20 20 -45 20
2 24 -20 -45 20 -20 -48 20
4 16 -20 -45 0 -20 -48 0 -20 -48 20 -20 -45 20
4 16 20 -45 80 20 -48 80 -20 -48 80 -20 -45 80
2 24 20 -45 80 20 -48 80
2 24 20 -48 80 -20 -48 80
2 24 -20 -48 80 -20 -45 80
4 16 20 -45 120 20 -48 120 20 -48 80 20 -45 80
2 24 20 -45 120 20 -48 120
2 24 20 -48 120 20 -48 80
4 16 20 -48 120 20 -45 120 -20 -45 120 -20 -48 120
2 24 -20 -45 120 -20 -48 120
2 24 -20 -48 120 20 -48 120
4 16 -20 -45 80 -20 -48 80 -20 -48 120 -20 -45 120
2 24 -20 -48 80 -20 -48 120
4 16 -20 -48 80 20 -48 80 20 -48 120 -20 -48 120
4 16 34 -45 74 34 -54 74 34 -54 46 34 -45 46
2 24 34 -45 74 34 -54 74
2 24 34 -54 74 34 -54 46
2 24 34 -54 46 34 -45 46
4 16 34 -54 74 34 -45 74 6 -45 74 6 -54 74
2 24 6 -45 74 6 -54 74
2 24 6 -54 74 34 -54 74
4 16 6 -45 46 6 -54 46 6 -54 74 6 -45 74
2 24 6 -45 46 6 -54 46
2 24 6 -54 46 6 -54 74
4 16 34 -54 46 6 -54 46 6 -45 46 34 -45 46
2 24 34 -54 46 6 -54 46
4 16 -34 -45 74 -34 -54 74 -6 -54 74 -6 -45 74
2 24 -34 -45 74 -34 -54 74
2 24 -34 -54 74 -6 -54 74
2 24 -6 -54 74 -6 -45 74
4 16 -34 -45 46 -34 -54 46 -34 -54 74 -34 -45 74
2 24 -34 -45 46 -34 -54 46
2 24 -34 -54 46 -34 -54 74
4 16 -34 -54 46 -34 -45 46 -6 -45 46 -6 -54 46
2 24 -6 -45 46 -6 -54 46
2 24 -6 -54 46 -34 -54 46
4 16 -6 -45 74 -6 -54 74 -6 -54 46 -6 -45 46
2 24 -6 -54 74 -6 -54 46
4 16 6 -54 46 34 -54 46 34 -54 74 6 -54 74
4 16 -34 -54 74 -34 -54 46 -6 -54 46 -6 -54 74

1 16 10 -48 110 -1 0 0 0 1 0 0 0 1 studel.dat
1 16 -10 -48 110 1 0 0 0 1 0 0 0 -1 studel.dat
1 16 10 -48 90 -1 0 0 0 1 0 0 0 1 studel.dat
1 16 -10 -48 90 1 0 0 0 1 0 0 0 -1 studel.dat
0
