0 Brick  1 x  2 x  2 without Centre Studs with Window Pattern
0 Name: 772p01.dat
0 Author: Chris Dee (chris_w_dee@hotmail.com)
0 Official LCad Part 2000-01

4 15 15 2 -10 15 5 -10 -15 5 -10 -15 2 -10
4 15 16 23 -10 16 26 -10 -16 26 -10 -16 23 -10
4 15 15 44 -10 15 47 -10 -15 47 -10 -15 44 -10
4 15 16 6 -10 19 6 -10 19 43 -10 16 43 -10
4 15 -16 6 -10 -19 6 -10 -19 43 -10 -16 43 -10
1 15 15 6 -10 0 0 1 -1 0 0 0 1 0 1-4ring1.dat
1 15 -15 6 -10 0 0 -1 -1 0 0 0 1 0 1-4ring1.dat
1 15 15 43 -10 0 0 1 1 0 0 0 1 0 1-4ring1.dat
1 15 -15 43 -10 0 0 -1 1 0 0 0 1 0 1-4ring1.dat
1 15 15 6 -10 0 0 2 -2 0 0 0 1 0 1-4ring1.dat
1 15 -15 6 -10 0 0 -2 -2 0 0 0 1 0 1-4ring1.dat
1 15 15 43 -10 0 0 2 2 0 0 0 1 0 1-4ring1.dat
1 15 -15 43 -10 0 0 -2 2 0 0 0 1 0 1-4ring1.dat
4 16 19 2 -10 20 0 -10 -20 0 -10 -19 2 -10
4 16 -19 2 -10 -20 0 -10 -20 48 -10 -19 47 -10
4 16 -19 47 -10 -20 48 -10 20 48 -10 19 47 -10
4 16 19 47 -10 20 48 -10 20 0 -10 19 2 -10
1 16 15 6 -10 0 0 4 -4 0 0 0 1 0 1-4ndis.dat
1 16 -15 6 -10 0 0 -4 -4 0 0 0 1 0 1-4ndis.dat
1 16 15 43 -10 0 0 4 4 0 0 0 1 0 1-4ndis.dat
1 16 -15 43 -10 0 0 -4 4 0 0 0 1 0 1-4ndis.dat
1 16 15 6 -10 0 0 1 -1 0 0 0 1 0 1-4disc.dat
1 16 -15 6 -10 0 0 -1 -1 0 0 0 1 0 1-4disc.dat
1 16 15 43 -10 0 0 1 1 0 0 0 1 0 1-4disc.dat
1 16 -15 43 -10 0 0 -1 1 0 0 0 1 0 1-4disc.dat
4 16 15 5 -10 15 6 -10 -15 6 -10 -15 5 -10
4 16 16 6 -10 16 23 -10 -16 23 -10 -16 6 -10
4 16 16 26 -10 16 43 -10 -16 43 -10 -16 26 -10
4 16 15 43 -10 15 44 -10 -15 44 -10 -15 43 -10

1 16 0 48 0 16 0 0 0 -44 0 0 0 6 box5.dat
4 16 20 48 10 16 48 6 -16 48 6 -20 48 10
4 16 -20 48 10 -16 48 6 -16 48 -6 -20 48 -10
4 16 -20 48 -10 -16 48 -6 16 48 -6 20 48 -10
4 16 20 48 -10 16 48 -6 16 48 6 20 48 10
2 24 20 0 10 -20 0 10
2 24 -20 0 10 -20 0 -10
2 24 -20 0 -10 20 0 -10
2 24 20 0 -10 20 0 10
2 24 20 48 10 -20 48 10
2 24 -20 48 10 -20 48 -10
2 24 -20 48 -10 20 48 -10
2 24 20 48 -10 20 48 10
2 24 20 48 10 20 0 10
2 24 -20 48 10 -20 0 10
2 24 20 48 -10 20 0 -10
2 24 -20 48 -10 -20 0 -10
4 16 20 0 10 20 0 -10 -20 0 -10 -20 0 10
4 16 20 0 10 20 48 10 -20 48 10 -20 0 10
4 16 -20 0 10 -20 48 10 -20 48 -10 -20 0 -10
4 16 20 0 -10 20 48 -10 20 48 10 20 0 10
1 16 10 0 0 1 0 0 0 1 0 0 0 1 stud.dat
1 16 -10 0 0 1 0 0 0 1 0 0 0 1 stud.dat
0
