0 Car Steering-Gear Axle
0 Name: 799.dat
0 Author: Arne Hackstein
0 Official LCad update 98-03

1 16 0 70 0 5 0 0 0 6 0 0 0 4.5 box.dat
1 16 0 64 0 7 0 0 0 0 0 0 0 7 4-4edge.dat
1 16 0 64 0 7 0 0 0 0 0 0 0 7 4-4disc.dat
1 16 0 56 0 7 0 0 0 8 0 0 0 7 4-4cyli.dat
1 16 0 56 0 7 0 0 0 0 0 0 0 7 4-4edge.dat
1 16 0 56 0 7 0 0 0 0 0 0 0 7 4-4disc.dat

1 16 0 -40 0 1.2 0 0 0 96 0 0 0 1.2 axle.dat

1 16 0 -40 0 7 0 0 0 0 0 0 0 7 4-4edge.dat
1 16 0 -40 0 7 0 0 0 0 0 0 0 7 4-4disc.dat
1 16 0 -52 0 7 0 0 0 12 0 0 0 7 4-4cyli.dat
1 16 0 -52 0 7 0 0 0 0 0 0 0 7 4-4edge.dat
1 16 0 -52 0 7 0 0 0 0 0 0 0 7 4-4disc.dat

1 16 0 -74 0 3 0 0 0 22 0 0 0 3 4-4cyli.dat
1 16 0 -74 0 3 0 0 0 0 0 0 0 3 4-4edge.dat

1 16 0 -74 0 7 0 0 0 22 0 0 0 7 1-8cyli.dat
1 16 0 -74 0 -7 0 0 0 22 0 0 0 7 1-8cyli.dat
1 16 0 -74 0 7 0 0 0 22 0 0 0 -7 1-8cyli.dat
1 16 0 -74 0 -7 0 0 0 22 0 0 0 -7 1-8cyli.dat

1 16 0 -74 0 7 0 0 0 22 0 0 0 7 1-8edge.dat
1 16 0 -74 0 -7 0 0 0 22 0 0 0 7 1-8edge.dat
1 16 0 -74 0 7 0 0 0 22 0 0 0 -7 1-8edge.dat
1 16 0 -74 0 -7 0 0 0 22 0 0 0 -7 1-8edge.dat

2 24 5 -74 5 -5 -74 5
2 24 -5 -74 5 -5 -52 5
2 24 -5 -52 5 5 -52 5
2 24 5 -52 5 5 -74 5

2 24 5 -74 -5 -5 -74 -5
2 24 -5 -74 -5 -5 -52 -5
2 24 -5 -52 -5 5 -52 -5
2 24 5 -52 -5 5 -74 -5

4 16 5 -74 5 5 -52 5 -5 -52 5 -5 -74 5
4 16 5 -74 -5 5 -52 -5 -5 -52 -5 -5 -74 -5
4 16 5 -74 -3 -5 -74 -3 -5 -74 -5 5 -74 -5
4 16 5 -74 3 -5 -74 3 -5 -74 5 5 -74 5
4 16 3 -74 3 3 -74 -3 4 -74 -3 4 -74 3
4 16 -3 -74 3 -3 -74 -3 -4 -74 -3 -4 -74 3
1 16 0 -74 0 3 0 0 0 0 0 0 0 3 4-4ndis.dat
4 16 2.45 -74 -2.45 3.22 -74 -1.33 6.44 -74 -2.66 4.9 -74 -4.9
4 16 3.22 -74 -1.33 3.5 -74 0 7 -74 0 6.44 -74 -2.66
4 16 3.5 -74 0 3.22 -74 1.33 6.44 -74 2.66 7 -74 0
4 16 3.22 -74 1.33 2.45 -74 2.45 4.9 -74 4.9 6.44 -74 2.66
4 16 -2.45 -74 -2.45 -3.22 -74 -1.33 -6.44 -74 -2.66 -4.9 -74 -4.9
4 16 -3.22 -74 -1.33 -3.5 -74 0 -7 -74 0 -6.44 -74 -2.66
4 16 -3.5 -74 0 -3.22 -74 1.33 -6.44 -74 2.66 -7 -74 0
4 16 -3.22 -74 1.33 -2.45 -74 2.45 -4.9 -74 4.9 -6.44 -74 2.66