0 Plate  2 x  2 with Wheel Holder Single
0 Name: 8.dat
0 Author: James Jessiman
0 Original LDraw Part - LDraw beta 0.27 Archive

 2 24 16 8 16 -16 8 16
 2 24 -16 8 16 -16 8 -16
 2 24 -16 8 -16 16 8 -16
 2 24 16 8 -16 16 8 16

 2 24 20 8 20 -20 8 20
 2 24 -20 8 20 -20 8 -20
 2 24 -20 8 -20 20 8 -20
 2 24 20 8 -20 20 8 20

 2 24 16 4 16 -16 4 16
 2 24 -16 4 16 -16 4 -16
 2 24 -16 4 -16 16 4 -16
 2 24 16 4 -16 16 4 16

 2 24 20 0 20 -20 0 20
 2 24 -20 0 20 -20 0 -20
 2 24 -20 0 -20 20 0 -20
 2 24 20 0 -20 20 0 20

 2 24 16 8 16 16 4 16
 2 24 -16 8 16 -16 4 16
 2 24 16 8 -16 16 4 -16
 2 24 -16 8 -16 -16 4 -16

 2 24 20 8 20 20 0 20
 2 24 -20 8 20 -20 0 20
 2 24 20 8 -20 20 0 -20
 2 24 -20 8 -20 -20 0 -20

 1 16 12 22 0 0 0 0 0 0 -2 2 0 0 2-4edge.dat
 1 16 8 22 0 0 0 0 0 0 -2 2 0 0 2-4edge.dat
 1 16 -8 22 0 0 0 0 0 0 -2 2 0 0 2-4edge.dat
 1 16 -12 22 0 0 0 0 0 0 -2 2 0 0 2-4edge.dat

 2 24 12 22 2 12 24 2
 2 24 8 22 2 8 24 2
 2 24 -8 22 2 -8 24 2
 2 24 -12 22 2 -12 24 2
 2 24 12 22 -2 12 24 -2
 2 24 8 22 -2 8 24 -2
 2 24 -8 22 -2 -8 24 -2
 2 24 -12 22 -2 -12 24 -2

 1 16 12 24 4 0 0 0 0 0 2 2 0 0 2-4edge.dat
 1 16 8 24 4 0 0 0 0 0 2 2 0 0 2-4edge.dat
 1 16 -8 24 4 0 0 0 0 0 2 2 0 0 2-4edge.dat
 1 16 -12 24 4 0 0 0 0 0 2 2 0 0 2-4edge.dat
 1 16 12 24 -4 0 0 0 0 0 2 2 0 0 2-4edge.dat
 1 16 8 24 -4 0 0 0 0 0 2 2 0 0 2-4edge.dat
 1 16 -8 24 -4 0 0 0 0 0 2 2 0 0 2-4edge.dat
 1 16 -12 24 -4 0 0 0 0 0 2 2 0 0 2-4edge.dat

 2 24 12 4 10 12 24 6
 2 24 8 4 10 8 24 6
 2 24 -8 4 10 -8 24 6
 2 24 -12 4 10 -12 24 6
 2 24 12 4 -10 12 24 -6
 2 24 8 4 -10 8 24 -6
 2 24 -8 4 -10 -8 24 -6
 2 24 -12 4 -10 -12 24 -6

 2 24 12 4 10 12 4 -10
 2 24 8 4 10 8 4 -10
 2 24 -8 4 10 -8 4 -10
 2 24 -12 4 10 -12 4 -10

 2 24 12 4 10 8 4 10
 2 24 -12 4 10 -8 4 10
 2 24 12 4 -10 8 4 -10
 2 24 -12 4 -10 -8 4 -10

 1 16 12 22 0 0 0 0 0 0 -2 2 0 0 2-4ndis.dat
 1 16 8 22 0 0 0 0 0 0 -2 2 0 0 2-4ndis.dat
 1 16 -8 22 0 0 0 0 0 0 -2 2 0 0 2-4ndis.dat
 1 16 -12 22 0 0 0 0 0 0 -2 2 0 0 2-4ndis.dat
 1 16 12 24 4 0 0 0 0 0 2 2 0 0 2-4disc.dat
 1 16 8 24 4 0 0 0 0 0 2 2 0 0 2-4disc.dat
 1 16 -8 24 4 0 0 0 0 0 2 2 0 0 2-4disc.dat
 1 16 -12 24 4 0 0 0 0 0 2 2 0 0 2-4disc.dat
 1 16 12 24 -4 0 0 0 0 0 2 2 0 0 2-4disc.dat
 1 16 8 24 -4 0 0 0 0 0 2 2 0 0 2-4disc.dat
 1 16 -8 24 -4 0 0 0 0 0 2 2 0 0 2-4disc.dat
 1 16 -12 24 -4 0 0 0 0 0 2 2 0 0 2-4disc.dat

 1 16 12 22 0 0 -4 0 0 0 -2 2 0 0 2-4cyli.dat
 1 16 -12 22 0 0 4 0 0 0 -2 2 0 0 2-4cyli.dat
 1 16 12 24 4 0 -4 0 0 0 2 2 0 0 2-4cyli.dat
 1 16 -12 24 4 0 4 0 0 0 2 2 0 0 2-4cyli.dat
 1 16 12 24 -4 0 -4 0 0 0 2 2 0 0 2-4cyli.dat
 1 16 -12 24 -4 0 4 0 0 0 2 2 0 0 2-4cyli.dat

 4 16 12 24 2 12 22 2 8 22 2 8 24 2
 4 16 -12 24 2 -12 22 2 -8 22 2 -8 24 2
 4 16 12 24 -2 12 22 -2 8 22 -2 8 24 -2
 4 16 -12 24 -2 -12 22 -2 -8 22 -2 -8 24 -2

 4 16 12 4 10 12 24 6 12 24 2 12 20 2
 4 16 8 4 10 8 24 6 8 24 2 8 20 2
 4 16 -8 4 10 -8 24 6 -8 24 2 -8 20 2
 4 16 -12 4 10 -12 24 6 -12 24 2 -12 20 2
 4 16 12 4 -10 12 24 -6 12 24 -2 12 20 -2
 4 16 8 4 -10 8 24 -6 8 24 -2 8 20 -2
 4 16 -8 4 -10 -8 24 -6 -8 24 -2 -8 20 -2
 4 16 -12 4 -10 -12 24 -6 -12 24 -2 -12 20 -2

 4 16 12 4 10 12 20 2 12 20 -2 12 4 -10
 4 16 8 4 10 8 20 2 8 20 -2 8 4 -10
 4 16 -8 4 10 -8 20 2 -8 20 -2 -8 4 -10
 4 16 -12 4 10 -12 20 2 -12 20 -2 -12 4 -10

 4 16 12 4 10 12 24 6 8 24 6 8 4 10
 4 16 -12 4 10 -12 24 6 -8 24 6 -8 4 10
 4 16 12 4 -10 12 24 -6 8 24 -6 8 4 -10
 4 16 -12 4 -10 -12 24 -6 -8 24 -6 -8 4 -10

 4 16 20 8 20 16 8 16 -16 8 16 -20 8 20
 4 16 -20 8 20 -16 8 16 -16 8 -16 -20 8 -20
 4 16 -20 8 -20 -16 8 -16 16 8 -16 20 8 -20
 4 16 20 8 -20 16 8 -16 16 8 16 20 8 20

 4 16 16 4 16 16 4 -16 -16 4 -16 -16 4 16

 4 16 20 0 20 20 0 -20 -20 0 -20 -20 0 20

 4 16 16 8 16 16 4 16 -16 4 16 -16 8 16
 4 16 -16 8 16 -16 4 16 -16 4 -16 -16 8 -16
 4 16 -16 8 -16 -16 4 -16 16 4 -16 16 8 -16
 4 16 16 8 -16 16 4 -16 16 4 16 16 8 16

 4 16 20 8 20 20 0 20 -20 0 20 -20 8 20
 4 16 -20 8 20 -20 0 20 -20 0 -20 -20 8 -20
 4 16 -20 8 -20 -20 0 -20 20 0 -20 20 8 -20
 4 16 20 8 -20 20 0 -20 20 0 20 20 8 20

 1 16 10 0 10 1 0 0 0 1 0 0 0 1 stud2.dat
 1 16 -10 0 10 1 0 0 0 1 0 0 0 1 stud2.dat
 1 16 10 0 -10 1 0 0 0 1 0 0 0 1 stud2.dat
 1 16 -10 0 -10 1 0 0 0 1 0 0 0 1 stud2.dat
0
