0 Panel  1 x  4 x  3 with Red Bar and White Grille Pattern
0 Name: 80120.dat
0 Author: Steve Bliss, (C) 1998, blisses@worldnet.att.net
0 Official LCad update 99-01

0 CATEGORY Panel
0 KEYWORDS ambulance, window, thin-wall, town
0 probably not CW-Compliant

1 16 20 68 0 1 0 0 0 -1 0 0 0 1 stud3.dat
1 16 0 68 0 1 0 0 0 -1 0 0 0 1 stud3.dat
1 16 -20 68 0 1 0 0 0 -1 0 0 0 1 stud3.dat
1 16 0 72 0 36 0 0 0 -4 0 0 0 6 box5.dat
4 16 40 72 10 36 72 6 -36 72 6 -40 72 10
4 16 -40 72 10 -36 72 6 -36 72 -6 -40 72 -10
4 16 -40 72 -10 -36 72 -6 36 72 -6 40 72 -10
4 16 40 72 -10 36 72 -6 36 72 6 40 72 10
2 24 40 72 10 -40 72 10
2 24 -40 72 10 -40 72 -10
2 24 -40 72 -10 40 72 -10
2 24 40 72 -10 40 72 10
2 24 40 64 6 -40 64 6
2 24 -40 64 6 -40 64 -10
2 24 -40 64 -10 40 64 -10
2 24 40 64 -10 40 64 6
2 24 40 4 6 -40 4 6
2 24 -40 4 6 -40 4 -10
2 24 -40 4 -10 40 4 -10
2 24 40 4 -10 40 4 6
2 24 40 0 10 -40 0 10
2 24 -40 0 10 -40 0 -10
2 24 -40 0 -10 40 0 -10
2 24 40 0 -10 40 0 10
2 24 40 0 -10 40 4 -10
2 24 -40 0 -10 -40 4 -10
2 24 40 4 6 40 64 6
2 24 -40 4 6 -40 64 6
2 24 40 64 -10 40 72 -10
2 24 -40 64 -10 -40 72 -10
2 24 40 0 10 40 72 10
2 24 -40 0 10 -40 72 10
4 16 40 64 6 40 64 -10 -40 64 -10 -40 64 6
4 16 40 4 6 40 4 -10 -40 4 -10 -40 4 6
4 16 40 0 10 40 0 -10 -40 0 -10 -40 0 10
4 16 -40 72 10 -40 72 -10 -40 64 -10 -40 64 10
4 16 -40 72 -10 40 72 -10 40 64 -10 -40 64 -10
4 16 40 72 -10 40 72 10 40 64 10 40 64 -10
4 16 -40 64 10 -40 64 6 -40 4 6 -40 4 10
4 16 -40 64 6 40 64 6 40 4 6 -40 4 6
4 16 40 64 6 40 64 10 40 4 10 40 4 6
4 16 -40 4 10 -40 4 -10 -40 0 -10 -40 0 10
4 16 -40 4 -10 40 4 -10 40 0 -10 -40 0 -10
4 16 40 4 -10 40 4 10 40 0 10 40 0 -10
1 16 30 0 0 1 0 0 0 1 0 0 0 1 stud2.dat
1 16 10 0 0 1 0 0 0 1 0 0 0 1 stud2.dat
1 16 -10 0 0 1 0 0 0 1 0 0 0 1 stud2.dat
1 16 -30 0 0 1 0 0 0 1 0 0 0 1 stud2.dat
0 Pattern commands
4 15 40 48 10 36 44 10 -36 44 10 -40 48 10
4 15 -40 48 10 -36 44 10 -36 4 10 -40 0 10
4 15 -40 0 10 -36 4 10 36 4 10 40 0 10
4 15 40 0 10 36 4 10 36 44 10 40 48 10
1 15 32 8 10 4 0 0 0 0 -4 0 0 0 1-4ndis.dat
1 15 -32 8 10 -4 0 0 0 0 -4 0 0 0 1-4ndis.dat
1 15 32 40 10 4 0 0 0 0 4 0 0 0 1-4ndis.dat
1 15 -32 40 10 -4 0 0 0 0 4 0 0 0 1-4ndis.dat
1 16 32 8 10 4 0 0 0 0 -4 0 0 0 1-4disc.dat
4 16 32 4 10 -32 4 10 -32 8 10 32 8 10
1 16 -32 8 10 -4 0 0 0 0 -4 0 0 0 1-4disc.dat
4 15 36 8 10 -36 8 10 -36 10 10 36 10 10
4 16 36 10 10 -36 10 10 -36 14 10 36 14 10
4 15 36 14 10 -36 14 10 -36 16 10 36 16 10
4 16 36 16 10 -36 16 10 -36 20 10 36 20 10
4 15 36 20 10 -36 20 10 -36 22 10 36 22 10
4 16 36 22 10 -36 22 10 -36 26 10 36 26 10
4 15 36 26 10 -36 26 10 -36 28 10 36 28 10
4 16 36 28 10 -36 28 10 -36 32 10 36 32 10
4 15 36 32 10 -36 32 10 -36 34 10 36 34 10
4 16 36 34 10 -36 34 10 -36 38 10 36 38 10
4 15 36 38 10 -36 38 10 -36 40 10 36 40 10
1 16 32 40 10 4 0 0 0 0 4 0 0 0 1-4disc.dat
4 16 32 40 10 -32 40 10 -32 44 10 32 44 10
1 16 -32 40 10 -4 0 0 0 0 4 0 0 0 1-4disc.dat
4 4 40 48 10 -40 48 10 -40 72 10 40 72 10
0