0 Roadsign Triangle with Dangerous Intersection Sign
0 Name: 81294.dat
0 Author: Manfred Moolhuysen
0 LDRAW_ORG Part UPDATE 2005-01

0 // ????-??-??  MM       red border sampled from 649p01 by Chris Dee
0 // 2003-08-01  Steffen  made use of primitives and subfiles

1 4 0 -108.1 -2 1 0 -1.732 -1.732 0 -1 0 4 0 1-4disc.dat
1 4 0 -108.1 -2 1.732 0 -1 -1 0 -1.732 0 4 0 1-4disc.dat
1 4 21.997 -70 -2 1 0 1.732 1.732 0 -1 0 4 0 1-4disc.dat
1 4 21.997 -70 -2 0 0 2 2 0 0 0 4 0 1-4disc.dat
1 4 -21.997 -70 -2 -2 0 0 0 0 2 0 4 0 1-4disc.dat
1 4 -21.997 -70 -2 -1.732 0 -1 -1 0 1.732 0 4 0 1-4disc.dat
4 4 22 -70 -2 22 -68 -2 -22 -68 -2 -22 -70 -2
4 4 22 -70 -2 16.8 -73 -2 -16.8 -73 -2 -22 -70 -2
4 4 22 -70 -2 23.73 -71 -2 1.73 -109.1 -2 0 -108.1 -2
4 4 22 -70 -2 16.8 -73 -2 0 -102.1 -2 0 -108.1 -2
4 4 -22 -70 -2 -23.73 -71 -2 -1.73 -109.1 -2 0 -108.1 -2
4 4 -22 -70 -2 -16.8 -73 -2 0 -102.1 -2 0 -108.1 -2
2 0 -4.5 -76.5 -2 5.5 -86.5 -2
2 0 -4.75 -76.75 -2 5.25 -86.75 -2
2 0 -5 -77 -2 5 -87 -2
2 0 -5.25 -77.25 -2 4.75 -87.25 -2
2 0 -5.5 -77.5 -2 4.5 -87.5 -2
2 0 4.5 -76.5 -2 -5.5 -86.5 -2
2 0 4.75 -76.75 -2 -5.25 -86.75 -2
2 0 5 -77 -2 -5 -87 -2
2 0 5.25 -77.25 -2 -4.75 -87.25 -2
2 0 5.5 -77.5 -2 -4.5 -87.5 -2
4 15 -16.8 -73 -2 -7 -73 -2 -4.5 -75.5 -2 -6.5 -77.5 -2
4 15 -16.8 -73 -2 -6.5 -77.5 -2 -2 -82 -2 -8.09 -88.09 -2
4 15 -8.09 -88.09 -2 -6.5 -86.5 -2 -4.5 -88.5 -2 0 -102.1 -2
3 15 -7 -73 -2 7 -73 -2 0 -80 -2
4 15 -4.5 -88.5 -2 0 -84 -2 4.5 -88.5 -2 0 -102.1 -2
4 15 16.8 -73 -2 7 -73 -2 4.5 -75.5 -2 6.5 -77.5 -2
4 15 16.8 -73 -2 6.5 -77.5 -2 2 -82 -2 8.09 -88.09 -2
4 15 8.09 -88.09 -2 6.5 -86.5 -2 4.5 -88.5 -2 0 -102.1 -2
4 0 -6.5 -77.5 -2 -4.5 -75.5 -2 6.5 -86.5 -2 4.5 -88.5 -2
4 0 4.5 -75.5 -2 6.5 -77.5 -2 2 -82 -2 0 -80 -2
4 0 -2 -82 -2 0 -84 -2 -4.5 -88.5 -2 -6.5 -86.5 -2
1 16 0 0 0 1 0 0 0 1 0 0 0 1 s\649s01.dat
0

