0 Flag  7 x  3 with Rod
0 Name: 891.dat
0 Author: John VanZwieten
0 Official LCad update 99-02

1 16 0 -24 0 4 0 0 0 1 0 0 0 4 4-4edge.DAT
1 16 0 24 0 4 0 0 0 1 0 0 0 4 4-4edge.DAT
1 16 0 -24 0 -2.296 0 -5.544 0 1 0 5.544 0 -2.296 3-4edge.DAT
1 16 0 24 0 -2.296 0 -5.544 0 1 0 5.544 0 -2.296 3-4edge.DAT
1 16 0 -30 0 -2.296 0 -5.544 0 1 0 5.544 0 -2.296 3-4edge.DAT
1 16 0 30 0 -2.296 0 -5.544 0 1 0 5.544 0 -2.296 3-4edge.DAT
1 16 0 -24 0 5.544 0 -2.296 0 1 0 2.296 0 5.544 1-8edge.DAT
1 16 0 24 0 5.544 0 -2.296 0 1 0 2.296 0 5.544 1-8edge.DAT
1 16 0 -30 0 5.544 0 -2.296 0 1 0 2.296 0 5.544 1-8edge.DAT
1 16 0 30 0 5.544 0 -2.296 0 1 0 2.296 0 5.544 1-8edge.DAT
 2 24 -2.3 -30 5.55 -2.3 -30 14
 2 24 2.3 -30 14 2.3 -30 5.55
 2 24 -2.3 -24 5.55 -2.3 -24 10
 2 24 2.3 -24 10 2.3 -24 5.55
 2 24 -2.3 30 5.55 -2.3 30 14
 2 24 2.3 30 14 2.3 30 5.55
 2 24 -2.3 24 5.55 -2.3 24 10
 2 24 2.3 24 10 2.3 24 5.55
 2 24 -2.3 24 5.55 -2.3 30 5.55
 2 24 2.3 24 5.55 2.3 30 5.55
 2 24 -2.3 -24 5.55 -2.3 -30 5.55
 2 24 2.3 -24 5.55 2.3 -30 5.55
2 24 2.3 30 14 2.3 -30 14
2 24 -2.3 30 14 -2.3 -30 14
2 24 2.3 -30 14 1.5 -30 17
2 24 -2.3 -30 14 -1.5 -30 17
2 24 2.3 30 14 1.5 30 17
2 24 -2.3 30 14 -1.5 30 17
2 24 1.5 -30 17 1.5 30 17
2 24 -1.5 -30 17 -1.5 30 17
2 24 1.5 -30 17 1.5 -30 138
2 24 -1.5 -30 17 -1.5 -30 138
2 24 1.5 30 17 1.5 30 138
2 24 -1.5 30 17 -1.5 30 138
1 16 1.5 -28 138 0 1 0 -2 0 0 0 0 2 1-4edge.dat
1 16 -1.5 -28 138 0 1 0 -2 0 0 0 0 2 1-4edge.dat
1 16 1.5 28 138 0 1 0 2 0 0 0 0 2 1-4edge.dat
1 16 -1.5 28 138 0 1 0 2 0 0 0 0 2 1-4edge.dat
2 24 1.5 -28 140 1.5 28 140
2 24 -1.5 -28 140 -1.5 28 140

1 16 0 0 10 2.3 0 0 0 0 -24 0 1 0 rect.dat
 
1 16 0 -24 0 4 0 0 0 48 0 0 0 4 4-4cyli.DAT
1 16 0 -24 0 2 0 0 0 1 0 0 0 2 ring2.DAT
1 16 0 24 0 2 0 0 0 1 0 0 0 2 ring2.DAT
1 16 0 -30 0 6 0 0 0 1 0 0 0 6 4-4disc.dat
1 16 0 30 0 6 0 0 0 1 0 0 0 6 4-4disc.dat
 4 16 -2.3 -30 5.55 -2.3 -30 14 2.3 -30 14 2.3 -30 5.55
 4 16 -2.3 -24 5.55 -2.3 -24 10 2.3 -24 10 2.3 -24 5.55
 4 16 -2.3 30 5.55 -2.3 30 14 2.3 30 14 2.3 30 5.55
 4 16 -2.3 24 5.55 -2.3 24 10 2.3 24 10 2.3 24 5.55
 4 16 -2.3 24 5.55 -2.3 30 5.55 -2.3 30 10 -2.3 24 10
 4 16 2.3 24 5.55 2.3 30 5.55 2.3 30 10 2.3 24 10
 4 16 -2.3 -24 5.55 -2.3 -30 5.55 -2.3 -30 10 -2.3 -24 10
 4 16 2.3 -24 5.55 2.3 -30 5.55 2.3 -30 10 2.3 -24 10
1 16 0 -24 0 -2.296 0 -5.544 0 -6 0 5.544 0 -2.296 3-4cyli.DAT
1 16 0 24 0 -2.296 0 -5.544 0 6 0 5.544 0 -2.296 3-4cyli.DAT
1 16 0 -24 0 5.544 0 -2.296 0 -6 0 2.296 0 5.544 1-8cyli.DAT
1 16 0 24 0 5.544 0 -2.296 0 6 0 2.296 0 5.544 1-8cyli.DAT
4 16 2.3 30 10 2.3 30 14 2.3 -30 14 2.3 -30 10
4 16 -2.3 30 10 -2.3 30 14 -2.3 -30 14 -2.3 -30 10
4 16 2.3 -30 14 1.5 -30 17 -1.5 -30 17 -2.3 -30 14
4 16 2.3 30 14 1.5 30 17 -1.5 30 17 -2.3 30 14
4 16 2.3 30 14 1.5 30 17 1.5 -30 17 2.3 -30 14
4 16 -2.3 30 14 -1.5 30 17 -1.5 -30 17 -2.3 -30 14
1 16 1.5 -28 138 0 -3 0 -2 0 0 0 0 2 1-4cyli.dat
1 16 1.5 28 138 0 -3 0 2 0 0 0 0 2 1-4cyli.dat
1 16 1.5 -28 138 0 1 0 -2 0 0 0 0 2 1-4disc.dat
1 16 -1.5 -28 138 0 1 0 -2 0 0 0 0 2 1-4disc.dat
1 16 1.5 28 138 0 1 0 2 0 0 0 0 2 1-4disc.dat
1 16 -1.5 28 138 0 1 0 2 0 0 0 0 2 1-4disc.dat
4 16 1.5 -28 140 1.5 28 140 -1.5 28 140 -1.5 -28 140
4 16 1.5 -30 17 1.5 -30 138 -1.5 -30 138 -1.5 -30 17
4 16 1.5 30 17 1.5 30 138 -1.5 30 138 -1.5 30 17
4 16 1.5 -30 17 1.5 -30 138 1.5 30 138 1.5 30 17
4 16 -1.5 -30 17 -1.5 -30 138 -1.5 30 138 -1.5 30 17
4 16 1.5 -28 140 1.5 28 140 1.5 28 138 1.5 -28 138
4 16 -1.5 -28 140 -1.5 28 140 -1.5 28 138 -1.5 -28 138
 1 16 1.5 26 50 0 1 0 -1 0 0 0 0 1 4-4edge.dat
 1 16 1.5 26 50 0 0.5 0 -1 0 0 0 0 1 4-8sphe.dat
 1 16 1.5 26 100 0 1 0 -1 0 0 0 0 1 4-4edge.dat
 1 16 1.5 26 100 0 0.5 0 -1 0 0 0 0 1 4-8sphe.dat
 1 16 1.5 26 136 0 1 0 -1 0 0 0 0 1 4-4edge.dat
 1 16 1.5 26 136 0 0.5 0 -1 0 0 0 0 1 4-8sphe.dat
 1 16 1.5 -26 50 0 1 0 -1 0 0 0 0 1 4-4edge.dat
 1 16 1.5 -26 50 0 0.5 0 -1 0 0 0 0 1 4-8sphe.dat
 1 16 1.5 -26 100 0 1 0 -1 0 0 0 0 1 4-4edge.dat
 1 16 1.5 -26 100 0 0.5 0 -1 0 0 0 0 1 4-8sphe.dat
 1 16 1.5 -26 136 0 1 0 -1 0 0 0 0 1 4-4edge.dat
 1 16 1.5 -26 136 0 0.5 0 -1 0 0 0 0 1 4-8sphe.dat
 1 16 -1.5 26 50 0 -1 0 -1 0 0 0 0 1 4-4edge.dat
 1 16 -1.5 26 50 0 -0.5 0 -1 0 0 0 0 1 4-8sphe.dat
 1 16 -1.5 26 100 0 -1 0 -1 0 0 0 0 1 4-4edge.dat
 1 16 -1.5 26 100 0 -0.5 0 -1 0 0 0 0 1 4-8sphe.dat
 1 16 -1.5 26 136 0 -1 0 -1 0 0 0 0 1 4-4edge.dat
 1 16 -1.5 26 136 0 -0.5 0 -1 0 0 0 0 1 4-8sphe.dat
 1 16 -1.5 -26 50 0 -1 0 -1 0 0 0 0 1 4-4edge.dat
 1 16 -1.5 -26 50 0 -0.5 0 -1 0 0 0 0 1 4-8sphe.dat
 1 16 -1.5 -26 100 0 -1 0 -1 0 0 0 0 1 4-4edge.dat
 1 16 -1.5 -26 100 0 -0.5 0 -1 0 0 0 0 1 4-8sphe.dat
 1 16 -1.5 -26 136 0 -1 0 -1 0 0 0 0 1 4-4edge.dat
 1 16 -1.5 -26 136 0 -0.5 0 -1 0 0 0 0 1 4-8sphe.dat
0