0 Roadsign Clip-on  2.2 x  2 2/3 Triangular
0 Name: 892.dat
0 Author: John VanZwieten
0 Official LCad update 99-06

0 Front Face
1 16 0 -21 -9 -2.121 0 2.121 -2.121 0 -2.121 0 1 0 1-4disc.dat
1 16 -19 13.102 -9 -0.776 0 -2.898 2.898 0 -0.776 0 1 0 1-4disc.dat
1 16 19 13.102 -9 0.776 0 2.898 2.898 0 -0.776 0 1 0 1-4disc.dat
4 16 -21.898 12.326 -9 -2.121 -23.121 -9 0 -21 -9 -19 13.102 -9
4 16 21.898 12.326 -9 2.121 -23.121 -9 0 -21 -9 19 13.102 -9
4 16 -19.776 16 -9 19.776 16 -9 19 13.102 -9 -19 13.102 -9
3 16 19 13.102 -9 -19 13.102 -9 0 -21 -9

0 Rest of Part
 1 16 0 0 0 1 0 0 0 1 0 0 0 1 s/892s01.dat
0