0 ~Electric Light & Sound Computer Screen
0 Name: 906.dat
0 Author: Kevin Bane
0 !LDRAW_ORG Part UPDATE 2002-05
0 !LICENSE Not redistributable : see NonCAreadme.txt

0 !HISTORY 2002-11-30 [PTadmin] Official Update 2002-05
0 !HISTORY 2007-07-25 [PTadmin] Header formatted for Contributor Agreement
0 !HISTORY 2008-07-01 [PTadmin] Official Update 2008-01

 2 24 -18 28.284 0 -18 0 0
 2 24 -18 0 0 18 0 0
 2 24 18 0 0 18 28.284 0
 2 24 18 28.284 0 -18 28.284 0
 2 24 -16 24.042 4.243 -16 4.243 4.243
 2 24 -16 4.243 4.243 16 4.243 4.243
 2 24 16 4.243 4.243 16 24.042 4.243
 2 24 16 24.042 4.243 -16 24.042 4.243
 2 24 -18 28.284 0 -18 22.627 5.657
 2 24 -18 22.627 5.657 -16 22.627 5.657
 2 24 -16 22.627 5.657 -16 24.042 4.243
 2 24 -18 22.627 5.657 -18 5.657 5.657
 2 24 -16 22.627 5.657 -16 5.657 5.657
 2 24 -18 0 0 -18 5.657 5.657
 2 24 -18 5.657 5.657 -16 5.657 5.657
 2 24 -16 5.657 5.657 -16 4.243 4.243
 2 24 18 0 0 18 5.657 5.657
 2 24 18 5.657 5.657 16 5.657 5.657
 2 24 16 5.657 5.657 16 4.243 4.243
 2 24 18 5.657 5.657 18 22.627 5.657
 2 24 16 5.657 5.657 16 22.627 5.657
 2 24 18 28.284 0 18 22.627 5.657
 2 24 18 22.627 5.657 16 22.627 5.657
 2 24 16 22.627 5.657 16 24.042 4.243
 2 24 -4 3.536 3.536 -4 2.121 3.536
 2 24 -4 2.121 3.536 -4 1.414 2.828
 2 24 -4 1.414 2.828 -4 2.121 2.121
 2 24 -4 2.121 2.121 -4 3.536 3.536
 2 24 4 3.536 3.536 4 2.121 3.536
 2 24 4 2.121 3.536 4 1.414 2.828
 2 24 4 1.414 2.828 4 2.121 2.121
 2 24 4 3.536 3.536 4 2.121 2.121
 2 24 -4 3.536 3.536 4 3.536 3.536
 2 24 -4 2.121 3.536 4 2.121 3.536
 2 24 -4 1.414 2.828 4 1.414 2.828
 2 24 -4 2.121 2.121 4 2.121 2.121
 2 24 -4 24.749 3.536 -4 26.163 3.536
 2 24 -4 26.163 3.536 -4 26.87 2.828
 2 24 -4 26.87 2.828 -4 26.163 2.121
 2 24 -4 24.749 3.536 -4 26.163 2.121
 2 24 4 24.749 3.536 4 26.163 3.536
 2 24 4 26.163 3.536 4 26.87 2.828
 2 24 4 26.87 2.828 4 26.163 2.121
 2 24 4 24.749 3.536 4 26.163 2.121
 2 24 -4 24.749 3.536 4 24.749 3.536
 2 24 -4 26.163 3.536 4 26.163 3.536
 2 24 -4 26.87 2.828 4 26.87 2.828
 2 24 -4 26.163 2.121 4 26.163 2.121

 4 16 -18 22.627 5.657 -18 28.284 0 -18 0 0 -18 5.657 5.657
 4 16 -18 5.657 5.657 -18 0 0 -16 0 0 -16 5.657 5.657
 4 16 -16 4.243 4.243 -16 0 0 -4 2.121 2.121 -4 3.536 3.536
 4 16 -4 2.121 2.121 -16 0 0 16 0 0 4 2.121 2.121
 4 16 4 3.536 3.536 4 2.121 2.121 16 0 0 16 4.243 4.243
 4 16 -16 4.243 4.243 -4 3.536 3.536 4 3.536 3.536 16 4.243 4.243
 4 16 -4 2.121 2.121 -4 1.414 2.828 -4 2.121 3.536 -4 3.536 3.536
 4 16 4 2.121 2.121 4 1.414 2.828 4 2.121 3.536 4 3.536 3.536
 4 16 -4 2.121 2.121 -4 1.414 2.828 4 1.414 2.828 4 2.121 2.121
 4 16 -4 1.414 2.828 -4 2.121 3.536 4 2.121 3.536 4 1.414 2.828
 4 16 -4 2.121 3.536 -4 3.536 3.536 4 3.536 3.536 4 2.121 3.536
 4 16 16 5.657 5.657 16 0 0 18 0 0 18 5.657 5.657
 4 16 18 5.657 5.657 18 0 0 18 28.284 0 18 22.627 5.657
 4 16 18 22.627 5.657 18 28.284 0 16 28.284 0 16 22.627 5.657
 4 16 16 24.042 4.243 16 28.284 0 4 26.163 2.121 4 24.749 3.536
 4 16 4 26.163 2.121 16 28.284 0 -16 28.284 0 -4 26.163 2.121
 4 16 -4 24.749 3.536 -4 26.163 2.121 -16 28.284 0 -16 24.042 4.243
 4 16 16 24.042 4.243 -16 24.042 4.243 -4 24.749 3.536 4 24.749 3.536
 4 16 -4 26.163 2.121 -4 26.87 2.828 -4 26.163 3.536 -4 24.749 3.536
 4 16 4 26.163 2.121 4 26.87 2.828 4 26.163 3.536 4 24.749 3.536
 4 16 -4 26.163 2.121 -4 26.87 2.828 4 26.87 2.828 4 26.163 2.121
 4 16 -4 26.87 2.828 -4 26.163 3.536 4 26.163 3.536 4 26.87 2.828
 4 16 -4 26.163 3.536 -4 24.749 3.536 4 24.749 3.536 4 26.163 3.536
 4 16 -16 22.627 5.657 -16 28.284 0 -18 28.284 0 -18 22.627 5.657
 4 16 -18 22.627 5.657 -18 5.657 5.657 -16 5.657 5.657 -16 22.627 5.657
 4 16 -16 22.627 5.657 -16 5.657 5.657 -16 4.243 4.243 -16 24.042 4.243
 4 16 -16 24.042 4.243 -16 4.243 4.243 16 4.243 4.243 16 24.042 4.243
 4 16 16 24.042 4.243 16 4.243 4.243 16 5.657 5.657 16 22.627 5.657
 4 16 16 22.627 5.657 16 5.657 5.657 18 5.657 5.657 18 22.627 5.657

 4 0 -18 28.284 0 -16 26 0 16 26 0 18 28.284 0
 4 0 -18 28.284 0 -18 0 0 -16 2 0 -16 26 0
 4 0 -16 2 0 -18 0 0 18 0 0 16 2 0
 4 0 16 26 0 16 2 0 18 0 0 18 28.284 0
 4 4 -16 26 0 -16 22 0 -12 22 0 -12 26 0
 4 0 -12 26 0 -12 22 0 -10.5 22 0 -10.5 26 0
 4 14 -10.5 26 0 -10.5 22 0 -6.5 22 0 -6.5 26 0
 4 0 -6.5 26 0 -6.5 22 0 -5 22 0 -5 26 0
 4 4 -5 26 0 -5 22 0 -1 22 0 -1 26 0
 4 0 -1 26 0 -1 22 0 1 22 0 1 26 0
 4 14 1 22 0 1 26 0 5 26 0 5 22 0
 4 0 5 22 0 5 26 0 6.5 26 0 6.5 22 0
 4 14 6.5 22 0 6.5 26 0 10.5 26 0 10.5 22 0
 4 0 10.5 22 0 10.5 26 0 12 26 0 12 22 0
 4 4 12 22 0 12 26 0 16 26 0 16 22 0
 4 0 -16 22 0 -16 20 0 16 20 0 16 22 0
 4 0 -15 19 0 -15 18 0 -4 18 0 -4 19 0
 4 0 -15 17 0 -15 16 0 -10 16 0 -10 17 0
 4 4 10 19 0 10 18 0 14 18 0 15 19 0
 4 4 14 18 0 14 4 0 15 3 0 15 19 0
 4 4 10 4 0 10 3 0 15 3 0 14 4 0
 3 0 -15 4 0 -13 3 0 -13 5 0
 4 0 -13 4.5 0 -13 3.5 0 -10 3.5 0 -10 4.5 0
 4 0 -15 11.5 0 -15 10.5 0 -13.5 10.5 0 -13.5 11.5 0
 4 0 -15 10.5 0 -12.5 8.5 0 -11 9 0 -13.5 10.5 0
 4 0 -15 11.5 0 -12.5 13.5 0 -11 13 0 -13.5 11.5 0
 4 0 -11 9 0 -12.5 8.5 0 -5 8.5 0 -5 9 0
 4 0 -12.5 13.5 0 -11 13 0 -5 13 0 -5 13.5 0
 4 0 -11.5 8.5 0 -10.5 7.5 0 -9.5 7.5 0 -9.5 8.5 0
 4 0 -10.5 14.5 0 -11.5 13.5 0 -9.5 13.5 0 -9.5 14.5 0
 4 4 -13.5 11.5 0 -13.5 10.5 0 -11 9 0 -11 13 0
 4 4 -11 13 0 -11 9 0 -5 9 0 -5 13 0
 4 0 -5 13.5 0 -5 8.5 0 0 8.5 0 0 13.5 0
 4 0 -2.5 8.5 0 -2.5 7.5 0 0 7.5 0 0 8.5 0
 4 0 -2.5 14.5 0 -2.5 13.5 0 0 13.5 0 0 14.5 0
 4 0 -5.5 7.5 0 -5.5 6.5 0 -1.5 6.5 0 -1.5 7.5 0
 4 0 -5.5 15.5 0 -5.5 14.5 0 -1.5 14.5 0 -1.5 15.5 0
 4 0 -5.5 6.5 0 -4.5 5.5 0 -2.5 5.5 0 -1.5 6.5 0
 4 0 -5.5 15.5 0 -4.5 16.5 0 -2.5 16.5 0 -1.5 15.5 0
 4 0 0 11.5 0 0 10.5 0 1 10.5 0 1 11.5 0
 4 0 -.5 7.5 0 -.5 5 0 0 5 0 0 7.5 0
 4 0 -.5 17 0 -.5 14.5 0 0 14.5 0 0 17 0
 4 0 -.5 5 0 -.5 2.5 0 1 2.5 0 1 5 0
 4 0 -.5 19.5 0 -.5 17 0 1 17 0 1 19.5 0
 4 0 -1.5 4.5 0 -1.5 3.5 0 -.5 2.5 0 -.5 4.5 0
 4 0 -1.5 18.5 0 -1.5 17.5 0 -.5 17.5 0 -.5 19.5 0
 4 0 1 13 0 1 9 0 6 9 0 6 13 0
 3 0 1 9 0 1 2.5 0 5.5 9 0
 3 0 1 19.5 0 1 13 0 5.5 13 0
 4 4 0 10.5 0 0 5 0 1 5 0 1 10.5 0
 4 4 0 17 0 0 11.5 0 1 11.5 0 1 17 0
 4 0 6 14.5 0 6 7.5 0 8 8.25 0 8 13.75 0
 3 0 8 9.5 0 8 8.25 0 13 9.5 0
 3 0 8 13.75 0 8 12.5 0 13 12.5 0
 4 0 11 12.5 0 11 9.5 0 13 9.5 0 13 12.5 0
 4 14 8 12.5 0 8 9.5 0 11 9.5 0 11 12.5 0

 4 15 -15 20 0 -15 19 0 -1.5 19 0 -1.5 20 0
 4 15 -16 20 0 -16 2 0 -15 2 0 -15 20 0
 4 15 -4 19 0 -4 18 0 -1.5 18 0 -1.5 19 0
 4 15 -15 18 0 -15 17 0 -1.5 17 0 -1.5 18 0
 4 15 -10 17 0 -10 16 0 -5.5 16 0 -5.5 17 0
 3 15 -5.5 17 0 -5.5 15.5 0 -4 17 0
 4 15 -4 17 0 -4.5 16.5 0 -2.5 16.5 0 -3 17 0
 3 15 -3 17 0 -1.5 15.5 0 -1.5 17 0
 4 15 -1.5 17.5 0 -1.5 14.5 0 -.5 14.5 0 -.5 17.5 0
 4 15 -15 16 0 -15 14.5 0 -5.5 14.5 0 -5.5 16 0
 4 15 -9.5 14.5 0 -9.5 13.5 0 -2.5 13.5 0 -2.5 14.5 0
 4 15 -15 14.5 0 -15 13.5 0 -11.5 13.5 0 -10.5 14.5 0
 3 15 -15 13.5 0 -15 11.5 0 -12.5 13.5 0
 3 15 -15 10.5 0 -15 8.5 0 -12.5 8.5 0
 4 15 -15 8.5 0 -15 7.5 0 -10.5 7.5 0 -11.5 8.5 0
 4 15 -9.5 8.5 0 -9.5 7.5 0 -2.5 7.5 0 -2.5 8.5 0
 4 15 -15 7.5 0 -15 4 0 -13 5 0 -13 7.5 0
 4 15 -15 4 0 -15 2 0 -13 2 0 -13 3 0
 4 15 -13 3.5 0 -13 2 0 -10 2 0 -10 3.5 0
 4 15 -13 7.5 0 -13 4.5 0 -5.5 4.5 0 -5.5 7.5 0
 4 15 -10 4.5 0 -10 2 0 -5.5 2 0 -5.5 4.5 0
 3 15 -5.5 6.5 0 -5.5 5.5 0 -4.5 5.5 0
 4 15 -5.5 5.5 0 -5.5 2 0 -1.5 2 0 -1.5 5.5 0
 3 15 -2.5 5.5 0 -1.5 5.5 0 -1.5 6.5 0
 4 15 -1.5 7.5 0 -1.5 4.5 0 -.5 4.5 0 -.5 7.5 0
 3 15 -1.5 3.5 0 -1.5 2 0 0 2 0
 4 15 -.5 2.5 0 0 2 0 1 2 0 1 2.5 0
 4 15 1 2.5 0 6 7.5 0 6 9 0 5.5 9 0
 4 15 1 2.5 0 1 2 0 8 8.25 0 6 7.5 0
 4 15 8 8.25 0 1 2 0 10 3 0 10 4 0
 4 15 10 3 0 1 2 0 16 2 0 15 3 0
 4 15 8 8.25 0 10 4 0 14 4 0 13 9.5 0
 4 15 13 9.5 0 14 4 0 14 18 0 13 12.5 0
 4 15 15 19 0 15 3 0 16 2 0 16 20 0
 4 15 10 18 0 8 13.75 0 13 12.5 0 14 18 0
 4 15 1 20 0 10 19 0 15 19 0 16 20 0
 4 15 1 20 0 8 13.75 0 10 18 0 10 19 0
 4 15 1 20 0 1 19.5 0 6 14.5 0 8 13.75 0
 4 15 1 19.5 0 5.5 13 0 6 13 0 6 14.5 0
 4 15 0 20 0 -.5 19.5 0 1 19.5 0 1 20 0
 3 15 -1.5 20 0 -1.5 18.5 0 0 20 0
0
