0 ~Minifig Torso No Front
0 Name 9326-4t.dat
0 Author: Steve Bliss
0 used for plain & decorated torsos
0 put decoration bitmap in Z = -10
0 Official LCad update 97-16

0 Uncomment for front shell
0 4 16 -19 -40 -10  19 -40 -10 -19     -43  -10 19     -43 -10
0 4 16  19 -43 -10 -19 -43 -10 -14.345 -70  -10 14.345 -70 -10
0 4 16  12 -72 -10 -12 -72 -10 -14.345 -70  -10 14.345 -70 -10

2 24 -19 32 -10 19 32 -10
2 24 19 32 -10 19 32 10
2 24 19 32 10 -19 32 10
2 24 -19 32 10 -19 32 -10
2 24 -16 32 -6 -6.536 32 -6
2 24 -6.536 32 -6 -4 32 -3.464
2 24 -4 32 -3.464 -4 32 -6
2 24 -4 32 -6 4 32 -6
2 24 4 32 -6 4 32 -3.464
2 24 4 32 -3.464 6.536 32 -6
2 24 6.536 32 -6 16 32 -6
2 24 16 32 -6 16 32 6
2 24 16 32 6 6.536 32 6
2 24 6.536 32 6 4 32 3.464
2 24 4 32 3.464 4 32 6
2 24 4 32 6 -4 32 6
2 24 -4 32 6 -4 32 3.464
2 24 -4 32 3.464 -6.536 32 6
2 24 -6.536 32 6 -16 32 6
2 24 -16 32 6 -16 32 -6
2 24 -6.536 32 -6 -6.536 3 -6
2 24 -4 32 -3.464 -4 3 -3.464
2 24 -4 32 -6 -4 3 -6
2 24 6.536 32 -6 6.536 3 -6
2 24 4 32 -3.464 4 3 -3.464
2 24 4 32 -6 4 3 -6
2 24 -6.536 32 6 -6.536 3 6
2 24 -4 32 3.464 -4 3 3.464
2 24 -4 32 6 -4 3 6
2 24 6.536 32 6 6.536 3 6
2 24 4 32 3.464 4 3 3.464
2 24 4 32 6 4 3 6
2 24 -12.484 3 -6 -6.536 3 -6
2 24 -6.536 3 -6 -4 3 -3.464
2 24 -4 3 -3.464 -4 3 -6
2 24 -4 3 -6 4 3 -6
2 24 4 3 -6 4 3 -3.464
2 24 4 3 -3.464 6.536 3 -6
2 24 6.536 3 -6 12.484 3 -6
2 24 12.484 3 -6 12.484 3 6
2 24 12.484 3 6 6.536 3 6
2 24 6.536 3 6 4 3 3.464
2 24 4 3 3.464 4 3 6
2 24 4 3 6 -4 3 6
2 24 -4 3 6 -4 3 3.464
2 24 -4 3 3.464 -6.536 3 6
2 24 -6.536 3 6 -12.484 3 6
2 24 -12.484 3 6 -12.484 3 -6
2 24 -16 32 -6 -16 23.37 -6
2 24 -16 32 6 -16 23.37 6
2 24 16 32 6 16 23.37 6
2 24 16 32 -6 16 23.37 -6
2 24 -16 23.37 -6 -16 23.37 6
2 24 16 23.37 -6 16 23.37 6
2 24 -12.484 3 -6 -16 23.37 -6
2 24 -12.484 3 6 -16 23.37 6
2 24 12.484 3 6 16 23.37 6
2 24 12.484 3 -6 16 23.37 -6
2 24 -19 32 -10 -19 29 -10
2 24 19 32 -10 19 29 -10
2 24 19 32 10 19 29 10
2 24 -19 32 10 -19 29 10
2 24 -19 29 -10 -19 29 10
2 24 19 29 -10 19 29 10
2 24 -19 29 -10 -14.345 2 -10
2 24 -19 29 10 -14.345 2 10
2 24 19 29 -10 14.345 2 -10
2 24 19 29 10 14.345 2 10
2 24 -14.345 2 -10 -14 0 -8
2 24 -14.345 2 -10 -12 0 -10
2 24 -14.345 2 10 -14 0 8
2 24 -14.345 2 10 -12 0 10
2 24 14.345 2 -10 14 0 -8
2 24 14.345 2 -10 12 0 -10
2 24 14.345 2 10 14 0 8
2 24 14.345 2 10 12 0 10
2 24 -14 0 -8 -14 0 8
2 24 -14 0 8 -12 0 10
2 24 -12 0 10 12 0 10
2 24 12 0 10 14 0 8
2 24 14 0 8 14 0 -8
2 24 14 0 -8 12 0 -10
2 24 12 0 -10 -12 0 -10
2 24 -12 0 -10 -14 0 -8
4 16 -19 32 -10 19 32 -10 -16 32 -6 16 32 -6
4 16 19 32 -10 19 32 10 16 32 -6 16 32 6
4 16 19 32 10 -19 32 10 16 32 6 -16 32 6
4 16 -19 32 10 -19 32 -10 -16 32 6 -16 32 -6
3 16 -6.536 32 -6 -4 32 -3.464 -4 32 -6
3 16 6.536 32 -6 4 32 -3.464 4 32 -6
3 16 -6.536 32 6 -4 32 3.464 -4 32 6
3 16 6.536 32 6 4 32 3.464 4 32 6
4 16 -6.536 32 -6 -6.536 3 -6 -4 32 -3.464 -4 3 -3.464
4 16 -4 32 -3.464 -4 3 -3.464 -4 32 -6 -4 3 -6
4 16 6.536 32 -6 6.536 3 -6 4 32 -3.464 4 3 -3.464
4 16 4 32 -3.464 4 3 -3.464 4 32 -6 4 3 -6
4 16 -6.536 32 6 -6.536 3 6 -4 32 3.464 -4 3 3.464
4 16 -4 32 3.464 -4 3 3.464 -4 32 6 -4 3 6
4 16 6.536 32 6 6.536 3 6 4 32 3.464 4 3 3.464
4 16 4 32 3.464 4 3 3.464 4 32 6 4 3 6
4 16 -16 32 -6 -16 32 6 -16 23.37 -6 -16 23.37 6
4 16 16 32 -6 16 32 6 16 23.37 -6 16 23.37 6
4 16 -16 32 -6 16 32 -6 -16 23.37 -6 16 23.37 -6
4 16 16 32 6 -16 32 6 16 23.37 6 -16 23.37 6
4 16 -16 23.37 -6 -16 23.37 6 -14.408 14.146 -6 -14.408 14.146 6
4 16 -12.708 4.296 -6 -12.708 4.296 6 -12.484 3 -6 -12.484 3 6
4 16 16 23.37 -6 16 23.37 6 14.408 14.146 -6 14.408 14.146 6
4 16 12.708 4.296 -6 12.708 4.296 6 12.484 3 -6 12.484 3 6
4 16 -16 23.37 -6 16 23.37 -6 -12.484 3 -6 12.484 3 -6
4 16 16 23.37 6 -16 23.37 6 12.484 3 6 -12.484 3 6
4 16 -12.484 3 -6 12.484 3 -6 12.484 3 6 -12.484 3 6
4 16 19 32 -10 19 32 10 19 29 -10 19 29 10
4 16 -19 32 10 -19 32 -10 -19 29 10 -19 29 -10
4 16 -19 29 -10 -19 29 10 -16.378 13.806 -10 -16.378 13.806 10
4 16 -14.678 3.956 -10 -14.678 3.956 10 -14.345 2 -10 -14.345 2 10
4 16 -14.345 2 -10 -14.345 2 10 -14 0 -8 -14 0 8
4 16 19 29 -10 19 29 10 16.378 13.806 -10 16.378 13.806 10
4 16 14.678 3.956 -10 14.678 3.956 10 14.345 2 -10 14.345 2 10
4 16 14.345 2 -10 14.345 2 10 14 0 -8 14 0 8
4 16 19 32 10 -19 32 10 19 29 10 -19 29 10
4 16 -19 29 10 19 29 10 -14.345 2 10 14.345 2 10
4 16 -12 0 10 12 0 10 -14.345 2 10 14.345 2 10
4 16 -14 0 -8 -12 0 -10 -12 0 10 -14 0 8
4 16 -12 0 -10 -12 0 10 12 0 -10 12 0 10
4 16 12 0 -10 14 0 8 14 0 -8 12 0 10
3 16 -14.345 2 -10 -14 0 -8 -12 0 -10
3 16 14.345 2 -10 14 0 -8 12 0 -10
3 16 14.345 2 10 14 0 8 12 0 10
3 16 -14.345 2 10 -14 0 8 -12 0 10
1 16 0 0 0 6 0 0 0 0 0 0 0 6 4-4edge.dat
1 16 0 -12 0 6 0 0 0 0 0 0 0 6 4-4edge.dat
1 16 0 0 0 6 0 0 0 -4 0 0 0 6 4-4cyli.dat
1 24 0 -4 0 6 0 0 0 -8 0 0 0 -6 2-4cyli.dat
1 16 0 -4 0 6 0 0 0 -8 0 0 0 6 2-4cyli.dat
1 16 0 -12 0 6 0 0 0 0 0 0 0 6 4-4disc.dat
1 16 15.528 8.881 0 0.85 0 0 4.925 0 0 0 0 5 4-4edge.dat
1 16 13.558 9.221 0 0.85 0 0 4.925 0 0 0 0 5 4-4edge.dat
1 16 13.558 9.221 0 0.85 1.97 0 4.925 -0.34 0 0 0 5 4-4cyli.dat
4 16 16.378 13.806 0 16.31 13.412 1.9 16.378 13.806 10 16.31 13.412 10
4 16 16.31 13.412 1.9 16.123 12.329 3.5 16.31 13.412 10 16.123 12.329 10
4 16 16.123 12.329 3.5 15.851 10.753 4.6 16.123 12.329 10 15.851 10.753 10
4 16 15.851 10.753 4.6 15.528 8.881 5 15.851 10.753 10 15.528 8.881 10
4 16 15.528 8.881 5 15.205 7.01 4.6 15.528 8.881 10 15.205 7.01 10
4 16 15.205 7.01 4.6 14.933 5.434 3.5 15.205 7.01 10 14.933 5.434 10
4 16 14.933 5.434 3.5 14.746 4.35 1.9 14.933 5.434 10 14.746 4.35 10
4 16 14.746 4.35 1.9 14.678 3.956 0 14.746 4.35 10 14.678 3.956 10
4 16 14.678 3.956 0 14.746 4.35 -1.9 14.678 3.956 -10 14.746 4.35 -10
4 16 14.746 4.35 -1.9 14.933 5.434 -3.5 14.746 4.35 -10 14.933 5.434 -10
4 16 14.933 5.434 -3.5 15.205 7.01 -4.6 14.933 5.434 -10 15.205 7.01 -10
4 16 15.205 7.01 -4.6 15.528 8.881 -5 15.205 7.01 -10 15.528 8.881 -10
4 16 15.528 8.881 -5 15.851 10.753 -4.6 15.528 8.881 -10 15.851 10.753 -10
4 16 15.851 10.753 -4.6 16.123 12.329 -3.5 15.851 10.753 -10 16.123 12.329 -10
4 16 16.123 12.329 -3.5 16.31 13.412 -1.9 16.123 12.329 -10 16.31 13.412 -10
4 16 16.31 13.412 -1.9 16.378 13.806 0 16.31 13.412 -10 16.378 13.806 -10
4 16 14.408 14.146 0 14.34 13.752 1.9 14.408 14.146 10 14.34 13.752 10
4 16 14.34 13.752 1.9 14.153 12.669 3.5 14.34 13.752 10 14.153 12.669 10
4 16 14.153 12.669 3.5 13.881 11.093 4.6 14.153 12.669 10 13.881 11.093 10
4 16 13.881 11.093 4.6 13.558 9.221 5 13.881 11.093 10 13.558 9.221 10
4 16 13.558 9.221 5 13.235 7.35 4.6 13.558 9.221 10 13.235 7.35 10
4 16 13.235 7.35 4.6 12.963 5.774 3.5 13.235 7.35 10 12.963 5.774 10
4 16 12.963 5.774 3.5 12.776 4.69 1.9 12.963 5.774 10 12.776 4.69 10
4 16 12.776 4.69 1.9 12.708 4.296 0 12.776 4.69 10 12.708 4.296 10
4 16 12.708 4.296 0 12.776 4.69 -1.9 12.708 4.296 -10 12.776 4.69 -10
4 16 12.776 4.69 -1.9 12.963 5.774 -3.5 12.776 4.69 -10 12.963 5.774 -10
4 16 12.963 5.774 -3.5 13.235 7.35 -4.6 12.963 5.774 -10 13.235 7.35 -10
4 16 13.235 7.35 -4.6 13.558 9.221 -5 13.235 7.35 -10 13.558 9.221 -10
4 16 13.558 9.221 -5 13.881 11.093 -4.6 13.558 9.221 -10 13.881 11.093 -10
4 16 13.881 11.093 -4.6 14.153 12.669 -3.5 13.881 11.093 -10 14.153 12.669 -10
4 16 14.153 12.669 -3.5 14.34 13.752 -1.9 14.153 12.669 -10 14.34 13.752 -10
4 16 14.34 13.752 -1.9 14.408 14.146 0 14.34 13.752 -10 14.408 14.146 -10
1 16 -15.528 8.881 0 -0.85 0 0 4.925 0 0 0 0 5 4-4edge.dat
1 16 -13.558 9.221 0 -0.85 0 0 4.925 0 0 0 0 5 4-4edge.dat
1 16 -13.558 9.221 0 -0.85 -1.97 0 4.925 -0.34 0 0 0 5 4-4cyli.dat
4 16 -16.378 13.806 0 -16.31 13.412 1.9 -16.378 13.806 10 -16.31 13.412 10
4 16 -16.31 13.412 1.9 -16.123 12.329 3.5 -16.31 13.412 10 -16.123 12.329 10
4 16 -16.123 12.329 3.5 -15.851 10.753 4.6 -16.123 12.329 10 -15.851 10.753 10
4 16 -15.851 10.753 4.6 -15.528 8.881 5 -15.851 10.753 10 -15.528 8.881 10
4 16 -15.528 8.881 5 -15.205 7.01 4.6 -15.528 8.881 10 -15.205 7.01 10
4 16 -15.205 7.01 4.6 -14.933 5.434 3.5 -15.205 7.01 10 -14.933 5.434 10
4 16 -14.933 5.434 3.5 -14.746 4.35 1.9 -14.933 5.434 10 -14.746 4.35 10
4 16 -14.746 4.35 1.9 -14.678 3.956 0 -14.746 4.35 10 -14.678 3.956 10
4 16 -14.678 3.956 0 -14.746 4.35 -1.9 -14.678 3.956 -10 -14.746 4.35 -10
4 16 -14.746 4.35 -1.9 -14.933 5.434 -3.5 -14.746 4.35 -10 -14.933 5.434 -10
4 16 -14.933 5.434 -3.5 -15.205 7.01 -4.6 -14.933 5.434 -10 -15.205 7.01 -10
4 16 -15.205 7.01 -4.6 -15.528 8.881 -5 -15.205 7.01 -10 -15.528 8.881 -10
4 16 -15.528 8.881 -5 -15.851 10.753 -4.6 -15.528 8.881 -10 -15.851 10.753 -10
4 16 -15.851 10.753 -4.6 -16.123 12.329 -3.5 -15.851 10.753 -10 -16.123 12.329 -10
4 16 -16.123 12.329 -3.5 -16.31 13.412 -1.9 -16.123 12.329 -10 -16.31 13.412 -10
4 16 -16.31 13.412 -1.9 -16.378 13.806 0 -16.31 13.412 -10 -16.378 13.806 -10
4 16 -14.408 14.146 0 -14.34 13.752 1.9 -14.408 14.146 10 -14.34 13.752 10
4 16 -14.34 13.752 1.9 -14.153 12.669 3.5 -14.34 13.752 10 -14.153 12.669 10
4 16 -14.153 12.669 3.5 -13.881 11.093 4.6 -14.153 12.669 10 -13.881 11.093 10
4 16 -13.881 11.093 4.6 -13.558 9.221 5 -13.881 11.093 10 -13.558 9.221 10
4 16 -13.558 9.221 5 -13.235 7.35 4.6 -13.558 9.221 10 -13.235 7.35 10
4 16 -13.235 7.35 4.6 -12.963 5.774 3.5 -13.235 7.35 10 -12.963 5.774 10
4 16 -12.963 5.774 3.5 -12.776 4.69 1.9 -12.963 5.774 10 -12.776 4.69 10
4 16 -12.776 4.69 1.9 -12.708 4.296 0 -12.776 4.69 10 -12.708 4.296 10
4 16 -12.708 4.296 0 -12.776 4.69 -1.9 -12.708 4.296 -10 -12.776 4.69 -10
4 16 -12.776 4.69 -1.9 -12.963 5.774 -3.5 -12.776 4.69 -10 -12.963 5.774 -10
4 16 -12.963 5.774 -3.5 -13.235 7.35 -4.6 -12.963 5.774 -10 -13.235 7.35 -10
4 16 -13.235 7.35 -4.6 -13.558 9.221 -5 -13.235 7.35 -10 -13.558 9.221 -10
4 16 -13.558 9.221 -5 -13.881 11.093 -4.6 -13.558 9.221 -10 -13.881 11.093 -10
4 16 -13.881 11.093 -4.6 -14.153 12.669 -3.5 -13.881 11.093 -10 -14.153 12.669 -10
4 16 -14.153 12.669 -3.5 -14.34 13.752 -1.9 -14.153 12.669 -10 -14.34 13.752 -10
4 16 -14.34 13.752 -1.9 -14.408 14.146 0 -14.34 13.752 -10 -14.408 14.146 -10
0
