0 Slope Brick 45  2 x  2 Double Concave / Double Convex
0 Name: 962.dat
0 Author: by Lutz Uhlmann
0 Official LCad update 97-17

 1 16 0 20 0 1 0 0 0 -1 0 0 0 1 stud4a.dat
 1 16 0 4 0 -6 0 0 0 0 6 0 0 -6 3-8edge.dat
 1 16 0 4 0 0 0 6 0 0 6 6 0 0 3-8edge.dat
 1 16 0 4 0 -8 0 0 0 0 8 0 0 -8 3-8edge.dat
 1 16 0 4 0 0 0 8 0 0 8 8 0 0 3-8edge.dat
 1 16 0 10 0 0 0 -6 0 -6 0 -6 0 0 1-4cyls.dat
 1 16 0 10 0 6 0 0 0 -6 0 0 0 6 1-4cyls.dat
 1 16 0 10 0 -6 0 0 0 10 0 0 0 -6 3-4cyli.dat
 1 16 0 12 0 0 0 -8 0 -8 0 -8 0 0 1-4cyls.dat
 1 16 0 12 0 8 0 0 0 -8 0 0 0 8 1-4cyls.dat
 1 16 0 12 0 -8 0 0 0 8 0 0 0 -8 3-4cyli.dat

 1 16 0 4 0 -6 0 0 0 0 6 0 0 6 1-8edge.dat
 1 16 0 4 0 0 0 -6 0 0 6 6 0 0 1-8edge.dat
 1 16 0 4 0 -8 0 0 0 0 8 0 0 8 1-8edge.dat
 1 16 0 4 0 0 0 -8 0 0 8 8 0 0 1-8edge.dat
 1 16 0 10 0 0 0 -6 0 -6 0 6 0 0 1-4cyls.dat
 1 16 0 10 0 -6 0 0 0 -6 0 0 0 6 1-4cyls.dat
 1 16 0 10 0 -6 0 0 0 10 0 0 0 6 1-4cyli.dat
 1 16 0 12 0 0 0 -8 0 -8 0 8 0 0 1-4cyls.dat
 1 16 0 12 0 -8 0 0 0 -8 0 0 0 8 1-4cyls.dat
 1 16 0 12 0 -8 0 0 0 8 0 0 0 8 1-4cyli.dat


 2 24 16 24 16 -16 24 16
 2 24 -16 24 16 -16 24 -16
 2 24 -16 24 -16 16 24 -16
 2 24 16 24 -16 16 24 16

 2 24 20 24 20 -20 24 20
 2 24 -20 24 20 -20 24 -20
 2 24 -20 24 -20 20 24 -20
 2 24 20 24 -20 20 24 20

 2 24 16 20 -16 -16 20 -16
 2 24 16 20 16 16 20 -16

 2 24 20 20 -20 -20 20 -20
 2 24 20 20 20 20 20 -20

 2 24 16 20 -16 16 24 -16
 2 24 16 20 16 16 24 16
 2 24 -16 20 -16 -16 24 -16
 2 24 -16 20 16 -16 24 16

 2 24 20 20 -20 20 24 -20
 2 24 20 20 20 20 24 20
 2 24 -20 20 -20 -20 24 -20
 2 24 -20 20 20 -20 24 20

 2 24 20 20 -20 0 0 0
 2 24 -20 20 20 0 0 0
 2 24 20 20 20 0 0 20
 2 24 -20 20 20 0 0 20
 2 24 -20 20 -20 -20 0 0
 2 24 -20 20 20 -20 0 0
 2 24 -20 0 0 0 0 0
 2 24 0 0 20 0 0 0

 2 24 16 20 -16 0 4 0
 2 24 -16 20 16 0 4 0
 2 24 16 20 16 0 4 16
 2 24 -16 20 16 0 4 16
 2 24 -16 20 -16 -16 4 0
 2 24 -16 20 16 -16 4 0
 2 24 -16 4 0 0 4 0
 2 24 0 4 16 0 4 0

 4 16 20 24 20 16 24 16 -16 24 16 -20 24 20
 4 16 -20 24 20 -16 24 16 -16 24 -16 -20 24 -20
 4 16 -20 24 -20 -16 24 -16 16 24 -16 20 24 -20
 4 16 20 24 -20 16 24 -16 16 24 16 20 24 20

 4 16 20 24 -20 20 20 -20 -20 20 -20 -20 24 -20
 4 16 20 24 20 20 20 20 20 20 -20 20 24 -20
 4 16 -20 24 -20 -20 20 -20 -20 20 20 -20 24 20
 4 16 -20 24 20 -20 20 20 20 20 20 20 24 20
 3 16 -20 20 -20 -20 20 20 -20 0 0
 3 16 -20 20 20 20 20 20 0 0 20

 4 16 16 24 -16 16 20 -16 -16 20 -16 -16 24 -16
 4 16 16 24 16 16 20 16 16 20 -16 16 24 -16
 4 16 -16 24 -16 -16 20 -16 -16 20 16 -16 24 16
 4 16 -16 24 16 -16 20 16 16 20 16 16 24 16
 3 16 -16 20 -16 -16 20 16 -16 4 0
 3 16 -16 20 16 16 20 16 0 4 16

 3 16 0 4 0 -16 20 16 -16 4 0
 3 16 0 4 0 -16 20 16 0 4 16

 3 16 0 0 0 -20 20 20 -20 0 0
 3 16 0 0 0 -20 20 20 0 0 20

 4 16 0 4 0 16 20 -16 -16 20 -16 -16 4 0
 4 16 0 4 0 16 20 -16 16 20 16 0 4 16

 4 16 0 0 0 20 20 -20 -20 20 -20 -20 0 0
 4 16 0 0 0 20 20 -20 20 20 20 0 0 20
0