0 Minifig Hips
0 Name 970.dat
0 Author: Steve Bliss
0 Official LCad update 97-16

2 24 -18 0 -10 18 0 -10
2 24 18 0 -10 18 0 10
2 24 18 0 10 -18 0 10
2 24 -18 0 10 -18 0 -10
4 16 -18 0 -10 18 0 -10 18 0 10 -18 0 10
2 24 -18 0 -10 -18 6 -10
2 24 18 0 -10 18 6 -10
2 24 -18 6 -10 18 6 -10
4 16 -18 0 -10 -18 6 -10 18 0 -10 18 6 -10
2 24 -18 0 10 -18 6 10
2 24 18 0 10 18 6 10
2 24 -18 6 10 18 6 10
4 16 -18 0 10 -18 6 10 18 0 10 18 6 10
2 24 18 6 10 18 6 6.51
2 24 18 6 6.51 18 5.7 6.3
2 24 18 5.7 6.3 18 3.72 3.42
2 24 18 3.72 3.42 18 3 0
2 24 18 3 0 18 3.72 -3.42
2 24 18 3.72 -3.42 18 5.7 -6.3
2 24 18 5.7 -6.3 18 6 -6.51
2 24 18 6 -6.51 18 6 -10
4 16 18 6 10 18 6 6.51 18 0 10 18 0 6.51
4 16 18 6 6.51 18 5.7 6.3 18 0 6.51 18 0 6.3
4 16 18 5.7 6.3 18 3.72 3.42 18 0 6.3 18 0 3.42
4 16 18 3.72 3.42 18 3 0 18 0 3.42 18 0 0
4 16 18 3 0 18 3.72 -3.42 18 0 0 18 0 -3.42
4 16 18 3.72 -3.42 18 5.7 -6.3 18 0 -3.42 18 0 -6.3
4 16 18 5.7 -6.3 18 6 -6.51 18 0 -6.3 18 0 -6.51
4 16 18 6 -6.51 18 6 -10 18 0 -6.51 18 0 -10
2 24 -18 6 10 -18 6 6.51
2 24 -18 6 6.51 -18 5.7 6.3
2 24 -18 5.7 6.3 -18 3.72 3.42
2 24 -18 3.72 3.42 -18 3 0
2 24 -18 3 0 -18 3.72 -3.42
2 24 -18 3.72 -3.42 -18 5.7 -6.3
2 24 -18 5.7 -6.3 -18 6 -6.51
2 24 -18 6 -6.51 -18 6 -10
4 16 -18 6 10 -18 6 6.51 -18 0 10 -18 0 6.51
4 16 -18 6 6.51 -18 5.7 6.3 -18 0 6.51 -18 0 6.3
4 16 -18 5.7 6.3 -18 3.72 3.42 -18 0 6.3 -18 0 3.42
4 16 -18 3.72 3.42 -18 3 0 -18 0 3.42 -18 0 0
4 16 -18 3 0 -18 3.72 -3.42 -18 0 0 -18 0 -3.42
4 16 -18 3.72 -3.42 -18 5.7 -6.3 -18 0 -3.42 -18 0 -6.3
4 16 -18 5.7 -6.3 -18 6 -6.51 -18 0 -6.3 -18 0 -6.51
4 16 -18 6 -6.51 -18 6 -10 -18 0 -6.51 -18 0 -10
2 24 -18 6 6.51 18 6 6.51
2 24 -18 6 -6.51 18 6 -6.51
4 16 -18 6 10 -18 6 6.51 18 6 6.51 18 6 10
4 16 -18 6 6.51 -18 5.7 6.3 18 6 6.51 18 5.7 6.3
4 16 -18 5.7 6.3 -18 3.72 3.42 18 5.7 6.3 18 3.72 3.42
4 16 -18 3.72 3.42 -18 3 0 18 3.72 3.42 18 3 0
4 16 -18 3 0 -18 3.72 -3.42 18 3 0 18 3.72 -3.42
4 16 -18 3.72 -3.42 -18 5.7 -6.3 18 3.72 -3.42 18 5.7 -6.3
4 16 -18 5.7 -6.3 -18 6 -6.51 18 5.7 -6.3 18 6 -6.51
4 16 -18 6 -10 -18 6 -6.51 18 6 -6.51 18 6 -10
2 24 13.464 0 -6 6.536 0 -6
2 24 6.536 0 -6 5.518 0 -4.482
2 24 5.518 0 -4.482 4 0 -3.464
2 24 4 0 -3.464 4 0 3.464
2 24 4 0 3.464 5.518 0 4.482
2 24 5.518 0 4.482 6.536 0 6
2 24 6.536 0 6 13.464 0 6
2 24 13.464 0 6 14.482 0 4.482
2 24 14.482 0 4.482 16 0 3.464
2 24 16 0 3.464 16 0 -3.464
2 24 16 0 -3.464 14.482 0 -4.482
2 24 14.482 0 -4.482 13.464 0 -6
2 24 13.464 0 -6 13.464 -11 -6
2 24 6.536 0 -6 6.536 -11 -6
2 24 4 0 -3.464 4 -11 -3.464
2 24 4 0 3.464 4 -11 3.464
2 24 6.536 0 6 6.536 -11 6
2 24 13.464 0 6 13.464 -11 6
2 24 16 0 3.464 16 -4 3.464
2 24 16 -4 3.464 14.482 -11 4.482
2 24 16 0 -3.464 16 -4 -3.464
2 24 16 -4 -3.464 14.482 -11 -4.482
2 24 14.482 -11 -4.482 13.464 -11 -6
2 24 13.464 -11 -6 6.536 -11 -6
2 24 6.536 -11 -6 5.518 -11 -4.482
2 24 5.518 -11 -4.482 4 -11 -3.464
2 24 4 -11 -3.464 4 -11 3.464
2 24 4 -11 3.464 5.518 -11 4.482
2 24 5.518 -11 4.482 6.536 -11 6
2 24 6.536 -11 6 13.464 -11 6
2 24 13.464 -11 6 14.482 -11 4.482
2 24 14.482 -11 4.482 14.482 -11 -4.482
2 24 16 -4 -3.464 16 -4 3.464
4 16 14.482 0 -4.482 13.464 0 -6 14.482 -11 -4.482 13.464 -11 -6
4 16 13.464 0 -6 6.536 0 -6 13.464 -11 -6 6.536 -11 -6
4 16 6.536 0 -6 5.518 0 -4.482 6.536 -11 -6 5.518 -11 -4.482
4 16 5.518 0 -4.482 4 0 -3.464 5.518 -11 -4.482 4 -11 -3.464
4 16 4 0 -3.464 4 0 3.464 4 -11 -3.464 4 -11 3.464
4 16 4 0 3.464 5.518 0 4.482 4 -11 3.464 5.518 -11 4.482
4 16 5.518 0 4.482 6.536 0 6 5.518 -11 4.482 6.536 -11 6
4 16 6.536 0 6 13.464 0 6 6.536 -11 6 13.464 -11 6
4 16 13.464 0 6 14.482 0 4.482 13.464 -11 6 14.482 -11 4.482
4 16 14.482 0 4.482 16 0 3.464 14.482 -4 4.482 16 -4 3.464
4 16 14.482 -4 4.482 16 -4 3.464 14.482 -11 4.482 14.482 -11 4.482
4 16 16 0 -3.464 16 0 3.464 16 -4 -3.464 16 -4 3.464
4 16 16 -4 -3.464 16 -4 3.464 14.482 -11 -4.482 14.482 -11 4.482
4 16 16 0 -3.464 14.482 0 -4.482 16 -4 -3.464 14.482 -4 -4.482
4 16 14.482 -4 -4.482 16 -4 -3.464 14.482 -11 -4.482 14.482 -11 -4.482
4 16 14 -11 0 13.68 -11 1.52 14.482 -11 0 14.482 -11 4.482
3 16 13.68 -11 1.52 12.8 -11 2.8 14.482 -11 4.482
4 16 12.8 -11 2.8 11.52 -11 3.68 14.482 -11 4.482 13.464 -11 6
4 16 11.52 -11 3.68 10 -11 4 13.464 -11 6 10 -11 6
4 16 10 -11 4 8.48 -11 3.68 10 -11 6 6.536 -11 6
4 16 8.48 -11 3.68 7.2 -11 2.8 6.536 -11 6 5.518 -11 4.482
4 16 7.2 -11 2.8 6.32 -11 1.52 5.518 -11 4.482 4 -11 3.464
4 16 6.32 -11 1.52 6 -11 0 4 -11 3.464 4 -11 0
4 16 6 -11 0 6.32 -11 -1.52 4 -11 0 4 -11 -3.464
4 16 6.32 -11 -1.52 7.2 -11 -2.8 4 -11 -3.464 5.518 -11 -4.482
4 16 7.2 -11 -2.8 8.48 -11 -3.68 5.518 -11 -4.482 6.536 -11 -6
4 16 8.48 -11 -3.68 10 -11 -4 6.536 -11 -6 10 -11 -6
4 16 10 -11 -4 11.52 -11 -3.68 10 -11 -6 13.464 -11 -6
4 16 11.52 -11 -3.68 12.8 -11 -2.8 13.464 -11 -6 14.482 -11 -4.482
3 16 12.8 -11 -2.8 13.68 -11 -1.52 14.482 -11 -4.482
4 16 13.68 -11 -1.52 14 -11 0 14.482 -11 -4.482 14.482 -11 0
1 16 10 -11 0 2.84 0 -2.84 0 11 0 2.84 0 2.84 3-4cyli.dat
1 16 10 -11 0 2.84 0 -2.84 0 0 0 2.84 0 2.84 3-4edge.dat
1 16 10 0 0 2.84 0 -2.84 0 0 0 2.84 0 2.84 3-4edge.dat
2 24 12.84 -11 2.24 12.84 -11 -2.84
2 24 12.84 0 2.24 12.84 0 -2.84
4 16 12.84 -11 2.24 12.84 -11 -2.84 12.84 0 2.24 12.84 0 -2.84
2 24 -13.464 0 -6 -6.536 0 -6
2 24 -6.536 0 -6 -5.518 0 -4.482
2 24 -5.518 0 -4.482 -4 0 -3.464
2 24 -4 0 -3.464 -4 0 3.464
2 24 -4 0 3.464 -5.518 0 4.482
2 24 -5.518 0 4.482 -6.536 0 6
2 24 -6.536 0 6 -13.464 0 6
2 24 -13.464 0 6 -14.482 0 4.482
2 24 -14.482 0 4.482 -16 0 3.464
2 24 -16 0 3.464 -16 0 -3.464
2 24 -16 0 -3.464 -14.482 0 -4.482
2 24 -14.482 0 -4.482 -13.464 0 -6
2 24 -13.464 0 -6 -13.464 -11 -6
2 24 -6.536 0 -6 -6.536 -11 -6
2 24 -4 0 -3.464 -4 -11 -3.464
2 24 -4 0 3.464 -4 -11 3.464
2 24 -6.536 0 6 -6.536 -11 6
2 24 -13.464 0 6 -13.464 -11 6
2 24 -16 0 3.464 -16 -4 3.464
2 24 -16 -4 3.464 -14.482 -11 4.482
2 24 -16 0 -3.464 -16 -4 -3.464
2 24 -16 -4 -3.464 -14.482 -11 -4.482
2 24 -14.482 -11 -4.482 -13.464 -11 -6
2 24 -13.464 -11 -6 -6.536 -11 -6
2 24 -6.536 -11 -6 -5.518 -11 -4.482
2 24 -5.518 -11 -4.482 -4 -11 -3.464
2 24 -4 -11 -3.464 -4 -11 3.464
2 24 -4 -11 3.464 -5.518 -11 4.482
2 24 -5.518 -11 4.482 -6.536 -11 6
2 24 -6.536 -11 6 -13.464 -11 6
2 24 -13.464 -11 6 -14.482 -11 4.482
2 24 -14.482 -11 4.482 -14.482 -11 -4.482
2 24 -16 -4 -3.464 -16 -4 3.464
4 16 -14.482 0 -4.482 -13.464 0 -6 -14.482 -11 -4.482 -13.464 -11 -6
4 16 -13.464 0 -6 -6.536 0 -6 -13.464 -11 -6 -6.536 -11 -6
4 16 -6.536 0 -6 -5.518 0 -4.482 -6.536 -11 -6 -5.518 -11 -4.482
4 16 -5.518 0 -4.482 -4 0 -3.464 -5.518 -11 -4.482 -4 -11 -3.464
4 16 -4 0 -3.464 -4 0 3.464 -4 -11 -3.464 -4 -11 3.464
4 16 -4 0 3.464 -5.518 0 4.482 -4 -11 3.464 -5.518 -11 4.482
4 16 -5.518 0 4.482 -6.536 0 6 -5.518 -11 4.482 -6.536 -11 6
4 16 -6.536 0 6 -13.464 0 6 -6.536 -11 6 -13.464 -11 6
4 16 -13.464 0 6 -14.482 0 4.482 -13.464 -11 6 -14.482 -11 4.482
4 16 -14.482 0 4.482 -16 0 3.464 -14.482 -4 4.482 -16 -4 3.464
4 16 -14.482 -4 4.482 -16 -4 3.464 -14.482 -11 4.482 -14.482 -11 4.482
4 16 -16 0 -3.464 -16 0 3.464 -16 -4 -3.464 -16 -4 3.464
4 16 -16 -4 -3.464 -16 -4 3.464 -14.482 -11 -4.482 -14.482 -11 4.482
4 16 -16 0 -3.464 -14.482 0 -4.482 -16 -4 -3.464 -14.482 -4 -4.482
4 16 -14.482 -4 -4.482 -16 -4 -3.464 -14.482 -11 -4.482 -14.482 -11 -4.482
4 16 -14 -11 0 -13.68 -11 1.52 -14.482 -11 0 -14.482 -11 4.482
3 16 -13.68 -11 1.52 -12.8 -11 2.8 -14.482 -11 4.482
4 16 -12.8 -11 2.8 -11.52 -11 3.68 -14.482 -11 4.482 -13.464 -11 6
4 16 -11.52 -11 3.68 -10 -11 4 -13.464 -11 6 -10 -11 6
4 16 -10 -11 4 -8.48 -11 3.68 -10 -11 6 -6.536 -11 6
4 16 -8.48 -11 3.68 -7.2 -11 2.8 -6.536 -11 6 -5.518 -11 4.482
4 16 -7.2 -11 2.8 -6.32 -11 1.52 -5.518 -11 4.482 -4 -11 3.464
4 16 -6.32 -11 1.52 -6 -11 0 -4 -11 3.464 -4 -11 0
4 16 -6 -11 0 -6.32 -11 -1.52 -4 -11 0 -4 -11 -3.464
4 16 -6.32 -11 -1.52 -7.2 -11 -2.8 -4 -11 -3.464 -5.518 -11 -4.482
4 16 -7.2 -11 -2.8 -8.48 -11 -3.68 -5.518 -11 -4.482 -6.536 -11 -6
4 16 -8.48 -11 -3.68 -10 -11 -4 -6.536 -11 -6 -10 -11 -6
4 16 -10 -11 -4 -11.52 -11 -3.68 -10 -11 -6 -13.464 -11 -6
4 16 -11.52 -11 -3.68 -12.8 -11 -2.8 -13.464 -11 -6 -14.482 -11 -4.482
3 16 -12.8 -11 -2.8 -13.68 -11 -1.52 -14.482 -11 -4.482
4 16 -13.68 -11 -1.52 -14 -11 0 -14.482 -11 -4.482 -14.482 -11 0
1 16 -10 -11 0 -2.84 0 2.84 0 11 0 2.84 0 2.84 3-4cyli.dat
1 16 -10 -11 0 -2.84 0 2.84 0 0 0 2.84 0 2.84 3-4edge.dat
1 16 -10 0 0 -2.84 0 2.84 0 0 0 2.84 0 2.84 3-4edge.dat
2 24 -12.84 -11 2.24 -12.84 -11 -2.84
2 24 -12.84 0 2.24 -12.84 0 -2.84
2 24 -12.84 -11 2.24 -12.84 0 2.24
2 24 -12.84 -11 -2.84 -12.84 0 -2.84
4 16 -12.84 -11 2.24 -12.84 -11 -2.84 -12.84 0 2.24 -12.84 0 -2.84
1 16 -2 12 0 0 4 0 9 0 0 0 0 9 4-4cyli.dat
1 16 -2 12 0 0 0 0 9 0 0 0 0 9 4-4edge.dat
1 16 2 12 0 0 0 0 9 0 0 0 0 9 4-4edge.dat
1 16 -2 12 0 0 0 0 9 0 0 0 0 9 4-4disc.dat
1 16 2 12 0 0 0 0 9 0 0 0 0 9 4-4disc.dat
1 16 -9.92 12 0 0 19.84 0 3 0 0 0 0 3 4-4cyli.dat
1 16 -9.92 12 0 0 0 0 3 0 0 0 0 3 4-4edge.dat
1 16 -9.92 12 0 0 0 0 3 0 0 0 0 3 4-4disc.dat
1 16 9.92 12 0 0 0 0 3 0 0 0 0 3 4-4edge.dat
1 16 9.92 12 0 0 0 0 3 0 0 0 0 3 4-4disc.dat
1 16 -2 12 0 0 0 0 3 0 0 0 0 3 4-4edge.dat
1 16 2 12 0 0 0 0 3 0 0 0 0 3 4-4edge.dat
0

