0 Minifig Leg Left
0 Name: 972.dat
0 Author: Steve Bliss
0 Modified by: Chris Dee (chris_w_dee@hotmail.com)
0 Official LCad update 99-01

0 Move down 12 units to align with hips

2 24 18.64 6.74 -6 2 6.74 -6
4 16 19.18 20 -6 1.5 20 -6 1.5 7.7 -6 18.68 7.7 -6
4 16 18.64 6.74 -6 2 6.74 -6 1.5 7.7 -6 18.68 7.7 -6
4 16 18.11 -6.3 -6.3 18.23 -3.42 -8.28 2 -3.42 -8.28 2 -6.3 -6.3
4 16 18.23 -3.42 -8.28 18.36 0 -9 2 0 -9 2 -3.42 -8.28
4 16 18.36 0 -9 18.5 3.42 -8.28 2 3.42 -8.28 2 0 -9
4 16 18.5 3.42 -8.28 18.64 6.74 -6 2 6.74 -6 2 3.42 -8.28
1 16 0 0 0 1 0 0 0 1 0 0 0 1 s\972s01.dat
0