0 Minifig Torso
0 Name: 973.dat
0 Author: Steve Bliss
0 Official LCad update 99-03

0 1999-04-16 SEB Updated 973-4t.dat to s\973s01.dat; added back surface

1 16 0 0 0 1 0 0 0 1 0 0 0 1 s\973s01.dat
0 Plain front
4 16 -19 32 -10 19 32 -10 -19 29 -10 19 29 -10
4 16 19 29 -10 -19 29 -10 -14.345 2 -10 14.345 2 -10
4 16 12 0 -10 -12 0 -10 -14.345 2 -10 14.345 2 -10
0 Plain back
4 16 -19 32 10 19 32 10 -19 29 10 19 29 10
4 16 19 29 10 -19 29 10 -14.345 2 10 14.345 2 10
4 16 12 0 10 -12 0 10 -14.345 2 10 14.345 2 10
0