0 Minifig Torso with Tri-Colored Shield Pattern
0 Name: 973p4r.dat
0 Author: Andrew Westrate
0 LDRAW_ORG Part UPDATE 2003-02

0 CMDLINE -C4
0 KEYWORDS Castle, LEGOLAND Castle, Guard, Tournament

0 Torso
1 16 0 0 0 1 0 0 0 1 0 0 0 1 s\973s01.dat
4 16 -19 32 10 19 32 10 -19 29 10 19 29 10
4 16 19 29 10 -19 29 10 -14.345 2 10 14.345 2 10
4 16 12 0 10 -12 0 10 -14.345 2 10 14.345 2 10
1  0 0 -4 0 4.243 0 -4.243 0 -8 0 -4.243 0 -4.243 1-4cyli.DAT

0 Pattern
4 6 -10.5 4.9 -10 0 4.9 -10 0 12.4 -10 -10.5 12.4 -10
3 6 -10.5 12.4 -10 -9 18 -10 0 12.4 -10
4 13 -6.5 22.5 -10 0 27.1 -10 0 12.4 -10 -9 18 -10
4 13 6.5 22.5 -10 0 27.1 -10 0 12.4 -10 9 18 -10
4 1 10.5 4.9 -10 0 4.9 -10 0 12.4 -10 10.5 12.4 -10
3 1 10.5 12.4 -10 9 18 -10 0 12.4 -10
4 16 12 0 -10 -12 0 -10 -14.345 2 -10 14.345 2 -10
4 16 -14.345 2 -10 14.345 2 -10 10.5 4.9 -10 -10.5 4.9 -10
4 16 -14.345 2 -10 -10.5 4.9 -10 -10.5 12.4 -10 -19 29 -10
4 16 14.345 2 -10 10.5 4.9 -10 10.5 12.4 -10 19 29 -10
3 16 -19 29 -10 -6.5 22.5 -10 0 27.1 -10
3 16 -19 29 -10 -9 18 -10 -6.5 22.5 -10
3 16 -19 29 -10 -10.5 12.4 -10 -9 18 -10
3 16 19 29 -10 6.5 22.5 -10 0 27.1 -10
3 16 19 29 -10 9 18 -10 6.5 22.5 -10
3 16 19 29 -10 10.5 12.4 -10 9 18 -10
3 16 -19 29 -10 19 29 -10 0 27.1 -10
4 16 -19 32 -10 19 32 -10 -19 29 -10 19 29 -10
0
