0 Minifig Torso with MTron Logo Pattern
0 Name: 973p68.dat
0 Author: John VanZwieten
0 LDRAW_ORG Part UPDATE 2001-01

0 1999-04-16 SEB Updated 973-4t.dat to s\973s01.dat; added back surface
0 2000-11-05 CWD Moved neck mark from s\973s01.dat

1 16 0 0 0 1 0 0 0 1 0 0 0 1 s\973s01.dat

0 Neck mark
1 0 0 -4 0 4.243 0 -4.243 0 -8 0 -4.243 0 -4.243 1-4cyli.dat
0 Plain back
4 16 -19 32 10 19 32 10 -19 29 10 19 29 10
4 16 19 29 10 -19 29 10 -14.345 2 10 14.345 2 10
4 16 12 0 10 -12 0 10 -14.345 2 10 14.345 2 10
0 Plain front
0 Main face
 4 16 -19 32 -10 19 32 -10 19 29 -10 -19 29 -10
 4 16 12 0 -10 -12 0 -10 -14.35 2 -10 14.35 2 -10
 4 0 9.653 20.726 -10 5.184 11.274 -10 11.063 11.431 -10 12.025 16 -10
 3 0 5.184 11.274 -10 8.417 7.583 -10 11.063 11.431 -10
 3 0 5.184 11.274 -10 4.569 4.937 -10 8.417 7.583 -10
 4 0 0.447 11.274 -10 0 3.975 -10 4.569 4.937 -10 5.184 11.274 -10
 4 0 0 11.917 -10 -0.447 11.274 -10 0 3.975 -10 0.813 11.274 -10
 4 0 -0.447 11.274 -10 -5.184 11.274 -10 -4.569 4.937 -10 0 3.975 -10
 3 0 -5.184 11.274 -10 -8.417 7.583 -10 -4.569 4.937 -10
 3 0 -5.184 11.274 -10 -11.063 11.431 -10 -8.417 7.583 -10
 4 0 -12.025 16 -10 -11.063 11.431 -10 -5.184 11.274 -10 -9.653 20.726 -10
 3 0 -9.653 20.726 -10 -11.063 20.569 -10 -12.025 16 -10
 3 0 -9.653 20.726 -10 -8.417 24.417 -10 -11.063 20.569 -10
 4 0 -9.653 20.726 -10 0 20.726 -10 -4.569 27.063 -10 -8.417 24.417 -10
 3 0 0 20.726 -10 0 28.025 -10 -4.569 27.063 -10
 3 0 0 20.726 -10 4.569 27.063 -10 0 28.025 -10
 4 0 0 20.726 -10 9.653 20.726 -10 8.417 24.417 -10 4.569 27.063 -10
 3 0 9.653 20.726 -10 11.063 20.569 -10 8.417 24.417 -10
 3 0 9.653 20.726 -10 12.025 16 -10 11.063 20.569 -10
 3 0 -3.289 20.726 -10 -2.846 20.083 -10 -2.395 20.726 -10
 3 0 2.846 20.083 -10 3.289 20.726 -10 2.395 20.726 -10
0 Mtron Logo
 4 15 -5.184 11.274 -10 -4.29 11.274 -10 -8.759 20.726 -10 -9.653 20.726 -10
 4 15 4.29 11.274 -10 5.184 11.274 -10 9.653 20.726 -10 8.759 20.726 -10
 4 15 -8.759 20.726 -10 -8.358 19.925 -10 -3.396 19.925 -10 -3.289 20.726 -10
 4 15 8.358 19.925 -10 8.759 20.726 -10 3.396 20.726 -10 3.289 19.925 -10
 4 15 -3.396 19.925 -10 -2.846 19.125 -10 -2.846 20.083 -10 -3.289 20.726 -10
 4 15 2.846 19.125 -10 3.396 19.925 -10 3.289 20.726 -10 2.846 20.083 -10
 4 15 -2.846 20.083 -10 -2.846 19.125 -10 -2.295 19.925 -10 -2.395 20.726 -10
 4 15 2.846 19.125 -10 2.846 20.083 -10 2.395 20.726 -10 2.295 19.925 -10
 4 15 -2.395 20.726 -10 -2.295 19.925 -10 2.295 19.925 -10 2.395 20.726 -10
 4 15 -4.69 12.075 -10 -4.29 11.274 -10 -0.447 11.274 -10 -0.554 12.075 -10
 4 15 4.29 11.274 -10 4.69 12.075 -10 0.554 12.075 -10 0.447 11.274 -10
 4 15 -0.554 12.075 -10 -0.447 11.274 -10 0 11.917 -10 0 12.875 -10
 4 15 0.447 11.274 -10 0.554 12.075 -10 0 12.875 -10 0 11.917 -10
 4 0 -8.358 19.925 -10 -4.69 12.075 -10 -4.197 12.875 -10 -7.064 19.125 -10
 4 0 4.69 12.075 -10 8.358 19.925 -10 7.064 19.125 -10 4.197 12.875 -10
 4 0 -8.358 19.925 -10 -7.064 19.125 -10 -2.846 19.125 -10 -3.396 19.925 -10
 4 0 7.064 19.125 -10 8.358 19.925 -10 3.396 19.925 -10 2.846 19.125 -10
 4 0 -2.295 19.925 -10 -2.846 19.125 -10 2.846 19.125 -10 2.295 19.925 -10
 4 0 -4.197 12.875 -10 -4.69 12.075 -10 -0.554 12.075 -10 0 12.875 -10
 4 0 4.69 12.075 -10 4.197 12.875 -10 0 12.875 -10 0.554 12.075 -10
 3 0 -0.894 12.875 -10 0.894 12.875 -10 0 14.856 -10
 3 0 -3.739 19.125 -10 -2.846 17.144 -10 -1.952 19.125 -10
 3 0 1.952 19.125 -10 2.846 17.144 -10 3.739 19.125 -10
 4 0 -5.112 14.856 -10 -5.148 14.927 -10 5.148 14.927 -10 5.112 14.856 -10
 4 0 -6.185 17.073 -10 -6.22 17.144 -10 6.22 17.144 -10 6.185 17.073 -10
 2 0 -6.682 18.262 -10 6.682 18.262 -10
 4 4 -5.076 14.82 -10 -4.197 12.875 -10 -0.894 12.875 -10 -0.036 14.82 -10
 4 4 4.197 12.875 -10 5.076 14.82 -10 0.036 14.82 -10 0.894 12.875 -10
 4 4 -6.149 17.073 -10 -5.205 14.927 -10 5.205 14.927 -10 6.149 17.073 -10
 4 4 -6.206 17.215 -10 -2.86 17.215 -10 -3.339 18.197 -10 -6.664 18.197 -10
 4 4 2.86 17.215 -10 6.206 17.215 -10 6.664 18.197 -10 3.339 18.197 -10
 4 4 -2.831 17.215 -10 2.831 17.215 -10 2.352 18.197 -10 -2.352 18.197 -10
 4 4 -6.757 18.307 -10 -3.411 18.307 -10 -3.739 19.11 -10 -7.064 19.11 -10
 4 4 3.411 18.307 -10 6.757 18.307 -10 7.064 19.11 -10 3.739 19.11 -10
 4 4 -2.281 18.307 -10 2.281 18.307 -10 1.952 19.11 -10 -1.952 19.11 -10
 4 0 -6.721 18.275 -10 -6.649 18.243 -10 6.649 18.243 -10 6.721 18.275 -10
 1 16 0 16 -10 12.025 0 0 0 0 12.025 0 0 0 4-4ndis.dat
0 Rest of front face
 4 16 -12.025 3.975 -10 -14.35 2 -10 14.35 2 -10 12.025 3.975 -10
 4 16 -19 29 -10 -14.35 2 -10 -12.025 3.975 -10 -12.025 28.025 -10
 4 16 -19 29 -10 -12.025 28.025 -10 12.025 28.025 -10 19 29 -10
 4 16 12.025 28.025 -10 12.025 3.975 -10 14.35 2 -10 19 29 -10
0