0 Minifig Torso with Imperial Guard Pattern
0 Name: 973P35.DAT
0 Author: Chris Dee (chris_w_dee@hotmail.com)
0 Official LCAD Part - 2000-02 Update

1 15 0 0 0 1 0 0 0 1 0 0 0 1 s\973s01.dat
4 15 -19 32 10 19 32 10 19 29 10 -19 29 10
4 15 19 29 10 -19 29 10 -14.345 2 10 14.345 2 10
4 15 12 0 10 -12 0 10 -14.345 2 10 14.345 2 10

3 15 0.75 0 -10 2 0 -10 0.75 6.25 -10
4 0 2 0 -10 5.5 0 -10 3.833 2.5 -10 1.7 1.5 -10
3 0 1 5 -10 1.833 5.5 -10 0.5 7.5 -10
4 15 5.5 0 -10 12 0 -10 4.5 11.5 -10 0.5 7.5 -10
4 16 12 0 -10 14.345 2 -10 5 12 -10 4.5 11.5 -10
3 16 14.345 2 -10 17.793 22 -10 5 12 -10
3 16 17.793 22 -10 5 12 -10 4.5 12.5 -10
4 15 17.793 22 -10 4.5 12.5 -10 6 20 -10 18.828 28 -10
3 15 4.5 12.5 -10 6 20 -10 0.5 16.5 -10
4 16 18.828 28 -10 19 29 -10 19 32 -10 14.5 32 -10
3 16 18.828 28 -10 14.5 32 -10 12.5 30 -10
3 16 18.828 28 -10 12.5 30 -10 10.75 28 -10 
3 16 18.828 28 -10 10.8 28 -10 9.5 26.25 -10
3 16 18.828 28 -10 9.5 26.25 -10 6 20 -10
4 16 9.5 26.3 -10 6 20 -10 7 22.5 -10 8.25 24.5 -10
3 0 0.5 16.5 -10 3.643 18.5 -10 1.25 19 -10
4 0 2.25 21.5 -10 6 20 -10 7 22.5 -10 3.25 24 -10
4 0 4.5 26.5 -10 8.25 24.5 -10 9.5 26.25 -10 6 29 -10
4 0 7.5 31 -10 10.75 28 -10 10.5 32 -10 8.5 32 -10
3 0 10.5 32 -10 10.75 28 -10 12.5 30 -10
3 15 0.75 17.25 -10 1.25 19 -10 0.75 19 -10
4 15 0.75 19 -10 1.25 19 -10 2.25 21.5 -10 0.75 21.5 -10
4 15 0.75 21.5 -10 2.25 21.5 -10 3.25 24 -10 0.75 24 -10
4 15 0.75 24 -10 3.25 24 -10 4.5 26.5 -10 0.75 26.5 -10
4 15 0.75 26.5 -10 4.5 26.5 -10 6 29 -10 0.75 29 -10
4 15 0.75 29 -10 6 29 -10 7.5 31 -10 0.75 31 -10
4 15 0.75 31 -10 7.5 31 -10 8.5 32 -10 0.75 32 -10

3 15 -0.75 0 -10 -2 0 -10 -0.75 6.25 -10
4 0 -2 0 -10 -5.5 0 -10 -3.833 2.5 -10 -1.7 1.5 -10
3 0 -1 5 -10 -1.833 5.5 -10 -0.5 7.5 -10
4 15 -5.5 0 -10 -12 0 -10 -4.5 11.5 -10 -0.5 7.5 -10
4 16 -12 0 -10 -14.345 2 -10 -5 12 -10 -4.5 11.5 -10
3 16 -14.345 2 -10 -17.793 22 -10 -5 12 -10
3 16 -17.793 22 -10 -5 12 -10 -4.5 12.5 -10
4 15 -17.793 22 -10 -4.5 12.5 -10 -6 20 -10 -18.828 28 -10
3 15 -4.5 12.5 -10 -6 20 -10 -0.5 16.5 -10
4 16 -18.828 28 -10 -19 29 -10 -19 32 -10 -14.5 32 -10
3 16 -18.828 28 -10 -14.5 32 -10 -12.5 30 -10
3 16 -18.828 28 -10 -12.5 30 -10 -10.75 28 -10 
3 16 -18.828 28 -10 -10.8 28 -10 -9.5 26.25 -10
3 16 -18.828 28 -10 -9.5 26.25 -10 -6 20 -10
4 16 -9.5 26.3 -10 -6 20 -10 -7 22.5 -10 -8.25 24.5 -10
3 0 -0.5 16.5 -10 -3.643 18.5 -10 -1.25 19 -10
4 0 -2.25 21.5 -10 -6 20 -10 -7 22.5 -10 -3.25 24 -10
4 0 -4.5 26.5 -10 -8.25 24.5 -10 -9.5 26.25 -10 -6 29 -10
4 0 -7.5 31 -10 -10.75 28 -10 -10.5 32 -10 -8.5 32 -10
3 0 -10.5 32 -10 -10.75 28 -10 -12.5 30 -10
3 15 -0.75 17.25 -10 -1.25 19 -10 -0.75 19 -10
4 15 -0.75 19 -10 -1.25 19 -10 -2.25 21.5 -10 -0.75 21.5 -10
4 15 -0.75 21.5 -10 -2.25 21.5 -10 -3.25 24 -10 -0.75 24 -10
4 15 -0.75 24 -10 -3.25 24 -10 -4.5 26.5 -10 -0.75 26.5 -10
4 15 -0.75 26.5 -10 -4.5 26.5 -10 -6 29 -10 -0.75 29 -10
4 15 -0.75 29 -10 -6 29 -10 -7.5 31 -10 -0.75 31 -10
4 15 -0.75 31 -10 -7.5 31 -10 -8.5 32 -10 -0.75 32 -10

4 15 -0.75 0 -10 0.75 0 -10 0.75 0.75 -10 -0.75 0.75 -10
4 15 -0.75 2.25 -10 0.75 2.25 -10 0.75 4.75 -10 -0.75 4.75 -10
4 15 0 6.25 -10 0.75 6.25 -10 0.5 7.5 -10 0 7 -10
4 15 0 6.25 -10 -0.75 6.25 -10 -0.5 7.5 -10 0 7 -10
4 15 0 8.5 -10 3.5 12 -10 0 15.5 -10 -3.5 12 -10
4 15 0 17 -10 0.5 16.5 -10 0.75 17.25 -10 0 17.25 -10
4 15 0 17 -10 -0.5 16.5 -10 -0.75 17.25 -10 0 17.25 -10
4 15 -0.75 18.75 -10 0.75 18.75 -10 0.75 21.25 -10 -0.75 21.25 -10
4 15 -0.75 22.75 -10 0.75 22.75 -10 0.75 25.25 -10 -0.75 25.25 -10
4 15 -0.75 26.75 -10 0.75 26.75 -10 0.75 29.25 -10 -0.75 29.25 -10
4 15 -0.75 30.75 -10 0.75 30.75 -10 0.75 32 -10 -0.75 32 -10
1 15 0 1.5 -10 0.75 0 0 0 0 0.75 0 1 0 4-4ndis.dat
1 15 0 5.5 -10 0.75 0 0 0 0 0.75 0 1 0 4-4ndis.dat
1 15 0 18 -10 0.75 0 0 0 0 0.75 0 1 0 4-4ndis.dat
1 15 0 22 -10 0.75 0 0 0 0 0.75 0 1 0 4-4ndis.dat
1 15 0 26 -10 0.75 0 0 0 0 0.75 0 1 0 4-4ndis.dat
1 15 0 30 -10 0.75 0 0 0 0 0.75 0 1 0 4-4ndis.dat

1 366 0 0 0 1 0 0 0 1 0 0 0 1 s\973p35a.dat
1 383 0 0 0 1 0 0 0 1 0 0 0 1 s\973p35b.dat

0
