0 Minifig Torso with Classic Space Pattern
0 Name: 973p90.dat
0 Author: Chris Dee (chris_w_dee@hotmail.com)
0 LDRAW_ORG Part UPDATE 2001-01

0 2000-11-05 CWD Moved neck mark from s\973s01.dat

1 16 0 0 0 1 0 0 0 1 0 0 0 1 s\973s01.DAT
1 0 0 -4 0 4.243 0 -4.243 0 -8 0 -4.243 0 -4.243 1-4cyli.dat
4 16 -19 32 10 19 32 10 19 29 10 -19 29 10
4 16 19 29 10 -19 29 10 -14.345 2 10 14.345 2 10
4 16 12 0 10 -12 0 10 -14.345 2 10 14.345 2 10
1 366 0 0 0 1 0 0 0 1 0 0 0 1 s\973p90a.dat

4 16 -14.997 10.475 -10 -14.345 2 -10 -12 0 -10 0.247 4.161 -10
4 16 0.247 4.161 -10 -12 0 -10 12 0 -10 10.555 4.221 -10  
4 16 10.555 4.221 -10 12 0 -10 14.345 2 -10 12.851 9.764 -10
4 16 12.851 9.764 -10 14.345 2 -10 19 29 -10 19 32 -10
3 16 12.851 9.764 -10 19 32 -10 4.472 15.399 -10
4 16 4.472 15.399 -10 19 32 -10 -19 32 -10 -5.879 19.687 -10
4 16 -5.879 19.687 -10 -19 32 -10 -19 29 -10 -11.935 17.866 -10 
3 16 -11.935 17.866 -10 -19 29 -10 -14.997 10.475 -10
3 16 -19 29 -10 -14.997 10.475 -10 -14.345 2 -10

 4 15 -5.105 6.919 -10 -5.296 6.457 -10 -7.243 7.757 -10 -6.889 8.111 -10
 4 15 -6.889 8.111 -10 -7.243 7.757 -10 -8.542 9.704 -10 -8.081 9.895 -10
 4 15 -8.081 9.895 -10 -8.542 9.704 -10 -9 12 -10 -8.5 12 -10
 4 15 -8.5 12 -10 -9 12 -10 -8.543 14.296 -10 -8.081 14.105 -10
 4 15 -6.948 15.8 -10 -6.889 15.889 -10 -7.242 16.242 -10 -7.41 15.992 -10
 4 15 -6.889 15.889 -10 -7.243 16.243 -10 -5.296 17.542 -10 -5.105 17.081 -10
 4 15 -5.105 17.081 -10 -5.296 17.542 -10 -3 18 -10 -3 17.5 -10
 4 15 -3 17.5 -10 -3 18 -10 -0.704 17.543 -10 -0.895 17.081 -10
 4 15 -0.895 17.081 -10 -0.704 17.543 -10 1.243 16.243 -10 0.889 15.889 -10
 4 15 0.889 15.889 -10 1.243 16.243 -10 2.542 14.296 -10 2.081 14.105 -10
 4 15 2.081 14.105 -10 2.542 14.296 -10 3 12 -10 2.5 12 -10
 4 15 2.479 11.895 -10 2.5 12 -10 3 12 -10 2.941 11.704 -10
 4 15 2.081 9.895 -10 2.543 9.704 -10 1.243 7.757 -10 0.889 8.111 -10
 4 15 0.889 8.111 -10 1.243 7.757 -10 -0.704 6.458 -10 -0.895 6.919 -10
 4 15 -0.895 6.919 -10 -0.704 6.458 -10 -3 6 -10 -3 6.5 -10
 4 15 -3 6.5 -10 -3 6 -10 -5.296 6.457 -10 -5.105 6.919 -10

 4 15 -8.543 14.296 -10 -8.352 14.758 -10 6.43 8.635 -10 6.008 8.269 -10
 4 4 -8.352 14.758 -10 -7.969 15.682 -10 3.117 11.09 -10 2.735 10.166 -10
 4 15 -7.969 15.682 -10 -7.778 16.144 -10 6.773 10.117 -10 6.813 9.559 -10
 4 15 3.117 11.09 -10 2.735 10.166 -10 3.197 9.974 -10 3.579 10.898 -10
 4 4 3.579 10.898 -10 3.197 9.974 -10 4.12 9.592 -10 4.503 10.516 -10
 4 15 4.503 10.516 -10 4.12 9.592 -10 4.582 9.4 -10 4.965 10.324 -10
 4 4 4.965 10.324 -10 4.582 9.4 -10 5.044 9.209 -10 5.427 10.133 -10
 4 15 5.427 10.133 -10 5.044 9.209 -10 5.506 9.018 -10 5.889 9.942 -10
 4 4 5.889 9.942 -10 5.506 9.018 -10 6.43 8.635 -10 6.813 9.559 -10
 4 4 6.43 8.635 -10 6.78 6.867 -10 8.311 10.562 -10 6.813 9.559 -10
 4 4 6.78 6.867 -10 8.548 7.216 -10 9.314 9.064 -10 8.311 10.562 -10
 4 4 8.548 7.216 -10 10.588 6.913 -10 10.97 7.837 -10 9.314 9.064 -10
 3 4 10.588 6.913 -10 10.97 7.837 -10 11.241 7.184 -10
 4 15 6.43 8.635 -10 6.008 8.269 -10 6.127 6.596 -10 6.78 6.867 -10
 3 15 6.78 6.867 -10 6.127 6.596 -10 7.051 6.213 -10
 4 15 6.78 6.867 -10 7.051 6.213 -10 8.357 6.755 -10 8.548 7.216 -10
 4 15 8.548 7.216 -10 8.357 6.755 -10 10.396 6.451 -10 10.588 6.913 -10
 4 15 10.588 6.913 -10 10.396 6.451 -10 11.703 6.992 -10 11.241 7.184 -10
 4 15 11.241 7.184 -10 11.703 6.992 -10 11.162 8.299 -10 10.97 7.837 -10
 4 15 10.97 7.837 -10 11.162 8.299 -10 9.505 9.526 -10 9.314 9.064 -10
 4 15 9.314 9.064 -10 9.505 9.526 -10 8.964 10.833 -10 8.311 10.562 -10
 3 15 8.311 10.562 -10 8.964 10.833 -10 8.04 11.215 -10
 4 15 8.311 10.562 -10 8.04 11.215 -10 6.773 10.117 -10 6.813 9.559 -10

 4 4 -8.352 14.758 -10 -7.969 15.682 -10 -9.913 16.216 -10 -10.295 15.292 -10
 4 4 -10.295 15.292 -10 -9.913 16.216 -10 -12.239 15.827 -10 -12.43 15.365 -10
 4 4 -12.43 15.365 -10 -12.621 14.903 -10 -10.694 13.022 -10 -10.503 13.484 -10
 4 4 -10.503 13.484 -10 -10.694 13.022 -10 -9 12 -10 -8.901 12.5 -10
 3 15 -8.901 12.5 -10 -8.543 14.296 -10 -10.503 13.484 -10
 4 15 -10.503 13.484 -10 -8.543 14.296 -10 -8.352 14.758 -10 -10.295 15.292 -10
 3 15 -10.503 13.484 -10 -10.295 15.292 -10 -12.43 15.365 -10

 4 15 -7.969 15.682 -10 -7.778 16.144 -10 -9.721 16.678 -10 -9.913 16.216 -10
 4 15 -9.913 16.216 -10 -9.721 16.678 -10 -12.047 16.289 -10 -12.239 15.827 -10
 3 15 -12.047 16.289 -10 -12.892 15.556 -10 -12.813 14.441 -10
 4 15 -12.621 14.903 -10 -12.813 14.441 -10 -10.886 12.56 -10 -10.694 13.022 -10
 4 15 -10.694 13.022 -10 -10.886 12.56 -10 -8.882 11.41 -10 -9 12 -10

 4 16 -12.892 15.556 -10 -14.997 10.475 -10 -14.535 10.284 -10 -12.813 14.441 -10
 4 16 -12.813 14.441 -10 -14.535 10.284 -10 -12.225 9.327 -10 -10.886 12.56 -10
 4 16 -10.886 12.56 -10 -12.225 9.327 -10 -10.109 8.45 -10 -8.882 11.41 -10
 4 16 -8.882 11.41 -10 -10.109 8.45 -10 -9.216 8.08 -10 -8.544 9.704 -10
 4 16 -8.544 9.704 -10 -9.216 8.08 -10 -7.417 7.335 -10 -7.242 7.758 -10
 3 16 -7.242 7.758 -10 -7.417 7.335 -10 -5.296 6.457 -10
 3 16 -5.296 6.457 -10 -3.175 5.578 -10 -3 6 -10
 4 16 -3 6 -10 -3.175 5.578 -10 -1.376 4.833 -10 -0.704 6.456 -10
 4 16 -0.704 6.456 -10 -1.376 4.833 -10 -0.175 4.336 -10 1.242 7.758 -10
 4 16 1.242 7.758 -10 -0.175 4.336 -10 0.247 4.161 -10 2.543 9.704 -10
 4 16 2.543 9.704 -10 0.247 4.161 -10 5.242 6.421 -10 6.008 8.269 -10
 4 16 6.008 8.269 -10 5.242 6.421 -10 5.935 6.134 -10 6.127 6.596 -10
 4 16 6.127 6.596 -10 5.935 6.134 -10 6.859 5.751 -10 7.051 6.213 -10
 4 16 7.051 6.213 -10 6.859 5.751 -10 7.783 5.369 -10 8.357 6.755 -10
 4 16 8.357 6.755 -10 7.783 5.369 -10 9.631 4.603 -10 10.396 6.451 -10
 4 16 10.396 6.451 -10 9.631 4.603 -10 10.555 4.221 -10 11.703 6.992 -10

 4 16 11.703 6.992 -10 12.851 9.764 -10 11.927 10.147 -10 11.162 8.299 -10
 4 16 11.162 8.299 -10 11.927 10.147 -10 10.079 10.912 -10 9.505 9.526 -10
 4 16 9.505 9.526 -10 10.079 10.912 -10 9.155 11.295 -10 8.964 10.833 -10
 4 16 8.964 10.833 -10 9.155 11.295 -10 8.231 11.677 -10 8.04 11.215 -10
 4 16 8.04 11.215 -10 8.231 11.677 -10 7.539 11.964 -10 6.773 10.117 -10
 4 16 6.773 10.117 -10 7.539 11.964 -10 4.472 15.399 -10 2.941 11.704 -10
 4 16 2.941 11.704 -10 4.472 15.399 -10 4.417 15.422 -10 3 12 -10
 4 16 3 12 -10 4.417 15.422 -10 3.216 15.92 -10 2.544 14.296 -10
 4 16 2.544 14.296 -10 3.216 15.92 -10 1.417 16.665 -10 1.242 16.242 -10
 3 16 1.242 16.242 -10 1.417 16.665 -10 -0.704 17.543 -10
 3 16 -0.704 17.543 -10 -2.825 18.422 -10 -3 18 -10
 4 16 -3 18 -10 -2.825 18.422 -10 -4.624 19.167 -10 -5.296 17.544 -10
 4 16 -5.296 17.544 -10 -4.624 19.167 -10 -5.825 19.664 -10 -7.242 16.242 -10
 4 16 -7.242 16.242 -10 -5.825 19.664 -10 -5.879 19.687 -10 -7.41 15.992 -10
 3 16 -5.879 19.687 -10 -7.41 15.992 -10 -9.721 16.678 -10
 4 16 -9.721 16.678 -10 -5.879 19.687 -10 -11.935 17.866 -10 -12.047 16.289 -10
 3 16 -12.047 16.289 -10 -11.935 17.866 -10 -12.892 15.556 -10
 3 16 0.247 4.161 -10 5.242 6.421 -10 10.555 4.221 -10
 3 16 12.851 9.764 -10 7.539 11.964 -10 4.472 15.399 -10
0
