0 Minifig Torso with Imperial Guard Officer Pattern
0 Name: 973p37.DAT
0 Author: Chris Dee (chris_w_dee@hotmail.com)
0 Official LCAD Part - 2000-02 Update
 
4 15 12 0 10 -12 0 10 -14.345 2 10 14.345 2 10
4 15 14.345 2 10 -14.345 2 10 -19 29 10 19 29 10
4 15 19 29 10 -19 29 10 -19 32 10 19 32 10
1 15 0 0 0 1 0 0 0 1 0 0 0 1 s\973s01.dat
1 383 0 0 0 1 0 0 0 1 0 0 0 1 s\973p37a.dat
1 366 0 0 0 1 0 0 0 1 0 0 0 1 s\973p37b.dat


1 15 0 17 -10 1 0 0 0 0 1 0 1 0 4-4ndis.dat
1 15 0 22 -10 1 0 0 0 0 1 0 1 0 4-4ndis.dat
1 15 0 27 -10 1 0 0 0 0 1 0 1 0 4-4ndis.dat
4 15 -2.5 0 -10 2.5 0 -10 1 3 -10 -1 3 -10
4 15 -1 3 -10 1 3 -10 0.5 6 -10 -0.5 6 -10
4 15 -0.5 6 -10 0.5 6 -10 0.5 11 -10 -0.5 11 -10
2 15 0 6 -10 0 11 -10
4 15 -0.5 11 -10 0.5 11 -10 1 16 -10 -1 16 -10
4 15 -1 18 -10 1 18 -10 1 21 -10 -1 21 -10
4 15 -1 23 -10 1 23 -10 1 26 -10 -1 26 -10
4 15 -1 28 -10 1 28 -10 1 32 -10 -1 32 -10

1 15 8.5 8 -10 1 0 0 0 0 1 0 1 0 4-4ndis.dat
1 15 8.5 12 -10 1 0 0 0 0 1 0 1 0 4-4ndis.dat
1 15 9 16.5 -10 1 0 0 0 0 1 0 1 0 4-4ndis.dat
1 15 10.5 20.5 -10 1 0 0 0 0 1 0 1 0 4-4ndis.dat
4 0 5 0 -10 7.5 0 -10 5.5 2 -10 3.5 3 -10
4 0 2.5 0 -10 3.5 0 -10 2 3 -10 1 3 -10
2 0 3 0 -10 1.5 3 -10
4 0 1 3 -10 2 3 -10 1.5 6 -10 0.5 6 -10
2 0 1.5 3 -10 1 6 -10
4 0 0.5 6 -10 1.5 6 -10 1.5 11 -10 0.5 11 -10
2 0 1 6 -10 1 11 -10
4 0 0.5 11 -10 1.5 11 -10 2 15.5 -10 1 16 -10
2 0 1 11 -10 1.5 15.75 -10
4 0 1 16 -10 2 15.5 -10 5.5 24 -10 4.5 24.5 -10
2 0 1.5 15.75 -10 5 24.25 -10
4 0 4.5 24.5 -10 5.5 24 -10 10.5 32 -10 9.5 32 -10
2 0 5 24.25 -10 10 32 -10

3 15 1 16 -10 4.5 24.5 -10 1 24.5 -10
4 15 1 24.5 -10 4.5 24.5 -10 9.5 32 -10 1 32 -10
3 15 3.5 9 -10 9.5 5.5 -10 7.5 7 -10
3 15 7.5 7 -10 9.5 5.5 -10 9.5 7 -10
3 15 3.5 9 -10 7.5 7 -10 7.5 9 -10
4 15 3.5 9 -10 9.5 9 -10 9.5 11 -10 7.5 11 -10
4 15 3.5 9 -10 7.5 11 -10 7.5 13 -10 4 14 -10
3 15 4 14 -10 7.5 13 -10 8 15.5 -10
4 15 8 15.5 -10 7.5 13 -10 9.5 13 -10 10 15.5 -10
4 15 10 15.5 -10 9.5 13 -10 9.5 12 -10 11 17.5 -10
4 15 4 14 -10 8 15.5 -10 8 17.5 -10 5.5 18.5 -10
3 15 5.5 18.5 -10 8 17.5 -10 9.5 19.5 -10
4 15 9.5 19.5 -10 8 17.5 -10 10 17.5 -10 11.5 19.5 -10
4 15 10 17.5 -10 10 15.5 -10 11 17.5 -10 11.5 19.5 -10
3 15 11.5 19.5 -10 11 17.5 -10 12.5 21.5 -10
4 15 5.5 18.5 -10 9.5 19.5 -10 9.5 21.5 -10 8 24 -10
3 15 8 24 -10 9.5 21.5 -10 12.5 21.5 -10
3 15 12.5 21.5 -10 11.5 21.5 -10 11.5 19.5 -10

4 16 3.5 7 -10 3.5 5 -10 6.5 3.5 -10 7 5 -10
4 16 7 5 -10 6.5 3.5 -10 9 0 -10 10 2.5 -10
4 16 10 2.5 -10 9 0 -10 12 0 -10 12 2.5 -10
3 16 12 2.5 -10 12 0 -10 14.345 2 -10
4 16 12 2.5 -10 14.345 2 -10 16.069 12 -10 11.5 12 -10
4 16 11.5 12 -10 16.069 12 -10 16.931 17 -10 12.5 16.5 -10
4 16 12.5 16.5 -10 16.931 17 -10 17.966 23 -10 15 22.5 -10
4 16 15 22.5 -10 17.966 23 -10 19 29 -10 19 32 -10
4 16 15 22.5 -10 19 32 -10 12 32 -10 9 26 -10

1 15 -8.5 8 -10 1 0 0 0 0 1 0 1 0 4-4ndis.dat
1 15 -8.5 12 -10 1 0 0 0 0 1 0 1 0 4-4ndis.dat
1 15 -9 16.5 -10 1 0 0 0 0 1 0 1 0 4-4ndis.dat
1 15 -10.5 20.5 -10 1 0 0 0 0 1 0 1 0 4-4ndis.dat
4 0 -5 0 -10 -7.5 0 -10 -5.5 2 -10 -3.5 3 -10
4 0 -2.5 0 -10 -3.5 0 -10 -2 3 -10 -1 3 -10
2 0 -3 0 -10 -1.5 3 -10
4 0 -1 3 -10 -2 3 -10 -1.5 6 -10 -0.5 6 -10
2 0 -1.5 3 -10 -1 6 -10
4 0 -0.5 6 -10 -1.5 6 -10 -1.5 11 -10 -0.5 11 -10
2 0 -1 6 -10 -1 11 -10
4 0 -0.5 11 -10 -1.5 11 -10 -2 15.5 -10 -1 16 -10
2 0 -1 11 -10 -1.5 15.75 -10
4 0 -1 16 -10 -2 15.5 -10 -5.5 24 -10 -4.5 24.5 -10
2 0 -1.5 15.75 -10 -5 24.25 -10
4 0 -4.5 24.5 -10 -5.5 24 -10 -10.5 32 -10 -9.5 32 -10
2 0 -5 24.25 -10 -10 32 -10

3 15 -1 16 -10 -4.5 24.5 -10 -1 24.5 -10
4 15 -1 24.5 -10 -4.5 24.5 -10 -9.5 32 -10 -1 32 -10
3 15 -3.5 9 -10 -9.5 5.5 -10 -7.5 7 -10
3 15 -7.5 7 -10 -9.5 5.5 -10 -9.5 7 -10
3 15 -3.5 9 -10 -7.5 7 -10 -7.5 9 -10
4 15 -3.5 9 -10 -9.5 9 -10 -9.5 11 -10 -7.5 11 -10
4 15 -3.5 9 -10 -7.5 11 -10 -7.5 13 -10 -4 14 -10
3 15 -4 14 -10 -7.5 13 -10 -8 15.5 -10
4 15 -8 15.5 -10 -7.5 13 -10 -9.5 13 -10 -10 15.5 -10
4 15 -10 15.5 -10 -9.5 13 -10 -9.5 12 -10 -11 17.5 -10
4 15 -4 14 -10 -8 15.5 -10 -8 17.5 -10 -5.5 18.5 -10
3 15 -5.5 18.5 -10 -8 17.5 -10 -9.5 19.5 -10
4 15 -9.5 19.5 -10 -8 17.5 -10 -10 17.5 -10 -11.5 19.5 -10
4 15 -10 17.5 -10 -10 15.5 -10 -11 17.5 -10 -11.5 19.5 -10
3 15 -11.5 19.5 -10 -11 17.5 -10 -12.5 21.5 -10
4 15 -5.5 18.5 -10 -9.5 19.5 -10 -9.5 21.5 -10 -8 24 -10
3 15 -8 24 -10 -9.5 21.5 -10 -12.5 21.5 -10
3 15 -12.5 21.5 -10 -11.5 21.5 -10 -11.5 19.5 -10

4 16 -3.5 7 -10 -3.5 5 -10 -6.5 3.5 -10 -7 5 -10
4 16 -7 5 -10 -6.5 3.5 -10 -9 0 -10 -10 2.5 -10
4 16 -10 2.5 -10 -9 0 -10 -12 0 -10 -12 2.5 -10
3 16 -12 2.5 -10 -12 0 -10 -14.345 2 -10
4 16 -12 2.5 -10 -14.345 2 -10 -16.069 12 -10 -11.5 12 -10
4 16 -11.5 12 -10 -16.069 12 -10 -16.931 17 -10 -12.5 16.5 -10
4 16 -12.5 16.5 -10 -16.931 17 -10 -17.966 23 -10 -15 22.5 -10
4 16 -15 22.5 -10 -17.966 23 -10 -19 29 -10 -19 32 -10
4 16 -15 22.5 -10 -19 32 -10 -12 32 -10 -9 26 -10
0
