0 Minifig Torso with SW Blast Armor (Green Plates) Pattern
0 Name: 973psb.dat
0 Author: Franklin W. Cain (fwcain@yahoo.com), based on Matt Schild's original
0 LDRAW_ORG Part UPDATE 2002-04

0 CMDLINE -c7
0 KEYWORDS "Star Wars", "classic trilogy", "Boba Fett", "bounty hunter"
0 KEYWORDS "Mandalorian battle armor", Tatooine, Bespin, Cloud City, Sarlaac pit

 1 16 0 0 0 1 0 0 0 1 0 0 0 1 s\973s01.dat
 1 16 0 0 0 1 0 0 0 1 0 0 0 1 s\973psb1.dat
 1  2 0 0 0 1 0 0 0 1 0 0 0 1 s\973psb2.dat
0
 1 0 0 -4 0 4.243 0 -4.243 0 -8 0 -4.243 0 -4.243 1-4cyli.dat
0
 4 16 -12 0 10 12 0 10 14.345 2 10 -14.345 2 10
 4 16 -19 29 10 19 29 10 14.345 2 10 -14.345 2 10
 4 16 -19 29 10 19 29 10 19 32 10 -19 32 10
0
0 COMMENT Co-ordinates of subfile's gap in minifig's right breastplate: 
0 COMMENT (-2,6.5,-10), (-2,16.5,-10), (-13.25,6.5,-10), (-13.25,16.5,-10)
0
 4 2 -2 6.5 -10 -2 7 -10 -13.25 7 -10 -13.25 6.5 -10
 4 2 -2 14.5 -10 -2 16.5 -10 -13.25 16.5 -10 -13.25 14.5 -10
 4 2 -2 7 -10 -2 14.5 -10 -5.5 14.5 -10 -5.5 7 -10
 4 2 -13 7 -10 -13 14.5 -10 -13.25 14.5 -10 -13.25 7 -10
 3 2 -5.5 7 -10 -5.5 8.5 -10 -7 7 -10
 3 2 -11.5 14.5 -10 -13 13 -10 -13 14.5 -10
 3 2 -7 7 -10 -9.5 7 -10 -8.25 8.25 -10
 3 2 -13 10.5 -10 -11.75 11.75 -10 -13 13 -10
 3 2 -5.5 8.5 -10 -6.75 9.75 -10 -5.5 11 -10
 3 2 -10.25 13.25 -10 -9 14.5 -10 -11.5 14.5 -10
 3 2 -9.5 7 -10 -13 7 -10 -13 10.5 -10
 3 2 -5.5 11 -10 -5.5 14.5 -10 -9 14.5 -10
 4 2 -7 7.5 -10 -12.5 13 -10 -11.5 14 -10 -6 8.5 -10
0
 1 2 -9.875 9.875 -10 1.625 0 -1.25 -1.625 0 -1.25 0 1 0 1-4ndis.dat
 1 2 -10.125 10.125 -10 -1.625 0 -1.25 1.625 0 -1.25 0 1 0 1-4ndis.dat
 1 2 -8.625 11.625 -10 -1.625 0 1.25 1.625 0 1.25 0 1 0 1-4ndis.dat
 1 2 -8.375 11.375 -10 1.625 0 1.25 -1.625 0 1.25 0 1 0 1-4ndis.dat
0
 4 16 -8.625 8.625 -10 -8.375 8.875 -10 -11.125 11.625 -10 -11.375 11.375 -10
 4 16 -7.125 10.125 -10 -7.375 9.875 -10 -10.125 12.625 -10 -9.875 12.875 -10
 4 16 -9.875 9.875 -10 -10.125 10.125 -10 -11 9.25 -10 -10.75 9 -10
 4 16 -8.625 11.625 -10 -8.375 11.375 -10 -7.5 12.25 -10 -7.75 12.5 -10
0
 1 16 -9.875 9.875 -10 1.25 0 -0.875 -1.25 0 -0.875 0 1 0 1-4disc.dat
 1 16 -10.125 10.125 -10 -1.25 0 -0.875 1.25 0 -0.875 0 1 0 1-4disc.dat
 1 16 -8.625 11.625 -10 -1.25 0 0.875 1.25 0 0.875 0 1 0 1-4disc.dat
 1 16 -8.375 11.375 -10 1.25 0 0.875 -1.25 0 0.875 0 1 0 1-4disc.dat
0
 4 0 -7 7 -10 -7 7.5 -10 -6 8.5 -10 -5.5 8.5 -10
 4 0 -13 13 -10 -12.5 13 -10 -11.5 14 -10 -11.5 14.5 -10
 2 0 -7 7.25 -10 -5.75 8.5 -10
 2 0 -12.75 13 -10 -11.5 14.25 -10
 4 0 -7 7 -10 -7 7.5 -10 -8.375 8.875 -10 -8.625 8.625 -10
 4 0 -11.375 11.375 -10 -11.125 11.625 -10 -12.5 13 -10 -13 13 -10
 4 0 -5.5 8.5 -10 -6 8.5 -10 -7.375 9.875 -10 -7.125 10.125 -10
 4 0 -9.875 12.875 -10 -10.125 12.625 -10 -11.5 14 -10 -11.5 14.5 -10
 2 0 -7 7.25 -10 -8.312 8.562 -10
 2 0 -8.312 8.562 -10 -8.438 8.438 -10
 2 0 -12.75 13 -10 -11.438 11.688 -10
 2 0 -11.438 11.688 -10 -11.562 11.562 -10
 2 0 -5.75 8.5 -10 -7.062 9.812 -10
 2 0 -7.062 9.812 -10 -6.938 9.938 -10
 2 0 -11.5 14.25 -10 -10.188 12.938 -10
 2 0 -10.188 12.938 -10 -10.062 13.062 -10
 4 0 -10.75 9 -10 -11 9.25 -10 -11.375 8.875 -10 -11.125 8.625 -10
 4 0 -7.75 12.5 -10 -7.5 12.25 -10 -7.125 12.625 -10 -7.375 12.875 -10
 2 0 -10.938 8.812 -10 -11.188 9.062 -10
 2 0 -7.562 12.688 -10 -7.312 12.438 -10
 4 0 -8.625 8.625 -10 -8.25 8.25 -10 -8.852 7.895 -10 -9.055 8.385 -10
 4 0 -11.375 11.375 -10 -11.75 11.75 -10 -12.105 11.148 -10 -11.615 10.945 -10
 4 0 -9.875 12.875 -10 -10.25 13.25 -10 -9.648 13.605 -10 -9.445 13.115 -10
 4 0 -7.125 10.125 -10 -6.75 9.75 -10 -6.395 10.352 -10 -6.885 10.555 -10
 2 0 -8.438 8.438 -10 -8.954 8.140 -10
 2 0 -11.562 11.562 -10 -11.860 11.046 -10
 2 0 -10.062 13.062 -10 -9.546 13.360 -10
 2 0 -6.938 9.938 -10 -6.640 10.454 -10
 4 0 -9.055 8.385 -10 -8.852 7.895 -10 -9.610 7.842 -10 -9.609 8.373 -10
 4 0 -11.615 10.945 -10 -12.105 11.148 -10 -12.158 10.390 -10 -11.627 10.391 -10
 4 0 -9.445 13.115 -10 -9.648 13.605 -10 -8.890 13.658 -10 -8.891 13.127 -10
 4 0 -6.885 10.555 -10 -6.395 10.352 -10 -6.342 11.110 -10 -6.872 11.109 -10
 2 0 -8.954 8.140 -10 -9.609 8.108 -10
 2 0 -11.860 11.046 -10 -11.892 10.391 -10
 2 0 -9.546 13.360 -10 -8.891 13.392 -10
 2 0 -6.640 10.454 -10 -6.608 11.109 -10
 4 0 -9.609 8.373 -10 -9.610 7.842 -10 -10.408 8.098 -10 -10.205 8.588 -10
 4 0 -11.627 10.391 -10 -12.158 10.390 -10 -11.902 9.592 -10 -11.412 9.795 -10
 4 0 -8.891 13.127 -10 -8.890 13.658 -10 -8.092 13.402 -10 -8.295 12.912 -10
 4 0 -6.872 11.109 -10 -6.342 11.110 -10 -6.598 11.908 -10 -7.088 11.705 -10
 2 0 -9.609 8.108 -10 -10.307 8.343 -10
 2 0 -11.892 10.391 -10 -11.657 9.693 -10
 2 0 -8.891 13.392 -10 -8.193 13.157 -10
 2 0 -6.608 11.109 -10 -6.843 11.807 -10
 4 0 -10.205 8.588 -10 -10.408 8.098 -10 -11.125 8.625 -10 -10.750 9 -10
 4 0 -11.412 9.795 -10 -11.902 9.592 -10 -11.375 8.875 -10 -11 9.250 -10
 4 0 -8.295 12.912 -10 -8.092 13.402 -10 -7.375 12.875 -10 -7.750 12.500 -10
 4 0 -7.088 11.705 -10 -6.598 11.908 -10 -7.125 12.625 -10 -7.500 12.250 -10
 2 0 -10.307 8.343 -10 -10.938 8.812 -10
 2 0 -11.657 9.693 -10 -11.188 9.062 -10
 2 0 -8.193 13.157 -10 -7.562 12.688 -10
 2 0 -6.843 11.807 -10 -7.312 12.438 -10
0
0 COMMENT Co-ordinates of subfile's gap in minifig's left breastplate: 
0 COMMENT (2,6.5,-10), (2,16.5,-10), (13.25,6.5,-10), (13.25,16.5,-10)
0
 4 4 5.75 8.75 -10 5.75 10.25 -10 9.5 10.25 -10 9.5 8.75 -10
0
 4 0 5.5 8.5 -10 5.75 8.75 -10 9.5 8.75 -10 9.75 8.5 -10
 2 0 5.625 8.625 -10 9.625 8.625 -10
 4 0 5.5 10.5 -10 5.75 10.25 -10 9.5 10.25 -10 9.75 10.5 -10
 2 0 5.625 10.375 -10 9.625 10.375 -10
 4 0 5.5 8.5 -10 5.75 8.75 -10 5.75 10.25 -10 5.5 10.5 -10
 2 0 5.625 8.625 -10 5.625 10.375 -10
 4 0 9.75 8.5 -10 9.5 8.75 -10 9.5 10.25 -10 9.75 10.5 -10
 2 0 9.625 8.625 -10 9.625 10.375 -10
0
 4 2 2 6.5 -10 5.5 8.5 -10 9.75 8.5 -10 13.25 6.5 -10
 4 2 2 16.5 -10 5.5 10.5 -10 9.75 10.5 -10 13.25 16.5 -10
 4 2 2 6.5 -10 2 16.5 -10 5.5 10.5 -10 5.5 8.5 -10
 4 2 13.25 6.5 -10 13.25 16.5 -10 9.75 10.5 -10 9.75 8.5 -10
0
0 COMMENT end of file
