0 ~Roadsign Round without Front Face
0 Name: s\14s01.dat
0 Author: Manfred Moolhuysen
0 LDRAW_ORG Subpart UPDATE 2005-01

0 BFC CERTIFY CW

0 // ????-??-??  MM       Acknowledgements to James Jessiman, the original designer of 14.dat
0 // 2003-08-01  Steffen  BFCed, made use of subfile
0 // 2004-10-16  CWD      Inserted wedges between post top and cylinder

1 16 0 -88 2 -14.1421 0 -14.1421 14.1421 0 -14.1421 0 20 0 3-4edge.dat
1 16 0 -88 -2 -14.1421 0 -14.1421 14.1421 0 -14.1421 0 20 0 3-4edge.dat
2 24 14.142 -73.858 2 7.654 -69.522 2
2 24 7.654 -69.522 2 4 -68.795 2
2 24 -7.654 -69.522 2 -4 -68.795 2
2 24 -14.142 -73.858 2 -7.654 -69.522 2
2 24 14.142 -73.858 -2 7.654 -69.522 -2
2 24 7.654 -69.522 -2 4 -68.795 -2
2 24 -7.654 -69.522 -2 -4 -68.795 -2
2 24 -14.142 -73.858 -2 -7.654 -69.522 -2

1 16 0 -88 2 -20 0 0 0 0 20 0 -20 0 4-4disc.dat
1 16 0 -88 -2 20 0 0 0 0 20 0 4 0 4-4cyli.dat
1 16 0 0 0 1 0 0 0 1 0 0 0 1 s\647s00.dat

2 24 4 -68 -2 4 -68.795 -2
2 24 4 -68 2 4 -68.795 2
2 24 4 -68.795 2 4 -68.795 -2
3 16 4 -68.795 -2 4 -68 -2 0 -68 -2
3 16 0 -68 2 4 -68 2 4 -68.795 2
4 16 4 -68 -2 4 -68.795 -2 4 -68.795 2 4 -68 2

2 24 -4 -68 -2 -4 -68.795 -2
2 24 -4 -68 2 -4 -68.795 2
2 24 -4 -68.795 2 -4 -68.795 -2
3 16 0 -68 -2 -4 -68 -2 -4 -68.795 -2
3 16 -4 -68.795 2 -4 -68 2 0 -68 2
4 16 -4 -68.795 2 -4 -68.795 -2 -4 -68 -2 -4 -68 2

0
