0 ~Flag  2 x  2 without Main Faces
0 Name: s\2335s01.dat
0 Author: James Jessiman
0 LDRAW_ORG Subpart UPDATE 2003-03

0 BFC CERTIFY CW

0 // ????-??-?? CWD Modified
0 // 2003-06-06 BB  Made BFC certification and improved clips

0 Flag Frame


2 24 -2 0 10 -2 40 10
2 24 -2 0 50 -2 0 10
2 24 -2 0 50 -2 40 50
2 24 -2 32 10 2 32 10
2 24 -2 40 50 -2 40 10
2 24 2 0 10 2 40 10
2 24 2 0 50 -2 0 50
2 24 2 0 50 2 0 10
2 24 2 0 50 2 40 50
2 24 2 40 50 -2 40 50
2 24 2 40 50 2 40 10
4 16 2 0 50 2 0 10 -2 0 10 -2 0 50
4 16 2 32 10 -2 32 10 -2 8 10 2 8 10
4 16 2 40 50 -2 40 50 -2 40 10 2 40 10
4 16 2 40 50 2 0 50 -2 0 50 -2 40 50

0 Upper Clip
1 16 0 0 0 4 0 0 0 1 0 0 0 4 2-4edge.dat
1 16 0 8 0 4 0 0 0 1 0 0 0 4 2-4edge.dat
0 BFC CERTIFY INVERTNEXT
1 16 0 0 0 4 0 0 0 8 0 0 0 4 2-4cyli.dat

2 24 -2 0 10 -5.52 0 2.28
2 24 -2 8 10 -5.52 8 2.28
2 24 -2 8 10 2 8 10
2 24 -4 0 -4 -4 0 0
2 24 -4 8 -4 -4 0 -4
2 24 -4 8 -4 -4 8 0
2 24 -5.52 0 2.28 -6 0 0
2 24 -5.52 8 2.28 -6 8 0
2 24 -6 0 -4 -4 0 -4
2 24 -6 0 0 -6 0 -4
2 24 -6 8 -4 -4 8 -4
2 24 -6 8 -4 -6 0 -4
2 24 -6 8 0 -6 8 -4
2 24 4 0 -4 6 0 -4
2 24 4 0 0 4 0 -4
2 24 4 8 -4 4 0 -4
2 24 4 8 -4 6 8 -4
2 24 4 8 0 4 8 -4
2 24 5.52 0 2.28 2 0 10
2 24 5.52 8 2.28 2 8 10
2 24 6 0 -4 6 0 0
2 24 6 0 0 5.52 0 2.28
2 24 6 8 -4 6 0 -4
2 24 6 8 -4 6 8 0
2 24 6 8 0 5.52 8 2.28

3 16 -2 0 10 -1.5308 0 3.6956 -2.8284 0 2.8284
3 16 -2.8284 8 2.8284 -1.5308 8 3.6956 -2 8 10
3 16 2 8 10 1.5308 8 3.6956 2.8284 8 2.8284
3 16 2.8284 0 2.8284 1.5308 0 3.6956 2 0 10

4 16 -1.5308 0 3.6956 -2 0 10 0 0 10 0 0 4
4 16 -1.5308 8 3.6956 0 8 4 0 8 10 -2 8 10
4 16 -2 8 10 -2 0 10 -5.52 0 2.28 -5.52 8 2.28
4 16 -3.6956 0 1.5308 -5.52 0 2.28 -2 0 10 -2.8284 0 2.8284
4 16 -3.6956 8 1.5308 -2.8284 8 2.8284 -2 8 10 -5.52 8 2.28
4 16 -4 0 0 -6 0 0 -5.52 0 2.28 -3.6956 0 1.5308
4 16 -4 8 0 -3.6956 8 1.5308 -5.52 8 2.28 -6 8 0
4 16 -4 8 0 -4 8 -4 -4 0 -4 -4 0 0
4 16 -6 0 0 -4 0 0 -4 0 -4 -6 0 -4
4 16 -6 8 -4 -6 0 -4 -4 0 -4 -4 8 -4
4 16 -6 8 0 -5.52 8 2.28 -5.52 0 2.28 -6 0 0
4 16 -6 8 0 -6 0 0 -6 0 -4 -6 8 -4
4 16 -6 8 0 -6 8 -4 -4 8 -4 -4 8 0
4 16 1.5308 0 3.6956 0 0 4 0 0 10 2 0 10
4 16 1.5308 8 3.6956 2 8 10 0 8 10 0 8 4
4 16 2 8 10 5.52 8 2.28 5.52 0 2.28 2 0 10
4 16 3.6956 0 1.5308 2.8284 0 2.8284 2 0 10 5.52 0 2.28
4 16 3.6956 8 1.5308 5.52 8 2.28 2 8 10 2.8284 8 2.8284
4 16 4 0 0 3.6956 0 1.5308 5.52 0 2.28 6 0 0
4 16 4 8 0 4 0 0 4 0 -4 4 8 -4
4 16 4 8 0 6 8 0 5.52 8 2.28 3.6956 8 1.5308
4 16 6 0 0 6 0 -4 4 0 -4 4 0 0
4 16 6 8 -4 4 8 -4 4 0 -4 6 0 -4
4 16 6 8 0 4 8 0 4 8 -4 6 8 -4
4 16 6 8 0 6 0 0 5.52 0 2.28 5.52 8 2.28
4 16 6 8 0 6 8 -4 6 0 -4 6 0 0

5 24 -5.52 8 2.28 -5.52 0 2.28 -2 8 10 -6 8 0
5 24 -6 8 0 -6 0 0 -5.52 8 2.28 -6 8 -4
5 24 5.52 8 2.28 5.52 0 2.28 2 8 10 6 8 0
5 24 6 8 0 6 0 0 5.52 8 2.28 6 8 -4

0 Lower Clip
1 16 0 32 0 4 0 0 0 1 0 0 0 4 2-4edge.dat
1 16 0 40 0 4 0 0 0 1 0 0 0 4 2-4edge.dat
0 BFC CERTIFY INVERTNEXT
1 16 0 32 0 4 0 0 0 8 0 0 0 4 2-4cyli.dat

2 24 -2 32 10 -5.52 32 2.28
2 24 -2 40 10 -5.52 40 2.28
2 24 -2 40 10 2 40 10
2 24 -4 32 -4 -4 32 0
2 24 -4 40 -4 -4 32 -4
2 24 -4 40 -4 -4 40 0
2 24 -5.52 32 2.28 -6 32 0
2 24 -5.52 40 2.28 -6 40 0
2 24 -6 32 -4 -4 32 -4
2 24 -6 32 0 -6 32 -4
2 24 -6 40 -4 -4 40 -4
2 24 -6 40 -4 -6 32 -4
2 24 -6 40 0 -6 40 -4
2 24 4 32 -4 6 32 -4
2 24 4 32 0 4 32 -4
2 24 4 40 -4 4 32 -4
2 24 4 40 -4 6 40 -4
2 24 4 40 0 4 40 -4
2 24 5.52 32 2.28 2 32 10
2 24 5.52 40 2.28 2 40 10
2 24 6 32 -4 6 32 0
2 24 6 32 0 5.52 32 2.28
2 24 6 40 -4 6 32 -4
2 24 6 40 -4 6 40 0
2 24 6 40 0 5.52 40 2.28

3 16 -2 32 10 -1.5308 32 3.6956 -2.8284 32 2.8284
3 16 -2.8284 40 2.8284 -1.5308 40 3.6956 -2 40 10
3 16 2 40 10 1.5308 40 3.6956 2.8284 40 2.8284
3 16 2.8284 32 2.8284 1.5308 32 3.6956 2 32 10

4 16 -1.5308 32 3.6956 -2 32 10 0 32 10 0 32 4
4 16 -1.5308 40 3.6956 0 40 4 0 40 10 -2 40 10
4 16 -2 40 10 -2 32 10 -5.52 32 2.28 -5.52 40 2.28
4 16 -3.6956 32 1.5308 -5.52 32 2.28 -2 32 10 -2.8284 32 2.8284
4 16 -3.6956 40 1.5308 -2.8284 40 2.8284 -2 40 10 -5.52 40 2.28
4 16 -4 32 0 -6 32 0 -5.52 32 2.28 -3.6956 32 1.5308
4 16 -4 40 0 -3.6956 40 1.5308 -5.52 40 2.28 -6 40 0
4 16 -4 40 0 -4 40 -4 -4 32 -4 -4 32 0
4 16 -6 32 0 -4 32 0 -4 32 -4 -6 32 -4
4 16 -6 40 -4 -6 32 -4 -4 32 -4 -4 40 -4
4 16 -6 40 0 -5.52 40 2.28 -5.52 32 2.28 -6 32 0
4 16 -6 40 0 -6 32 0 -6 32 -4 -6 40 -4
4 16 -6 40 0 -6 40 -4 -4 40 -4 -4 40 0
4 16 1.5308 32 3.6956 0 32 4 0 32 10 2 32 10
4 16 1.5308 40 3.6956 2 40 10 0 40 10 0 40 4
4 16 2 40 10 5.52 40 2.28 5.52 32 2.28 2 32 10
4 16 3.6956 32 1.5308 2.8284 32 2.8284 2 32 10 5.52 32 2.28
4 16 3.6956 40 1.5308 5.52 40 2.28 2 40 10 2.8284 40 2.8284
4 16 4 32 0 3.6956 32 1.5308 5.52 32 2.28 6 32 0
4 16 4 40 0 4 32 0 4 32 -4 4 40 -4
4 16 4 40 0 6 40 0 5.52 40 2.28 3.6956 40 1.5308
4 16 6 32 0 6 32 -4 4 32 -4 4 32 0
4 16 6 40 -4 4 40 -4 4 32 -4 6 32 -4
4 16 6 40 0 4 40 0 4 40 -4 6 40 -4
4 16 6 40 0 6 32 0 5.52 32 2.28 5.52 40 2.28
4 16 6 40 0 6 40 -4 6 32 -4 6 32 0

5 24 -5.52 40 2.28 -5.52 32 2.28 -2 40 10 -6 40 0
5 24 -6 40 0 -6 32 0 -5.52 40 2.28 -6 40 -4
5 24 5.52 40 2.28 5.52 32 2.28 2 40 10 6 40 0
5 24 6 40 0 6 32 0 5.52 40 2.28 6 40 -4
0
