0 ~2421 Blade
0 Name: s\2421a.dat
0 Author: Lutz Uhlmann
0 LDRAW_ORG Subpart UPDATE 2001-02

0 20010514 SEB Moved to \s\

 1 16 0 -2 34 6 0 0 0 4 0 0 0 6 2-4cyli.dat
 1 16 0 2 34 6 0 0 0 1 0 0 0 6 2-4edge.dat
 1 16 0 -2 34 6 0 0 0 1 0 0 0 6 2-4edge.dat
 1 16 0 2 34 6 0 0 0 1 0 0 0 6 2-4disc.dat
 1 16 0 -2 34 6 0 0 0 1 0 0 0 6 2-4disc.dat
 2 24 6 -2 34 6 -2 4
 2 24 -6 -2 34 -6 -2 4
 2 24 6 2 34 6 2 4
 2 24 -6 2 34 -6 2 4
 4 16 6 2 34 6 2 4 -6 2 4 -6 2 34
 4 16 6 -2 34 6 -2 4 -6 -2 4 -6 -2 34
 4 16 6 2 34 6 2 4 6 -2 4 6 -2 34
 4 16 -6 2 34 -6 2 4 -6 -2 4 -6 -2 34
0

