0 Train Track  9V Metal Rail Interlocking End
0 Name: s\2865s06.dat
0 Author: Soete Ludo
0 LDRAW_ORG Subpart UPDATE 2002-05

0 Comment: Interlocking Track End Rail


 4 16 10 -11 53.75 -7.50 -11 53.75 -7.50 -16 53.75 10 -16 53.75 
 4 16 10 -16 53.75 10 -16 50.25 -7.50 -16 50.25 -7.50 -16 53.75 
 4 16 10 -16 50.25 -7.50 -16 50.25 -7.50 -8.50 50.25 10 -8.50 50.25 
 2 24 10 -16 50.25 -7.50 -16 50.25 
 2 24 -7.50 -16 53.75 10 -16 53.75 
 2 24 -7.50 -16 50.25 -7.50 -16 53.75 
 2 7 -7.50 -16 50.25 -3.50 -8.50 50.25 
 2 7 10 -16 50.25 6 -8.50 50.25 
 1 7 2.50 -10 50.25 0 0 -0.75 -0.75 0 0 0 1 0 4-4edge.dat
0
