0 Train Track  9V Straight Metal Rails
0 Name: s\2865s05.dat
0 Author: Soete Ludo
0 LDRAW_ORG Subpart UPDATE 2002-05


 1 16 -126.50 -11 -52.50 5 0 0 0 1 0 0 0 1.25 rect.dat
 1 16 -126.50 -11 -48 5 0 0 0 1 0 0 0 1.25 rect.dat
0
 1 16 -40 -11 -52.50 5 0 0 0 1 0 0 0 1.25 rect.dat
 1 16 -40 -11 -48 5 0 0 0 1 0 0 0 1.25 rect.dat
0
 1 16 40 -11 -52.50 5 0 0 0 1 0 0 0 1.25 rect.dat
 1 16 40 -11 -48 5 0 0 0 1 0 0 0 1.25 rect.dat
0
 1 16 126.50 -11 -52.50 5 0 0 0 1 0 0 0 1.25 rect.dat
 1 16 126.50 -11 -48 5 0 0 0 1 0 0 0 1.25 rect.dat
0
 1 16 -126.50 -11 48 5 0 0 0 1 0 0 0 1.25 rect.dat
 1 16 -126.50 -11 52.50 5 0 0 0 1 0 0 0 1.25 rect.dat
0
 1 16 -40 -11 48 5 0 0 0 1 0 0 0 1.25 rect.dat
 1 16 -40 -11 52.50 5 0 0 0 1 0 0 0 1.25 rect.dat
0
 1 16 40 -11 48 5 0 0 0 1 0 0 0 1.25 rect.dat
 1 16 40 -11 52.50 5 0 0 0 1 0 0 0 1.25 rect.dat
0
 1 16 126.50 -11 48 5 0 0 0 1 0 0 0 1.25 rect.dat
 1 16 126.50 -11 52.50 5 0 0 0 1 0 0 0 1.25 rect.dat
0
0 Comment: metal rail (Left)
 1 16 0 -11 50.25 146.50 0 0 0 -5 0 0 0 -3.50 box3#8p.dat
 4 16 -150 -16 50.25 -146.50 -16 50.25 -146.50 -16 53.75 -150 -16 53.75 
 4 16 -150 -11 53.75 -146.50 -11 53.75 -146.50 -16 53.75 -150 -16 53.75 
 2 24 -150 -16 53.75 -146.50 -16 53.75 
 2 24 -150 -11 53.75 -146.50 -11 53.75 
 4 16 150 -16 46.75 146.50 -16 46.75 146.50 -16 50.25 150 -16 50.25 
 4 16 150 -11 46.75 146.50 -11 46.75 146.50 -16 46.75 150 -16 46.75 
 2 24 150 -16 46.75 146.50 -16 46.75 
 2 24 150 -11 46.75 146.50 -11 46.75 
0 Comment: metal rail (right)
 1 16 0 -11 -50.25 146.50 0 0 0 -5 0 0 0 -3.50 box3#8p.dat
 4 16 -150 -16 -46.75 -146.50 -16 -46.75 -146.50 -16 -50.25 -150 -16 -50.25 
 4 16 -150 -11 -46.75 -146.50 -11 -46.75 -146.50 -16 -46.75 -150 -16 -46.75 
 2 24 -150 -16 -46.75 -146.50 -16 -46.75 
 2 24 -150 -11 -46.75 -146.50 -11 -46.75 
 4 16 150 -16 -53.75 146.50 -16 -53.75 146.50 -16 -50.25 150 -16 -50.25 
 4 16 150 -11 -53.75 146.50 -11 -53.75 146.50 -16 -53.75 150 -16 -53.75 
 2 24 150 -16 -53.75 146.50 -16 -53.75 
 2 24 150 -11 -53.75 146.50 -11 -53.75 
0
