0 ~Wheel 30.4 x 14 VR Segment
0 Name: 2994s01.dat
0 Author: William J. Wood
0 Created: 2001/11/24
0 LDRAW_ORG Subpart UPDATE 2001-03
0 Created with stl2dat conversion tool
1 16 0 -15 0 0 0 -4 -4 0 0 0 5 0 4-4cyli.dat
1 16 0 -15 0 0 0 -4 -4 0 0 0 1 0 4-4edge.dat
1 16 0 -15 5 0 0 -4 -4 0 0 0 1 0 4-4edge.dat
3 16 -4.747 -11.25 2 -5.435 -10.93 2 -5.671 -12.83 2
2 24 -5.435 -10.93 2 -4.747 -11.25 2
2 24 -4.747 -11.25 2 -5.671 -12.83 2
3 16 -5.671 -12.83 2 -5.435 -10.93 2 -6.103 -10.57 2
2 24 -6.103 -10.57 2 -5.435 -10.93 2
4 16 -5.671 -12.83 2 -6.103 -10.57 2 -9.434 -16.34 2 -6.075 -14.61 2
2 24 -5.671 -12.83 2 -6.075 -14.61 2
4 16 -6.075 -14.61 2 -9.434 -16.34 2 -7.385 -17.36 2 -5.922 -16.44 2
2 24 -7.385 -17.36 2 -9.434 -16.34 2
2 24 -6.075 -14.61 2 -5.922 -16.44 2
3 16 -5.922 -16.44 2 -7.385 -17.36 2 -5.227 -18.13 2
2 24 -5.227 -18.13 2 -7.385 -17.36 2
2 24 -5.922 -16.44 2 -5.227 -18.13 2
4 16 9.434 -16.34 2 5.594 -12.86 2 5.982 -14.65 2 7.338 -17.38 2
2 24 5.982 -14.65 2 5.594 -12.86 2
2 24 9.434 -16.34 2 7.338 -17.38 2
3 16 7.338 -17.38 2 5.982 -14.65 2 5.822 -16.47 2
2 24 5.822 -16.47 2 5.982 -14.65 2
4 16 9.434 -16.34 2 6.103 -10.57 2 5.409 -10.94 2 5.594 -12.86 2
2 24 5.409 -10.94 2 6.103 -10.57 2
3 16 5.594 -12.86 2 5.409 -10.94 2 4.693 -11.27 2
2 24 4.693 -11.27 2 5.409 -10.94 2
2 24 5.594 -12.86 2 4.693 -11.27 2
3 16 5.822 -16.47 2 5.128 -18.16 2 7.338 -17.38 2
2 24 5.128 -18.16 2 5.822 -16.47 2
2 24 7.338 -17.38 2 5.128 -18.16 2
3 16 3.536 -18.54 -7.739 3.536 -18.54 0 4.07 -17.74 -6.393
2 24 3.536 -18.54 -7.739 4.07 -17.74 -6.393
4 16 4.07 -17.74 -6.393 3.536 -18.54 0 4.619 -16.91 0 4.534 -17.04 -5.272
2 24 4.619 -16.91 0 3.536 -18.54 0
2 24 4.07 -17.74 -6.393 4.534 -17.04 -5.272
3 16 4.534 -17.04 -5.272 4.619 -16.91 0 4.619 -16.91 -5.066
2 24 4.534 -17.04 -5.272 4.619 -16.91 -5.066
3 16 4.619 -16.91 -5.066 4.619 -16.91 0 4.809 -15.96 -3.341
2 24 4.619 -16.91 -5.066 4.809 -15.96 -3.341
4 16 4.809 -15.96 -3.341 4.619 -16.91 0 5 -15 0 5 -15 -1.623
2 24 5 -15 0 4.619 -16.91 0
2 24 4.809 -15.96 -3.341 5 -15 -1.623
3 16 5 -15 -1.623 5 -15 0 4.92 -14.6 -0.8114
2 24 5 -15 -1.623 4.92 -14.6 -0.8114
3 16 4.92 -14.6 -0.8114 5 -15 0 4.84 -14.2 0
2 24 4.84 -14.2 0 5 -15 0
2 24 4.92 -14.6 -0.8114 4.84 -14.2 0
3 16 -4.84 -14.2 0 -5 -15 0 -4.92 -14.6 -0.8114
2 24 -5 -15 0 -4.84 -14.2 0
2 24 -4.84 -14.2 0 -4.92 -14.6 -0.8114
3 16 -4.92 -14.6 -0.8114 -5 -15 0 -5 -15 -1.623
2 24 -4.92 -14.6 -0.8114 -5 -15 -1.623
3 16 -5 -15 -1.623 -5 -15 0 -4.809 -15.96 -3.341
2 24 -5 -15 -1.623 -4.809 -15.96 -3.341
4 16 -4.809 -15.96 -3.341 -5 -15 0 -4.619 -16.91 0 -4.619 -16.91 -5.066
2 24 -4.619 -16.91 0 -5 -15 0
2 24 -4.809 -15.96 -3.341 -4.619 -16.91 -5.066
4 16 -3.536 -18.54 0 -3.536 -18.54 -7.739 -4.07 -17.74 -6.393 -4.619 -16.91 0
2 24 -4.07 -17.74 -6.393 -3.536 -18.54 -7.739
2 24 -3.536 -18.54 0 -4.619 -16.91 0
3 16 -4.619 -16.91 0 -4.07 -17.74 -6.393 -4.534 -17.04 -5.272
2 24 -4.534 -17.04 -5.272 -4.07 -17.74 -6.393
3 16 -4.619 -16.91 0 -4.534 -17.04 -5.272 -4.619 -16.91 -5.066
2 24 -4.619 -16.91 -5.066 -4.534 -17.04 -5.272
3 16 -3.536 -18.54 -7.739 -3.536 -18.54 0 -2.708 -19.09 -8.559
2 24 -3.536 -18.54 -7.739 -2.708 -19.09 -8.559
4 16 -2.708 -19.09 -8.559 -3.536 -18.54 0 -1.913 -19.62 0 -1.913 -19.62 -9.425
2 24 -1.913 -19.62 0 -3.536 -18.54 0
2 24 -2.708 -19.09 -8.559 -1.913 -19.62 -9.425
3 16 -1.913 -19.62 -9.425 -1.913 -19.62 0 -0.9442 -19.81 -9.669
2 24 -1.913 -19.62 -9.425 -0.9442 -19.81 -9.669
2 24 1.913 -19.62 -9.425 0.9442 -19.81 -9.669
4 16 -0.9442 -19.81 -9.669 -1.913 -19.62 0 0 -20 0 0 -20 -10
2 24 0 -20 0 -1.913 -19.62 0
2 24 -0.9442 -19.81 -9.669 0 -20 -10
2 24 0.9442 -19.81 -9.669 0 -20 -10
3 16 0 -20 -10 0 -20 0 0.9442 -19.81 -9.669
5 24 0 -20 -10 0.9442 -19.81 -9.669 3.454 -19.55 -10 0 -20 0
4 16 0.9442 -19.81 -9.669 0 -20 0 1.913 -19.62 0 1.913 -19.62 -9.425
2 24 1.913 -19.62 0 0 -20 0
5 24 0.9442 -19.81 -9.669 1.913 -19.62 -9.425 3.454 -19.55 -10 0 -20 0
3 16 1.913 -19.62 -9.425 1.913 -19.62 0 2.708 -19.09 -8.559
2 24 1.913 -19.62 -9.425 2.708 -19.09 -8.559
4 16 2.708 -19.09 -8.559 1.913 -19.62 0 3.536 -18.54 0 3.536 -18.54 -7.739
2 24 3.536 -18.54 0 1.913 -19.62 0
2 24 2.708 -19.09 -8.559 3.536 -18.54 -7.739
3 16 -2.828 -17.83 5 -3.696 -16.53 5 -5.922 -16.44 5
3 16 -5.922 -16.44 5 -3.696 -16.53 5 -4 -15 5
4 16 -5.922 -16.44 5 -4 -15 5 -3.696 -13.47 5 -4.747 -11.25 5
3 16 -4.747 -11.25 5 -3.696 -13.47 5 -2.828 -12.17 5
3 16 -3.473 -19.7 5 3.473 -19.7 5 -5.227 -18.13 5
2 24 -3.473 -19.7 5 3.473 -19.7 5
3 16 -5.227 -18.13 5 3.473 -19.7 5 -1.531 -18.7 5
4 16 -5.227 -18.13 5 -1.531 -18.7 5 -2.828 -17.83 5 -5.922 -16.44 5
2 24 -5.922 -16.44 5 -5.227 -18.13 5
4 16 -5 -8.66 5 -6.103 -10.57 5 -5.435 -10.93 5 -1.531 -11.3 5
2 24 -6.103 -10.57 5 -5.435 -10.93 5
3 16 -1.531 -11.3 5 -5.435 -10.93 5 -4.747 -11.25 5
2 24 -5.435 -10.93 5 -4.747 -11.25 5
3 16 -1.531 -11.3 5 -4.747 -11.25 5 -2.828 -12.17 5
4 16 -5 -8.66 5 -1.531 -11.3 5 0 -11 5 -1.736 -9.848 5
2 24 -5 -8.66 5 -1.736 -9.848 5
4 16 -1.736 -9.848 5 0 -11 5 1.531 -11.3 5 1.736 -9.848 5
2 24 -1.736 -9.848 5 1.736 -9.848 5
4 16 1.736 -9.848 5 1.531 -11.3 5 2.828 -12.17 5 4.693 -11.27 5
3 16 4.693 -11.27 5 2.828 -12.17 5 3.696 -13.47 5
3 16 4 -15 5 3.696 -16.53 5 5.128 -18.16 5
3 16 5.128 -18.16 5 3.696 -16.53 5 2.828 -17.83 5
4 16 5.128 -18.16 5 2.828 -17.83 5 1.531 -18.7 5 3.473 -19.7 5
3 16 1.531 -18.7 5 0 -19 5 3.473 -19.7 5
4 16 5.982 -14.65 5 5.594 -12.86 5 5.128 -18.16 5 5.822 -16.47 5
2 24 5.982 -14.65 5 5.594 -12.86 5
2 24 5.128 -18.16 5 5.822 -16.47 5
2 24 5.822 -16.47 5 5.982 -14.65 5
4 16 5.128 -18.16 5 5.594 -12.86 5 4.693 -11.27 5 3.696 -13.47 5
2 24 5.594 -12.86 5 4.693 -11.27 5
4 16 1.736 -9.848 5 4.693 -11.27 5 5.409 -10.94 5 5 -8.66 5
2 24 4.693 -11.27 5 5.409 -10.94 5
2 24 1.736 -9.848 5 5 -8.66 5
3 16 5 -8.66 5 5.409 -10.94 5 6.103 -10.57 5
2 24 5.409 -10.94 5 6.103 -10.57 5
4 16 -5.671 -12.83 5 -6.075 -14.61 5 -5.922 -16.44 5 -4.747 -11.25 5
2 24 -5.671 -12.83 5 -6.075 -14.61 5
2 24 -6.075 -14.61 5 -5.922 -16.44 5
2 24 -4.747 -11.25 5 -5.671 -12.83 5
4 16 5.128 -18.16 5 3.473 -19.7 5 10 -17.32 5 7.338 -17.38 5
2 24 3.473 -19.7 5 10 -17.32 5
2 24 7.338 -17.38 5 5.128 -18.16 5
3 16 7.338 -17.38 5 10 -17.32 5 9.434 -16.34 5
2 24 9.434 -16.34 5 7.338 -17.38 5
4 16 -3.473 -19.7 5 -5.227 -18.13 5 -7.385 -17.36 5 -10 -17.32 5
2 24 -5.227 -18.13 5 -7.385 -17.36 5
2 24 -10 -17.32 5 -3.473 -19.7 5
3 16 -10 -17.32 5 -7.385 -17.36 5 -9.434 -16.34 5
2 24 -7.385 -17.36 5 -9.434 -16.34 5
3 16 5.128 -18.16 5 3.696 -13.47 5 4 -15 5
3 16 3.473 -19.7 5 0 -19 5 -1.531 -18.7 5
4 16 -1.736 -9.848 20 1.042 -5.909 20 -1.042 -5.909 20 -5 -8.66 20
2 24 -5 -8.66 20 -1.736 -9.848 20
3 16 -5 -8.66 20 -1.042 -5.909 20 -3 -5.196 20
3 16 5 -8.66 20 3 -5.196 20 1.736 -9.848 20
2 24 1.736 -9.848 20 5 -8.66 20
4 16 1.736 -9.848 20 3 -5.196 20 1.042 -5.909 20 -1.736 -9.848 20
2 24 -1.736 -9.848 20 1.736 -9.848 20
4 16 -4.619 -16.91 0 -5 -15 0 -4 -15 0 -3.536 -18.54 0
3 16 -3.536 -18.54 0 -4 -15 0 -3.696 -16.53 0
3 16 -3.536 -18.54 0 -3.696 -16.53 0 -1.913 -19.62 0
3 16 -1.913 -19.62 0 -3.696 -16.53 0 -2.828 -17.83 0
3 16 -1.913 -19.62 0 -2.828 -17.83 0 0 -20 0
3 16 0 -20 0 -2.828 -17.83 0 -1.531 -18.7 0
3 16 0 -20 0 -1.531 -18.7 0 1.913 -19.62 0
3 16 1.913 -19.62 0 -1.531 -18.7 0 0 -19 0
3 16 1.913 -19.62 0 0 -19 0 3.536 -18.54 0
3 16 3.536 -18.54 0 0 -19 0 1.531 -18.7 0
3 16 3.536 -18.54 0 1.531 -18.7 0 4.619 -16.91 0
3 16 4.619 -16.91 0 1.531 -18.7 0 2.828 -17.83 0
3 16 4.619 -16.91 0 2.828 -17.83 0 5 -15 0
3 16 5 -15 0 2.828 -17.83 0 3.696 -16.53 0
3 16 5 -15 0 3.696 -16.53 0 4 -15 0
3 16 -6.2 -13.66 0 -7.5 -12.99 0 -4.84 -14.2 0
2 24 -7.5 -12.99 0 -6.2 -13.66 0
2 24 -6.2 -13.66 0 -4.84 -14.2 0
3 16 -4.84 -14.2 0 -7.5 -12.99 0 -3.696 -13.47 0
4 16 -4.84 -14.2 0 -3.696 -13.47 0 -4 -15 0 -5 -15 0
4 16 5 -15 0 4 -15 0 3.696 -13.47 0 4.84 -14.2 0
3 16 4.84 -14.2 0 3.696 -13.47 0 6.2 -13.66 0
2 24 4.84 -14.2 0 6.2 -13.66 0
4 16 6.2 -13.66 0 3.696 -13.47 0 2.828 -12.17 0 7.5 -12.99 0
2 24 6.2 -13.66 0 7.5 -12.99 0
4 16 7.5 -12.99 0 2.828 -12.17 0 1.531 -11.3 0 3 -5.196 0
4 16 3 -5.196 0 1.531 -11.3 0 0 -11 0 1.042 -5.909 0
4 16 1.042 -5.909 0 0 -11 0 -1.531 -11.3 0 -1.042 -5.909 0
4 16 -1.042 -5.909 0 -1.531 -11.3 0 -2.828 -12.17 0 -3 -5.196 0
4 16 -3 -5.196 0 -2.828 -12.17 0 -3.696 -13.47 0 -7.5 -12.99 0
3 16 3.454 -19.55 -10 3.473 -19.7 -15 0 -20 -10
3 16 5.146 -19.33 -10 3.473 -19.7 -15 3.454 -19.55 -10
3 16 -3.454 -19.55 -10 -3.473 -19.7 -15 -5.146 -19.33 -10
2 24 -3.454 -19.55 -10 -5.146 -19.33 -10
2 24 -3.454 -19.55 -10 0 -20 -10
3 16 0 -20 -10 -3.473 -19.7 -15 -3.454 -19.55 -10
4 16 4.341 -24.62 -15 -3.473 -19.7 -15 3.473 -19.7 -15 12.5 -21.65 -15
2 24 -3.473 -19.7 -15 3.473 -19.7 -15
2 24 4.341 -24.62 -15 12.5 -21.65 -15
3 16 12.5 -21.65 -15 3.473 -19.7 -15 10 -17.32 -15
2 24 3.473 -19.7 -15 10 -17.32 -15
3 16 -12.5 -21.65 -15 -10 -17.32 -15 -4.341 -24.62 -15
2 24 -12.5 -21.65 -15 -4.341 -24.62 -15
4 16 -4.341 -24.62 -15 -10 -17.32 -15 -3.473 -19.7 -15 4.341 -24.62 -15
2 24 -10 -17.32 -15 -3.473 -19.7 -15
2 24 -4.341 -24.62 -15 4.341 -24.62 -15
4 16 -11.5 -19.92 -12.5 -12.5 -21.65 -12.5 -4.341 -24.62 -12.5 -3.994 -22.65 -12.5
2 24 -12.5 -21.65 -12.5 -4.341 -24.62 -12.5
2 24 -11.5 -19.92 -12.5 -3.994 -22.65 -12.5
4 16 -3.994 -22.65 -12.5 -4.341 -24.62 -12.5 4.341 -24.62 -12.5 3.994 -22.65 -12.5
2 24 -4.341 -24.62 -12.5 4.341 -24.62 -12.5
2 24 -3.994 -22.65 -12.5 3.994 -22.65 -12.5
4 16 3.994 -22.65 -12.5 4.341 -24.62 -12.5 12.5 -21.65 -12.5 11.5 -19.92 -12.5
2 24 4.341 -24.62 -12.5 12.5 -21.65 -12.5
2 24 3.994 -22.65 -12.5 11.5 -19.92 -12.5
4 16 5.209 -29.54 -7.5 -3.994 -22.65 -7.5 3.994 -22.65 -7.5 15 -25.98 -7.5
2 24 -3.994 -22.65 -7.5 3.994 -22.65 -7.5
2 24 5.209 -29.54 -7.5 15 -25.98 -7.5
3 16 15 -25.98 -7.5 3.994 -22.65 -7.5 11.5 -19.92 -7.5
2 24 3.994 -22.65 -7.5 11.5 -19.92 -7.5
3 16 -15 -25.98 -7.5 -11.5 -19.92 -7.5 -5.209 -29.54 -7.5
2 24 -15 -25.98 -7.5 -5.209 -29.54 -7.5
4 16 -5.209 -29.54 -7.5 -11.5 -19.92 -7.5 -3.994 -22.65 -7.5 5.209 -29.54 -7.5
2 24 -11.5 -19.92 -7.5 -3.994 -22.65 -7.5
2 24 -5.209 -29.54 -7.5 5.209 -29.54 -7.5
4 16 -11.5 -19.92 -4 -15 -25.98 -4 -5.209 -29.54 -4 -3.994 -22.65 -4
2 24 -15 -25.98 -4 -5.209 -29.54 -4
2 24 -11.5 -19.92 -4 -3.994 -22.65 -4
4 16 -3.994 -22.65 -4 -5.209 -29.54 -4 5.209 -29.54 -4 3.994 -22.65 -4
2 24 -5.209 -29.54 -4 5.209 -29.54 -4
2 24 -3.994 -22.65 -4 3.994 -22.65 -4
4 16 3.994 -22.65 -4 5.209 -29.54 -4 15 -25.98 -4 11.5 -19.92 -4
2 24 5.209 -29.54 -4 15 -25.98 -4
2 24 3.994 -22.65 -4 11.5 -19.92 -4
4 16 5.209 -29.54 4 -3.994 -22.65 4 3.994 -22.65 4 15 -25.98 4
2 24 -3.994 -22.65 4 3.994 -22.65 4
2 24 5.209 -29.54 4 15 -25.98 4
3 16 15 -25.98 4 3.994 -22.65 4 11.5 -19.92 4
2 24 3.994 -22.65 4 11.5 -19.92 4
3 16 -15 -25.98 4 -11.5 -19.92 4 -5.209 -29.54 4
2 24 -15 -25.98 4 -5.209 -29.54 4
4 16 -5.209 -29.54 4 -11.5 -19.92 4 -3.994 -22.65 4 5.209 -29.54 4
2 24 -11.5 -19.92 4 -3.994 -22.65 4
2 24 -5.209 -29.54 4 5.209 -29.54 4
4 16 -11.5 -19.92 7.5 -15 -25.98 7.5 -5.209 -29.54 7.5 -3.994 -22.65 7.5
2 24 -15 -25.98 7.5 -5.209 -29.54 7.5
2 24 -11.5 -19.92 7.5 -3.994 -22.65 7.5
4 16 -3.994 -22.65 7.5 -5.209 -29.54 7.5 5.209 -29.54 7.5 3.994 -22.65 7.5
2 24 -5.209 -29.54 7.5 5.209 -29.54 7.5
2 24 -3.994 -22.65 7.5 3.994 -22.65 7.5
4 16 3.994 -22.65 7.5 5.209 -29.54 7.5 15 -25.98 7.5 11.5 -19.92 7.5
2 24 5.209 -29.54 7.5 15 -25.98 7.5
2 24 3.994 -22.65 7.5 11.5 -19.92 7.5
4 16 11.5 -19.92 12.5 12.5 -21.65 12.5 4.341 -24.62 12.5 3.994 -22.65 12.5
2 24 4.341 -24.62 12.5 12.5 -21.65 12.5
2 24 3.994 -22.65 12.5 11.5 -19.92 12.5
4 16 3.994 -22.65 12.5 4.341 -24.62 12.5 -4.341 -24.62 12.5 -3.994 -22.65 12.5
2 24 -4.341 -24.62 12.5 4.341 -24.62 12.5
2 24 -3.994 -22.65 12.5 3.994 -22.65 12.5
4 16 -3.994 -22.65 12.5 -4.341 -24.62 12.5 -12.5 -21.65 12.5 -11.5 -19.92 12.5
2 24 -12.5 -21.65 12.5 -4.341 -24.62 12.5
2 24 -11.5 -19.92 12.5 -3.994 -22.65 12.5
4 16 -10 -17.32 15 -12.5 -21.65 15 -4.341 -24.62 15 -3.473 -19.7 15
2 24 -12.5 -21.65 15 -4.341 -24.62 15
2 24 -3.473 -19.7 15 -10 -17.32 15
4 16 -3.473 -19.7 15 -4.341 -24.62 15 4.341 -24.62 15 3.473 -19.7 15
2 24 -4.341 -24.62 15 4.341 -24.62 15
2 24 3.473 -19.7 15 -3.473 -19.7 15
4 16 3.473 -19.7 15 4.341 -24.62 15 12.5 -21.65 15 10 -17.32 15
2 24 4.341 -24.62 15 12.5 -21.65 15
2 24 10 -17.32 15 3.473 -19.7 15
3 16 -5.146 -19.33 -10 -4.619 -16.91 -5.066 -4.534 -17.04 -5.272
3 16 -5.146 -19.33 -10 -4.534 -17.04 -5.272 -4.07 -17.74 -6.393
3 16 -4.84 -14.2 0 -4.92 -14.6 -0.8114 -6.2 -13.66 0
3 16 -6.2 -13.66 0 -4.92 -14.6 -0.8114 -5 -15 -1.623
3 16 -6.2 -13.66 0 -5 -15 -1.623 -7.5 -12.99 0
5 24 -5 -15 -1.623 -7.5 -12.99 0 -6.2 -13.66 0 -4.809 -15.96 -3.341
3 16 -7.5 -12.99 0 -5 -15 -1.623 -4.809 -15.96 -3.341
5 24 -4.809 -15.96 -3.341 -7.5 -12.99 0 -5 -15 -1.623 -10 -17.32 -10
3 16 -7.5 -12.99 0 -4.809 -15.96 -3.341 -10 -17.32 -10
3 16 -10 -17.32 -10 -4.809 -15.96 -3.341 -4.619 -16.91 -5.066
5 24 -4.619 -16.91 -5.066 -10 -17.32 -10 -4.809 -15.96 -3.341 -5.146 -19.33 -10
3 16 -10 -17.32 -10 -4.619 -16.91 -5.066 -5.146 -19.33 -10
2 24 -5.146 -19.33 -10 -10 -17.32 -10
3 16 -3.536 -18.54 -7.739 -2.746 -19.09 -8.582 -3.454 -19.55 -10
3 16 -3.454 -19.55 -10 -2.746 -19.09 -8.582 -1.913 -19.62 -9.425
3 16 -3.454 -19.55 -10 -1.913 -19.62 -9.425 -0.9648 -19.83 -9.712
3 16 -0.9648 -19.83 -9.712 -1.913 -19.62 -9.425 -0.9442 -19.81 -9.669
3 16 -0.9648 -19.83 -9.712 -0.9442 -19.81 -9.669 0 -20 -10
3 16 -3.536 -18.54 -7.739 -2.708 -19.09 -8.559 -2.746 -19.09 -8.582
3 16 -2.746 -19.09 -8.582 -2.708 -19.09 -8.559 -1.913 -19.62 -9.425
3 16 -3.536 -18.54 -7.739 -3.454 -19.55 -10 -4.07 -17.74 -6.393
5 24 -3.454 -19.55 -10 -4.07 -17.74 -6.393 -3.536 -18.54 -7.739 -5.146 -19.33 -10
3 16 -4.07 -17.74 -6.393 -3.454 -19.55 -10 -5.146 -19.33 -10
3 16 -0.9648 -19.83 -9.712 0 -20 -10 -3.454 -19.55 -10
3 16 0 -20 -10 0.9442 -19.81 -9.669 3.454 -19.55 -10
3 16 3.454 -19.55 -10 0.9442 -19.81 -9.669 1.913 -19.62 -9.425
5 24 1.913 -19.62 -9.425 3.454 -19.55 -10 0.9442 -19.81 -9.669 5.146 -19.33 -10
3 16 3.454 -19.55 -10 1.913 -19.62 -9.425 5.146 -19.33 -10
3 16 5.146 -19.33 -10 1.913 -19.62 -9.425 2.746 -19.09 -8.582
3 16 5.146 -19.33 -10 2.746 -19.09 -8.582 3.536 -18.54 -7.739
3 16 3.536 -18.54 -7.739 2.746 -19.09 -8.582 2.708 -19.09 -8.559
3 16 6.2 -13.66 0 7.5 -12.99 0 4.619 -16.91 -5.066
5 24 7.5 -12.99 0 4.619 -16.91 -5.066 6.2 -13.66 0 10 -17.32 -10
3 16 4.619 -16.91 -5.066 7.5 -12.99 0 10 -17.32 -10
3 16 4.619 -16.91 -5.066 10 -17.32 -10 4.534 -17.04 -5.272
5 24 10 -17.32 -10 4.534 -17.04 -5.272 4.619 -16.91 -5.066 5.146 -19.33 -10
3 16 4.534 -17.04 -5.272 10 -17.32 -10 5.146 -19.33 -10
2 24 10 -17.32 -10 5.146 -19.33 -10
2 24 0 -20 -10 5.146 -19.33 -10
3 16 4.534 -17.04 -5.272 5.146 -19.33 -10 4.07 -17.74 -6.393
3 16 4.07 -17.74 -6.393 5.146 -19.33 -10 3.536 -18.54 -7.739
3 16 4.809 -15.96 -3.341 5 -15 -1.623 6.2 -13.66 0
3 16 6.2 -13.66 0 5 -15 -1.623 4.92 -14.6 -0.8114
3 16 6.2 -13.66 0 4.92 -14.6 -0.8114 4.84 -14.2 0
3 16 6.2 -13.66 0 4.619 -16.91 -5.066 4.809 -15.96 -3.341
3 16 2.746 -19.09 -8.582 1.913 -19.62 -9.425 2.708 -19.09 -8.559
4 16 12.5 -21.65 12.5 12.5 -21.65 15 4.341 -24.62 15 4.341 -24.62 12.5
5 24 4.341 -24.62 15 4.341 -24.62 12.5 12.5 -21.65 12.5 -4.341 -24.62 15
4 16 4.341 -24.62 12.5 4.341 -24.62 15 -4.341 -24.62 15 -4.341 -24.62 12.5
5 24 -4.341 -24.62 15 -4.341 -24.62 12.5 4.341 -24.62 12.5 -12.5 -21.65 15
5 24 -12.4997 -21.6505 15 -12.4997 -21.6505 12.5 -4.34133 -24.6199 12.5 -19.1509 -16.0691 15
4 16 -4.341 -24.62 12.5 -4.341 -24.62 15 -12.5 -21.65 15 -12.5 -21.65 12.5
4 16 11.5 -19.92 7.5 11.5 -19.92 12.5 3.994 -22.65 12.5 3.994 -22.65 7.5
5 24 3.994 -22.65 12.5 3.994 -22.65 7.5 11.5 -19.92 7.5 -3.994 -22.65 12.5
4 16 3.994 -22.65 7.5 3.994 -22.65 12.5 -3.994 -22.65 12.5 -3.994 -22.65 7.5
5 24 -3.994 -22.65 12.5 -3.994 -22.65 7.5 3.994 -22.65 7.5 -11.5 -19.92 12.5
5 24 -11.4999 -19.918 12.5 -11.4999 -19.918 7.5 -3.99362 -22.6501 7.5 -17.6195 -14.7854 12.5
4 16 -3.994 -22.65 7.5 -3.994 -22.65 12.5 -11.5 -19.92 12.5 -11.5 -19.92 7.5
4 16 15 -25.98 4 15 -25.98 7.5 5.209 -29.54 7.5 5.209 -29.54 4
5 24 5.209 -29.54 7.5 5.209 -29.54 4 15 -25.98 4 -5.209 -29.54 7.5
4 16 5.209 -29.54 4 5.209 -29.54 7.5 -5.209 -29.54 7.5 -5.209 -29.54 4
5 24 -5.209 -29.54 7.5 -5.209 -29.54 4 5.209 -29.54 4 -15 -25.98 7.5
5 24 -14.9981 -25.9769 7.5 -14.9981 -25.9769 4 -5.20842 -29.5401 4 -22.9811 -19.2829 7.5
4 16 -5.209 -29.54 4 -5.209 -29.54 7.5 -15 -25.98 7.5 -15 -25.98 4
4 16 11.5 -19.92 -4 11.5 -19.92 4 3.994 -22.65 4 3.994 -22.65 -4
5 24 3.994 -22.65 4 3.994 -22.65 -4 11.5 -19.92 -4 -3.994 -22.65 4
4 16 3.994 -22.65 -4 3.994 -22.65 4 -3.994 -22.65 4 -3.994 -22.65 -4
5 24 -3.994 -22.65 4 -3.994 -22.65 -4 3.994 -22.65 -4 -11.5 -19.92 4
5 24 -11.4999 -19.918 4 -11.4999 -19.918 -4 -3.99362 -22.6501 -4 -17.6195 -14.7854 4
4 16 -3.994 -22.65 -4 -3.994 -22.65 4 -11.5 -19.92 4 -11.5 -19.92 -4
4 16 15 -25.98 -7.5 15 -25.98 -4 5.209 -29.54 -4 5.209 -29.54 -7.5
5 24 5.209 -29.54 -4 5.209 -29.54 -7.5 15 -25.98 -7.5 -5.209 -29.54 -4
4 16 5.209 -29.54 -7.5 5.209 -29.54 -4 -5.209 -29.54 -4 -5.209 -29.54 -7.5
5 24 -5.209 -29.54 -4 -5.209 -29.54 -7.5 5.209 -29.54 -7.5 -15 -25.98 -4
5 24 -14.9981 -25.9769 -4 -14.9981 -25.9769 -7.5 -5.20842 -29.5401 -7.5 -22.9811 -19.2829 -4
4 16 -5.209 -29.54 -7.5 -5.209 -29.54 -4 -15 -25.98 -4 -15 -25.98 -7.5
4 16 11.5 -19.92 -12.5 11.5 -19.92 -7.5 3.994 -22.65 -7.5 3.994 -22.65 -12.5
5 24 3.994 -22.65 -7.5 3.994 -22.65 -12.5 11.5 -19.92 -12.5 -3.994 -22.65 -7.5
4 16 3.994 -22.65 -12.5 3.994 -22.65 -7.5 -3.994 -22.65 -7.5 -3.994 -22.65 -12.5
5 24 -3.994 -22.65 -7.5 -3.994 -22.65 -12.5 3.994 -22.65 -12.5 -11.5 -19.92 -7.5
5 24 -11.4999 -19.918 -7.5 -11.4999 -19.918 -12.5 -3.99362 -22.6501 -12.5 -17.6195 -14.7854 -7.5
4 16 -3.994 -22.65 -12.5 -3.994 -22.65 -7.5 -11.5 -19.92 -7.5 -11.5 -19.92 -12.5
4 16 12.5 -21.65 -15 12.5 -21.65 -12.5 4.341 -24.62 -12.5 4.341 -24.62 -15
5 24 4.341 -24.62 -12.5 4.341 -24.62 -15 12.5 -21.65 -15 -4.341 -24.62 -12.5
4 16 4.341 -24.62 -15 4.341 -24.62 -12.5 -4.341 -24.62 -12.5 -4.341 -24.62 -15
5 24 -4.341 -24.62 -12.5 -4.341 -24.62 -15 4.341 -24.62 -15 -12.5 -21.65 -12.5
5 24 -12.5 -21.65 -12.5 -12.5 -21.65 -15 -4.34133 -24.62 -15 -19.1509 -16.0691 -12.5
4 16 -4.341 -24.62 -15 -4.341 -24.62 -12.5 -12.5 -21.65 -12.5 -12.5 -21.65 -15
3 16 -5.146 -19.33 -10 -3.473 -19.7 -15 -10 -17.32 -15
3 16 -5.146 -19.33 -10 -10 -17.32 -15 -10 -17.32 -10
3 16 0 -20 -10 3.473 -19.7 -15 -3.473 -19.7 -15
3 16 10 -17.32 -10 10 -17.32 -15 5.146 -19.33 -10
3 16 5.146 -19.33 -10 10 -17.32 -15 3.473 -19.7 -15
4 16 3 -5.196 20 3 -5.196 0 1.042 -5.909 0 1.042 -5.909 20
4 16 1.042 -5.909 20 1.042 -5.909 0 -1.042 -5.909 0 -1.042 -5.909 20
4 16 -1.042 -5.909 20 -1.042 -5.909 0 -3 -5.196 0 -3 -5.196 20
4 16 5 -8.66 5 5 -8.66 20 1.736 -9.848 20 1.736 -9.848 5
5 24 1.736 -9.848 20 1.736 -9.848 5 5 -8.66 5 -1.736 -9.848 20
4 16 1.736 -9.848 5 1.736 -9.848 20 -1.736 -9.848 20 -1.736 -9.848 5
5 24 -1.736 -9.848 20 -1.736 -9.848 5 1.736 -9.848 5 -5 -8.66 20
5 24 -4.99952 -8.66035 20 -4.99952 -8.66035 5 -1.73691 -9.84784 5 -7.66036 -6.42764 20
4 16 -1.736 -9.848 5 -1.736 -9.848 20 -5 -8.66 20 -5 -8.66 5
4 16 10 -17.32 15 10 -17.32 5 3.473 -19.7 5 3.473 -19.7 15
4 16 3.473 -19.7 15 3.473 -19.7 5 -3.473 -19.7 5 -3.473 -19.7 15
4 16 -3.473 -19.7 15 -3.473 -19.7 5 -10 -17.32 5 -10 -17.32 15
4 16 4.693 -11.27 5 4.693 -11.27 2 5.409 -10.94 2 5.409 -10.94 5
2 24 4.693 -11.27 5 4.693 -11.27 2
5 24 5.409 -10.94 2 5.409 -10.94 5 4.693 -11.27 5 6.103 -10.57 2
4 16 5.409 -10.94 5 5.409 -10.94 2 6.103 -10.57 2 6.103 -10.57 5
4 16 9.434 -16.34 5 9.434 -16.34 2 7.338 -17.38 2 7.338 -17.38 5
4 16 7.338 -17.38 5 7.338 -17.38 2 5.128 -18.16 2 5.128 -18.16 5
2 24 5.128 -18.16 2 5.128 -18.16 5
4 16 4.693 -11.27 2 4.693 -11.27 5 5.594 -12.86 5 5.594 -12.86 2
5 24 5.594 -12.86 5 5.594 -12.86 2 4.693 -11.27 2 5.982 -14.65 5
4 16 5.594 -12.86 2 5.594 -12.86 5 5.982 -14.65 5 5.982 -14.65 2
5 24 5.982 -14.65 5 5.982 -14.65 2 5.594 -12.86 2 5.822 -16.47 5
4 16 5.982 -14.65 2 5.982 -14.65 5 5.822 -16.47 5 5.822 -16.47 2
5 24 5.822 -16.47 5 5.822 -16.47 2 5.982 -14.65 2 5.128 -18.16 5
4 16 5.822 -16.47 2 5.822 -16.47 5 5.128 -18.16 5 5.128 -18.16 2
4 16 -6.103 -10.57 5 -6.103 -10.57 2 -5.435 -10.93 2 -5.435 -10.93 5
5 24 -5.435 -10.93 2 -5.435 -10.93 5 -6.103 -10.57 5 -4.747 -11.25 2
4 16 -5.435 -10.93 5 -5.435 -10.93 2 -4.747 -11.25 2 -4.747 -11.25 5
2 24 -4.747 -11.25 2 -4.747 -11.25 5
4 16 -5.227 -18.13 2 -5.227 -18.13 5 -5.922 -16.44 5 -5.922 -16.44 2
2 24 -5.227 -18.13 2 -5.227 -18.13 5
5 24 -5.922 -16.44 5 -5.922 -16.44 2 -5.227 -18.13 2 -6.075 -14.61 5
4 16 -5.922 -16.44 2 -5.922 -16.44 5 -6.075 -14.61 5 -6.075 -14.61 2
5 24 -6.075 -14.61 5 -6.075 -14.61 2 -5.922 -16.44 2 -5.671 -12.83 5
4 16 -6.075 -14.61 2 -6.075 -14.61 5 -5.671 -12.83 5 -5.671 -12.83 2
5 24 -5.671 -12.83 5 -5.671 -12.83 2 -6.075 -14.61 2 -4.747 -11.25 5
4 16 -5.671 -12.83 2 -5.671 -12.83 5 -4.747 -11.25 5 -4.747 -11.25 2
4 16 -5.227 -18.13 5 -5.227 -18.13 2 -7.385 -17.36 2 -7.385 -17.36 5
4 16 -7.385 -17.36 5 -7.385 -17.36 2 -9.434 -16.34 2 -9.434 -16.34 5
0
