0 ~Subpart Brick  1 x  2 with Classic Space Logo Pattern - Gold
0 Name: s\3004p90a.dat
0 Author: Chris Dee (chris_w_dee@hotmail.com)
0 Official LCad Subpart 2000-01

 1 16 -2.5 12 -10 7.113 0 -2.947 -2.947 0 -7.113 0 1 0 2-4disc.dat
 3 16 0.447 19.113 -10 2.945 17.445 -10 -2.5 19.7 -10
 4 16 -2.5 19.7 -10 2.945 17.445 -10 4.613 14.947 -10 -5.447 19.163 -10
 4 16 -5.447 19.113 -10 4.613 14.947 -10 5.2 12 -10 -7.945 17.445 -10
 4 16 -7.945 17.445 -10 5.2 12 -10 5.171 11.853 -10 -8.027 17.32 -10
0
