0 ~Pattern Shell Logo I
0 Name: s\3004s60.dat
0 Author: Tore Eriksson, original DAT code 1998
0 Author: Niels Karsdorp, file prep
0 LDRAW_ORG Subpart UPDATE 2004-04

0 BFC CERTIFY CW

0 // 2002-Dec-23 Niels Karsdorp: BFC Certified, bad polygons repaired and 
0 //                             changed into subpart
0 // 2003-Sep-25 Niels Karsdorp: Origin changed to centre

0 Shell Logo I
0 Size:  x = -11.5 to 11.5  y = -10.5 to 10.5  z = 0

4 14 0 -0.462 0 0.874 7.707 0 0.586 8.001 0 0 8.274 0
4 14 0 8.274 0 -0.586 8.001 0 -0.874 7.707 0 0 -0.462 0
4 14 5.198 2.394 0 5.934 4.2 0 5.279 7.413 0 0.874 7.707 0
4 14 -0.874 7.707 0 -5.279 7.413 0 -5.934 4.2 0 -5.198 2.394 0
4 14 2.128 -0.189 0 3.887 0.966 0 5.198 2.394 0 0.874 7.707 0
4 14 -0.874 7.707 0 -5.198 2.394 0 -3.887 0.966 0 -2.128 -0.189 0
3 14 0 -0.462 0 2.128 -0.189 0 0.874 7.707 0
3 14 -0.874 7.707 0 -2.128 -0.189 0 0 -0.462 0
4 14 5.198 2.394 0 9.234 -0.819 0 9.522 1.26 0 5.934 4.2 0
4 14 -5.934 4.2 0 -9.522 1.26 0 -9.234 -0.819 0 -5.198 2.394 0
4 14 3.887 0.966 0 7.694 -4.41 0 8.866 -2.625 0 5.198 2.394 0
4 14 -5.198 2.394 0 -8.866 -2.625 0 -7.694 -4.41 0 -3.887 0.966 0
4 14 2.128 -0.189 0 4.692 -7.203 0 6.589 -5.775 0 3.887 0.966 0
4 14 -3.887 0.966 0 -6.589 -5.775 0 -4.692 -7.203 0 -2.128 -0.189 0
4 14 0 -0.462 0 0.736 -8.484 0 3.3 -7.917 0 2.128 -0.189 0
4 14 -2.128 -0.189 0 -3.3 -7.917 0 -0.736 -8.484 0 0 -0.462 0
4 4 0 8.274 0 0.586 8.001 0 0.368 10.29 0 0 10.5 0
4 4 0 10.5 0 -0.368 10.29 0 -0.586 8.001 0 0 8.274 0
4 4 0.586 8.001 0 0.874 7.707 0 0.805 9.849 0 0.368 10.29 0
4 4 -0.368 10.29 0 -0.805 9.849 0 -0.874 7.707 0 -0.586 8.001 0
4 4 0.874 7.707 0 5.279 7.413 0 7.395 9.786 0 0.805 9.849 0
4 4 -0.805 9.849 0 -7.395 9.786 0 -5.279 7.413 0 -0.874 7.707 0
4 4 5.279 7.413 0 5.934 4.2 0 7.981 5.628 0 7.395 9.786 0
4 4 -7.395 9.786 0 -7.981 5.628 0 -5.934 4.2 0 -5.279 7.413 0
4 4 5.934 4.2 0 9.522 1.26 0 11.5 2.394 0 7.981 5.628 0
4 4 -7.981 5.628 0 -11.5 2.394 0 -9.522 1.26 0 -5.934 4.2 0
4 4 9.522 1.26 0 9.234 -0.819 0 11.213 -2.037 0 11.5 2.394 0
4 4 -11.5 2.394 0 -11.213 -2.037 0 -9.234 -0.819 0 -9.522 1.26 0
3 4 9.234 -0.819 0 5.198 2.394 0 8.866 -2.625 0
3 4 -8.866 -2.625 0 -5.198 2.394 0 -9.234 -0.819 0
4 4 9.234 -0.819 0 8.866 -2.625 0 9.522 -5.628 0 11.213 -2.037 0
4 4 -11.213 -2.037 0 -9.522 -5.628 0 -8.866 -2.625 0 -9.234 -0.819 0
3 4 8.866 -2.625 0 7.694 -4.41 0 9.522 -5.628 0
3 4 -9.522 -5.628 0 -7.694 -4.41 0 -8.866 -2.625 0
3 4 7.694 -4.41 0 3.887 0.966 0 6.589 -5.775 0
3 4 -6.589 -5.775 0 -3.887 0.966 0 -7.694 -4.41 0
4 4 7.694 -4.41 0 6.589 -5.775 0 6.67 -9.072 0 9.522 -5.628 0
4 4 -9.522 -5.628 0 -6.67 -9.072 0 -6.589 -5.775 0 -7.694 -4.41 0
3 4 6.589 -5.775 0 4.692 -7.203 0 6.67 -9.072 0
3 4 -6.67 -9.072 0 -4.692 -7.203 0 -6.589 -5.775 0
3 4 4.692 -7.203 0 2.128 -0.189 0 3.3 -7.917 0
3 4 -3.3 -7.917 0 -2.128 -0.189 0 -4.692 -7.203 0
3 4 4.692 -7.203 0 3.3 -7.917 0 6.67 -9.072 0
3 4 -6.67 -9.072 0 -3.3 -7.917 0 -4.692 -7.203 0
4 4 3.3 -7.917 0 0.736 -8.484 0 0 -10.5 0 6.67 -9.072 0
4 4 -6.67 -9.072 0 0 -10.5 0 -0.736 -8.484 0 -3.3 -7.917 0
3 4 0.736 -8.484 0 0 -0.462 0 0 -10.5 0
3 4 0 -10.5 0 0 -0.462 0 -0.736 -8.484 0
2 4 0 -0.462 0 0 -10.5 0
2 4 5.198 2.394 0 9.039 -1.617 0
2 4 -5.198 2.394 0 -9.039 -1.617 0
2 4 3.887 0.966 0 7.498 -5.061 0
2 4 -3.887 0.966 0 -7.498 -5.061 0
2 4 2.128 -0.189 0 3.956 -7.56 0
2 4 -2.128 -0.189 0 -3.956 -7.56 0
3 16 11.5 10.5 0 0 10.5 0 0.368 10.29 0
3 16 -0.368 10.29 0 0 10.5 0 -11.5 10.5 0
4 16 0.368 10.29 0 0.805 9.849 0 7.395 9.786 0 11.5 10.5 0
4 16 -11.5 10.5 0 -7.395 9.786 0 -0.805 9.849 0 -0.368 10.29 0
4 16 7.395 9.786 0 7.981 5.628 0 11.5 2.394 0 11.5 10.5 0
4 16 -11.5 10.5 0 -11.5 2.394 0 -7.981 5.628 0 -7.395 9.786 0
3 16 11.5 2.394 0 11.213 -2.037 0 11.5 -10.5 0
3 16 -11.5 -10.5 0 -11.213 -2.037 0 -11.5 2.394 0
3 16 11.213 -2.037 0 9.522 -5.628 0 11.5 -10.5 0
3 16 -11.5 -10.5 0 -9.522 -5.628 0 -11.213 -2.037 0
3 16 9.522 -5.628 0 6.67 -9.072 0 11.5 -10.5 0
3 16 -11.5 -10.5 0 -6.67 -9.072 0 -9.522 -5.628 0
3 16 6.67 -9.072 0 0 -10.5 0 11.5 -10.5 0
3 16 -11.5 -10.5 0 0 -10.5 0 -6.67 -9.072 0
0
