0 Windscreen  1 x  4 x  1.3 with Bottom Hinge without Front Surface
0 Name: s\30161s01.dat
0 Author: George Barnes (glbarnes@gdi.net)
0 LDRAW_ORG Subpart UPDATE 2002-04

0 Modified part originally made by Steve Bliss (blisses@worldnet.att.net) to use for patterned parts
0


2 24 -36 -4 4 -22 -4 4
2 24 -22 -4 4 -22 -4 -4
2 24 -22 -4 -4 -36 -4 -4
2 24 -36 -4 -4 -36 -4 4
2 24 -36 -4 4 -36 0 4
2 24 -22 -4 4 -22 0 4
2 24 -22 -4 -4 -22 0 -4
2 24 -36 -4 -4 -36 0 -4
1 16 -36 0 0 0 0 0 0 0 4 4 0 0 2-4edge.dat
1 16 -22 0 0 0 0 0 0 0 4 4 0 0 2-4edge.dat
1 16 -36 0 0 0 0 0 0 0 4 4 0 0 2-4disc.dat
1 16 -22 0 0 0 0 0 0 0 4 4 0 0 2-4disc.dat
1 16 -36 0 0 0 14 0 0 0 4 4 0 0 2-4cyli.dat
4 16 -36 0 4 -22 0 4 -22 -4 4 -36 -4 4
4 16 -36 0 -4 -22 0 -4 -22 -4 -4 -36 -4 -4
4 16 -36 0 4 -36 0 -4 -36 -4 -4 -36 -4 4
4 16 -22 0 4 -22 0 -4 -22 -4 -4 -22 -4 4
4 16 -36 -4 4 -36 -4 -4 -22 -4 -4 -22 -4 4
2 24 -18 -4 4 -2 -4 4
2 24 -2 -4 4 -2 -4 -4
2 24 -2 -4 -4 -18 -4 -4
2 24 -18 -4 -4 -18 -4 4
2 24 -18 -4 4 -18 0 4
2 24 -2 -4 4 -2 0 4
2 24 -2 -4 -4 -2 0 -4
2 24 -18 -4 -4 -18 0 -4
1 16 -18 0 0 0 0 0 0 0 4 4 0 0 2-4edge.dat
1 16 -2 0 0 0 0 0 0 0 4 4 0 0 2-4edge.dat
1 16 -18 0 0 0 0 0 0 0 4 4 0 0 2-4disc.dat
1 16 -2 0 0 0 0 0 0 0 4 4 0 0 2-4disc.dat
1 16 -18 0 0 0 16 0 0 0 4 4 0 0 2-4cyli.dat
4 16 -18 0 4 -2 0 4 -2 -4 4 -18 -4 4
4 16 -18 0 -4 -2 0 -4 -2 -4 -4 -18 -4 -4
4 16 -18 0 4 -18 0 -4 -18 -4 -4 -18 -4 4
4 16 -2 0 4 -2 0 -4 -2 -4 -4 -2 -4 4
4 16 -18 -4 4 -18 -4 -4 -2 -4 -4 -2 -4 4
2 24 2 -4 4 18 -4 4
2 24 18 -4 4 18 -4 -4
2 24 18 -4 -4 2 -4 -4
2 24 2 -4 -4 2 -4 4
2 24 2 -4 4 2 0 4
2 24 18 -4 4 18 0 4
2 24 18 -4 -4 18 0 -4
2 24 2 -4 -4 2 0 -4
1 16 2 0 0 0 0 0 0 0 4 4 0 0 2-4edge.dat
1 16 18 0 0 0 0 0 0 0 4 4 0 0 2-4edge.dat
1 16 2 0 0 0 0 0 0 0 4 4 0 0 2-4disc.dat
1 16 18 0 0 0 0 0 0 0 4 4 0 0 2-4disc.dat
1 16 2 0 0 0 16 0 0 0 4 4 0 0 2-4cyli.dat
4 16 2 0 4 18 0 4 18 -4 4 2 -4 4
4 16 2 0 -4 18 0 -4 18 -4 -4 2 -4 -4
4 16 2 0 4 2 0 -4 2 -4 -4 2 -4 4
4 16 18 0 4 18 0 -4 18 -4 -4 18 -4 4
4 16 2 -4 4 2 -4 -4 18 -4 -4 18 -4 4
2 24 22 -4 4 36 -4 4
2 24 36 -4 4 36 -4 -4
2 24 36 -4 -4 22 -4 -4
2 24 22 -4 -4 22 -4 4
2 24 22 -4 4 22 0 4
2 24 36 -4 4 36 0 4
2 24 36 -4 -4 36 0 -4
2 24 22 -4 -4 22 0 -4
1 16 22 0 0 0 0 0 0 0 4 4 0 0 2-4edge.dat
1 16 36 0 0 0 0 0 0 0 4 4 0 0 2-4edge.dat
1 16 22 0 0 0 0 0 0 0 4 4 0 0 2-4disc.dat
1 16 36 0 0 0 0 0 0 0 4 4 0 0 2-4disc.dat
1 16 22 0 0 0 14 0 0 0 4 4 0 0 2-4cyli.dat
4 16 22 0 4 36 0 4 36 -4 4 22 -4 4
4 16 22 0 -4 36 0 -4 36 -4 -4 22 -4 -4
4 16 22 0 4 22 0 -4 22 -4 -4 22 -4 4
4 16 36 0 4 36 0 -4 36 -4 -4 36 -4 4
4 16 22 -4 4 22 -4 -4 36 -4 -4 36 -4 4
1 16 0 -16 -2 40 0 0 0 0 -12 0 4 0 box5.dat
