0 ~Door  1 x  5 x  7 & 1/2 - Tooth subpart 1
0 Name: s\30223a.dat
0 Author: Dave Schuler!
0 Official LCAD Subpart - 2000-02 Update

 2 24 0 0 10 0 0 -4
 2 24 0 -3 10 0 -3 -4
 2 24 4 0 10 4 0 -4
0
 2 24 0 0 10 0 -3 10
 2 24 0 -3 10 4 0 10
 2 24 4 0 10 0 0 10
0
 2 24 0 0 -4 0 -3 -4
 2 24 0 -3 -4 4 0 -4
 2 24 4 0 -4 0 0 -4
0
 4 16 0  0 10 0  0 -4         0 -3 -4 0 -3 10
 4 16 0 -3 10 0 -3 -4         4  0 -4 4  0 10
 4 16 4  0 10 4  0 -4         0  0 -4 0  0 10
 3 16 0  0 10 0 -3 10 4  0 10
 3 16 0  0 -4 0 -3 -4 4  0 -4
0
