0 Minifig Mechanical Torso - Ribs
0 Name: s\30375s03.dat
0 Author: Nathan Wright, original DAT code
0 LDRAW_ORG Subpart UPDATE 2002-05

0 BFC NOCERTIFY

0 2002-Sep-04 OWP Roughly fixed a problem with the struts


4 16 -6 -25 -8.5 -6 -29 -7.75 -11.5 -29 -7.75 -11.5 -25 -8.5
4 16 6 -25 -8.5 6 -29 -7.75 11.5 -29 -7.75 11.5 -25 -8.5
3 16 -11.5 -25 -8.5 -6 -25 -8.5 -6 -24 -8.6
3 16 11.5 -25 -8.5 6 -25 -8.5 6 -24 -8.6
3 16 -11.5 -25 -8.5 -7.5 -20 -8.85 -6 -24 -8.6
3 16 11.5 -25 -8.5 7.5 -20 -8.85 6 -24 -8.6
4 16 -11.5 -25 -8.5 -7.5 -20 -8.85 -10.2 -18 -9 -7.1 -18 -9
4 16 11.5 -25 -8.5 7.5 -20 -8.85 10.2 -18 -9 7.1 -18 -9
3 16 -6 -20 -8.85 -7.5 -20 -8.85 -6 -24 -8.6
3 16 6 -20 -8.85 7.5 -20 -8.85 6 -24 -8.6
4 16 -7.1 -18 -9 -10.2 -18 -9 -5.6 -10.3 -1.7 -8.8 -10.3 -1.7
4 16 7.1 -18 -9 10.2 -18 -9 5.6 -10.3 -1.7 8.8 -10.3 -1.7
1 16 -6.1 0 0.32 2.432 -2.49 -0.333 -0.519 -12.783 0.35 0.256 -2.155 -2.453 1-4cyli.dat
1 16 6.1 0 0.16 -2.432 2.49 -0.333 -0.519 -12.783 0.35 0.256 -2.155 -2.453 1-4cyli.dat
0
