0 ~Subpart Slope Brick 33  3 x  2 with Classic Space Logo - Gold
0 Name: s\3298p90a.dat
0 Author: Chris Dee (chris_w_dee@hotmail.com)
0 Official LCad Subpart 2000-01

1 16 -2.5 9.839 -29.678 7.113 0 -2.947 -1.318 0.894 -3.181 2.636 0.447 6.362 2-4disc.dat
3 16 0.447 13.02 -36.04 2.945 12.274 -34.548 -2.5 13.282 -36.565
4 16 -2.5 13.282 -36.565 2.945 12.274 -34.548 4.613 11.157 -32.314 -5.447 13.02 -36.04
4 16 -5.447 13.02 -36.04 4.613 11.157 -32.314 5.2 9.839 -29.678 -7.945 12.274 -34.548
4 16 -7.945 12.274 -34.548 5.2 9.839 -29.678 5.171 9.773 -29.546 -8.027 12.218 -34.436
0
