0 ~Subpart Tyre 17 x 43 outer teeth
0 Name: 3634b.dat
0 Author: Leonardo Zide
0 Official LCad update 98-10
 
0 top
4 16 -5 54 -12.5  5 54 -12.5  5 54 0  -5 54 0
2 24 -5 54 -12.5  5 54 -12.5
2 24 -5 54 -12.5 -5 54 0
2 24  5 54 -12.5  5 54 0
2 24  5 54   0   -5 54 0

0 sides
4 16 -5 54 -12.5   5 54 -12.5  -5 43 -12.5   5 43 -12.5
4 16 -5 54 -12.5  -5 54   0    -5 43 -12.5  -5 43   0
4 16  5 54 -12.5   5 54   0     5 43 -12.5   5 43   0
4 16  5 54   0    -5 54   0     5 43   0    -5 43   0
2 24 -5 54 -12.5  -5 43 -12.5
2 24 -5 54   0    -5 43   0
2 24  5 54 -12.5   5 43 -12.5
2 24  5 54   0     5 43   0

0 bottom
2 24 -5 43 -12.5  5 43 -12.5
2 24 -5 43 -12.5 -5 43 0
2 24  5 43 -12.5  5 43 0
2 24  5 43   0   -5 43 0

4 16 -2 43 12.5  2 43 12.5  2 43 0  -2 43 0
2 24 -2 43 12.5  2 43 12.5
0