0 ~Slope Brick 65  2 x  2 x  2 without Front and Back Faces
0 Name: s\3678s01.dat
0 Author: James Jessiman, DAT Code
0 Author: Matt Schild, File Prep
0 LDRAW_ORG Subpart UPDATE 2004-02

0 BFC CERTIFY CCW

0 // 2002-06-21 MS  removed back (Z = 10) and slope faces
0 // 2003-09-22 OWP BFC'd

0 Uncomment for front shell
0 4 16 20 44 -30 20 0 -10 -20 0 -10 -20 44 -30

0 Uncomment for back shell
0 4 16 20 48 10 20 0 10 -20 0 10 -20 48 10


2 24 16 48 6 -16 48 6
2 24 -16 48 6 -16 48 -26
2 24 -16 48 -26 16 48 -26
2 24 16 48 -26 16 48 6
2 24 20 48 10 -20 48 10
2 24 -20 48 10 -20 48 -30
2 24 -20 48 -30 20 48 -30
2 24 20 48 -30 20 48 10
2 24 16 48 6 16 4 6
2 24 -16 48 6 -16 4 6
2 24 16 48 -26 16 44 -26
2 24 -16 48 -26 -16 44 -26
2 24 16 4 6 -16 4 6
2 24 16 4 -8 -16 4 -8
2 24 16 44 -26 -16 44 -26
2 24 16 4 6 16 4 -8
2 24 -16 4 6 -16 4 -8
2 24 16 44 -26 16 4 -8
2 24 -16 44 -26 -16 4 -8
2 24 20 48 10 20 0 10
2 24 -20 48 10 -20 0 10
2 24 20 48 -30 20 44 -30
2 24 -20 48 -30 -20 44 -30
2 24 20 0 10 -20 0 10
2 24 20 0 -10 -20 0 -10
2 24 20 44 -30 -20 44 -30
2 24 20 0 10 20 0 -10
2 24 -20 0 10 -20 0 -10
2 24 20 44 -30 20 0 -10
2 24 -20 44 -30 -20 0 -10
4 16 20 48 10 16 48 6 -16 48 6 -20 48 10
4 16 -20 48 10 -16 48 6 -16 48 -26 -20 48 -30
4 16 -20 48 -30 -16 48 -26 16 48 -26 20 48 -30
4 16 20 48 -30 16 48 -26 16 48 6 20 48 10
4 16 16 4 6 16 4 -8 -16 4 -8 -16 4 6
4 16 -20 0 10 -20 0 -10 20 0 -10 20 0 10
4 16 16 48 6 16 4 6 -16 4 6 -16 48 6
4 16 -16 48 -26 -16 44 -26 16 44 -26 16 48 -26
4 16 20 48 -30 20 44 -30 -20 44 -30 -20 48 -30
4 16 20 48 10 20 0 10 20 44 -30 20 48 -30
3 16 20 0 10 20 0 -10 20 44 -30
4 16 16 48 -26 16 44 -26 16 4 6 16 48 6
3 16 16 44 -26 16 4 -8 16 4 6
4 16 -16 48 6 -16 4 6 -16 44 -26 -16 48 -26
3 16 -16 4 6 -16 4 -8 -16 44 -26
4 16 -20 48 -30 -20 44 -30 -20 0 10 -20 48 10
3 16 -20 44 -30 -20 0 -10 -20 0 10
4 16 -16 44 -26 -16 4 -8 16 4 -8 16 44 -26
1 16 -10 0 0 1 0 0 0 1 0 0 0 1 stud.dat
1 16 10 0 0 1 0 0 0 1 0 0 0 1 stud.dat
0
