0 ~Subpart Slope Brick 33  3 x  6 with Classic Space Pattern Small - gold
0 Name: s\3939p90a.DAT
0 Author: Chris Dee (chris_w_dee@hotmail.com)
0 LDRAW_ORG Subpart UPDATE 2001-03

 1 16 -6 10 -30 10.975 0 -4.547 -2.033 0.894 -4.908 4.067 0.447 9.816 2-4disc.dat
 3 16 -1.453 14.908 -39.816 2.4 13.757 -37.514 -6 15.313 -40.626
 4 16 -6 15.313 -40.626 2.4 13.757 -37.514 4.975 12.033 -34.067 -10.547 14.908 -39.816
 4 16 -10.547 14.908 -39.816 4.975 12.033 -34.067 5.88 10 -30 -14.4 13.757 -37.514
 4 16 -14.4 13.757 -37.514 5.88 10 -30 5.835 9.899 -29.797 -14.528 13.671 -37.342
0