0 ~Space Radar Dish 4 x 4 without Top Face
0 Name: s\3960s01.dat
0 Author: Franklin Cain, DAT Code
0 Author: Steve Bliss, file prep
0 LDRAW_ORG Subpart UPDATE 2002-02

0
 5 24 28.284 8 28.284 24.748 6 24.748 31.736 8 24.352 24.352 8 31.736
 5 24 24.748 6 24.748 20.859 4 20.859 27.769 6 21.308 21.308 6 27.769
 5 24 20.859 4 20.859 15.556 2 15.556 23.405 4 17.96 17.96 4 23.405
 5 24 15.556 2 15.556 7.071 0 7.071 13.394 2 17.455 17.455 2 13.394
 5 24 -28.284 8 28.284 -24.748 6 24.748 -31.736 8 24.352 -24.352 8 31.736
 5 24 -24.748 6 24.748 -20.859 4 20.859 -27.769 6 21.308 -21.308 6 27.769
 5 24 -20.859 4 20.859 -15.556 2 15.556 -23.405 4 17.96 -17.96 4 23.405
 5 24 -15.556 2 15.556 -7.071 0 7.071 -13.394 2 17.455 -17.455 2 13.394
 5 24 28.284 8 -28.284 24.748 6 -24.748 31.736 8 -24.352 24.352 8 -31.736
 5 24 24.748 6 -24.748 20.859 4 -20.859 27.769 6 -21.308 21.308 6 -27.769
 5 24 20.859 4 -20.859 15.556 2 -15.556 23.405 4 -17.96 17.96 4 -23.405
 5 24 15.556 2 -15.556 7.071 0 -7.071 13.394 2 -17.455 17.455 2 -13.394
 5 24 -28.284 8 -28.284 -24.748 6 -24.748 -31.736 8 -24.352 -24.352 8 -31.736
 5 24 -24.748 6 -24.748 -20.859 4 -20.859 -27.769 6 -21.308 -21.308 6 -27.769
 5 24 -20.859 4 -20.859 -15.556 2 -15.556 -23.405 4 -17.96 -17.96 4 -23.405
 5 24 -15.556 2 -15.556 -7.071 0 -7.071 -13.394 2 -17.455 -17.455 2 -13.394
0
 5 24 40 8 0 35 6 0 39.656 8 5.22 39.656 8 -5.22
 5 24 39.656 8 5.22 34.699 6 4.568 38.636 8 10.352 40 8 0
 5 24 38.636 8 10.352 33.806 6 9.058 36.956 8 15.308 39.656 8 5.22
 5 24 36.956 8 15.308 32.337 6 13.394 34.64 8 20 38.636 8 10.352
 5 24 34.64 8 20 30.31 6 17.5 31.736 8 24.352 36.956 8 15.308
 5 24 31.736 8 24.352 27.769 6 21.308 28.284 8 28.284 34.64 8 20
 5 24 35 6 0 29.5 4 0 34.699 6 4.568 34.699 6 -4.568
 5 24 34.699 6 4.568 29.246 4 3.85 33.806 6 9.058 35 6 0
 5 24 33.806 6 9.058 28.494 4 7.635 32.337 6 13.394 34.699 6 4.568
 5 24 32.337 6 13.394 27.255 4 11.29 30.31 6 17.5 33.806 6 9.058
 5 24 30.31 6 17.5 25.547 4 14.75 27.769 6 21.308 32.337 6 13.394
 5 24 27.769 6 21.308 23.405 4 17.96 24.748 6 24.748 30.31 6 17.5
 5 24 29.5 4 0 22 2 0 29.246 4 3.85 29.246 4 -3.85
 5 24 29.246 4 3.85 21.811 2 2.871 28.494 4 7.635 29.5 4 0
 5 24 28.494 4 7.635 21.25 2 5.694 27.255 4 11.29 29.246 4 3.85
 5 24 27.255 4 11.29 20.326 2 8.419 25.547 4 14.75 28.494 4 7.635
 5 24 25.547 4 14.75 19.052 2 11 23.405 4 17.96 27.255 4 11.29
 5 24 23.405 4 17.96 17.455 2 13.394 20.859 4 20.859 25.547 4 14.75
 5 24 22 2 0 10 0 0 21.811 2 2.871 21.811 2 -2.871
 5 24 21.811 2 2.871 9.914 0 1.305 21.25 2 5.694 22 2 0
 5 24 21.25 2 5.694 9.659 0 2.588 20.326 2 8.419 21.811 2 2.871
 5 24 20.326 2 8.419 9.239 0 3.827 19.052 2 11 21.25 2 5.694
 5 24 19.052 2 11 8.66 0 5 17.455 2 13.394 20.326 2 8.419
 5 24 17.455 2 13.394 7.934 0 6.088 15.556 2 15.556 19.052 2 11
0
 5 24 -40 8 0 -35 6 0 -39.656 8 5.22 -39.656 8 -5.22
 5 24 -39.656 8 5.22 -34.699 6 4.568 -38.636 8 10.352 -40 8 0
 5 24 -38.636 8 10.352 -33.806 6 9.058 -36.956 8 15.308 -39.656 8 5.22
 5 24 -36.956 8 15.308 -32.337 6 13.394 -34.64 8 20 -38.636 8 10.352
 5 24 -34.64 8 20 -30.31 6 17.5 -31.736 8 24.352 -36.956 8 15.308
 5 24 -31.736 8 24.352 -27.769 6 21.308 -28.284 8 28.284 -34.64 8 20
 5 24 -35 6 0 -29.5 4 0 -34.699 6 4.568 -34.699 6 -4.568
 5 24 -34.699 6 4.568 -29.246 4 3.85 -33.806 6 9.058 -35 6 0
 5 24 -33.806 6 9.058 -28.494 4 7.635 -32.337 6 13.394 -34.699 6 4.568
 5 24 -32.337 6 13.394 -27.255 4 11.29 -30.31 6 17.5 -33.806 6 9.058
 5 24 -30.31 6 17.5 -25.547 4 14.75 -27.769 6 21.308 -32.337 6 13.394
 5 24 -27.769 6 21.308 -23.405 4 17.96 -24.748 6 24.748 -30.31 6 17.5
 5 24 -29.5 4 0 -22 2 0 -29.246 4 3.85 -29.246 4 -3.85
 5 24 -29.246 4 3.85 -21.811 2 2.871 -28.494 4 7.635 -29.5 4 0
 5 24 -28.494 4 7.635 -21.25 2 5.694 -27.255 4 11.29 -29.246 4 3.85
 5 24 -27.255 4 11.29 -20.326 2 8.419 -25.547 4 14.75 -28.494 4 7.635
 5 24 -25.547 4 14.75 -19.052 2 11 -23.405 4 17.96 -27.255 4 11.29
 5 24 -23.405 4 17.96 -17.455 2 13.394 -20.859 4 20.859 -25.547 4 14.75
 5 24 -22 2 0 -10 0 0 -21.811 2 2.871 -21.811 2 -2.871
 5 24 -21.811 2 2.871 -9.914 0 1.305 -21.25 2 5.694 -22 2 0
 5 24 -21.25 2 5.694 -9.659 0 2.588 -20.326 2 8.419 -21.811 2 2.871
 5 24 -20.326 2 8.419 -9.239 0 3.827 -19.052 2 11 -21.25 2 5.694
 5 24 -19.052 2 11 -8.66 0 5 -17.455 2 13.394 -20.326 2 8.419
 5 24 -17.455 2 13.394 -7.934 0 6.088 -15.556 2 15.556 -19.052 2 11
0
 5 24 40 8 0 35 6 0 39.656 8 -5.22 39.656 8 5.22
 5 24 39.656 8 -5.22 34.699 6 -4.568 38.636 8 -10.352 40 8 0
 5 24 38.636 8 -10.352 33.806 6 -9.058 36.956 8 -15.308 39.656 8 -5.22
 5 24 36.956 8 -15.308 32.337 6 -13.394 34.64 8 -20 38.636 8 -10.352
 5 24 34.64 8 -20 30.31 6 -17.5 31.736 8 -24.352 36.956 8 -15.308
 5 24 31.736 8 -24.352 27.769 6 -21.308 28.284 8 -28.284 34.64 8 -20
 5 24 35 6 0 29.5 4 0 34.699 6 -4.568 34.699 6 4.568
 5 24 34.699 6 -4.568 29.246 4 -3.85 33.806 6 -9.058 35 6 0
 5 24 33.806 6 -9.058 28.494 4 -7.635 32.337 6 -13.394 34.699 6 -4.568
 5 24 32.337 6 -13.394 27.255 4 -11.29 30.31 6 -17.5 33.806 6 -9.058
 5 24 30.31 6 -17.5 25.547 4 -14.75 27.769 6 -21.308 32.337 6 -13.394
 5 24 27.769 6 -21.308 23.405 4 -17.96 24.748 6 -24.748 30.31 6 -17.5
 5 24 29.5 4 0 22 2 0 29.246 4 -3.85 29.246 4 3.85
 5 24 29.246 4 -3.85 21.811 2 -2.871 28.494 4 -7.635 29.5 4 0
 5 24 28.494 4 -7.635 21.25 2 -5.694 27.255 4 -11.29 29.246 4 -3.85
 5 24 27.255 4 -11.29 20.326 2 -8.419 25.547 4 -14.75 28.494 4 -7.635
 5 24 25.547 4 -14.75 19.052 2 -11 23.405 4 -17.96 27.255 4 -11.29
 5 24 23.405 4 -17.96 17.455 2 -13.394 20.859 4 -20.859 25.547 4 -14.75
 5 24 22 2 0 10 0 0 21.811 2 -2.871 21.811 2 2.871
 5 24 21.811 2 -2.871 9.914 0 -1.305 21.25 2 -5.694 22 2 0
 5 24 21.25 2 -5.694 9.659 0 -2.588 20.326 2 -8.419 21.811 2 -2.871
 5 24 20.326 2 -8.419 9.239 0 -3.827 19.052 2 -11 21.25 2 -5.694
 5 24 19.052 2 -11 8.66 0 -5 17.455 2 -13.394 20.326 2 -8.419
 5 24 17.455 2 -13.394 7.934 0 -6.088 15.556 2 -15.556 19.052 2 -11
0
 5 24 -40 8 0 -35 6 0 -39.656 8 -5.22 -39.656 8 5.22
 5 24 -39.656 8 -5.22 -34.699 6 -4.568 -38.636 8 -10.352 -40 8 0
 5 24 -38.636 8 -10.352 -33.806 6 -9.058 -36.956 8 -15.308 -39.656 8 -5.22
 5 24 -36.956 8 -15.308 -32.337 6 -13.394 -34.64 8 -20 -38.636 8 -10.352
 5 24 -34.64 8 -20 -30.31 6 -17.5 -31.736 8 -24.352 -36.956 8 -15.308
 5 24 -31.736 8 -24.352 -27.769 6 -21.308 -28.284 8 -28.284 -34.64 8 -20
 5 24 -35 6 0 -29.5 4 0 -34.699 6 -4.568 -34.699 6 4.568
 5 24 -34.699 6 -4.568 -29.246 4 -3.85 -33.806 6 -9.058 -35 6 0
 5 24 -33.806 6 -9.058 -28.494 4 -7.635 -32.337 6 -13.394 -34.699 6 -4.568
 5 24 -32.337 6 -13.394 -27.255 4 -11.29 -30.31 6 -17.5 -33.806 6 -9.058
 5 24 -30.31 6 -17.5 -25.547 4 -14.75 -27.769 6 -21.308 -32.337 6 -13.394
 5 24 -27.769 6 -21.308 -23.405 4 -17.96 -24.748 6 -24.748 -30.31 6 -17.5
 5 24 -29.5 4 0 -22 2 0 -29.246 4 -3.85 -29.246 4 3.85
 5 24 -29.246 4 -3.85 -21.811 2 -2.871 -28.494 4 -7.635 -29.5 4 0
 5 24 -28.494 4 -7.635 -21.25 2 -5.694 -27.255 4 -11.29 -29.246 4 -3.85
 5 24 -27.255 4 -11.29 -20.326 2 -8.419 -25.547 4 -14.75 -28.494 4 -7.635
 5 24 -25.547 4 -14.75 -19.052 2 -11 -23.405 4 -17.96 -27.255 4 -11.29
 5 24 -23.405 4 -17.96 -17.455 2 -13.394 -20.859 4 -20.859 -25.547 4 -14.75
 5 24 -22 2 0 -10 0 0 -21.811 2 -2.871 -21.811 2 2.871
 5 24 -21.811 2 -2.871 -9.914 0 -1.305 -21.25 2 -5.694 -22 2 0
 5 24 -21.25 2 -5.694 -9.659 0 -2.588 -20.326 2 -8.419 -21.811 2 -2.871
 5 24 -20.326 2 -8.419 -9.239 0 -3.827 -19.052 2 -11 -21.25 2 -5.694
 5 24 -19.052 2 -11 -8.66 0 -5 -17.455 2 -13.394 -20.326 2 -8.419
 5 24 -17.455 2 -13.394 -7.934 0 -6.088 -15.556 2 -15.556 -19.052 2 -11
0
 5 24 0 8 40 0 6 35 5.22 8 39.656 -5.22 8 39.656
 5 24 5.22 8 39.656 4.568 6 34.699 10.352 8 38.636 0 8 40
 5 24 10.352 8 38.636 9.058 6 33.806 15.308 8 36.956 5.22 8 39.656
 5 24 15.308 8 36.956 13.394 6 32.337 20 8 34.64 10.352 8 38.636
 5 24 20 8 34.64 17.5 6 30.31 24.352 8 31.736 15.308 8 36.956
 5 24 24.352 8 31.736 21.308 6 27.769 28.284 8 28.284 20 8 34.64
 5 24 0 6 35 0 4 29.5 4.568 6 34.699 -4.568 6 34.699
 5 24 4.568 6 34.699 3.85 4 29.246 9.058 6 33.806 0 6 35
 5 24 9.058 6 33.806 7.635 4 28.494 13.394 6 32.337 4.568 6 34.699
 5 24 13.394 6 32.337 11.29 4 27.255 17.5 6 30.31 9.058 6 33.806
 5 24 17.5 6 30.31 14.75 4 25.547 21.308 6 27.769 13.394 6 32.337
 5 24 21.308 6 27.769 17.96 4 23.405 24.748 6 24.748 17.5 6 30.31
 5 24 0 4 29.5 0 2 22 3.85 4 29.246 -3.85 4 29.246
 5 24 3.85 4 29.246 2.871 2 21.811 7.635 4 28.494 0 4 29.5
 5 24 7.635 4 28.494 5.694 2 21.25 11.29 4 27.255 3.85 4 29.246
 5 24 11.29 4 27.255 8.419 2 20.326 14.75 4 25.547 7.635 4 28.494
 5 24 14.75 4 25.547 11 2 19.052 17.96 4 23.405 11.29 4 27.255
 5 24 17.96 4 23.405 13.394 2 17.455 20.859 4 20.859 14.75 4 25.547
 5 24 0 2 22 0 0 10 2.871 2 21.811 -2.871 2 21.811
 5 24 2.871 2 21.811 1.305 0 9.914 5.694 2 21.25 0 2 22
 5 24 5.694 2 21.25 2.588 0 9.659 8.419 2 20.326 2.871 2 21.811
 5 24 8.419 2 20.326 3.827 0 9.239 11 2 19.052 5.694 2 21.25
 5 24 11 2 19.052 5 0 8.66 13.394 2 17.455 8.419 2 20.326
 5 24 13.394 2 17.455 6.088 0 7.934 15.556 2 15.556 11 2 19.052
0
 5 24 0 8 40 0 6 35 -5.22 8 39.656 5.22 8 39.656
 5 24 -5.22 8 39.656 -4.568 6 34.699 -10.352 8 38.636 0 8 40
 5 24 -10.352 8 38.636 -9.058 6 33.806 -15.308 8 36.956 -5.22 8 39.656
 5 24 -15.308 8 36.956 -13.394 6 32.337 -20 8 34.64 -10.352 8 38.636
 5 24 -20 8 34.64 -17.5 6 30.31 -24.352 8 31.736 -15.308 8 36.956
 5 24 -24.352 8 31.736 -21.308 6 27.769 -28.284 8 28.284 -20 8 34.64
 5 24 0 6 35 0 4 29.5 -4.568 6 34.699 4.568 6 34.699
 5 24 -4.568 6 34.699 -3.85 4 29.246 -9.058 6 33.806 0 6 35
 5 24 -9.058 6 33.806 -7.635 4 28.494 -13.394 6 32.337 -4.568 6 34.699
 5 24 -13.394 6 32.337 -11.29 4 27.255 -17.5 6 30.31 -9.058 6 33.806
 5 24 -17.5 6 30.31 -14.75 4 25.547 -21.308 6 27.769 -13.394 6 32.337
 5 24 -21.308 6 27.769 -17.96 4 23.405 -24.748 6 24.748 -17.5 6 30.31
 5 24 0 4 29.5 0 2 22 -3.85 4 29.246 3.85 4 29.246
 5 24 -3.85 4 29.246 -2.871 2 21.811 -7.635 4 28.494 0 4 29.5
 5 24 -7.635 4 28.494 -5.694 2 21.25 -11.29 4 27.255 -3.85 4 29.246
 5 24 -11.29 4 27.255 -8.419 2 20.326 -14.75 4 25.547 -7.635 4 28.494
 5 24 -14.75 4 25.547 -11 2 19.052 -17.96 4 23.405 -11.29 4 27.255
 5 24 -17.96 4 23.405 -13.394 2 17.455 -20.859 4 20.859 -14.75 4 25.547
 5 24 0 2 22 0 0 10 -2.871 2 21.811 2.871 2 21.811
 5 24 -2.871 2 21.811 -1.305 0 9.914 -5.694 2 21.25 0 2 22
 5 24 -5.694 2 21.25 -2.588 0 9.659 -8.419 2 20.326 -2.871 2 21.811
 5 24 -8.419 2 20.326 -3.827 0 9.239 -11 2 19.052 -5.694 2 21.25
 5 24 -11 2 19.052 -5 0 8.66 -13.394 2 17.455 -8.419 2 20.326
 5 24 -13.394 2 17.455 -6.088 0 7.934 -15.556 2 15.556 -11 2 19.052
0
 5 24 0 8 -40 0 6 -35 5.22 8 -39.656 -5.22 8 -39.656
 5 24 5.22 8 -39.656 4.568 6 -34.699 10.352 8 -38.636 0 8 -40
 5 24 10.352 8 -38.636 9.058 6 -33.806 15.308 8 -36.956 5.22 8 -39.656
 5 24 15.308 8 -36.956 13.394 6 -32.337 20 8 -34.64 10.352 8 -38.636
 5 24 20 8 -34.64 17.5 6 -30.31 24.352 8 -31.736 15.308 8 -36.956
 5 24 24.352 8 -31.736 21.308 6 -27.769 28.284 8 -28.284 20 8 -34.64
 5 24 0 6 -35 0 4 -29.5 4.568 6 -34.699 -4.568 6 -34.699
 5 24 4.568 6 -34.699 3.85 4 -29.246 9.058 6 -33.806 0 6 -35
 5 24 9.058 6 -33.806 7.635 4 -28.494 13.394 6 -32.337 4.568 6 -34.699
 5 24 13.394 6 -32.337 11.29 4 -27.255 17.5 6 -30.31 9.058 6 -33.806
 5 24 17.5 6 -30.31 14.75 4 -25.547 21.308 6 -27.769 13.394 6 -32.337
 5 24 21.308 6 -27.769 17.96 4 -23.405 24.748 6 -24.748 17.5 6 -30.31
 5 24 0 4 -29.5 0 2 -22 3.85 4 -29.246 -3.85 4 -29.246
 5 24 3.85 4 -29.246 2.871 2 -21.811 7.635 4 -28.494 0 4 -29.5
 5 24 7.635 4 -28.494 5.694 2 -21.25 11.29 4 -27.255 3.85 4 -29.246
 5 24 11.29 4 -27.255 8.419 2 -20.326 14.75 4 -25.547 7.635 4 -28.494
 5 24 14.75 4 -25.547 11 2 -19.052 17.96 4 -23.405 11.29 4 -27.255
 5 24 17.96 4 -23.405 13.394 2 -17.455 20.859 4 -20.859 14.75 4 -25.547
 5 24 0 2 -22 0 0 -10 2.871 2 -21.811 -2.871 2 -21.811
 5 24 2.871 2 -21.811 1.305 0 -9.914 5.694 2 -21.25 0 2 -22
 5 24 5.694 2 -21.25 2.588 0 -9.659 8.419 2 -20.326 2.871 2 -21.811
 5 24 8.419 2 -20.326 3.827 0 -9.239 11 2 -19.052 5.694 2 -21.25
 5 24 11 2 -19.052 5 0 -8.66 13.394 2 -17.455 8.419 2 -20.326
 5 24 13.394 2 -17.455 6.088 0 -7.934 15.556 2 -15.556 11 2 -19.052
0
 5 24 0 8 -40 0 6 -35 -5.22 8 -39.656 5.22 8 -39.656
 5 24 -5.22 8 -39.656 -4.568 6 -34.699 -10.352 8 -38.636 0 8 -40
 5 24 -10.352 8 -38.636 -9.058 6 -33.806 -15.308 8 -36.956 -5.22 8 -39.656
 5 24 -15.308 8 -36.956 -13.394 6 -32.337 -20 8 -34.64 -10.352 8 -38.636
 5 24 -20 8 -34.64 -17.5 6 -30.31 -24.352 8 -31.736 -15.308 8 -36.956
 5 24 -24.352 8 -31.736 -21.308 6 -27.769 -28.284 8 -28.284 -20 8 -34.64
 5 24 0 6 -35 0 4 -29.5 -4.568 6 -34.699 4.568 6 -34.699
 5 24 -4.568 6 -34.699 -3.85 4 -29.246 -9.058 6 -33.806 0 6 -35
 5 24 -9.058 6 -33.806 -7.635 4 -28.494 -13.394 6 -32.337 -4.568 6 -34.699
 5 24 -13.394 6 -32.337 -11.29 4 -27.255 -17.5 6 -30.31 -9.058 6 -33.806
 5 24 -17.5 6 -30.31 -14.75 4 -25.547 -21.308 6 -27.769 -13.394 6 -32.337
 5 24 -21.308 6 -27.769 -17.96 4 -23.405 -24.748 6 -24.748 -17.5 6 -30.31
 5 24 0 4 -29.5 0 2 -22 -3.85 4 -29.246 3.85 4 -29.246
 5 24 -3.85 4 -29.246 -2.871 2 -21.811 -7.635 4 -28.494 0 4 -29.5
 5 24 -7.635 4 -28.494 -5.694 2 -21.25 -11.29 4 -27.255 -3.85 4 -29.246
 5 24 -11.29 4 -27.255 -8.419 2 -20.326 -14.75 4 -25.547 -7.635 4 -28.494
 5 24 -14.75 4 -25.547 -11 2 -19.052 -17.96 4 -23.405 -11.29 4 -27.255
 5 24 -17.96 4 -23.405 -13.394 2 -17.455 -20.859 4 -20.859 -14.75 4 -25.547
 5 24 0 2 -22 0 0 -10 -2.871 2 -21.811 2.871 2 -21.811
 5 24 -2.871 2 -21.811 -1.305 0 -9.914 -5.694 2 -21.25 0 2 -22
 5 24 -5.694 2 -21.25 -2.588 0 -9.659 -8.419 2 -20.326 -2.871 2 -21.811
 5 24 -8.419 2 -20.326 -3.827 0 -9.239 -11 2 -19.052 -5.694 2 -21.25
 5 24 -11 2 -19.052 -5 0 -8.66 -13.394 2 -17.455 -8.419 2 -20.326
 5 24 -13.394 2 -17.455 -6.088 0 -7.934 -15.556 2 -15.556 -11 2 -19.052
0
0
 5 24 35 6 0 34.699 6 4.568 40 8 0 29.5 4 0
 5 24 34.699 6 4.568 33.806 6 9.058 39.656 8 5.22 29.246 4 3.85
 5 24 33.806 6 9.058 32.337 6 13.394 38.636 8 10.352 28.494 4 7.635
 5 24 32.337 6 13.394 30.31 6 17.5 36.956 8 15.308 27.255 4 11.29
 5 24 30.31 6 17.5 27.769 6 21.308 34.64 8 20 25.547 4 14.75
 5 24 27.769 6 21.308 24.748 6 24.748 31.736 8 24.352 23.405 4 17.96
 5 24 29.5 4 0 29.246 4 3.85 35 6 0 22 2 0
 5 24 29.246 4 3.85 28.494 4 7.635 34.699 6 4.568 21.811 2 2.871
 5 24 28.494 4 7.635 27.255 4 11.29 33.806 6 9.058 21.25 2 5.694
 5 24 27.255 4 11.29 25.547 4 14.75 32.337 6 13.394 20.326 2 8.419
 5 24 25.547 4 14.75 23.405 4 17.96 30.31 6 17.5 19.052 2 11
 5 24 23.405 4 17.96 20.859 4 20.859 27.769 6 21.308 17.455 2 13.394
 5 24 22 2 0 21.811 2 2.871 29.5 4 0 10 0 0
 5 24 21.811 2 2.871 21.25 2 5.694 29.246 4 3.85 9.914 0 1.305
 5 24 21.25 2 5.694 20.326 2 8.419 28.494 4 7.635 9.659 0 2.588
 5 24 20.326 2 8.419 19.052 2 11 27.255 4 11.29 9.239 0 3.827
 5 24 19.052 2 11 17.455 2 13.394 25.547 4 14.75 8.66 0 5
 5 24 17.455 2 13.394 15.556 2 15.556 23.405 4 17.96 7.934 0 6.088
 5 24 10 0 0 9.914 0 1.305 22 2 0 0 0 0
 5 24 9.914 0 1.305 9.659 0 2.588 21.811 2 2.871 0 0 0
 5 24 9.659 0 2.588 9.239 0 3.827 21.25 2 5.694 0 0 0
 5 24 9.239 0 3.827 8.66 0 5 20.326 2 8.419 0 0 0
 5 24 8.66 0 5 7.934 0 6.088 19.052 2 11 0 0 0
 5 24 7.934 0 6.088 7.071 0 7.071 17.455 2 13.394 0 0 0
0
 5 24 -35 6 0 -34.699 6 4.568 -40 8 0 -29.5 4 0
 5 24 -34.699 6 4.568 -33.806 6 9.058 -39.656 8 5.22 -29.246 4 3.85
 5 24 -33.806 6 9.058 -32.337 6 13.394 -38.636 8 10.352 -28.494 4 7.635
 5 24 -32.337 6 13.394 -30.31 6 17.5 -36.956 8 15.308 -27.255 4 11.29
 5 24 -30.31 6 17.5 -27.769 6 21.308 -34.64 8 20 -25.547 4 14.75
 5 24 -27.769 6 21.308 -24.748 6 24.748 -31.736 8 24.352 -23.405 4 17.96
 5 24 -29.5 4 0 -29.246 4 3.85 -35 6 0 -22 2 0
 5 24 -29.246 4 3.85 -28.494 4 7.635 -34.699 6 4.568 -21.811 2 2.871
 5 24 -28.494 4 7.635 -27.255 4 11.29 -33.806 6 9.058 -21.25 2 5.694
 5 24 -27.255 4 11.29 -25.547 4 14.75 -32.337 6 13.394 -20.326 2 8.419
 5 24 -25.547 4 14.75 -23.405 4 17.96 -30.31 6 17.5 -19.052 2 11
 5 24 -23.405 4 17.96 -20.859 4 20.859 -27.769 6 21.308 -17.455 2 13.394
 5 24 -22 2 0 -21.811 2 2.871 -29.5 4 0 -10 0 0
 5 24 -21.811 2 2.871 -21.25 2 5.694 -29.246 4 3.85 -9.914 0 1.305
 5 24 -21.25 2 5.694 -20.326 2 8.419 -28.494 4 7.635 -9.659 0 2.588
 5 24 -20.326 2 8.419 -19.052 2 11 -27.255 4 11.29 -9.239 0 3.827
 5 24 -19.052 2 11 -17.455 2 13.394 -25.547 4 14.75 -8.66 0 5
 5 24 -17.455 2 13.394 -15.556 2 15.556 -23.405 4 17.96 -7.934 0 6.088
 5 24 -10 0 0 -9.914 0 1.305 -22 2 0 0 0 0
 5 24 -9.914 0 1.305 -9.659 0 2.588 -21.811 2 2.871 0 0 0
 5 24 -9.659 0 2.588 -9.239 0 3.827 -21.25 2 5.694 0 0 0
 5 24 -9.239 0 3.827 -8.66 0 5 -20.326 2 8.419 0 0 0
 5 24 -8.66 0 5 -7.934 0 6.088 -19.052 2 11 0 0 0
 5 24 -7.934 0 6.088 -7.071 0 7.071 -17.455 2 13.394 0 0 0
0
 5 24 35 6 0 34.699 6 -4.568 40 8 0 29.5 4 0
 5 24 34.699 6 -4.568 33.806 6 -9.058 39.656 8 -5.22 29.246 4 -3.85
 5 24 33.806 6 -9.058 32.337 6 -13.394 38.636 8 -10.352 28.494 4 -7.635
 5 24 32.337 6 -13.394 30.31 6 -17.5 36.956 8 -15.308 27.255 4 -11.29
 5 24 30.31 6 -17.5 27.769 6 -21.308 34.64 8 -20 25.547 4 -14.75
 5 24 27.769 6 -21.308 24.748 6 -24.748 31.736 8 -24.352 23.405 4 -17.96
 5 24 29.5 4 0 29.246 4 -3.85 35 6 0 22 2 0
 5 24 29.246 4 -3.85 28.494 4 -7.635 34.699 6 -4.568 21.811 2 -2.871
 5 24 28.494 4 -7.635 27.255 4 -11.29 33.806 6 -9.058 21.25 2 -5.694
 5 24 27.255 4 -11.29 25.547 4 -14.75 32.337 6 -13.394 20.326 2 -8.419
 5 24 25.547 4 -14.75 23.405 4 -17.96 30.31 6 -17.5 19.052 2 -11
 5 24 23.405 4 -17.96 20.859 4 -20.859 27.769 6 -21.308 17.455 2 -13.394
 5 24 22 2 0 21.811 2 -2.871 29.5 4 0 10 0 0
 5 24 21.811 2 -2.871 21.25 2 -5.694 29.246 4 -3.85 9.914 0 -1.305
 5 24 21.25 2 -5.694 20.326 2 -8.419 28.494 4 -7.635 9.659 0 -2.588
 5 24 20.326 2 -8.419 19.052 2 -11 27.255 4 -11.29 9.239 0 -3.827
 5 24 19.052 2 -11 17.455 2 -13.394 25.547 4 -14.75 8.66 0 -5
 5 24 17.455 2 -13.394 15.556 2 -15.556 23.405 4 -17.96 7.934 0 -6.088
 5 24 10 0 0 9.914 0 -1.305 22 2 0 0 0 0
 5 24 9.914 0 -1.305 9.659 0 -2.588 21.811 2 -2.871 0 0 0
 5 24 9.659 0 -2.588 9.239 0 -3.827 21.25 2 -5.694 0 0 0
 5 24 9.239 0 -3.827 8.66 0 -5 20.326 2 -8.419 0 0 0
 5 24 8.66 0 -5 7.934 0 -6.088 19.052 2 -11 0 0 0
 5 24 7.934 0 -6.088 7.071 0 -7.071 17.455 2 -13.394 0 0 0
0
 5 24 -35 6 0 -34.699 6 -4.568 -40 8 0 -29.5 4 0
 5 24 -34.699 6 -4.568 -33.806 6 -9.058 -39.656 8 -5.22 -29.246 4 -3.85
 5 24 -33.806 6 -9.058 -32.337 6 -13.394 -38.636 8 -10.352 -28.494 4 -7.635
 5 24 -32.337 6 -13.394 -30.31 6 -17.5 -36.956 8 -15.308 -27.255 4 -11.29
 5 24 -30.31 6 -17.5 -27.769 6 -21.308 -34.64 8 -20 -25.547 4 -14.75
 5 24 -27.769 6 -21.308 -24.748 6 -24.748 -31.736 8 -24.352 -23.405 4 -17.96
 5 24 -29.5 4 0 -29.246 4 -3.85 -35 6 0 -22 2 0
 5 24 -29.246 4 -3.85 -28.494 4 -7.635 -34.699 6 -4.568 -21.811 2 -2.871
 5 24 -28.494 4 -7.635 -27.255 4 -11.29 -33.806 6 -9.058 -21.25 2 -5.694
 5 24 -27.255 4 -11.29 -25.547 4 -14.75 -32.337 6 -13.394 -20.326 2 -8.419
 5 24 -25.547 4 -14.75 -23.405 4 -17.96 -30.31 6 -17.5 -19.052 2 -11
 5 24 -23.405 4 -17.96 -20.859 4 -20.859 -27.769 6 -21.308 -17.455 2 -13.394
 5 24 -22 2 0 -21.811 2 -2.871 -29.5 4 0 -10 0 0
 5 24 -21.811 2 -2.871 -21.25 2 -5.694 -29.246 4 -3.85 -9.914 0 -1.305
 5 24 -21.25 2 -5.694 -20.326 2 -8.419 -28.494 4 -7.635 -9.659 0 -2.588
 5 24 -20.326 2 -8.419 -19.052 2 -11 -27.255 4 -11.29 -9.239 0 -3.827
 5 24 -19.052 2 -11 -17.455 2 -13.394 -25.547 4 -14.75 -8.66 0 -5
 5 24 -17.455 2 -13.394 -15.556 2 -15.556 -23.405 4 -17.96 -7.934 0 -6.088
 5 24 -10 0 0 -9.914 0 -1.305 -22 2 0 0 0 0
 5 24 -9.914 0 -1.305 -9.659 0 -2.588 -21.811 2 -2.871 0 0 0
 5 24 -9.659 0 -2.588 -9.239 0 -3.827 -21.25 2 -5.694 0 0 0
 5 24 -9.239 0 -3.827 -8.66 0 -5 -20.326 2 -8.419 0 0 0
 5 24 -8.66 0 -5 -7.934 0 -6.088 -19.052 2 -11 0 0 0
 5 24 -7.934 0 -6.088 -7.071 0 -7.071 -17.455 2 -13.394 0 0 0
0
 5 24 0 6 35 4.568 6 34.699 0 8 40 0 4 29.5
 5 24 4.568 6 34.699 9.058 6 33.806 5.22 8 39.656 3.85 4 29.246
 5 24 9.058 6 33.806 13.394 6 32.337 10.352 8 38.636 7.635 4 28.494
 5 24 13.394 6 32.337 17.5 6 30.31 15.308 8 36.956 11.29 4 27.255
 5 24 17.5 6 30.31 21.308 6 27.769 20 8 34.64 14.75 4 25.547
 5 24 21.308 6 27.769 24.748 6 24.748 24.352 8 31.736 17.96 4 23.405
 5 24 0 4 29.5 3.85 4 29.246 0 6 35 0 2 22
 5 24 3.85 4 29.246 7.635 4 28.494 4.568 6 34.699 2.871 2 21.811
 5 24 7.635 4 28.494 11.29 4 27.255 9.058 6 33.806 5.694 2 21.25
 5 24 11.29 4 27.255 14.75 4 25.547 13.394 6 32.337 8.419 2 20.326
 5 24 14.75 4 25.547 17.96 4 23.405 17.5 6 30.31 11 2 19.052
 5 24 17.96 4 23.405 20.859 4 20.859 21.308 6 27.769 13.394 2 17.455
 5 24 0 2 22 2.871 2 21.811 0 4 29.5 0 0 10
 5 24 2.871 2 21.811 5.694 2 21.25 3.85 4 29.246 1.305 0 9.914
 5 24 5.694 2 21.25 8.419 2 20.326 7.635 4 28.494 2.588 0 9.659
 5 24 8.419 2 20.326 11 2 19.052 11.29 4 27.255 3.827 0 9.239
 5 24 11 2 19.052 13.394 2 17.455 14.75 4 25.547 5 0 8.66
 5 24 13.394 2 17.455 15.556 2 15.556 17.96 4 23.405 6.088 0 7.934
 5 24 0 0 10 1.305 0 9.914 0 2 22 0 0 0
 5 24 1.305 0 9.914 2.588 0 9.659 2.871 2 21.811 0 0 0
 5 24 2.588 0 9.659 3.827 0 9.239 5.694 2 21.25 0 0 0
 5 24 3.827 0 9.239 5 0 8.66 8.419 2 20.326 0 0 0
 5 24 5 0 8.66 6.088 0 7.934 11 2 19.052 0 0 0
 5 24 6.088 0 7.934 7.071 0 7.071 13.394 2 17.455 0 0 0
0
 5 24 0 6 35 -4.568 6 34.699 0 8 40 0 4 29.5
 5 24 -4.568 6 34.699 -9.058 6 33.806 -5.22 8 39.656 -3.85 4 29.246
 5 24 -9.058 6 33.806 -13.394 6 32.337 -10.352 8 38.636 -7.635 4 28.494
 5 24 -13.394 6 32.337 -17.5 6 30.31 -15.308 8 36.956 -11.29 4 27.255
 5 24 -17.5 6 30.31 -21.308 6 27.769 -20 8 34.64 -14.75 4 25.547
 5 24 -21.308 6 27.769 -24.748 6 24.748 -24.352 8 31.736 -17.96 4 23.405
 5 24 0 4 29.5 -3.85 4 29.246 0 6 35 0 2 22
 5 24 -3.85 4 29.246 -7.635 4 28.494 -4.568 6 34.699 -2.871 2 21.811
 5 24 -7.635 4 28.494 -11.29 4 27.255 -9.058 6 33.806 -5.694 2 21.25
 5 24 -11.29 4 27.255 -14.75 4 25.547 -13.394 6 32.337 -8.419 2 20.326
 5 24 -14.75 4 25.547 -17.96 4 23.405 -17.5 6 30.31 -11 2 19.052
 5 24 -17.96 4 23.405 -20.859 4 20.859 -21.308 6 27.769 -13.394 2 17.455
 5 24 0 2 22 -2.871 2 21.811 0 4 29.5 0 0 10
 5 24 -2.871 2 21.811 -5.694 2 21.25 -3.85 4 29.246 -1.305 0 9.914
 5 24 -5.694 2 21.25 -8.419 2 20.326 -7.635 4 28.494 -2.588 0 9.659
 5 24 -8.419 2 20.326 -11 2 19.052 -11.29 4 27.255 -3.827 0 9.239
 5 24 -11 2 19.052 -13.394 2 17.455 -14.75 4 25.547 -5 0 8.66
 5 24 -13.394 2 17.455 -15.556 2 15.556 -17.96 4 23.405 -6.088 0 7.934
 5 24 0 0 10 -1.305 0 9.914 0 2 22 0 0 0
 5 24 -1.305 0 9.914 -2.588 0 9.659 -2.871 2 21.811 0 0 0
 5 24 -2.588 0 9.659 -3.827 0 9.239 -5.694 2 21.25 0 0 0
 5 24 -3.827 0 9.239 -5 0 8.66 -8.419 2 20.326 0 0 0
 5 24 -5 0 8.66 -6.088 0 7.934 -11 2 19.052 0 0 0
 5 24 -6.088 0 7.934 -7.071 0 7.071 -13.394 2 17.455 0 0 0
0
 5 24 0 6 -35 4.568 6 -34.699 0 8 -40 0 4 -29.5
 5 24 4.568 6 -34.699 9.058 6 -33.806 5.22 8 -39.656 3.85 4 -29.246
 5 24 9.058 6 -33.806 13.394 6 -32.337 10.352 8 -38.636 7.635 4 -28.494
 5 24 13.394 6 -32.337 17.5 6 -30.31 15.308 8 -36.956 11.29 4 -27.255
 5 24 17.5 6 -30.31 21.308 6 -27.769 20 8 -34.64 14.75 4 -25.547
 5 24 21.308 6 -27.769 24.748 6 -24.748 24.352 8 -31.736 17.96 4 -23.405
 5 24 0 4 -29.5 3.85 4 -29.246 0 6 -35 0 2 -22
 5 24 3.85 4 -29.246 7.635 4 -28.494 4.568 6 -34.699 2.871 2 -21.811
 5 24 7.635 4 -28.494 11.29 4 -27.255 9.058 6 -33.806 5.694 2 -21.25
 5 24 11.29 4 -27.255 14.75 4 -25.547 13.394 6 -32.337 8.419 2 -20.326
 5 24 14.75 4 -25.547 17.96 4 -23.405 17.5 6 -30.31 11 2 -19.052
 5 24 17.96 4 -23.405 20.859 4 -20.859 21.308 6 -27.769 13.394 2 -17.455
 5 24 0 2 -22 2.871 2 -21.811 0 4 -29.5 0 0 -10
 5 24 2.871 2 -21.811 5.694 2 -21.25 3.85 4 -29.246 1.305 0 -9.914
 5 24 5.694 2 -21.25 8.419 2 -20.326 7.635 4 -28.494 2.588 0 -9.659
 5 24 8.419 2 -20.326 11 2 -19.052 11.29 4 -27.255 3.827 0 -9.239
 5 24 11 2 -19.052 13.394 2 -17.455 14.75 4 -25.547 5 0 -8.66
 5 24 13.394 2 -17.455 15.556 2 -15.556 17.96 4 -23.405 6.088 0 -7.934
 5 24 0 0 -10 1.305 0 -9.914 0 2 -22 0 0 0
 5 24 1.305 0 -9.914 2.588 0 -9.659 2.871 2 -21.811 0 0 0
 5 24 2.588 0 -9.659 3.827 0 -9.239 5.694 2 -21.25 0 0 0
 5 24 3.827 0 -9.239 5 0 -8.66 8.419 2 -20.326 0 0 0
 5 24 5 0 -8.66 6.088 0 -7.934 11 2 -19.052 0 0 0
 5 24 6.088 0 -7.934 7.071 0 -7.071 13.394 2 -17.455 0 0 0
0
 5 24 0 6 -35 -4.568 6 -34.699 0 8 -40 0 4 -29.5
 5 24 -4.568 6 -34.699 -9.058 6 -33.806 -5.22 8 -39.656 -3.85 4 -29.246
 5 24 -9.058 6 -33.806 -13.394 6 -32.337 -10.352 8 -38.636 -7.635 4 -28.494
 5 24 -13.394 6 -32.337 -17.5 6 -30.31 -15.308 8 -36.956 -11.29 4 -27.255
 5 24 -17.5 6 -30.31 -21.308 6 -27.769 -20 8 -34.64 -14.75 4 -25.547
 5 24 -21.308 6 -27.769 -24.748 6 -24.748 -24.352 8 -31.736 -17.96 4 -23.405
 5 24 0 4 -29.5 -3.85 4 -29.246 0 6 -35 0 2 -22
 5 24 -3.85 4 -29.246 -7.635 4 -28.494 -4.568 6 -34.699 -2.871 2 -21.811
 5 24 -7.635 4 -28.494 -11.29 4 -27.255 -9.058 6 -33.806 -5.694 2 -21.25
 5 24 -11.29 4 -27.255 -14.75 4 -25.547 -13.394 6 -32.337 -8.419 2 -20.326
 5 24 -14.75 4 -25.547 -17.96 4 -23.405 -17.5 6 -30.31 -11 2 -19.052
 5 24 -17.96 4 -23.405 -20.859 4 -20.859 -21.308 6 -27.769 -13.394 2 -17.455
 5 24 0 2 -22 -2.871 2 -21.811 0 4 -29.5 0 0 -10
 5 24 -2.871 2 -21.811 -5.694 2 -21.25 -3.85 4 -29.246 -1.305 0 -9.914
 5 24 -5.694 2 -21.25 -8.419 2 -20.326 -7.635 4 -28.494 -2.588 0 -9.659
 5 24 -8.419 2 -20.326 -11 2 -19.052 -11.29 4 -27.255 -3.827 0 -9.239
 5 24 -11 2 -19.052 -13.394 2 -17.455 -14.75 4 -25.547 -5 0 -8.66
 5 24 -13.394 2 -17.455 -15.556 2 -15.556 -17.96 4 -23.405 -6.088 0 -7.934
 5 24 0 0 -10 -1.305 0 -9.914 0 2 -22 0 0 0
 5 24 -1.305 0 -9.914 -2.588 0 -9.659 -2.871 2 -21.811 0 0 0
 5 24 -2.588 0 -9.659 -3.827 0 -9.239 -5.694 2 -21.25 0 0 0
 5 24 -3.827 0 -9.239 -5 0 -8.66 -8.419 2 -20.326 0 0 0
 5 24 -5 0 -8.66 -6.088 0 -7.934 -11 2 -19.052 0 0 0
 5 24 -6.088 0 -7.934 -7.071 0 -7.071 -13.394 2 -17.455 0 0 0
0
0
 4 16 40 16 0 36 16 0 35.69 16 4.698 39.656 16 5.22
 4 16 39.656 16 5.22 35.69 16 4.698 34.772 16 9.317 38.636 16 10.352
 4 16 38.636 16 10.352 34.772 16 9.317 33.26 16 13.777 36.956 16 15.308
 4 16 36.956 16 15.308 33.26 16 13.777 31.176 16 18 34.64 16 20
 4 16 34.64 16 20 31.176 16 18 28.562 16 21.917 31.736 16 24.352
 4 16 31.736 16 24.352 28.562 16 21.917 25.456 16 25.456 28.284 16 28.284
0
 4 16 -40 16 0 -36 16 0 -35.69 16 4.698 -39.656 16 5.22
 4 16 -39.656 16 5.22 -35.69 16 4.698 -34.772 16 9.317 -38.636 16 10.352
 4 16 -38.636 16 10.352 -34.772 16 9.317 -33.26 16 13.777 -36.956 16 15.308
 4 16 -36.956 16 15.308 -33.26 16 13.777 -31.176 16 18 -34.64 16 20
 4 16 -34.64 16 20 -31.176 16 18 -28.562 16 21.917 -31.736 16 24.352
 4 16 -31.736 16 24.352 -28.562 16 21.917 -25.456 16 25.456 -28.284 16 28.284
0
 4 16 40 16 0 36 16 0 35.69 16 -4.698 39.656 16 -5.22
 4 16 39.656 16 -5.22 35.69 16 -4.698 34.772 16 -9.317 38.636 16 -10.352
 4 16 38.636 16 -10.352 34.772 16 -9.317 33.26 16 -13.777 36.956 16 -15.308
 4 16 36.956 16 -15.308 33.26 16 -13.777 31.176 16 -18 34.64 16 -20
 4 16 34.64 16 -20 31.176 16 -18 28.562 16 -21.917 31.736 16 -24.352
 4 16 31.736 16 -24.352 28.562 16 -21.917 25.456 16 -25.456 28.284 16 -28.284
0
 4 16 -40 16 0 -36 16 0 -35.69 16 -4.698 -39.656 16 -5.22
 4 16 -39.656 16 -5.22 -35.69 16 -4.698 -34.772 16 -9.317 -38.636 16 -10.352
 4 16 -38.636 16 -10.352 -34.772 16 -9.317 -33.26 16 -13.777 -36.956 16 -15.308
 4 16 -36.956 16 -15.308 -33.26 16 -13.777 -31.176 16 -18 -34.64 16 -20
 4 16 -34.64 16 -20 -31.176 16 -18 -28.562 16 -21.917 -31.736 16 -24.352
 4 16 -31.736 16 -24.352 -28.562 16 -21.917 -25.456 16 -25.456 -28.284 16 -28.284
0
 4 16 0 16 40 0 16 36 4.698 16 35.69 5.22 16 39.656
 4 16 5.22 16 39.656 4.698 16 35.69 9.317 16 34.772 10.352 16 38.636
 4 16 10.352 16 38.636 9.317 16 34.772 13.777 16 33.26 15.308 16 36.956
 4 16 15.308 16 36.956 13.777 16 33.26 18 16 31.176 20 16 34.64
 4 16 20 16 34.64 18 16 31.176 21.917 16 28.562 24.352 16 31.736
 4 16 24.352 16 31.736 21.917 16 28.562 25.456 16 25.456 28.284 16 28.284
0
 4 16 0 16 40 0 16 36 -4.698 16 35.69 -5.22 16 39.656
 4 16 -5.22 16 39.656 -4.698 16 35.69 -9.317 16 34.772 -10.352 16 38.636
 4 16 -10.352 16 38.636 -9.317 16 34.772 -13.777 16 33.26 -15.308 16 36.956
 4 16 -15.308 16 36.956 -13.777 16 33.26 -18 16 31.176 -20 16 34.64
 4 16 -20 16 34.64 -18 16 31.176 -21.917 16 28.562 -24.352 16 31.736
 4 16 -24.352 16 31.736 -21.917 16 28.562 -25.456 16 25.456 -28.284 16 28.284
0
 4 16 0 16 -40 0 16 -36 4.698 16 -35.69 5.22 16 -39.656
 4 16 5.22 16 -39.656 4.698 16 -35.69 9.317 16 -34.772 10.352 16 -38.636
 4 16 10.352 16 -38.636 9.317 16 -34.772 13.777 16 -33.26 15.308 16 -36.956
 4 16 15.308 16 -36.956 13.777 16 -33.26 18 16 -31.176 20 16 -34.64
 4 16 20 16 -34.64 18 16 -31.176 21.917 16 -28.562 24.352 16 -31.736
 4 16 24.352 16 -31.736 21.917 16 -28.562 25.456 16 -25.456 28.284 16 -28.284
0
 4 16 0 16 -40 0 16 -36 -4.698 16 -35.69 -5.22 16 -39.656
 4 16 -5.22 16 -39.656 -4.698 16 -35.69 -9.317 16 -34.772 -10.352 16 -38.636
 4 16 -10.352 16 -38.636 -9.317 16 -34.772 -13.777 16 -33.26 -15.308 16 -36.956
 4 16 -15.308 16 -36.956 -13.777 16 -33.26 -18 16 -31.176 -20 16 -34.64
 4 16 -20 16 -34.64 -18 16 -31.176 -21.917 16 -28.562 -24.352 16 -31.736
 4 16 -24.352 16 -31.736 -21.917 16 -28.562 -25.456 16 -25.456 -28.284 16 -28.284
0
 4 16 36 11 0 34.5 10 0 34.203 10 4.502 35.69 11 4.698
 4 16 34.5 10 0 29 8 0 28.751 8 3.785 34.203 10 4.502
 4 16 29 8 0 21.5 6 0 21.315 6 2.806 28.751 8 3.785
 4 16 21.5 6 0 10 4 0 9.914 4 1.305 21.315 6 2.806
 4 16 35.69 11 4.698 34.203 10 4.502 33.324 10 8.929 34.772 11 9.317
 4 16 34.203 10 4.502 28.751 8 3.785 28.011 8 7.505 33.324 10 8.929
 4 16 28.751 8 3.785 21.315 6 2.806 20.767 6 5.564 28.011 8 7.505
 4 16 21.315 6 2.806 9.914 4 1.305 9.659 4 2.588 20.767 6 5.564
 4 16 34.772 11 9.317 33.324 10 8.929 31.875 10 13.203 33.26 11 13.777
 4 16 33.324 10 8.929 28.011 8 7.505 26.793 8 11.098 31.875 10 13.203
 4 16 28.011 8 7.505 20.767 6 5.564 19.864 6 8.228 26.793 8 11.098
 4 16 20.767 6 5.564 9.659 4 2.588 9.239 4 3.827 19.864 6 8.228
 4 16 33.26 11 13.777 31.875 10 13.203 29.877 10 17.25 31.176 11 18
 4 16 31.875 10 13.203 26.793 8 11.098 25.114 8 14.5 29.877 10 17.25
 4 16 26.793 8 11.098 19.864 6 8.228 18.619 6 10.75 25.114 8 14.5
 4 16 19.864 6 8.228 9.239 4 3.827 8.66 4 5 18.619 6 10.75
 4 16 31.176 11 18 29.877 10 17.25 27.372 10 21.004 28.562 11 21.917
 4 16 29.877 10 17.25 25.114 8 14.5 23.009 8 17.655 27.372 10 21.004
 4 16 25.114 8 14.5 18.619 6 10.75 17.058 6 13.089 23.009 8 17.655
 4 16 18.619 6 10.75 8.66 4 5 7.934 4 6.088 17.058 6 13.089
 4 16 28.562 11 21.917 27.372 10 21.004 24.395 10 24.395 25.456 11 25.456
 4 16 27.372 10 21.004 23.009 8 17.655 20.506 8 20.506 24.395 10 24.395
 4 16 23.009 8 17.655 17.058 6 13.089 15.203 6 15.203 20.506 8 20.506
 4 16 17.058 6 13.089 7.934 4 6.088 7.071 4 7.071 15.203 6 15.203
0
 4 16 -36 11 0 -34.5 10 0 -34.203 10 4.502 -35.69 11 4.698
 4 16 -34.5 10 0 -29 8 0 -28.751 8 3.785 -34.203 10 4.502
 4 16 -29 8 0 -21.5 6 0 -21.315 6 2.806 -28.751 8 3.785
 4 16 -21.5 6 0 -10 4 0 -9.914 4 1.305 -21.315 6 2.806
 4 16 -35.69 11 4.698 -34.203 10 4.502 -33.324 10 8.929 -34.772 11 9.317
 4 16 -34.203 10 4.502 -28.751 8 3.785 -28.011 8 7.505 -33.324 10 8.929
 4 16 -28.751 8 3.785 -21.315 6 2.806 -20.767 6 5.564 -28.011 8 7.505
 4 16 -21.315 6 2.806 -9.914 4 1.305 -9.659 4 2.588 -20.767 6 5.564
 4 16 -34.772 11 9.317 -33.324 10 8.929 -31.875 10 13.203 -33.26 11 13.777
 4 16 -33.324 10 8.929 -28.011 8 7.505 -26.793 8 11.098 -31.875 10 13.203
 4 16 -28.011 8 7.505 -20.767 6 5.564 -19.864 6 8.228 -26.793 8 11.098
 4 16 -20.767 6 5.564 -9.659 4 2.588 -9.239 4 3.827 -19.864 6 8.228
 4 16 -33.26 11 13.777 -31.875 10 13.203 -29.877 10 17.25 -31.176 11 18
 4 16 -31.875 10 13.203 -26.793 8 11.098 -25.114 8 14.5 -29.877 10 17.25
 4 16 -26.793 8 11.098 -19.864 6 8.228 -18.619 6 10.75 -25.114 8 14.5
 4 16 -19.864 6 8.228 -9.239 4 3.827 -8.66 4 5 -18.619 6 10.75
 4 16 -31.176 11 18 -29.877 10 17.25 -27.372 10 21.004 -28.562 11 21.917
 4 16 -29.877 10 17.25 -25.114 8 14.5 -23.009 8 17.655 -27.372 10 21.004
 4 16 -25.114 8 14.5 -18.619 6 10.75 -17.058 6 13.089 -23.009 8 17.655
 4 16 -18.619 6 10.75 -8.66 4 5 -7.934 4 6.088 -17.058 6 13.089
 4 16 -28.562 11 21.917 -27.372 10 21.004 -24.395 10 24.395 -25.456 11 25.456
 4 16 -27.372 10 21.004 -23.009 8 17.655 -20.506 8 20.506 -24.395 10 24.395
 4 16 -23.009 8 17.655 -17.058 6 13.089 -15.203 6 15.203 -20.506 8 20.506
 4 16 -17.058 6 13.089 -7.934 4 6.088 -7.071 4 7.071 -15.203 6 15.203
0
 4 16 36 11 0 34.5 10 0 34.203 10 -4.502 35.69 11 -4.698
 4 16 34.5 10 0 29 8 0 28.751 8 -3.785 34.203 10 -4.502
 4 16 29 8 0 21.5 6 0 21.315 6 -2.806 28.751 8 -3.785
 4 16 21.5 6 0 10 4 0 9.914 4 -1.305 21.315 6 -2.806
 4 16 35.69 11 -4.698 34.203 10 -4.502 33.324 10 -8.929 34.772 11 -9.317
 4 16 34.203 10 -4.502 28.751 8 -3.785 28.011 8 -7.505 33.324 10 -8.929
 4 16 28.751 8 -3.785 21.315 6 -2.806 20.767 6 -5.564 28.011 8 -7.505
 4 16 21.315 6 -2.806 9.914 4 -1.305 9.659 4 -2.588 20.767 6 -5.564
 4 16 34.772 11 -9.317 33.324 10 -8.929 31.875 10 -13.203 33.26 11 -13.777
 4 16 33.324 10 -8.929 28.011 8 -7.505 26.793 8 -11.098 31.875 10 -13.203
 4 16 28.011 8 -7.505 20.767 6 -5.564 19.864 6 -8.228 26.793 8 -11.098
 4 16 20.767 6 -5.564 9.659 4 -2.588 9.239 4 -3.827 19.864 6 -8.228
 4 16 33.26 11 -13.777 31.875 10 -13.203 29.877 10 -17.25 31.176 11 -18
 4 16 31.875 10 -13.203 26.793 8 -11.098 25.114 8 -14.5 29.877 10 -17.25
 4 16 26.793 8 -11.098 19.864 6 -8.228 18.619 6 -10.75 25.114 8 -14.5
 4 16 19.864 6 -8.228 9.239 4 -3.827 8.66 4 -5 18.619 6 -10.75
 4 16 31.176 11 -18 29.877 10 -17.25 27.372 10 -21.004 28.562 11 -21.917
 4 16 29.877 10 -17.25 25.114 8 -14.5 23.009 8 -17.655 27.372 10 -21.004
 4 16 25.114 8 -14.5 18.619 6 -10.75 17.058 6 -13.089 23.009 8 -17.655
 4 16 18.619 6 -10.75 8.66 4 -5 7.934 4 -6.088 17.058 6 -13.089
 4 16 28.562 11 -21.917 27.372 10 -21.004 24.395 10 -24.395 25.456 11 -25.456
 4 16 27.372 10 -21.004 23.009 8 -17.655 20.506 8 -20.506 24.395 10 -24.395
 4 16 23.009 8 -17.655 17.058 6 -13.089 15.203 6 -15.203 20.506 8 -20.506
 4 16 17.058 6 -13.089 7.934 4 -6.088 7.071 4 -7.071 15.203 6 -15.203
0
 4 16 -36 11 0 -34.5 10 0 -34.203 10 -4.502 -35.69 11 -4.698
 4 16 -34.5 10 0 -29 8 0 -28.751 8 -3.785 -34.203 10 -4.502
 4 16 -29 8 0 -21.5 6 0 -21.315 6 -2.806 -28.751 8 -3.785
 4 16 -21.5 6 0 -10 4 0 -9.914 4 -1.305 -21.315 6 -2.806
 4 16 -35.69 11 -4.698 -34.203 10 -4.502 -33.324 10 -8.929 -34.772 11 -9.317
 4 16 -34.203 10 -4.502 -28.751 8 -3.785 -28.011 8 -7.505 -33.324 10 -8.929
 4 16 -28.751 8 -3.785 -21.315 6 -2.806 -20.767 6 -5.564 -28.011 8 -7.505
 4 16 -21.315 6 -2.806 -9.914 4 -1.305 -9.659 4 -2.588 -20.767 6 -5.564
 4 16 -34.772 11 -9.317 -33.324 10 -8.929 -31.875 10 -13.203 -33.26 11 -13.777
 4 16 -33.324 10 -8.929 -28.011 8 -7.505 -26.793 8 -11.098 -31.875 10 -13.203
 4 16 -28.011 8 -7.505 -20.767 6 -5.564 -19.864 6 -8.228 -26.793 8 -11.098
 4 16 -20.767 6 -5.564 -9.659 4 -2.588 -9.239 4 -3.827 -19.864 6 -8.228
 4 16 -33.26 11 -13.777 -31.875 10 -13.203 -29.877 10 -17.25 -31.176 11 -18
 4 16 -31.875 10 -13.203 -26.793 8 -11.098 -25.114 8 -14.5 -29.877 10 -17.25
 4 16 -26.793 8 -11.098 -19.864 6 -8.228 -18.619 6 -10.75 -25.114 8 -14.5
 4 16 -19.864 6 -8.228 -9.239 4 -3.827 -8.66 4 -5 -18.619 6 -10.75
 4 16 -31.176 11 -18 -29.877 10 -17.25 -27.372 10 -21.004 -28.562 11 -21.917
 4 16 -29.877 10 -17.25 -25.114 8 -14.5 -23.009 8 -17.655 -27.372 10 -21.004
 4 16 -25.114 8 -14.5 -18.619 6 -10.75 -17.058 6 -13.089 -23.009 8 -17.655
 4 16 -18.619 6 -10.75 -8.66 4 -5 -7.934 4 -6.088 -17.058 6 -13.089
 4 16 -28.562 11 -21.917 -27.372 10 -21.004 -24.395 10 -24.395 -25.456 11 -25.456
 4 16 -27.372 10 -21.004 -23.009 8 -17.655 -20.506 8 -20.506 -24.395 10 -24.395
 4 16 -23.009 8 -17.655 -17.058 6 -13.089 -15.203 6 -15.203 -20.506 8 -20.506
 4 16 -17.058 6 -13.089 -7.934 4 -6.088 -7.071 4 -7.071 -15.203 6 -15.203
0
 4 16 0 11 36 0 10 34.5 4.502 10 34.203 4.698 11 35.69
 4 16 0 10 34.5 0 8 29 3.785 8 28.751 4.502 10 34.203
 4 16 0 8 29 0 6 21.5 2.806 6 21.315 3.785 8 28.751
 4 16 0 6 21.5 0 4 10 1.305 4 9.914 2.806 6 21.315
 4 16 4.698 11 35.69 4.502 10 34.203 8.929 10 33.324 9.317 11 34.772
 4 16 4.502 10 34.203 3.785 8 28.751 7.505 8 28.011 8.929 10 33.324
 4 16 3.785 8 28.751 2.806 6 21.315 5.564 6 20.767 7.505 8 28.011
 4 16 2.806 6 21.315 1.305 4 9.914 2.588 4 9.659 5.564 6 20.767
 4 16 9.317 11 34.772 8.929 10 33.324 13.203 10 31.875 13.777 11 33.26
 4 16 8.929 10 33.324 7.505 8 28.011 11.098 8 26.793 13.203 10 31.875
 4 16 7.505 8 28.011 5.564 6 20.767 8.228 6 19.864 11.098 8 26.793
 4 16 5.564 6 20.767 2.588 4 9.659 3.827 4 9.239 8.228 6 19.864
 4 16 13.777 11 33.26 13.203 10 31.875 17.25 10 29.877 18 11 31.176
 4 16 13.203 10 31.875 11.098 8 26.793 14.5 8 25.114 17.25 10 29.877
 4 16 11.098 8 26.793 8.228 6 19.864 10.75 6 18.619 14.5 8 25.114
 4 16 8.228 6 19.864 3.827 4 9.239 5 4 8.66 10.75 6 18.619
 4 16 18 11 31.176 17.25 10 29.877 21.004 10 27.372 21.917 11 28.562
 4 16 17.25 10 29.877 14.5 8 25.114 17.655 8 23.009 21.004 10 27.372
 4 16 14.5 8 25.114 10.75 6 18.619 13.089 6 17.058 17.655 8 23.009
 4 16 10.75 6 18.619 5 4 8.66 6.088 4 7.934 13.089 6 17.058
 4 16 21.917 11 28.562 21.004 10 27.372 24.395 10 24.395 25.456 11 25.456
 4 16 21.004 10 27.372 17.655 8 23.009 20.506 8 20.506 24.395 10 24.395
 4 16 17.655 8 23.009 13.089 6 17.058 15.203 6 15.203 20.506 8 20.506
 4 16 13.089 6 17.058 6.088 4 7.934 7.071 4 7.071 15.203 6 15.203
0
 4 16 0 11 36 0 10 34.5 -4.502 10 34.203 -4.698 11 35.69
 4 16 0 10 34.5 0 8 29 -3.785 8 28.751 -4.502 10 34.203
 4 16 0 8 29 0 6 21.5 -2.806 6 21.315 -3.785 8 28.751
 4 16 0 6 21.5 0 4 10 -1.305 4 9.914 -2.806 6 21.315
 4 16 -4.698 11 35.69 -4.502 10 34.203 -8.929 10 33.324 -9.317 11 34.772
 4 16 -4.502 10 34.203 -3.785 8 28.751 -7.505 8 28.011 -8.929 10 33.324
 4 16 -3.785 8 28.751 -2.806 6 21.315 -5.564 6 20.767 -7.505 8 28.011
 4 16 -2.806 6 21.315 -1.305 4 9.914 -2.588 4 9.659 -5.564 6 20.767
 4 16 -9.317 11 34.772 -8.929 10 33.324 -13.203 10 31.875 -13.777 11 33.26
 4 16 -8.929 10 33.324 -7.505 8 28.011 -11.098 8 26.793 -13.203 10 31.875
 4 16 -7.505 8 28.011 -5.564 6 20.767 -8.228 6 19.864 -11.098 8 26.793
 4 16 -5.564 6 20.767 -2.588 4 9.659 -3.827 4 9.239 -8.228 6 19.864
 4 16 -13.777 11 33.26 -13.203 10 31.875 -17.25 10 29.877 -18 11 31.176
 4 16 -13.203 10 31.875 -11.098 8 26.793 -14.5 8 25.114 -17.25 10 29.877
 4 16 -11.098 8 26.793 -8.228 6 19.864 -10.75 6 18.619 -14.5 8 25.114
 4 16 -8.228 6 19.864 -3.827 4 9.239 -5 4 8.66 -10.75 6 18.619
 4 16 -18 11 31.176 -17.25 10 29.877 -21.004 10 27.372 -21.917 11 28.562
 4 16 -17.25 10 29.877 -14.5 8 25.114 -17.655 8 23.009 -21.004 10 27.372
 4 16 -14.5 8 25.114 -10.75 6 18.619 -13.089 6 17.058 -17.655 8 23.009
 4 16 -10.75 6 18.619 -5 4 8.66 -6.088 4 7.934 -13.089 6 17.058
 4 16 -21.917 11 28.562 -21.004 10 27.372 -24.395 10 24.395 -25.456 11 25.456
 4 16 -21.004 10 27.372 -17.655 8 23.009 -20.506 8 20.506 -24.395 10 24.395
 4 16 -17.655 8 23.009 -13.089 6 17.058 -15.203 6 15.203 -20.506 8 20.506
 4 16 -13.089 6 17.058 -6.088 4 7.934 -7.071 4 7.071 -15.203 6 15.203
0
 4 16 0 11 -36 0 10 -34.5 4.502 10 -34.203 4.698 11 -35.69
 4 16 0 10 -34.5 0 8 -29 3.785 8 -28.751 4.502 10 -34.203
 4 16 0 8 -29 0 6 -21.5 2.806 6 -21.315 3.785 8 -28.751
 4 16 0 6 -21.5 0 4 -10 1.305 4 -9.914 2.806 6 -21.315
 4 16 4.698 11 -35.69 4.502 10 -34.203 8.929 10 -33.324 9.317 11 -34.772
 4 16 4.502 10 -34.203 3.785 8 -28.751 7.505 8 -28.011 8.929 10 -33.324
 4 16 3.785 8 -28.751 2.806 6 -21.315 5.564 6 -20.767 7.505 8 -28.011
 4 16 2.806 6 -21.315 1.305 4 -9.914 2.588 4 -9.659 5.564 6 -20.767
 4 16 9.317 11 -34.772 8.929 10 -33.324 13.203 10 -31.875 13.777 11 -33.26
 4 16 8.929 10 -33.324 7.505 8 -28.011 11.098 8 -26.793 13.203 10 -31.875
 4 16 7.505 8 -28.011 5.564 6 -20.767 8.228 6 -19.864 11.098 8 -26.793
 4 16 5.564 6 -20.767 2.588 4 -9.659 3.827 4 -9.239 8.228 6 -19.864
 4 16 13.777 11 -33.26 13.203 10 -31.875 17.25 10 -29.877 18 11 -31.176
 4 16 13.203 10 -31.875 11.098 8 -26.793 14.5 8 -25.114 17.25 10 -29.877
 4 16 11.098 8 -26.793 8.228 6 -19.864 10.75 6 -18.619 14.5 8 -25.114
 4 16 8.228 6 -19.864 3.827 4 -9.239 5 4 -8.66 10.75 6 -18.619
 4 16 18 11 -31.176 17.25 10 -29.877 21.004 10 -27.372 21.917 11 -28.562
 4 16 17.25 10 -29.877 14.5 8 -25.114 17.655 8 -23.009 21.004 10 -27.372
 4 16 14.5 8 -25.114 10.75 6 -18.619 13.089 6 -17.058 17.655 8 -23.009
 4 16 10.75 6 -18.619 5 4 -8.66 6.088 4 -7.934 13.089 6 -17.058
 4 16 21.917 11 -28.562 21.004 10 -27.372 24.395 10 -24.395 25.456 11 -25.456
 4 16 21.004 10 -27.372 17.655 8 -23.009 20.506 8 -20.506 24.395 10 -24.395
 4 16 17.655 8 -23.009 13.089 6 -17.058 15.203 6 -15.203 20.506 8 -20.506
 4 16 13.089 6 -17.058 6.088 4 -7.934 7.071 4 -7.071 15.203 6 -15.203
0
 4 16 0 11 -36 0 10 -34.5 -4.502 10 -34.203 -4.698 11 -35.69
 4 16 0 10 -34.5 0 8 -29 -3.785 8 -28.751 -4.502 10 -34.203
 4 16 0 8 -29 0 6 -21.5 -2.806 6 -21.315 -3.785 8 -28.751
 4 16 0 6 -21.5 0 4 -10 -1.305 4 -9.914 -2.806 6 -21.315
 4 16 -4.698 11 -35.69 -4.502 10 -34.203 -8.929 10 -33.324 -9.317 11 -34.772
 4 16 -4.502 10 -34.203 -3.785 8 -28.751 -7.505 8 -28.011 -8.929 10 -33.324
 4 16 -3.785 8 -28.751 -2.806 6 -21.315 -5.564 6 -20.767 -7.505 8 -28.011
 4 16 -2.806 6 -21.315 -1.305 4 -9.914 -2.588 4 -9.659 -5.564 6 -20.767
 4 16 -9.317 11 -34.772 -8.929 10 -33.324 -13.203 10 -31.875 -13.777 11 -33.26
 4 16 -8.929 10 -33.324 -7.505 8 -28.011 -11.098 8 -26.793 -13.203 10 -31.875
 4 16 -7.505 8 -28.011 -5.564 6 -20.767 -8.228 6 -19.864 -11.098 8 -26.793
 4 16 -5.564 6 -20.767 -2.588 4 -9.659 -3.827 4 -9.239 -8.228 6 -19.864
 4 16 -13.777 11 -33.26 -13.203 10 -31.875 -17.25 10 -29.877 -18 11 -31.176
 4 16 -13.203 10 -31.875 -11.098 8 -26.793 -14.5 8 -25.114 -17.25 10 -29.877
 4 16 -11.098 8 -26.793 -8.228 6 -19.864 -10.75 6 -18.619 -14.5 8 -25.114
 4 16 -8.228 6 -19.864 -3.827 4 -9.239 -5 4 -8.66 -10.75 6 -18.619
 4 16 -18 11 -31.176 -17.25 10 -29.877 -21.004 10 -27.372 -21.917 11 -28.562
 4 16 -17.25 10 -29.877 -14.5 8 -25.114 -17.655 8 -23.009 -21.004 10 -27.372
 4 16 -14.5 8 -25.114 -10.75 6 -18.619 -13.089 6 -17.058 -17.655 8 -23.009
 4 16 -10.75 6 -18.619 -5 4 -8.66 -6.088 4 -7.934 -13.089 6 -17.058
 4 16 -21.917 11 -28.562 -21.004 10 -27.372 -24.395 10 -24.395 -25.456 11 -25.456
 4 16 -21.004 10 -27.372 -17.655 8 -23.009 -20.506 8 -20.506 -24.395 10 -24.395
 4 16 -17.655 8 -23.009 -13.089 6 -17.058 -15.203 6 -15.203 -20.506 8 -20.506
 4 16 -13.089 6 -17.058 -6.088 4 -7.934 -7.071 4 -7.071 -15.203 6 -15.203
0
 5 24 36 11 0 34.5 10 0 35.69 11 4.698 35.69 11 -4.698
 5 24 35.69 11 4.698 34.203 10 4.502 34.772 11 9.317 36 11 0
 5 24 34.772 11 9.317 33.324 10 8.929 33.26 11 13.777 35.69 11 4.698
 5 24 33.26 11 13.777 31.875 10 13.203 31.176 11 18 34.772 11 9.317
 5 24 31.176 11 18 29.877 10 17.25 28.562 11 21.917 33.26 11 13.777
 5 24 28.562 11 21.917 27.372 10 21.004 25.456 11 25.456 31.176 11 18
 5 24 34.5 10 0 29 8 0 34.203 10 4.502 34.203 10 -4.502
 5 24 34.203 10 4.502 28.751 8 3.785 33.324 10 8.929 34.5 10 0
 5 24 33.324 10 8.929 28.011 8 7.505 31.875 10 13.203 34.203 10 4.502
 5 24 31.875 10 13.203 26.793 8 11.098 29.877 10 17.25 33.324 10 8.929
 5 24 29.877 10 17.25 25.114 8 14.5 27.372 10 21.004 31.875 10 13.203
 5 24 27.372 10 21.004 23.009 8 17.655 24.395 10 24.395 29.877 10 17.25
 5 24 29 8 0 21.5 6 0 28.751 8 3.785 28.751 8 -3.785
 5 24 28.751 8 3.785 21.315 6 2.806 28.011 8 7.505 29 8 0
 5 24 28.011 8 7.505 20.767 6 5.564 26.793 8 11.098 28.751 8 3.785
 5 24 26.793 8 11.098 19.864 6 8.228 25.114 8 14.5 28.011 8 7.505
 5 24 25.114 8 14.5 18.619 6 10.75 23.009 8 17.655 26.793 8 11.098
 5 24 23.009 8 17.655 17.058 6 13.089 20.506 8 20.506 25.114 8 14.5
 5 24 21.5 6 0 10 4 0 21.315 6 2.806 21.315 6 -2.806
 5 24 21.315 6 2.806 9.914 4 1.305 20.767 6 5.564 21.5 6 0
 5 24 20.767 6 5.564 9.659 4 2.588 19.864 6 8.228 21.315 6 2.806
 5 24 19.864 6 8.228 9.239 4 3.827 18.619 6 10.75 20.767 6 5.564
 5 24 18.619 6 10.75 8.66 4 5 17.058 6 13.089 19.864 6 8.228
 5 24 17.058 6 13.089 7.934 4 6.088 15.203 6 15.203 18.619 6 10.75
0
 5 24 34.5 10 0 34.203 10 4.502 36 11 0 29 8 0
 5 24 34.203 10 4.502 33.324 10 8.929 35.69 11 4.698 28.751 8 3.785
 5 24 33.324 10 8.929 31.875 10 13.203 34.772 11 9.317 28.011 8 7.505
 5 24 31.875 10 13.203 29.877 10 17.25 33.26 11 13.777 26.793 8 11.098
 5 24 29.877 10 17.25 27.372 10 21.004 31.176 11 18 25.114 8 14.5
 5 24 27.372 10 21.004 24.395 10 24.395 28.562 11 21.917 23.009 8 17.655
 5 24 29 8 0 28.751 8 3.785 34.5 10 0 21.5 6 0
 5 24 28.751 8 3.785 28.011 8 7.505 34.203 10 4.502 21.315 6 2.806
 5 24 28.011 8 7.505 26.793 8 11.098 33.324 10 8.929 20.767 6 5.564
 5 24 26.793 8 11.098 25.114 8 14.5 31.875 10 13.203 19.864 6 8.228
 5 24 25.114 8 14.5 23.009 8 17.655 29.877 10 17.25 18.619 6 10.75
 5 24 23.009 8 17.655 20.506 8 20.506 27.372 10 21.004 17.058 6 13.089
 5 24 21.5 6 0 21.315 6 2.806 29 8 0 10 4 0
 5 24 21.315 6 2.806 20.767 6 5.564 28.751 8 3.785 9.914 4 1.305
 5 24 20.767 6 5.564 19.864 6 8.228 28.011 8 7.505 9.659 4 2.588
 5 24 19.864 6 8.228 18.619 6 10.75 26.793 8 11.098 9.239 4 3.827
 5 24 18.619 6 10.75 17.058 6 13.089 25.114 8 14.5 8.66 4 5
 5 24 17.058 6 13.089 15.203 6 15.203 23.009 8 17.655 7.934 4 6.088
0
 5 24 -36 11 0 -34.5 10 0 -35.69 11 4.698 -35.69 11 -4.698
 5 24 -35.69 11 4.698 -34.203 10 4.502 -34.772 11 9.317 -36 11 0
 5 24 -34.772 11 9.317 -33.324 10 8.929 -33.26 11 13.777 -35.69 11 4.698
 5 24 -33.26 11 13.777 -31.875 10 13.203 -31.176 11 18 -34.772 11 9.317
 5 24 -31.176 11 18 -29.877 10 17.25 -28.562 11 21.917 -33.26 11 13.777
 5 24 -28.562 11 21.917 -27.372 10 21.004 -25.456 11 25.456 -31.176 11 18
 5 24 -34.5 10 0 -29 8 0 -34.203 10 4.502 -34.203 10 -4.502
 5 24 -34.203 10 4.502 -28.751 8 3.785 -33.324 10 8.929 -34.5 10 0
 5 24 -33.324 10 8.929 -28.011 8 7.505 -31.875 10 13.203 -34.203 10 4.502
 5 24 -31.875 10 13.203 -26.793 8 11.098 -29.877 10 17.25 -33.324 10 8.929
 5 24 -29.877 10 17.25 -25.114 8 14.5 -27.372 10 21.004 -31.875 10 13.203
 5 24 -27.372 10 21.004 -23.009 8 17.655 -24.395 10 24.395 -29.877 10 17.25
 5 24 -29 8 0 -21.5 6 0 -28.751 8 3.785 -28.751 8 -3.785
 5 24 -28.751 8 3.785 -21.315 6 2.806 -28.011 8 7.505 -29 8 0
 5 24 -28.011 8 7.505 -20.767 6 5.564 -26.793 8 11.098 -28.751 8 3.785
 5 24 -26.793 8 11.098 -19.864 6 8.228 -25.114 8 14.5 -28.011 8 7.505
 5 24 -25.114 8 14.5 -18.619 6 10.75 -23.009 8 17.655 -26.793 8 11.098
 5 24 -23.009 8 17.655 -17.058 6 13.089 -20.506 8 20.506 -25.114 8 14.5
 5 24 -21.5 6 0 -10 4 0 -21.315 6 2.806 -21.315 6 -2.806
 5 24 -21.315 6 2.806 -9.914 4 1.305 -20.767 6 5.564 -21.5 6 0
 5 24 -20.767 6 5.564 -9.659 4 2.588 -19.864 6 8.228 -21.315 6 2.806
 5 24 -19.864 6 8.228 -9.239 4 3.827 -18.619 6 10.75 -20.767 6 5.564
 5 24 -18.619 6 10.75 -8.66 4 5 -17.058 6 13.089 -19.864 6 8.228
 5 24 -17.058 6 13.089 -7.934 4 6.088 -15.203 6 15.203 -18.619 6 10.75
0
 5 24 -34.5 10 0 -34.203 10 4.502 -36 11 0 -29 8 0
 5 24 -34.203 10 4.502 -33.324 10 8.929 -35.69 11 4.698 -28.751 8 3.785
 5 24 -33.324 10 8.929 -31.875 10 13.203 -34.772 11 9.317 -28.011 8 7.505
 5 24 -31.875 10 13.203 -29.877 10 17.25 -33.26 11 13.777 -26.793 8 11.098
 5 24 -29.877 10 17.25 -27.372 10 21.004 -31.176 11 18 -25.114 8 14.5
 5 24 -27.372 10 21.004 -24.395 10 24.395 -28.562 11 21.917 -23.009 8 17.655
 5 24 -29 8 0 -28.751 8 3.785 -34.5 10 0 -21.5 6 0
 5 24 -28.751 8 3.785 -28.011 8 7.505 -34.203 10 4.502 -21.315 6 2.806
 5 24 -28.011 8 7.505 -26.793 8 11.098 -33.324 10 8.929 -20.767 6 5.564
 5 24 -26.793 8 11.098 -25.114 8 14.5 -31.875 10 13.203 -19.864 6 8.228
 5 24 -25.114 8 14.5 -23.009 8 17.655 -29.877 10 17.25 -18.619 6 10.75
 5 24 -23.009 8 17.655 -20.506 8 20.506 -27.372 10 21.004 -17.058 6 13.089
 5 24 -21.5 6 0 -21.315 6 2.806 -29 8 0 -10 4 0
 5 24 -21.315 6 2.806 -20.767 6 5.564 -28.751 8 3.785 -9.914 4 1.305
 5 24 -20.767 6 5.564 -19.864 6 8.228 -28.011 8 7.505 -9.659 4 2.588
 5 24 -19.864 6 8.228 -18.619 6 10.75 -26.793 8 11.098 -9.239 4 3.827
 5 24 -18.619 6 10.75 -17.058 6 13.089 -25.114 8 14.5 -8.66 4 5
 5 24 -17.058 6 13.089 -15.203 6 15.203 -23.009 8 17.655 -7.934 4 6.088
0
 5 24 36 11 0 34.5 10 0 35.69 11 -4.698 35.69 11 4.698
 5 24 35.69 11 -4.698 34.203 10 -4.502 34.772 11 -9.317 36 11 0
 5 24 34.772 11 -9.317 33.324 10 -8.929 33.26 11 -13.777 35.69 11 -4.698
 5 24 33.26 11 -13.777 31.875 10 -13.203 31.176 11 -18 34.772 11 -9.317
 5 24 31.176 11 -18 29.877 10 -17.25 28.562 11 -21.917 33.26 11 -13.777
 5 24 28.562 11 -21.917 27.372 10 -21.004 25.456 11 -25.456 31.176 11 -18
 5 24 34.5 10 0 29 8 0 34.203 10 -4.502 34.203 10 4.502
 5 24 34.203 10 -4.502 28.751 8 -3.785 33.324 10 -8.929 34.5 10 0
 5 24 33.324 10 -8.929 28.011 8 -7.505 31.875 10 -13.203 34.203 10 -4.502
 5 24 31.875 10 -13.203 26.793 8 -11.098 29.877 10 -17.25 33.324 10 -8.929
 5 24 29.877 10 -17.25 25.114 8 -14.5 27.372 10 -21.004 31.875 10 -13.203
 5 24 27.372 10 -21.004 23.009 8 -17.655 24.395 10 -24.395 29.877 10 -17.25
 5 24 29 8 0 21.5 6 0 28.751 8 -3.785 28.751 8 3.785
 5 24 28.751 8 -3.785 21.315 6 -2.806 28.011 8 -7.505 29 8 0
 5 24 28.011 8 -7.505 20.767 6 -5.564 26.793 8 -11.098 28.751 8 -3.785
 5 24 26.793 8 -11.098 19.864 6 -8.228 25.114 8 -14.5 28.011 8 -7.505
 5 24 25.114 8 -14.5 18.619 6 -10.75 23.009 8 -17.655 26.793 8 -11.098
 5 24 23.009 8 -17.655 17.058 6 -13.089 20.506 8 -20.506 25.114 8 -14.5
 5 24 21.5 6 0 10 4 0 21.315 6 -2.806 21.315 6 2.806
 5 24 21.315 6 -2.806 9.914 4 -1.305 20.767 6 -5.564 21.5 6 0
 5 24 20.767 6 -5.564 9.659 4 -2.588 19.864 6 -8.228 21.315 6 -2.806
 5 24 19.864 6 -8.228 9.239 4 -3.827 18.619 6 -10.75 20.767 6 -5.564
 5 24 18.619 6 -10.75 8.66 4 -5 17.058 6 -13.089 19.864 6 -8.228
 5 24 17.058 6 -13.089 7.934 4 -6.088 15.203 6 -15.203 18.619 6 -10.75
0
 5 24 34.5 10 0 34.203 10 -4.502 36 11 0 29 8 0
 5 24 34.203 10 -4.502 33.324 10 -8.929 35.69 11 -4.698 28.751 8 -3.785
 5 24 33.324 10 -8.929 31.875 10 -13.203 34.772 11 -9.317 28.011 8 -7.505
 5 24 31.875 10 -13.203 29.877 10 -17.25 33.26 11 -13.777 26.793 8 -11.098
 5 24 29.877 10 -17.25 27.372 10 -21.004 31.176 11 -18 25.114 8 -14.5
 5 24 27.372 10 -21.004 24.395 10 -24.395 28.562 11 -21.917 23.009 8 -17.655
 5 24 29 8 0 28.751 8 -3.785 34.5 10 0 21.5 6 0
 5 24 28.751 8 -3.785 28.011 8 -7.505 34.203 10 -4.502 21.315 6 -2.806
 5 24 28.011 8 -7.505 26.793 8 -11.098 33.324 10 -8.929 20.767 6 -5.564
 5 24 26.793 8 -11.098 25.114 8 -14.5 31.875 10 -13.203 19.864 6 -8.228
 5 24 25.114 8 -14.5 23.009 8 -17.655 29.877 10 -17.25 18.619 6 -10.75
 5 24 23.009 8 -17.655 20.506 8 -20.506 27.372 10 -21.004 17.058 6 -13.089
 5 24 21.5 6 0 21.315 6 -2.806 29 8 0 10 4 0
 5 24 21.315 6 -2.806 20.767 6 -5.564 28.751 8 -3.785 9.914 4 -1.305
 5 24 20.767 6 -5.564 19.864 6 -8.228 28.011 8 -7.505 9.659 4 -2.588
 5 24 19.864 6 -8.228 18.619 6 -10.75 26.793 8 -11.098 9.239 4 -3.827
 5 24 18.619 6 -10.75 17.058 6 -13.089 25.114 8 -14.5 8.66 4 -5
 5 24 17.058 6 -13.089 15.203 6 -15.203 23.009 8 -17.655 7.934 4 -6.088
0
 5 24 -36 11 0 -34.5 10 0 -35.69 11 -4.698 -35.69 11 4.698
 5 24 -35.69 11 -4.698 -34.203 10 -4.502 -34.772 11 -9.317 -36 11 0
 5 24 -34.772 11 -9.317 -33.324 10 -8.929 -33.26 11 -13.777 -35.69 11 -4.698
 5 24 -33.26 11 -13.777 -31.875 10 -13.203 -31.176 11 -18 -34.772 11 -9.317
 5 24 -31.176 11 -18 -29.877 10 -17.25 -28.562 11 -21.917 -33.26 11 -13.777
 5 24 -28.562 11 -21.917 -27.372 10 -21.004 -25.456 11 -25.456 -31.176 11 -18
 5 24 -34.5 10 0 -29 8 0 -34.203 10 -4.502 -34.203 10 4.502
 5 24 -34.203 10 -4.502 -28.751 8 -3.785 -33.324 10 -8.929 -34.5 10 0
 5 24 -33.324 10 -8.929 -28.011 8 -7.505 -31.875 10 -13.203 -34.203 10 -4.502
 5 24 -31.875 10 -13.203 -26.793 8 -11.098 -29.877 10 -17.25 -33.324 10 -8.929
 5 24 -29.877 10 -17.25 -25.114 8 -14.5 -27.372 10 -21.004 -31.875 10 -13.203
 5 24 -27.372 10 -21.004 -23.009 8 -17.655 -24.395 10 -24.395 -29.877 10 -17.25
 5 24 -29 8 0 -21.5 6 0 -28.751 8 -3.785 -28.751 8 3.785
 5 24 -28.751 8 -3.785 -21.315 6 -2.806 -28.011 8 -7.505 -29 8 0
 5 24 -28.011 8 -7.505 -20.767 6 -5.564 -26.793 8 -11.098 -28.751 8 -3.785
 5 24 -26.793 8 -11.098 -19.864 6 -8.228 -25.114 8 -14.5 -28.011 8 -7.505
 5 24 -25.114 8 -14.5 -18.619 6 -10.75 -23.009 8 -17.655 -26.793 8 -11.098
 5 24 -23.009 8 -17.655 -17.058 6 -13.089 -20.506 8 -20.506 -25.114 8 -14.5
 5 24 -21.5 6 0 -10 4 0 -21.315 6 -2.806 -21.315 6 2.806
 5 24 -21.315 6 -2.806 -9.914 4 -1.305 -20.767 6 -5.564 -21.5 6 0
 5 24 -20.767 6 -5.564 -9.659 4 -2.588 -19.864 6 -8.228 -21.315 6 -2.806
 5 24 -19.864 6 -8.228 -9.239 4 -3.827 -18.619 6 -10.75 -20.767 6 -5.564
 5 24 -18.619 6 -10.75 -8.66 4 -5 -17.058 6 -13.089 -19.864 6 -8.228
 5 24 -17.058 6 -13.089 -7.934 4 -6.088 -15.203 6 -15.203 -18.619 6 -10.75
0
 5 24 -34.5 10 0 -34.203 10 -4.502 -36 11 0 -29 8 0
 5 24 -34.203 10 -4.502 -33.324 10 -8.929 -35.69 11 -4.698 -28.751 8 -3.785
 5 24 -33.324 10 -8.929 -31.875 10 -13.203 -34.772 11 -9.317 -28.011 8 -7.505
 5 24 -31.875 10 -13.203 -29.877 10 -17.25 -33.26 11 -13.777 -26.793 8 -11.098
 5 24 -29.877 10 -17.25 -27.372 10 -21.004 -31.176 11 -18 -25.114 8 -14.5
 5 24 -27.372 10 -21.004 -24.395 10 -24.395 -28.562 11 -21.917 -23.009 8 -17.655
 5 24 -29 8 0 -28.751 8 -3.785 -34.5 10 0 -21.5 6 0
 5 24 -28.751 8 -3.785 -28.011 8 -7.505 -34.203 10 -4.502 -21.315 6 -2.806
 5 24 -28.011 8 -7.505 -26.793 8 -11.098 -33.324 10 -8.929 -20.767 6 -5.564
 5 24 -26.793 8 -11.098 -25.114 8 -14.5 -31.875 10 -13.203 -19.864 6 -8.228
 5 24 -25.114 8 -14.5 -23.009 8 -17.655 -29.877 10 -17.25 -18.619 6 -10.75
 5 24 -23.009 8 -17.655 -20.506 8 -20.506 -27.372 10 -21.004 -17.058 6 -13.089
 5 24 -21.5 6 0 -21.315 6 -2.806 -29 8 0 -10 4 0
 5 24 -21.315 6 -2.806 -20.767 6 -5.564 -28.751 8 -3.785 -9.914 4 -1.305
 5 24 -20.767 6 -5.564 -19.864 6 -8.228 -28.011 8 -7.505 -9.659 4 -2.588
 5 24 -19.864 6 -8.228 -18.619 6 -10.75 -26.793 8 -11.098 -9.239 4 -3.827
 5 24 -18.619 6 -10.75 -17.058 6 -13.089 -25.114 8 -14.5 -8.66 4 -5
 5 24 -17.058 6 -13.089 -15.203 6 -15.203 -23.009 8 -17.655 -7.934 4 -6.088
0
 5 24 0 11 36 0 10 34.5 4.698 11 35.69 -4.698 11 35.69
 5 24 4.698 11 35.69 4.502 10 34.203 9.317 11 34.772 0 11 36
 5 24 9.317 11 34.772 8.929 10 33.324 13.777 11 33.26 4.698 11 35.69
 5 24 13.777 11 33.26 13.203 10 31.875 18 11 31.176 9.317 11 34.772
 5 24 18 11 31.176 17.25 10 29.877 21.917 11 28.562 13.777 11 33.26
 5 24 21.917 11 28.562 21.004 10 27.372 25.456 11 25.456 18 11 31.176
 5 24 0 10 34.5 0 8 29 4.502 10 34.203 -4.502 10 34.203
 5 24 4.502 10 34.203 3.785 8 28.751 8.929 10 33.324 0 10 34.5
 5 24 8.929 10 33.324 7.505 8 28.011 13.203 10 31.875 4.502 10 34.203
 5 24 13.203 10 31.875 11.098 8 26.793 17.25 10 29.877 8.929 10 33.324
 5 24 17.25 10 29.877 14.5 8 25.114 21.004 10 27.372 13.203 10 31.875
 5 24 21.004 10 27.372 17.655 8 23.009 24.395 10 24.395 17.25 10 29.877
 5 24 0 8 29 0 6 21.5 3.785 8 28.751 -3.785 8 28.751
 5 24 3.785 8 28.751 2.806 6 21.315 7.505 8 28.011 0 8 29
 5 24 7.505 8 28.011 5.564 6 20.767 11.098 8 26.793 3.785 8 28.751
 5 24 11.098 8 26.793 8.228 6 19.864 14.5 8 25.114 7.505 8 28.011
 5 24 14.5 8 25.114 10.75 6 18.619 17.655 8 23.009 11.098 8 26.793
 5 24 17.655 8 23.009 13.089 6 17.058 20.506 8 20.506 14.5 8 25.114
 5 24 0 6 21.5 0 4 10 2.806 6 21.315 -2.806 6 21.315
 5 24 2.806 6 21.315 1.305 4 9.914 5.564 6 20.767 0 6 21.5
 5 24 5.564 6 20.767 2.588 4 9.659 8.228 6 19.864 2.806 6 21.315
 5 24 8.228 6 19.864 3.827 4 9.239 10.75 6 18.619 5.564 6 20.767
 5 24 10.75 6 18.619 5 4 8.66 13.089 6 17.058 8.228 6 19.864
 5 24 13.089 6 17.058 6.088 4 7.934 15.203 6 15.203 10.75 6 18.619
0
 5 24 0 10 34.5 4.502 10 34.203 0 11 36 0 8 29
 5 24 4.502 10 34.203 8.929 10 33.324 4.698 11 35.69 3.785 8 28.751
 5 24 8.929 10 33.324 13.203 10 31.875 9.317 11 34.772 7.505 8 28.011
 5 24 13.203 10 31.875 17.25 10 29.877 13.777 11 33.26 11.098 8 26.793
 5 24 17.25 10 29.877 21.004 10 27.372 18 11 31.176 14.5 8 25.114
 5 24 21.004 10 27.372 24.395 10 24.395 21.917 11 28.562 17.655 8 23.009
 5 24 0 8 29 3.785 8 28.751 0 10 34.5 0 6 21.5
 5 24 3.785 8 28.751 7.505 8 28.011 4.502 10 34.203 2.806 6 21.315
 5 24 7.505 8 28.011 11.098 8 26.793 8.929 10 33.324 5.564 6 20.767
 5 24 11.098 8 26.793 14.5 8 25.114 13.203 10 31.875 8.228 6 19.864
 5 24 14.5 8 25.114 17.655 8 23.009 17.25 10 29.877 10.75 6 18.619
 5 24 17.655 8 23.009 20.506 8 20.506 21.004 10 27.372 13.089 6 17.058
 5 24 0 6 21.5 2.806 6 21.315 0 8 29 0 4 10
 5 24 2.806 6 21.315 5.564 6 20.767 3.785 8 28.751 1.305 4 9.914
 5 24 5.564 6 20.767 8.228 6 19.864 7.505 8 28.011 2.588 4 9.659
 5 24 8.228 6 19.864 10.75 6 18.619 11.098 8 26.793 3.827 4 9.239
 5 24 10.75 6 18.619 13.089 6 17.058 14.5 8 25.114 5 4 8.66
 5 24 13.089 6 17.058 15.203 6 15.203 17.655 8 23.009 6.088 4 7.934
0
 5 24 0 11 36 0 10 34.5 -4.698 11 35.69 4.698 11 35.69
 5 24 -4.698 11 35.69 -4.502 10 34.203 -9.317 11 34.772 0 11 36
 5 24 -9.317 11 34.772 -8.929 10 33.324 -13.777 11 33.26 -4.698 11 35.69
 5 24 -13.777 11 33.26 -13.203 10 31.875 -18 11 31.176 -9.317 11 34.772
 5 24 -18 11 31.176 -17.25 10 29.877 -21.917 11 28.562 -13.777 11 33.26
 5 24 -21.917 11 28.562 -21.004 10 27.372 -25.456 11 25.456 -18 11 31.176
 5 24 0 10 34.5 0 8 29 -4.502 10 34.203 4.502 10 34.203
 5 24 -4.502 10 34.203 -3.785 8 28.751 -8.929 10 33.324 0 10 34.5
 5 24 -8.929 10 33.324 -7.505 8 28.011 -13.203 10 31.875 -4.502 10 34.203
 5 24 -13.203 10 31.875 -11.098 8 26.793 -17.25 10 29.877 -8.929 10 33.324
 5 24 -17.25 10 29.877 -14.5 8 25.114 -21.004 10 27.372 -13.203 10 31.875
 5 24 -21.004 10 27.372 -17.655 8 23.009 -24.395 10 24.395 -17.25 10 29.877
 5 24 0 8 29 0 6 21.5 -3.785 8 28.751 3.785 8 28.751
 5 24 -3.785 8 28.751 -2.806 6 21.315 -7.505 8 28.011 0 8 29
 5 24 -7.505 8 28.011 -5.564 6 20.767 -11.098 8 26.793 -3.785 8 28.751
 5 24 -11.098 8 26.793 -8.228 6 19.864 -14.5 8 25.114 -7.505 8 28.011
 5 24 -14.5 8 25.114 -10.75 6 18.619 -17.655 8 23.009 -11.098 8 26.793
 5 24 -17.655 8 23.009 -13.089 6 17.058 -20.506 8 20.506 -14.5 8 25.114
 5 24 0 6 21.5 0 4 10 -2.806 6 21.315 2.806 6 21.315
 5 24 -2.806 6 21.315 -1.305 4 9.914 -5.564 6 20.767 0 6 21.5
 5 24 -5.564 6 20.767 -2.588 4 9.659 -8.228 6 19.864 -2.806 6 21.315
 5 24 -8.228 6 19.864 -3.827 4 9.239 -10.75 6 18.619 -5.564 6 20.767
 5 24 -10.75 6 18.619 -5 4 8.66 -13.089 6 17.058 -8.228 6 19.864
 5 24 -13.089 6 17.058 -6.088 4 7.934 -15.203 6 15.203 -10.75 6 18.619
0
 5 24 0 10 34.5 -4.502 10 34.203 0 11 36 0 8 29
 5 24 -4.502 10 34.203 -8.929 10 33.324 -4.698 11 35.69 -3.785 8 28.751
 5 24 -8.929 10 33.324 -13.203 10 31.875 -9.317 11 34.772 -7.505 8 28.011
 5 24 -13.203 10 31.875 -17.25 10 29.877 -13.777 11 33.26 -11.098 8 26.793
 5 24 -17.25 10 29.877 -21.004 10 27.372 -18 11 31.176 -14.5 8 25.114
 5 24 -21.004 10 27.372 -24.395 10 24.395 -21.917 11 28.562 -17.655 8 23.009
 5 24 0 8 29 -3.785 8 28.751 0 10 34.5 0 6 21.5
 5 24 -3.785 8 28.751 -7.505 8 28.011 -4.502 10 34.203 -2.806 6 21.315
 5 24 -7.505 8 28.011 -11.098 8 26.793 -8.929 10 33.324 -5.564 6 20.767
 5 24 -11.098 8 26.793 -14.5 8 25.114 -13.203 10 31.875 -8.228 6 19.864
 5 24 -14.5 8 25.114 -17.655 8 23.009 -17.25 10 29.877 -10.75 6 18.619
 5 24 -17.655 8 23.009 -20.506 8 20.506 -21.004 10 27.372 -13.089 6 17.058
 5 24 0 6 21.5 -2.806 6 21.315 0 8 29 0 4 10
 5 24 -2.806 6 21.315 -5.564 6 20.767 -3.785 8 28.751 -1.305 4 9.914
 5 24 -5.564 6 20.767 -8.228 6 19.864 -7.505 8 28.011 -2.588 4 9.659
 5 24 -8.228 6 19.864 -10.75 6 18.619 -11.098 8 26.793 -3.827 4 9.239
 5 24 -10.75 6 18.619 -13.089 6 17.058 -14.5 8 25.114 -5 4 8.66
 5 24 -13.089 6 17.058 -15.203 6 15.203 -17.655 8 23.009 -6.088 4 7.934
0
 5 24 0 11 -36 0 10 -34.5 4.698 11 -35.69 -4.698 11 -35.69
 5 24 4.698 11 -35.69 4.502 10 -34.203 9.317 11 -34.772 0 11 -36
 5 24 9.317 11 -34.772 8.929 10 -33.324 13.777 11 -33.26 4.698 11 -35.69
 5 24 13.777 11 -33.26 13.203 10 -31.875 18 11 -31.176 9.317 11 -34.772
 5 24 18 11 -31.176 17.25 10 -29.877 21.917 11 -28.562 13.777 11 -33.26
 5 24 21.917 11 -28.562 21.004 10 -27.372 25.456 11 -25.456 18 11 -31.176
 5 24 0 10 -34.5 0 8 -29 4.502 10 -34.203 -4.502 10 -34.203
 5 24 4.502 10 -34.203 3.785 8 -28.751 8.929 10 -33.324 0 10 -34.5
 5 24 8.929 10 -33.324 7.505 8 -28.011 13.203 10 -31.875 4.502 10 -34.203
 5 24 13.203 10 -31.875 11.098 8 -26.793 17.25 10 -29.877 8.929 10 -33.324
 5 24 17.25 10 -29.877 14.5 8 -25.114 21.004 10 -27.372 13.203 10 -31.875
 5 24 21.004 10 -27.372 17.655 8 -23.009 24.395 10 -24.395 17.25 10 -29.877
 5 24 0 8 -29 0 6 -21.5 3.785 8 -28.751 -3.785 8 -28.751
 5 24 3.785 8 -28.751 2.806 6 -21.315 7.505 8 -28.011 0 8 -29
 5 24 7.505 8 -28.011 5.564 6 -20.767 11.098 8 -26.793 3.785 8 -28.751
 5 24 11.098 8 -26.793 8.228 6 -19.864 14.5 8 -25.114 7.505 8 -28.011
 5 24 14.5 8 -25.114 10.75 6 -18.619 17.655 8 -23.009 11.098 8 -26.793
 5 24 17.655 8 -23.009 13.089 6 -17.058 20.506 8 -20.506 14.5 8 -25.114
 5 24 0 6 -21.5 0 4 -10 2.806 6 -21.315 -2.806 6 -21.315
 5 24 2.806 6 -21.315 1.305 4 -9.914 5.564 6 -20.767 0 6 -21.5
 5 24 5.564 6 -20.767 2.588 4 -9.659 8.228 6 -19.864 2.806 6 -21.315
 5 24 8.228 6 -19.864 3.827 4 -9.239 10.75 6 -18.619 5.564 6 -20.767
 5 24 10.75 6 -18.619 5 4 -8.66 13.089 6 -17.058 8.228 6 -19.864
 5 24 13.089 6 -17.058 6.088 4 -7.934 15.203 6 -15.203 10.75 6 -18.619
0
 5 24 0 10 -34.5 4.502 10 -34.203 0 11 -36 0 8 -29
 5 24 4.502 10 -34.203 8.929 10 -33.324 4.698 11 -35.69 3.785 8 -28.751
 5 24 8.929 10 -33.324 13.203 10 -31.875 9.317 11 -34.772 7.505 8 -28.011
 5 24 13.203 10 -31.875 17.25 10 -29.877 13.777 11 -33.26 11.098 8 -26.793
 5 24 17.25 10 -29.877 21.004 10 -27.372 18 11 -31.176 14.5 8 -25.114
 5 24 21.004 10 -27.372 24.395 10 -24.395 21.917 11 -28.562 17.655 8 -23.009
 5 24 0 8 -29 3.785 8 -28.751 0 10 -34.5 0 6 -21.5
 5 24 3.785 8 -28.751 7.505 8 -28.011 4.502 10 -34.203 2.806 6 -21.315
 5 24 7.505 8 -28.011 11.098 8 -26.793 8.929 10 -33.324 5.564 6 -20.767
 5 24 11.098 8 -26.793 14.5 8 -25.114 13.203 10 -31.875 8.228 6 -19.864
 5 24 14.5 8 -25.114 17.655 8 -23.009 17.25 10 -29.877 10.75 6 -18.619
 5 24 17.655 8 -23.009 20.506 8 -20.506 21.004 10 -27.372 13.089 6 -17.058
 5 24 0 6 -21.5 2.806 6 -21.315 0 8 -29 0 4 -10
 5 24 2.806 6 -21.315 5.564 6 -20.767 3.785 8 -28.751 1.305 4 -9.914
 5 24 5.564 6 -20.767 8.228 6 -19.864 7.505 8 -28.011 2.588 4 -9.659
 5 24 8.228 6 -19.864 10.75 6 -18.619 11.098 8 -26.793 3.827 4 -9.239
 5 24 10.75 6 -18.619 13.089 6 -17.058 14.5 8 -25.114 5 4 -8.66
 5 24 13.089 6 -17.058 15.203 6 -15.203 17.655 8 -23.009 6.088 4 -7.934
0
 5 24 0 11 -36 0 10 -34.5 -4.698 11 -35.69 4.698 11 -35.69
 5 24 -4.698 11 -35.69 -4.502 10 -34.203 -9.317 11 -34.772 0 11 -36
 5 24 -9.317 11 -34.772 -8.929 10 -33.324 -13.777 11 -33.26 -4.698 11 -35.69
 5 24 -13.777 11 -33.26 -13.203 10 -31.875 -18 11 -31.176 -9.317 11 -34.772
 5 24 -18 11 -31.176 -17.25 10 -29.877 -21.917 11 -28.562 -13.777 11 -33.26
 5 24 -21.917 11 -28.562 -21.004 10 -27.372 -25.456 11 -25.456 -18 11 -31.176
 5 24 0 10 -34.5 0 8 -29 -4.502 10 -34.203 4.502 10 -34.203
 5 24 -4.502 10 -34.203 -3.785 8 -28.751 -8.929 10 -33.324 0 10 -34.5
 5 24 -8.929 10 -33.324 -7.505 8 -28.011 -13.203 10 -31.875 -4.502 10 -34.203
 5 24 -13.203 10 -31.875 -11.098 8 -26.793 -17.25 10 -29.877 -8.929 10 -33.324
 5 24 -17.25 10 -29.877 -14.5 8 -25.114 -21.004 10 -27.372 -13.203 10 -31.875
 5 24 -21.004 10 -27.372 -17.655 8 -23.009 -24.395 10 -24.395 -17.25 10 -29.877
 5 24 0 8 -29 0 6 -21.5 -3.785 8 -28.751 3.785 8 -28.751
 5 24 -3.785 8 -28.751 -2.806 6 -21.315 -7.505 8 -28.011 0 8 -29
 5 24 -7.505 8 -28.011 -5.564 6 -20.767 -11.098 8 -26.793 -3.785 8 -28.751
 5 24 -11.098 8 -26.793 -8.228 6 -19.864 -14.5 8 -25.114 -7.505 8 -28.011
 5 24 -14.5 8 -25.114 -10.75 6 -18.619 -17.655 8 -23.009 -11.098 8 -26.793
 5 24 -17.655 8 -23.009 -13.089 6 -17.058 -20.506 8 -20.506 -14.5 8 -25.114
 5 24 0 6 -21.5 0 4 -10 -2.806 6 -21.315 2.806 6 -21.315
 5 24 -2.806 6 -21.315 -1.305 4 -9.914 -5.564 6 -20.767 0 6 -21.5
 5 24 -5.564 6 -20.767 -2.588 4 -9.659 -8.228 6 -19.864 -2.806 6 -21.315
 5 24 -8.228 6 -19.864 -3.827 4 -9.239 -10.75 6 -18.619 -5.564 6 -20.767
 5 24 -10.75 6 -18.619 -5 4 -8.66 -13.089 6 -17.058 -8.228 6 -19.864
 5 24 -13.089 6 -17.058 -6.088 4 -7.934 -15.203 6 -15.203 -10.75 6 -18.619
0
 5 24 0 10 -34.5 -4.502 10 -34.203 0 11 -36 0 8 -29
 5 24 -4.502 10 -34.203 -8.929 10 -33.324 -4.698 11 -35.69 -3.785 8 -28.751
 5 24 -8.929 10 -33.324 -13.203 10 -31.875 -9.317 11 -34.772 -7.505 8 -28.011
 5 24 -13.203 10 -31.875 -17.25 10 -29.877 -13.777 11 -33.26 -11.098 8 -26.793
 5 24 -17.25 10 -29.877 -21.004 10 -27.372 -18 11 -31.176 -14.5 8 -25.114
 5 24 -21.004 10 -27.372 -24.395 10 -24.395 -21.917 11 -28.562 -17.655 8 -23.009
 5 24 0 8 -29 -3.785 8 -28.751 0 10 -34.5 0 6 -21.5
 5 24 -3.785 8 -28.751 -7.505 8 -28.011 -4.502 10 -34.203 -2.806 6 -21.315
 5 24 -7.505 8 -28.011 -11.098 8 -26.793 -8.929 10 -33.324 -5.564 6 -20.767
 5 24 -11.098 8 -26.793 -14.5 8 -25.114 -13.203 10 -31.875 -8.228 6 -19.864
 5 24 -14.5 8 -25.114 -17.655 8 -23.009 -17.25 10 -29.877 -10.75 6 -18.619
 5 24 -17.655 8 -23.009 -20.506 8 -20.506 -21.004 10 -27.372 -13.089 6 -17.058
 5 24 0 6 -21.5 -2.806 6 -21.315 0 8 -29 0 4 -10
 5 24 -2.806 6 -21.315 -5.564 6 -20.767 -3.785 8 -28.751 -1.305 4 -9.914
 5 24 -5.564 6 -20.767 -8.228 6 -19.864 -7.505 8 -28.011 -2.588 4 -9.659
 5 24 -8.228 6 -19.864 -10.75 6 -18.619 -11.098 8 -26.793 -3.827 4 -9.239
 5 24 -10.75 6 -18.619 -13.089 6 -17.058 -14.5 8 -25.114 -5 4 -8.66
 5 24 -13.089 6 -17.058 -15.203 6 -15.203 -17.655 8 -23.009 -6.088 4 -7.934
0
 4 16 -10 4 0 -9.914 4 -1.305 -9.659 4 -2.588 -9.239 4 -3.827
 4 16 10 4 0 9.914 4 -1.305 9.659 4 -2.588 9.239 4 -3.827
 4 16 -10 4 0 -9.914 4 1.305 -9.659 4 2.588 -9.239 4 3.827
 4 16 10 4 0 9.914 4 1.305 9.659 4 2.588 9.239 4 3.827
 4 16 -9.239 4 -3.827 -8.660 4 -5 -7.934 4 -6.088 -7.071 4 -7.071
 4 16 9.239 4 -3.827 8.660 4 -5 7.934 4 -6.088 7.071 4 -7.071
 4 16 -9.239 4 3.827 -8.660 4 5 -7.934 4 6.088 -7.071 4 7.071
 4 16 9.239 4 3.827 8.660 4 5 7.934 4 6.088 7.071 4 7.071
 4 16 -7.071 4 -7.071 -6.088 4 -7.934 -5 4 -8.660 -3.827 4 -9.239
 4 16 7.071 4 -7.071 6.088 4 -7.934 5 4 -8.660 3.827 4 -9.239
 4 16 -7.071 4 7.071 -6.088 4 7.934 -5 4 8.660 -3.827 4 9.239
 4 16 7.071 4 7.071 6.088 4 7.934 5 4 8.660 3.827 4 9.239
 4 16 -3.827 4 -9.239 -2.588 4 -9.659 -1.305 4 -9.914 0 4 -10
 4 16 3.827 4 -9.239 2.588 4 -9.659 1.305 4 -9.914 0 4 -10
 4 16 -3.827 4 9.239 -2.588 4 9.659 -1.305 4 9.914 0 4 10
 4 16 3.827 4 9.239 2.588 4 9.659 1.305 4 9.914 0 4 10
0
 1 16 0 0 0 1 0 0 0 1 0 0 0 1 stud.dat
 1 16 0 4 0 1 0 0 0 8 0 0 0 1 axlehole.dat
 1 16 0 4 0 1 0 0 0 1 0 0 0 1 axlehol2.dat
 1 16 0 12 0 1 0 0 0 1 0 0 0 1 axlehol3.dat
 1 16 0 12 0 6 0 0 0 4 0 0 0 6 4-4cyli.dat
 1 16 0 16 0 6 0 0 0 1 0 0 0 6 4-4edge.dat
 1 16 0 16 0 2 0 0 0 1 0 0 0 2 ring3.dat
 1 16 0 11 0 8 0 0 0 5 0 0 0 8 4-4cyli.dat
 1 16 0 11 0 8 0 0 0 1 0 0 0 8 4-4edge.dat
 1 16 0 16 0 8 0 0 0 1 0 0 0 8 4-4edge.dat
 1 16 0 11 0 2 0 0 0 1 0 0 0 2 ring4.dat
 1 16 0 4 0 10 0 0 0 7 0 0 0 10 4-4cyli.dat
 1 16 0 4 0 10 0 0 0 1 0 0 0 10 4-4edge.dat
 1 16 0 11 0 10 0 0 0 1 0 0 0 10 4-4edge.dat
0
 1 16 0 0 0 -10 0 0 0 1 0 0 0 -10 48\1-4disc.dat
 1 16 0 0 0 10 0 0 0 1 0 0 0 -10 48\1-4disc.dat
 1 16 0 0 0 -10 0 0 0 1 0 0 0 10 48\1-4disc.dat
 1 16 0 0 0 10 0 0 0 1 0 0 0 10 48\1-4disc.dat
0
 1 16 0 11 0 -36 0 0 0 5 0 0 0 -36 48\1-4cyli.dat
 1 16 0 11 0 36 0 0 0 5 0 0 0 -36 48\1-4cyli.dat
 1 16 0 11 0 -36 0 0 0 5 0 0 0 36 48\1-4cyli.dat
 1 16 0 11 0 36 0 0 0 5 0 0 0 36 48\1-4cyli.dat
 1 16 0 11 0 -36 0 0 0 1 0 0 0 -36 48\1-4edge.dat
 1 16 0 11 0 36 0 0 0 1 0 0 0 -36 48\1-4edge.dat
 1 16 0 11 0 -36 0 0 0 1 0 0 0 36 48\1-4edge.dat
 1 16 0 11 0 36 0 0 0 1 0 0 0 36 48\1-4edge.dat
 1 16 0 16 0 -36 0 0 0 1 0 0 0 -36 48\1-4edge.dat
 1 16 0 16 0 36 0 0 0 1 0 0 0 -36 48\1-4edge.dat
 1 16 0 16 0 -36 0 0 0 1 0 0 0 36 48\1-4edge.dat
 1 16 0 16 0 36 0 0 0 1 0 0 0 36 48\1-4edge.dat
0
 1 16 0 8 0 -40 0 0 0 8 0 0 0 -40 48\1-4cyli.dat
 1 16 0 8 0 40 0 0 0 8 0 0 0 -40 48\1-4cyli.dat
 1 16 0 8 0 -40 0 0 0 8 0 0 0 40 48\1-4cyli.dat
 1 16 0 8 0 40 0 0 0 8 0 0 0 40 48\1-4cyli.dat
 1 16 0 8 0 -40 0 0 0 1 0 0 0 -40 48\1-4edge.dat
 1 16 0 8 0 40 0 0 0 1 0 0 0 -40 48\1-4edge.dat
 1 16 0 8 0 -40 0 0 0 1 0 0 0 40 48\1-4edge.dat
 1 16 0 8 0 40 0 0 0 1 0 0 0 40 48\1-4edge.dat
 1 16 0 16 0 -40 0 0 0 1 0 0 0 -40 48\1-4edge.dat
 1 16 0 16 0 40 0 0 0 1 0 0 0 -40 48\1-4edge.dat
 1 16 0 16 0 -40 0 0 0 1 0 0 0 40 48\1-4edge.dat
 1 16 0 16 0 40 0 0 0 1 0 0 0 40 48\1-4edge.dat
0
