0 ~Tile  2 x  2 Round without Top Face
0 Name: s\4150s01.dat
0 Author: James Jessiman, as 4150.dat
0 LDRAW_ORG Subpart UPDATE 2003-03

0 BFC CERTIFY CCW

0 // 2003-02-28 AJW Created subpart, Made BFC Compliant
0 // 2003-10-15 AJW Additional primitive substitutions


2 24 16 4 -11.36 14.14 4 -14.14
2 24 14.14 4 -14.14 11.36 4 -16
2 24 11.36 8 -16 7.65 8 -18.48
2 24 -11.36 8 -16 -7.65 8 -18.48
4 16 11.36 4 -16 -11.36 4 -16 16 4 -11.36 14.14 4 -14.14
4 16 16 4 -11.36 -11.36 4 -16 -16 4 11.36 11.36 4 16
4 16 0 8 -20 -7.65 8 -18.48 -11.36 8 -16 0 8 -16
4 16 0 8 -16 11.36 8 -16 7.65 8 -18.48 0 8 -20
4 16 -7.65 8 -18.48 -7.65 4 -18.48 -11.36 4 -16 -11.36 8 -16
4 16 11.36 8 -16 11.36 4 -16 7.65 4 -18.48 7.65 8 -18.48
1 16 0 6 -16 11.36 0 0 0 0 2 0 -1 0 rect.dat
1 16 -3 4 3 1 0 -2 0 4 0 1 0 2 box4-4a.dat
1 16 -3 4 -3 -1 0 -2 0 4 0 1 0 -2 box4-4a.dat
1 16 3 4 -3 -1 0 2 0 4 0 -1 0 -2 box4-4a.dat
1 16 3 4 3 1 0 2 0 4 0 -1 0 2 box4-4a.dat
2 24 0 4 2 0 8 2
2 24 -2 4 0 -2 8 0
2 24 0 4 -2 0 8 -2
2 24 2 4 0 2 8 0
4 16 0 8 2 2 8 0 0 8 -2 -2 8 0
1 16 0 0 0 20 0 0 0 1 0 0 0 20 4-4edge.dat
1 16 0 0 0 20 0 0 0 4 0 0 0 20 4-4cyli.dat
1 16 0 4 0 -7.654 0 18.478 0 4 0 -18.478 0 -7.654 1-8cyli.dat
1 16 0 8 0 -7.654 0 18.478 0 4 0 -18.478 0 -7.654 1-8edge.dat
2 24 11.36 4 16 14.14 4 14.14
2 24 14.14 4 14.14 16 4 11.36
2 24 16 8 11.36 18.48 8 7.65
2 24 16 8 -11.36 18.48 8 -7.65
4 16 16 4 11.36 16 4 -11.36 11.36 4 16 14.14 4 14.14
4 16 20 8 0 18.48 8 -7.65 16 8 -11.36 16 8 0
4 16 16 8 0 16 8 11.36 18.48 8 7.65 20 8 0
4 16 18.48 8 -7.65 18.48 4 -7.65 16 4 -11.36 16 8 -11.36
4 16 16 8 11.36 16 4 11.36 18.48 4 7.65 18.48 8 7.65
1 16 16 6 0 0 1 0 0 0 2 11.36 0 0 rect.dat
1 16 0 4 0 18.478 0 7.654 0 4 0 -7.654 0 18.478 1-8cyli.dat
1 16 0 8 0 18.478 0 7.654 0 4 0 -7.654 0 18.478 1-8edge.dat
2 24 -16 4 11.36 -14.14 4 14.14
2 24 -14.14 4 14.14 -11.36 4 16
2 24 -11.36 8 16 -7.65 8 18.48
2 24 11.36 8 16 7.65 8 18.48
4 16 -11.36 4 16 11.36 4 16 -16 4 11.36 -14.14 4 14.14
4 16 0 8 20 7.65 8 18.48 11.36 8 16 0 8 16
4 16 0 8 16 -11.36 8 16 -7.65 8 18.48 0 8 20
4 16 7.65 8 18.48 7.65 4 18.48 11.36 4 16 11.36 8 16
4 16 -11.36 8 16 -11.36 4 16 -7.65 4 18.48 -7.65 8 18.48
1 16 0 6 16 -11.36 0 0 0 0 2 0 1 0 rect.dat
1 16 0 4 0 7.654 0 -18.478 0 4 0 18.478 0 7.654 1-8cyli.dat
1 16 0 8 0 7.654 0 -18.478 0 4 0 18.478 0 7.654 1-8edge.dat
2 24 -11.36 4 -16 -14.14 4 -14.14
2 24 -14.14 4 -14.14 -16 4 -11.36
2 24 -16 8 -11.36 -18.48 8 -7.65
2 24 -16 8 11.36 -18.48 8 7.65
4 16 -16 4 -11.36 -16 4 11.36 -11.36 4 -16 -14.14 4 -14.14
4 16 -20 8 0 -18.48 8 7.65 -16 8 11.36 -16 8 0
4 16 -16 8 0 -16 8 -11.36 -18.48 8 -7.65 -20 8 0
4 16 -18.48 8 7.65 -18.48 4 7.65 -16 4 11.36 -16 8 11.36
4 16 -16 8 -11.36 -16 4 -11.36 -18.48 4 -7.65 -18.48 8 -7.65
1 16 -16 6 0 0 -1 0 0 0 2 -11.36 0 0 rect.dat
1 16 0 4 0 -18.478 0 -7.654 0 4 0 7.654 0 -18.478 1-8cyli.dat
1 16 0 8 0 -18.478 0 -7.654 0 4 0 7.654 0 -18.478 1-8edge.dat
0
