0 ~Subpart Flag  6 x  4 without Front or Back
0 Name: s\43s01.dat
0 Author: Franklin W. Cain (fwcain@yahoo.com)
0 Official LCad Subpart 2000-01

0 Used for plain and decorated 4x6 flags
0 included in older Lego Pirate and Lego Castle sets
0
0 Uncomment this line for Front:
0 4 16 -2 0 10 -2 0 130 -2 80 130 -2 80 10
0
0 Uncomment this line for Back:
0 4 16 2 0 10 2 0 130 2 80 130 2 80 10
0
0 Put decorations in "Z = -2" (front) and "Z = 2" (back).
0
0
4 16 2 0 10 -2 0 10 -2 0 130 2 0 130
4 16 2 80 10 -2 80 10 -2 80 130 2 80 130
4 16 2 0 130 -2 0 130 -2 80 130 2 80 130
4 16 2 0 10 -2 0 10 -2 80 10 2 80 10
0
2 24 2 0 10 -2 0 10
2 24 2 8 10 -2 8 10
2 24 2 16 10 -2 16 10
2 24 2 64 10 -2 64 10
2 24 2 72 10 -2 72 10
2 24 2 80 10 -2 80 10
2 24 2 0 130 -2 0 130
2 24 2 80 130 -2 80 130
0
2 24 2 0 10 2 8 10
2 24 -2 0 10 -2 8 10
2 24 2 16 10 2 64 10
2 24 -2 16 10 -2 64 10
2 24 2 72 10 2 80 10
2 24 -2 72 10 -2 80 10
2 24 2 0 130 2 80 130
2 24 -2 0 130 -2 80 130
0
2 24 2 0 10 2 0 130
2 24 -2 0 10 -2 0 130
2 24 2 80 10 2 80 130
2 24 -2 80 10 -2 80 130
0
0
1 16 0 16 0 4 0 0 0 0 0 0 0 4 2-4edge.dat
1 16 0 8 0 4 0 0 0 0 0 0 0 4 2-4edge.dat
1 16 0 8 0 4 0 0 0 8 0 0 0 4 2-4cyli.dat
0
2 24 6 16 -4 6 8 -4
2 24 -6 16 -4 -6 8 -4
0
2 24 4 16 -4 4 8 -4
2 24 -4 16 -4 -4 8 -4
0
2 24 2 16 10 5.52 16 2.28
2 24 -2 16 10 -5.52 16 2.28
0
2 24 2 8 10 5.52 8 2.28
2 24 -2 8 10 -5.52 8 2.28
0
2 24 6 16 0 5.52 16 2.28
2 24 -6 16 0 -5.52 16 2.28
0
2 24 6 8 0 5.52 8 2.28
2 24 -6 8 0 -5.52 8 2.28
0
2 24 6 16 -4 4 16 -4
2 24 -6 16 -4 -4 16 -4
0
2 24 6 8 -4 4 8 -4
2 24 -6 8 -4 -4 8 -4
0
2 24 6 16 0 6 16 -4
2 24 -6 16 0 -6 16 -4
0
2 24 6 8 -4 6 8 0
2 24 -6 8 -4 -6 8 0
0
2 24 4 16 -4 4 16 0
2 24 -4 16 -4 -4 16 0
0
2 24 4 8 -4 4 8 0
2 24 -4 8 -4 -4 8 0
0
3 16 2 16 10 2.3 16 5.54 4.24 16 4.24
3 16 -2 16 10 -2.3 16 5.54 -4.24 16 4.24
0
3 16 2 8 10 2.3 8 5.54 4.24 8 4.24
3 16 -2 8 10 -2.3 8 5.54 -4.24 8 4.24
0
3 16 2 16 10 4.24 16 4.24 5.54 16 2
3 16 -2 16 10 -4.24 16 4.24 -5.54 16 2
0
3 16 2 8 10 4.24 8 4.24 5.54 8 2
3 16 -2 8 10 -4.24 8 4.24 -5.54 8 2
0
0
4 16 0 16 10 2 16 10 2.3 16 5.54 0 16 6
4 16 0 16 10 -2 16 10 -2.3 16 5.54 0 16 6
0
4 16 0 8 10 2 8 10 2.3 8 5.54 0 8 6
4 16 0 8 10 -2 8 10 -2.3 8 5.54 0 8 6
0
4 16 6 16 0 6 16 -4 4 16 -4 4 16 0
4 16 -6 16 0 -6 16 -4 -4 16 -4 -4 16 0
0
4 16 6 8 0 6 8 -4 4 8 -4 4 8 0
4 16 -6 8 0 -6 8 -4 -4 8 -4 -4 8 0
0
4 16 6 16 0 5.54 16 2.3 3.7 16 1.53 4 16 0
4 16 -6 16 0 -5.54 16 2.3 -3.7 16 1.53 -4 16 0
0
4 16 6 8 0 5.54 8 2.3 3.7 8 1.53 4 8 0
4 16 -6 8 0 -5.54 8 2.3 -3.7 8 1.53 -4 8 0
0
4 16 5.54 16 2.3 4.24 16 4.24 2.83 16 2.83 3.7 16 1.53
4 16 -5.54 16 2.3 -4.24 16 4.24 -2.83 16 2.83 -3.7 16 1.53
0
4 16 5.54 8 2.3 4.24 8 4.24 2.83 8 2.83 3.7 8 1.53
4 16 -5.54 8 2.3 -4.24 8 4.24 -2.83 8 2.83 -3.7 8 1.53
0
4 16 4.24 16 4.24 2.3 16 5.54 1.53 16 3.7 2.83 16 2.83
4 16 -4.24 16 4.24 -2.3 16 5.54 -1.53 16 3.7 -2.83 16 2.83
0
4 16 4.24 8 4.24 2.3 8 5.54 1.53 8 3.7 2.83 8 2.83
4 16 -4.24 8 4.24 -2.3 8 5.54 -1.53 8 3.7 -2.83 8 2.83
0
4 16 2.3 16 5.54 1.53 16 3.7 0 16 4 0 16 6
4 16 -2.3 16 5.54 -1.53 16 3.7 0 16 4 0 16 6
0
4 16 2.3 8 5.54 1.53 8 3.7 0 8 4 0 8 6
4 16 -2.3 8 5.54 -1.53 8 3.7 0 8 4 0 8 6
0
4 16 6 16 -4 6 8 -4 4 8 -4 4 16 -4
4 16 -6 16 -4 -6 8 -4 -4 8 -4 -4 16 -4
0
4 16 6 16 0 6 8 0 6 8 -4 6 16 -4
4 16 -6 16 0 -6 8 0 -6 8 -4 -6 16 -4
0
4 16 6 16 0 6 8 0 5.52 8 2.28 5.52 16 2.28
4 16 -6 16 0 -6 8 0 -5.52 8 2.28 -5.52 16 2.28
0
4 16 2 16 10 2 8 10 5.52 8 2.28 5.52 16 2.28
4 16 -2 16 10 -2 8 10 -5.52 8 2.28 -5.52 16 2.28
0
4 16 4 16 0 4 8 0 4 8 -4 4 16 -4
4 16 -4 16 0 -4 8 0 -4 8 -4 -4 16 -4
0
5 24 5.52 16 2.28 5.52 8 2.28 2 16 10 6 16 0
5 24 -5.52 16 2.28 -5.52 8 -2.28 2 16 -10 6 16 0
0
5 24 6 16 0 6 8 0 5.52 16 2.28 6 16 -4
5 24 -6 16 0 -6 8 0 -5.52 16 -2.28 6 16 -4
0
0
1 16 0 72 0 4 0 0 0 0 0 0 0 4 2-4edge.dat
1 16 0 64 0 4 0 0 0 0 0 0 0 4 2-4edge.dat
1 16 0 64 0 4 0 0 0 8 0 0 0 4 2-4cyli.dat
0
2 24 6 72 -4 6 64 -4
2 24 -6 72 -4 -6 64 -4
0
2 24 4 72 -4 4 64 -4
2 24 -4 72 -4 -4 64 -4
0
2 24 2 72 10 5.52 72 2.28
2 24 -2 72 10 -5.52 72 2.28
0
2 24 2 64 10 5.52 64 2.28
2 24 -2 64 10 -5.52 64 2.28
0
2 24 6 72 0 5.52 72 2.28
2 24 -6 72 0 -5.52 72 2.28
0
2 24 6 64 0 5.52 64 2.28
2 24 -6 64 0 -5.52 64 2.28
0
2 24 6 72 -4 4 72 -4
2 24 -6 72 -4 -4 72 -4
0
2 24 6 64 -4 4 64 -4
2 24 -6 64 -4 -4 64 -4
0
2 24 6 72 0 6 72 -4
2 24 -6 72 0 -6 72 -4
0
2 24 6 64 -4 6 64 0
2 24 -6 64 -4 -6 64 0
0
2 24 4 72 -4 4 72 0
2 24 -4 72 -4 -4 72 0
0
2 24 4 64 -4 4 64 0
2 24 -4 64 -4 -4 64 0
0
3 16 2 72 10 2.3 72 5.54 4.24 72 4.24
3 16 -2 72 10 -2.3 72 5.54 -4.24 72 4.24
0
3 16 2 64 10 2.3 64 5.54 4.24 64 4.24
3 16 -2 64 10 -2.3 64 5.54 -4.24 64 4.24
0
3 16 2 72 10 4.24 72 4.24 5.54 72 2
3 16 -2 72 10 -4.24 72 4.24 -5.54 72 2
0
3 16 2 64 10 4.24 64 4.24 5.54 64 2
3 16 -2 64 10 -4.24 64 4.24 -5.54 64 2
0
4 16 0 72 10 2 72 10 2.3 72 5.54 0 72 6
4 16 0 72 10 -2 72 10 -2.3 72 5.54 0 72 6
0
4 16 0 64 10 2 64 10 2.3 64 5.54 0 64 6
4 16 0 64 10 -2 64 10 -2.3 64 5.54 0 64 6
0
4 16 6 72 0 6 72 -4 4 72 -4 4 72 0
4 16 -6 72 0 -6 72 -4 -4 72 -4 -4 72 0
0
4 16 6 64 0 6 64 -4 4 64 -4 4 64 0
4 16 -6 64 0 -6 64 -4 -4 64 -4 -4 64 0
0
4 16 6 72 0 5.54 72 2.3 3.7 72 1.53 4 72 0
4 16 -6 72 0 -5.54 72 2.3 -3.7 72 1.53 -4 72 0
0
4 16 6 64 0 5.54 64 2.3 3.7 64 1.53 4 64 0
4 16 -6 64 0 -5.54 64 2.3 -3.7 64 1.53 -4 64 0
0
4 16 5.54 72 2.3 4.24 72 4.24 2.83 72 2.83 3.7 72 1.53
4 16 -5.54 72 2.3 -4.24 72 4.24 -2.83 72 2.83 -3.7 72 1.53
0
4 16 5.54 64 2.3 4.24 64 4.24 2.83 64 2.83 3.7 64 1.53
4 16 -5.54 64 2.3 -4.24 64 4.24 -2.83 64 2.83 -3.7 64 1.53
0
4 16 4.24 72 4.24 2.3 72 5.54 1.53 72 3.7 2.83 72 2.83
4 16 -4.24 72 4.24 -2.3 72 5.54 -1.53 72 3.7 -2.83 72 2.83
0
4 16 4.24 64 4.24 2.3 64 5.54 1.53 64 3.7 2.83 64 2.83
4 16 -4.24 64 4.24 -2.3 64 5.54 -1.53 64 3.7 -2.83 64 2.83
0
4 16 2.3 72 5.54 1.53 72 3.7 0 72 4 0 72 6
4 16 -2.3 72 5.54 -1.53 72 3.7 0 72 4 0 72 6
0
4 16 2.3 64 5.54 1.53 64 3.7 0 64 4 0 64 6
4 16 -2.3 64 5.54 -1.53 64 3.7 0 64 4 0 64 6
0
4 16 6 72 -4 6 64 -4 4 64 -4 4 72 -4
4 16 -6 72 -4 -6 64 -4 -4 64 -4 -4 72 -4
0
4 16 6 72 0 6 64 0 6 64 -4 6 72 -4
4 16 -6 72 0 -6 64 0 -6 64 -4 -6 72 -4
0
4 16 6 72 0 6 64 0 5.52 64 2.28 5.52 72 2.28
4 16 -6 72 0 -6 64 0 -5.52 64 2.28 -5.52 72 2.28
0
4 16 2 72 10 2 64 10 5.52 64 2.28 5.52 72 2.28
4 16 -2 72 10 -2 64 10 -5.52 64 2.28 -5.52 72 2.28
0
4 16 4 72 0 4 64 0 4 64 -4 4 72 -4
4 16 -4 72 0 -4 64 0 -4 64 -4 -4 72 -4
0
5 24 5.52 72 2.28 5.52 64 2.28 2 72 10 6 72 0
5 24 -5.52 72 2.28 -5.52 64 -2.28 2 72 -10 6 72 0
0
5 24 6 72 0 6 64 0 5.52 72 2.28 6 72 -4
5 24 -6 72 0 -6 64 0 -5.52 72 -2.28 6 72 -4
0
