0 ~Subpart Wedge  4 x  4 with Classic Space Pattern - gold
0 Name: s\4858p90a.dat
0 Author: Chris Dee (chris_w_dee@hotmail.com)
0 LDRAW_ORG Subpart UPDATE 2002-01

 1 16 -1 10 -40 10.162 0 -4.21 -1.33 0.949 -3.211 3.993 0.316 9.639 2-4disc.dat
 3 16 3.21 13.211 -49.639 6.778 12.458 -47.377 -1 13.476 -50.434
 4 16 -1 13.476 -50.434 6.778 12.458 -47.377 9.162 11.33 -43.993 -5.21 13.211 -49.639
 4 16 -5.21 13.211 -49.639 9.162 11.33 -43.993 10 10 -40 -8.778 12.458 -47.377
 4 16 -8.778 12.458 -47.377 10 10 -40 9.958 9.934 -39.801 -8.896 12.402 -47.209
0
