0 ~Panel  1 x  2 x  2 without Front Face
0 Name: s\4864s01.dat
0 Author: Mark Kennedy
0 LDRAW_ORG Subpart UPDATE 2004-02
0 BFC CERTIFY CCW

0 // 2003-07-02  Steffen  BFCed

1 16 0 44 0 1 0 0 0 -1 0 0 0 1 stud3.dat
0 BFC INVERTNEXT
1 16 0 48 0 16 0 0 0 -4 0 0 0 6 box5.dat
4 16 20 48 10 16 48 6 -16 48 6 -20 48 10
4 16 -20 48 10 -16 48 6 -16 48 -6 -20 48 -10
4 16 -20 48 -10 -16 48 -6 16 48 -6 20 48 -10
4 16 20 48 -10 16 48 -6 16 48 6 20 48 10
2 24 20 48 10 -20 48 10
2 24 -20 48 10 -20 48 -10
2 24 20 48 -10 20 48 10
2 24 20 0 10 20 48 10
2 24 -20 0 10 -20 48 10
4 16 -20 40 6 -20 48 10 -20 48 -10 -20 40 -10
4 16 -20 48 10 -20 40 6 -20 4 6 -20 0 10
4 16 -20 0 10 -20 4 6 -20 4 -10 -20 0 -10
4 16 20 48 -10 20 48 10 20 40 6 20 40 -10
4 16 20 4 6 20 40 6 20 48 10 20 0 10
4 16 20 4 -10 20 4 6 20 0 10 20 0 -10
1 16 10 0 0 1 0 0 0 1 0 0 0 1 stud2.dat
1 16 -10 0 0 1 0 0 0 1 0 0 0 1 stud2.dat
0 BFC INVERTNEXT
1 16 0 22 -10 20 0 0 0 0 -18 0 16 0 box3u2p.dat
1 16 0 2 0 20 0 0 0 0 -2 0 -10 0 box2-5.dat
1 16 0 44 -10 -20 0 0 0 0 4 0 1 0 rect3.dat
0
