0 ~Minifig Sword Greatsword - 1/4 Blade
0 Name: s\59s02.dat
0 Author: Franklin W. Cain
0 LDRAW_ORG Subpart UPDATE 2004-02

0 BFC CERTIFY CW

0 // 2003-12-29  FWC  revised...
0 // 2004-02-08  OWP  Fixed L3P error

 2 24  0   0 -6 -1   0 -3
 2 24 -1   0 -3 -1   0  0
 4 16 -1   0 -3 -1 -70 -3  0 -70 -6  0   0 -6
 4 16 -1 -70 -3 -1   0 -3 -1   0  0 -1 -70  0
 2 24  0 -70 -6  0   0 -6
 5 24 -1   0 -3 -1 -70 -3  0 -70 -6 -1 -70  3
 5 24  0 -70 -6 -1 -70 -3  0 -76  0  0  36  0
 5 24 -1 -70  0 -1 -70 -3  0 -76  0  0  36  0
0
 1 16  0 -70 0 0 -1 0 -3 0  0  0 0 -3 1-4con1.dat
 1 16 -1 -70 0 0  1 0  0 0 -3 -3 0  0 1-4disc.dat
 1 16  0 -70 0 0  1 0  0 0 -6 -6 0  0 1-4edge.dat
0
 5 24 -1 -70 -3 -1 -71.148 -2.772 -1 -70 -6 -1 -70 0
 5 24 -1 -72.121 -2.121 -1 -71.148 -2.772 -1 -74.243 -4.243 -1 -70 0
 5 24 -1 -72.121 -2.121 -1 -72.772 -1.148 -1 -74.243 -4.243 -1 -70 0
 5 24 -1 -73 0 -1 -72.772 -1.148 -1 -76 0 -1 -70 0
0
0 end of file
