0 ~Subpart Wedge  4 x  4 Triple w/ SW X-wing Nose Pattern
0 Name: 6069s101.dat
0 Author: John VanZwieten
0 Official LCad update 99-06

 4 16 -11.5 15.667 -57 -19.5 15.667 -57 -19.5 12.0 -46 -11.5 12.0 -46
 4 16 11.5 15.667 -57 19.5 15.667 -57 19.5 12.0 -46 11.5 12.0 -46
 4 16 -9.5 15.667 -57 -9.5 12.667 -48 9.5 12.667 -48 9.5 15.667 -57
 4 16 -9.5 11.333 -44 -9.5 12.0 -46 9.5 12.0 -46 9.5 11.333 -44
 4 16 -9.5 8.667 -36 -9.5 8.333 -35 9.5 8.333 -35 9.5 8.667 -36
 4 16 -9.5 3.333 -20 -9.5 4.0 -22 9.5 4.0 -22 9.5 3.333 -20
0