0 ~Roadsign Post
0 Name: s\647s00.dat
0 Author: Mark Kennedy
0 LDRAW_ORG Subpart UPDATE 2005-01
0 BFC CERTIFY CW

0 //                      Acknowledgements to original designer of 647.dat
0 // 2004-10-16  CWD      Removed edgelines around top to work with round sign
0 // 2004-10-23  Steffen  fixed L3P errors


1 16 0 2 0 1 0 0 0 -1.25 0 0 0 1 stud3.dat
1 16 8 8 0 0 0 2 0 -1 0 20 0 0 rect3.dat
1 16 -8 8 0 0 0 -2 0 -1 0 20 0 0 rect3.dat
1 16 10 4 0 0 -1 0 0 0 -4 20 0 0 rect3.dat
1 16 -10 4 0 0 1 0 0 0 -4 20 0 0 rect3.dat
0 BFC INVERTNEXT
1 16 0 8 0 0 0 6 0 -6 0 -20 0 0 box3u2p.dat
2 24 10 0 20 -10 0 20
2 24 -10 0 -20 10 0 -20
2 24 0 -2 10 10 0 20
2 24 0 -2 10 -10 0 20
2 24 0 -2 -10 10 0 -20
2 24 0 -2 -10 -10 0 -20
2 24 0 -2 10 0 -2 -10
1 16 0 -10 0 6 0 0 0 6 0 0 0 6 4-4edge.dat
1 16 0 -2 0 0 1 6 0 0 1.2 6 0 0 2-4edge.dat
1 16 0 -2 0 0 1 -6 0 0 1.2 6 0 0 2-4edge.dat
4 16 6 8 -20 6 2 -20 10 0 -20 10 8 -20
4 16 -10 8 -20 -10 0 -20 -6 2 -20 -6 8 -20
4 16 -10 0 20 -6 2 20 6 2 20 10 0 20
4 16 -6 8 20 -6 2 20 -10 0 20 -10 8 20
4 16 10 8 20 10 0 20 6 2 20 6 8 20
4 16 10 0 -20 6 2 -20 -6 2 -20 -10 0 -20
4 16 -10 0 20 0 -2 10 0 -2 -10 -10 0 -20
3 16 10 0 20 0 -2 10 -10 0 20
4 16 10 0 -20 0 -2 -10 0 -2 10 10 0 20
3 16 -10 0 -20 0 -2 -10 10 0 -20
1 16 0 -10 0 6 0 0 0 6 0 0 0 6 4-4disc.dat
1 16 0 -10 0 6 0 0 0 10 0 0 0 6 4-4cyli.dat
2 24 4 -10 -2 4 -10 2
2 24 4 -10 -2 2 -10 -2
2 24 4 -10 2 2 -10 2
2 24 -4 -10 -2 -4 -10 2
2 24 -4 -10 -2 -2 -10 -2
2 24 -4 -10 2 -2 -10 2
1 16 2 -39 0 0 2 0 -29 0 0 0 0 -2 box3u8p.dat
1 16 -2 -39 0 0 -2 0 -29 0 0 0 0 -2 box3u8p.dat
1 16 0 -35 -4 2 0 0 0 0 25 0 1 0 rect3.dat
1 16 0 -35 4 2 0 0 0 0 25 0 -1 0 rect3.dat
1 16 0 -64 3 2 0 0 0 0 4 0 -1 1 rect.dat
1 16 0 -64 -3 2 0 0 0 0 4 0 1 -1 rect.dat
4 16 -2 -10 2 -2 -10 4 -2 -60 4 -2 -68 2
4 16 2 -10 4 2 -10 2 2 -68 2 2 -60 4
4 16 2 -10 -2 2 -10 -4 2 -60 -4 2 -68 -2
4 16 -2 -10 -4 -2 -10 -2 -2 -68 -2 -2 -60 -4
2 24 2 -10 2 2 -10 4
2 24 -2 -10 4 -2 -10 2
2 24 -2 -10 -2 -2 -10 -4
2 24 2 -10 -4 2 -10 -2
0
