0 ~Subpart Roadsign Triangle
0 Name: 649s01.dat
0 Author: Chris Dee (chris_w_dee@hotmail.com)
0 Official LCad update 98-07

0 Acknowledgements to original designer of 647.dat
1 16 0 2 0 1 0 0 0 -1.5 0 0 0 1 stud3.dat

2 24 10 8 20 6 8 20
2 24 6 8 20 6 8 -20
2 24 6 8 -20 10 8 -20
2 24 10 8 -20 10 8 20
2 24 -10 8 20 -6 8 20
2 24 -6 8 20 -6 8 -20
2 24 -6 8 -20 -10 8 -20
2 24 -10 8 -20 -10 8 20
2 24 6 2 20 -6 2 20
2 24 -6 2 20 -6 2 -20
2 24 -6 2 -20 6 2 -20
2 24 6 2 -20 6 2 20
2 24 10 0 20 -10 0 20
2 24 -10 0 20 -10 0 -20
2 24 -10 0 -20 10 0 -20
2 24 10 0 -20 10 0 20
2 24 6 2 20 6 8 20
2 24 -6 2 20 -6 8 20
2 24 6 2 -20 6 8 -20
2 24 -6 2 -20 -6 8 -20
2 24 10 0 20 10 8 20
2 24 -10 0 20 -10 8 20
2 24 10 0 -20 10 8 -20
2 24 -10 0 -20 -10 8 -20
2 24 0 -2 10 10 0 20
2 24 0 -2 10 -10 0 20
2 24 0 -2 -10 10 0 -20
2 24 0 -2 -10 -10 0 -20
2 24 0 -2 10 0 -2 -10
1 16 0 -10 0 6 0 0 0 0 0 0 0 6 4-4edge.dat
1 16 0 -2 0 0 0 6 0 0 1.2 6 0 0 2-4edge.dat
1 16 0 -2 0 0 0 -6 0 0 1.2 6 0 0 2-4edge.dat
2 24 4 -10 2 2 -10 2
2 24 2 -10 2 2 -10 4
2 24 2 -10 4 -2 -10 4
2 24 -2 -10 4 -2 -10 2
2 24 -2 -10 2 -4 -10 2
2 24 -4 -10 2 -4 -10 -2
2 24 -4 -10 -2 -2 -10 -2
2 24 -2 -10 -2 -2 -10 -4
2 24 -2 -10 -4 2 -10 -4
2 24 2 -10 -4 2 -10 -2
2 24 2 -10 -2 4 -10 -2
2 24 4 -10 -2 4 -10 2
2 24 4 -68 2 -4 -68 2
2 24 -4 -68 2 -4 -68 -2
2 24 -4 -68 -2 4 -68 -2
2 24 4 -68 -2 4 -68 2
2 24 2 -68 2 2 -60 4
2 24 2 -60 4 -2 -60 4
2 24 -2 -60 4 -2 -68 2
2 24 2 -68 -2 2 -60 -4
2 24 2 -60 -4 -2 -60 -4
2 24 -2 -60 -4 -2 -68 -2
2 24 4 -10 2 4 -68 2
2 24 2 -10 2 2 -68 2
2 24 2 -10 4 2 -60 4
2 24 -2 -10 4 -2 -60 4
2 24 -2 -10 2 -2 -68 2
2 24 -4 -10 2 -4 -68 2
2 24 -4 -10 -2 -4 -68 -2
2 24 -2 -10 -2 -2 -68 -2
2 24 -2 -10 -4 -2 -60 -4
2 24 2 -10 -4 2 -60 -4
2 24 2 -10 -2 2 -68 -2
2 24 4 -10 -2 4 -68 -2

4 16 10 8 20 6 8 20 6 8 -20 10 8 -20
4 16 -10 8 20 -6 8 20 -6 8 -20 -10 8 -20
4 16 6 2 20 -6 2 20 -6 2 -20 6 2 -20
4 16 10 8 20 10 0 20 10 0 -20 10 8 -20
4 16 6 8 20 6 2 20 6 2 -20 6 8 -20
4 16 -6 8 20 -6 2 20 -6 2 -20 -6 8 -20
4 16 -10 8 20 -10 0 20 -10 0 -20 -10 8 -20
4 16 10 8 20 10 0 20 6 2 20 6 8 20
4 16 -10 8 20 -10 0 20 -6 2 20 -6 8 20
4 16 10 0 20 6 2 20 -6 2 20 -10 0 20
4 16 10 8 -20 10 0 -20 6 2 -20 6 8 -20
4 16 -10 8 -20 -10 0 -20 -6 2 -20 -6 8 -20
4 16 10 0 -20 6 2 -20 -6 2 -20 -10 0 -20
4 16 10 0 20 0 -2 10 0 -2 -10 10 0 -20
4 16 -10 0 20 0 -2 10 0 -2 -10 -10 0 -20
3 16 10 0 20 0 -2 10 -10 0 20
3 16 10 0 -20 0 -2 -10 -10 0 -20
1 16 0 -10 0 6 0 0 0 0 0 0 0 6 4-4disc.dat
1 16 0 -10 0 6 0 0 0 10 0 0 0 6 4-4cyli.dat
4 16 4 -68 2 4 -68 -2 -4 -68 -2 -4 -68 2
4 16 2 -68 2 2 -60 4 -2 -60 4 -2 -68 2
4 16 2 -68 -2 2 -60 -4 -2 -60 -4 -2 -68 -2
4 16  4 -10  2  2 -10  2  2 -68  2  4 -68  2
4 16  2 -10  2  2 -10  4  2 -60  4  2 -68  2
4 16  2 -10  4 -2 -10  4 -2 -60  4  2 -60  4
4 16 -2 -10  4 -2 -10  2 -2 -68  2 -2 -60  4
4 16 -2 -10  2 -4 -10  2 -4 -68  2 -2 -68  2
4 16 -4 -10  2 -4 -10 -2 -4 -68 -2 -4 -68  2
4 16 -4 -10 -2 -2 -10 -2 -2 -68 -2 -4 -68 -2
4 16 -2 -10 -2 -2 -10 -4 -2 -60 -4 -2 -68 -2
4 16 -2 -10 -4  2 -10 -4  2 -60 -4 -2 -60 -4
4 16  2 -10 -4  2 -10 -2  2 -68 -2  2 -60 -4
4 16  2 -10 -2  4 -10 -2  4 -68 -2  2 -68 -2
4 16  4 -10 -2  4 -10  2  4 -68  2  4 -68 -2

4 16 0 -68 2 22 -68 2 22 -70 2 0 -82.7 2 
4 16 0 -68 2 -22 -68 2 -22 -70 2 0 -82.7 2 
4 16 -12.73 -90.05 2 -23.73 -71 2 -22 -70 2 0 -82.7 2 
4 16 -12.73 -90.05 2 -1.73 -109.1 2 -0 -108.1 2 0 -82.7 2 
4 16 12.73 -90.05 2 1.73 -109.1 2 0 -108.1 2 0 -82.7 2 
4 16 12.73 -90.05 2 23.73 -71 2 22 -70 2 0 -82.7 2 
3 16 22 -70 2 22 -68 2 23 -68.27 2 
3 16 22 -70 2 23 -68.27 2 23.73 -69 2
3 16 22 -70 2 23.73 -69 2 24 -70 2
3 16 22 -70 2 24 -70 2 23.73 -71 2
3 16 -22 -70 2 -22 -68 2 -23 -68.27 2 
3 16 -22 -70 2 -23 -68.27 2 -23.73 -69 2
3 16 -22 -70 2 -23.73 -69 2 -24 -70 2
3 16 -22 -70 2 -24 -70 2 -23.73 -71 2
3 16 0 -108.1 2 -1.73 -109.1 2 -1 -109.83 2
3 16 0 -108.1 2 -1 -109.83 2 0 -110.1 2
3 16 0 -108.1 2 1 -109.83 2 0 -110.1 2
3 16 0 -108.1 2 1.73 -109.1 2 1 -109.83 2

2 24 -22 -68 2 22 -68 2
2 24 22 -68 2 23 -68.27 2 
2 24 23 -68.27 2 23.73 -69 2
2 24 23.73 -69 2 24 -70 2
2 24 24 -70 2 23.73 -71 2
2 24 23.73 -71 2 1.73 -109.1 2
2 24 1.73 -109.1 2 1 -109.83 2
2 24 1 -109.83 2 0 -110.1 2
2 24 -1 -109.83 2 0 -110.1 2
2 24 -1.73 -109.1 2 -1 -109.83 2
2 24 -23.73 -71 2 -1.73 -109.1 2
2 24 -24 -70 2 -23.73 -71 2
2 24 -23.73 -69 2 -24 -70 2
2 24 -23 -68.27 2 -23.73 -69 2
2 24 -22 -68 2 -23 -68.27 2 

4 16 -22 -68 -2 22 -68 -2 22 -68 2 -22 -68 2
4 16 22 -68 -2 23 -68.27 -2 23 -68.27 2 22 -68 2
4 16 23 -68.27 -2 23.73 -69 -2 23.73 -69 2 23 -68.27 2
4 16 23.73 -69 -2 24 -70 -2  24 -70 2 23.73 -69 2
4 16 24 -70 -2 23.73 -71 -2 23.73 -71 2 24 -70 2
5 24 23 -68.27 -2 23 -68.27 2 22 -68 0 23.73 -69 0
5 24 23.73 -69 -2 23.73 -69 2 23 -68.27 0 24 -70 0
5 24 24 -70 -2 24 -70 2 23.73 -69 0 23.73 -71 0
4 16 23.73 -71 -2 1.73 -109.1 -2 1.73 -109.1 2 23.73 -71 2
4 16 1.73 -109.1 -2 1 -109.83 -2 1 -109.83 2 1.73 -109.1 2
4 16 1 -109.83 -2 0 -110.1 -2 0 -110.1 2 1 -109.83 2
4 16 -1 -109.83 -2 0 -110.1 -2 0 -110.1 2 -1 -109.83 2
4 16 -1.73 -109.1 -2 -1 -109.83 -2 -1 -109.83 2 -1.73 -109.1 2
5 24 1 -109.83 -2 1 -109.83 2 0 -110.1 0 1.73 -109.1 0
5 24 0 -110.1 -2 0 -110.1 2 1 -109.83 0 -1 -109.83 0
5 24 -1 -109.83 -2 -1 -109.83 2 0 -110.1 0 -1.73 -109.1 0
4 16 -23.73 -71 -2 -1.73 -109.1 -2 -1.73 -109.1 2 -23.73 -71 2
4 16 -24 -70 -2 -23.73 -71 -2 -23.73 -71 2 -24 -70 2
4 16 -23.73 -69 -2 -24 -70 -2 -24 -70 2 -23.73 -69 2
4 16 -23 -68.27 -2 -23.73 -69 -2 -23.73 -69 2 -23 -68.27 2
4 16 -22 -68 -2 -23 -68.27 -2  -23 -68.27 2 -22 -68 2
5 24 -23 -68.27 -2 -23 -68.27 2 -22 -68 0 -23.73 -69 0
5 24 -23.73 -69 -2 -23.73 -69 2 -23 -68.27 0 -24 -70 0
5 24 -24 -70 -2 -24 -70 2 -23.73 -69 0 -23.73 -71 0

2 24 -22 -68 -2 22 -68 -2
2 24 22 -68 -2 23 -68.27 -2 
2 24 23 -68.27 -2 23.73 -69 -2
2 24 23.73 -69 -2 24 -70 -2
2 24 24 -70 -2 23.73 -71 -2
2 24 23.73 -71 -2 1.73 -109.1 -2
2 24 1.73 -109.1 -2 1 -109.83 -2
2 24 1 -109.83 -2 0 -110.1 -2
2 24 -1 -109.83 -2 0 -110.1 -2
2 24 -1.73 -109.1 -2 -1 -109.83 -2
2 24 -23.73 -71 -2 -1.73 -109.1 -2
2 24 -24 -70 -2 -23.73 -71 -2
2 24 -23.73 -69 -2 -24 -70 -2
2 24 -23 -68.27 -2 -23.73 -69 -2
2 24 -22 -68 -2 -23 -68.27 -2 
