0 ~Tyre 30.4 x 14 VR Segment
0 Name: s\6578s01.dat
0 Author: William J. Wood
0 !LDRAW_ORG Subpart UPDATE 2002-04
0 !LICENSE Not redistributable : see NonCAreadme.txt

0 BFC CERTIFY CCW

0 !HISTORY 2002-08-18 [PTadmin] Official Update 2002-04
0 !HISTORY 2007-07-18 [PTadmin] Header formatted for Contributor Agreement
0 !HISTORY 2008-07-01 [PTadmin] Official Update 2008-01

4 16 1.124 -37.86 -13 0.9931 -34.9 -17.42 3.542 -34.57 -17.42 3.927 -37.49 -13
2 24 0.9931 -34.9 -17.42 1.124 -37.86 -13
2 24 3.927 -37.49 -13 3.542 -34.57 -17.42
2 24 1.124 -37.86 -13 3.927 -37.49 -13
3 16 3.542 -34.57 -17.42 0.9931 -34.9 -17.42 9.054 -33.79 -17.5
3 16 3.542 -34.57 -17.42 9.054 -33.79 -17.5 5.525 -34.31 -17.42
5 24 3.542 -34.57 -17.42 5.525 -34.31 -17.42 5.78 -36.24 -13 9.054 -33.79 -17.5
3 16 5.525 -34.31 -17.42 9.054 -33.79 -17.5 8.074 -33.97 -17.42
4 16 5.525 -34.31 -17.42 8.074 -33.97 -17.42 8.714 -36.86 -13 5.91 -37.23 -13
2 24 8.714 -36.86 -13 8.074 -33.97 -17.42
2 24 5.91 -37.23 -13 8.714 -36.86 -13
2 24 5.525 -34.31 -17.42 5.91 -37.23 -13
3 16 0 -35.03 -17.42 0 -34.98 -17.5 0.9931 -34.9 -17.42
2 24 0 -34.98 -17.5 0 -35.03 -17.42
5 24 0 -35.03 -17.42 0.9931 -34.9 -17.42 0.9931 -36.87 -13 0 -34.98 -17.5
3 16 0.9931 -34.9 -17.42 0 -34.98 -17.5 9.054 -33.79 -17.5
2 24 9.054 -33.79 -17.5 0 -34.98 -17.5
3 16 9.054 -33.79 -17.5 9.067 -33.84 -17.42 8.074 -33.97 -17.42
2 24 9.067 -33.84 -17.42 9.054 -33.79 -17.5
5 24 8.074 -33.97 -17.42 9.067 -33.84 -17.42 9.576 -35.74 -13 9.054 -33.79 -17.5
4 16 8.714 -36.86 -13 8.715 -36.86 -12.97 5.91 -37.23 -10 5.91 -37.23 -13
2 24 8.715 -36.86 -12.97 8.714 -36.86 -13
2 24 5.91 -37.23 -13 5.91 -37.23 -10
3 16 5.91 -37.23 -10 8.715 -36.86 -12.97 8.715 -36.86 -8
2 24 8.715 -36.86 -8 8.715 -36.86 -12.97
4 16 5.91 -37.23 -10 8.715 -36.86 -8 1.122 -37.86 -8 3.927 -37.49 -10
2 24 1.122 -37.86 -8 8.715 -36.86 -8
2 24 5.91 -37.23 -10 3.927 -37.49 -10
3 16 3.927 -37.49 -10 1.122 -37.86 -8 1.122 -37.86 -12.97
2 24 1.122 -37.86 -12.97 1.122 -37.86 -8
4 16 3.927 -37.49 -10 1.122 -37.86 -12.97 1.124 -37.86 -13 3.927 -37.49 -13
2 24 1.124 -37.86 -13 1.122 -37.86 -12.97
2 24 3.927 -37.49 -10 3.927 -37.49 -13
4 16 3.797 -36.5 -10 3.927 -37.49 -10 3.927 -37.49 -13 3.797 -36.5 -13
2 24 3.797 -36.5 -10 3.927 -37.49 -10
2 24 3.797 -36.5 -10 3.797 -36.5 -13
3 16 3.797 -36.5 -13 3.927 -37.49 -13 3.542 -34.57 -17.42
2 24 3.797 -36.5 -13 3.542 -34.57 -17.42
3 16 0.9931 -34.9 -17.42 1.124 -37.86 -13 0.9931 -36.87 -13
2 24 0.9931 -34.9 -17.42 0.9931 -36.87 -13
4 16 0.9931 -36.87 -13 1.124 -37.86 -13 1.122 -37.86 -12.97 0.9914 -36.87 -12.97
5 24 1.122 -37.86 -12.97 0.9914 -36.87 -12.97 0.9931 -36.87 -13 1.122 -37.86 -8
2 24 0.9931 -36.87 -13 0.9914 -36.87 -12.97
3 16 8.585 -35.87 -12.97 8.715 -36.86 -12.97 8.583 -35.87 -13
5 24 8.585 -35.87 -12.97 8.715 -36.86 -12.97 8.583 -35.87 -13 8.585 -35.87 -8
2 24 8.585 -35.87 -12.97 8.583 -35.87 -13
4 16 8.583 -35.87 -13 8.715 -36.86 -12.97 8.714 -36.86 -13 8.074 -33.97 -17.42
2 24 8.583 -35.87 -13 8.074 -33.97 -17.42
3 16 5.525 -34.31 -17.42 5.91 -37.23 -13 5.78 -36.24 -13
2 24 5.525 -34.31 -17.42 5.78 -36.24 -13
4 16 5.78 -36.24 -13 5.91 -37.23 -13 5.91 -37.23 -10 5.78 -36.24 -10
2 24 5.91 -37.23 -10 5.78 -36.24 -10
2 24 5.78 -36.24 -13 5.78 -36.24 -10
4 16 0 -37 -6 0.9914 -36.87 -8 8.585 -35.87 -8 9.576 -35.74 -6
2 24 0.9914 -36.87 -8 8.585 -35.87 -8
2 24 0 -37 -6 9.576 -35.74 -6
4 16 9.576 -35.74 -6 8.585 -35.87 -8 8.585 -35.87 -12.97 9.576 -35.74 -13
2 24 8.585 -35.87 -8 8.585 -35.87 -12.97
3 16 9.576 -35.74 -13 8.585 -35.87 -12.97 8.583 -35.87 -13
2 24 9.576 -35.74 -13 8.583 -35.87 -13
3 16 0.9931 -36.87 -13 0.9914 -36.87 -12.97 0 -37 -13
2 24 0.9931 -36.87 -13 0 -37 -13
4 16 0 -37 -13 0.9914 -36.87 -12.97 0.9914 -36.87 -8 0 -37 -6
2 24 0.9914 -36.87 -12.97 0.9914 -36.87 -8
4 16 8.714 -36.86 13 8.074 -33.97 17.42 5.525 -34.31 17.42 5.91 -37.23 13
2 24 8.074 -33.97 17.42 8.714 -36.86 13
2 24 5.91 -37.23 13 5.525 -34.31 17.42
2 24 8.714 -36.86 13 5.91 -37.23 13
3 16 5.525 -34.31 17.42 8.074 -33.97 17.42 0 -34.98 17.5
3 16 5.525 -34.31 17.42 0 -34.98 17.5 3.542 -34.57 17.42
5 24 5.525 -34.31 17.42 3.542 -34.57 17.42 3.797 -36.5 13 0 -34.98 17.5
3 16 3.542 -34.57 17.42 0 -34.98 17.5 0.9931 -34.9 17.42
4 16 3.542 -34.57 17.42 0.9931 -34.9 17.42 1.124 -37.86 13 3.927 -37.49 13
2 24 1.124 -37.86 13 0.9931 -34.9 17.42
2 24 3.927 -37.49 13 1.124 -37.86 13
2 24 3.542 -34.57 17.42 3.927 -37.49 13
3 16 9.067 -33.84 17.42 9.054 -33.79 17.5 8.074 -33.97 17.42
2 24 9.054 -33.79 17.5 9.067 -33.84 17.42
5 24 9.067 -33.84 17.42 8.074 -33.97 17.42 8.583 -35.87 13 9.054 -33.79 17.5
3 16 8.074 -33.97 17.42 9.054 -33.79 17.5 0 -34.98 17.5
2 24 0 -34.98 17.5 9.054 -33.79 17.5
3 16 0 -34.98 17.5 0 -35.03 17.42 0.9931 -34.9 17.42
2 24 0 -35.03 17.42 0 -34.98 17.5
5 24 0.9931 -34.9 17.42 0 -35.03 17.42 0 -37 13 0 -34.98 17.5
4 16 1.124 -37.86 13 1.122 -37.86 12.97 3.927 -37.49 10 3.927 -37.49 13
2 24 1.122 -37.86 12.97 1.124 -37.86 13
2 24 3.927 -37.49 13 3.927 -37.49 10
3 16 3.927 -37.49 10 1.122 -37.86 12.97 1.122 -37.86 8
2 24 1.122 -37.86 8 1.122 -37.86 12.97
4 16 3.927 -37.49 10 1.122 -37.86 8 8.715 -36.86 8 5.91 -37.23 10
2 24 8.715 -36.86 8 1.122 -37.86 8
2 24 3.927 -37.49 10 5.91 -37.23 10
3 16 5.91 -37.23 10 8.715 -36.86 8 8.715 -36.86 12.97
2 24 8.715 -36.86 12.97 8.715 -36.86 8
4 16 5.91 -37.23 10 8.715 -36.86 12.97 8.714 -36.86 13 5.91 -37.23 13
2 24 8.714 -36.86 13 8.715 -36.86 12.97
2 24 5.91 -37.23 10 5.91 -37.23 13
4 16 5.78 -36.24 10 5.91 -37.23 10 5.91 -37.23 13 5.78 -36.24 13
2 24 5.78 -36.24 10 5.91 -37.23 10
2 24 5.78 -36.24 10 5.78 -36.24 13
3 16 5.78 -36.24 13 5.91 -37.23 13 5.525 -34.31 17.42
2 24 5.78 -36.24 13 5.525 -34.31 17.42
3 16 8.074 -33.97 17.42 8.714 -36.86 13 8.583 -35.87 13
2 24 8.074 -33.97 17.42 8.583 -35.87 13
4 16 8.583 -35.87 13 8.714 -36.86 13 8.715 -36.86 12.97 8.585 -35.87 12.97
5 24 8.715 -36.86 12.97 8.585 -35.87 12.97 8.583 -35.87 13 8.715 -36.86 8
2 24 8.583 -35.87 13 8.585 -35.87 12.97
3 16 0.9914 -36.87 12.97 1.122 -37.86 12.97 0.9931 -36.87 13
5 24 0.9914 -36.87 12.97 1.122 -37.86 12.97 0.9931 -36.87 13 0.9914 -36.87 8
2 24 0.9914 -36.87 12.97 0.9931 -36.87 13
4 16 0.9931 -36.87 13 1.122 -37.86 12.97 1.124 -37.86 13 0.9931 -34.9 17.42
2 24 0.9931 -36.87 13 0.9931 -34.9 17.42
3 16 3.542 -34.57 17.42 3.927 -37.49 13 3.797 -36.5 13
2 24 3.542 -34.57 17.42 3.797 -36.5 13
4 16 3.797 -36.5 13 3.927 -37.49 13 3.927 -37.49 10 3.797 -36.5 10
2 24 3.927 -37.49 10 3.797 -36.5 10
2 24 3.797 -36.5 13 3.797 -36.5 10
4 16 9.576 -35.74 6 8.585 -35.87 8 0.9914 -36.87 8 0 -37 6
2 24 8.585 -35.87 8 0.9914 -36.87 8
2 24 0 -37 6 9.576 -35.74 6
4 16 0 -37 6 0.9914 -36.87 8 0.9914 -36.87 12.97 0 -37 13
2 24 0.9914 -36.87 8 0.9914 -36.87 12.97
3 16 0 -37 13 0.9914 -36.87 12.97 0.9931 -36.87 13
2 24 0.9931 -36.87 13 0 -37 13
3 16 8.583 -35.87 13 8.585 -35.87 12.97 9.576 -35.74 13
2 24 9.576 -35.74 13 8.583 -35.87 13
4 16 9.576 -35.74 13 8.585 -35.87 12.97 8.585 -35.87 8 9.576 -35.74 6
2 24 8.585 -35.87 12.97 8.585 -35.87 8
4 16 5.78 -36.24 -10 3.797 -36.5 -10 3.797 -36.5 -13 5.78 -36.24 -13
2 24 5.78 -36.24 -10 3.797 -36.5 -10
2 24 3.797 -36.5 -13 5.78 -36.24 -13
4 16 0 -37 -13 0 -35.03 -17.42 0.9931 -34.9 -17.42 0.9931 -36.87 -13
4 16 5.525 -34.31 -17.42 5.78 -36.24 -13 3.797 -36.5 -13 3.542 -34.57 -17.42
4 16 9.576 -35.74 -13 8.583 -35.87 -13 8.074 -33.97 -17.42 9.067 -33.84 -17.42
4 16 5.78 -36.24 13 3.797 -36.5 13 3.797 -36.5 10 5.78 -36.24 10
2 24 5.78 -36.24 13 3.797 -36.5 13
2 24 3.797 -36.5 10 5.78 -36.24 10
4 16 8.074 -33.97 17.42 8.583 -35.87 13 9.576 -35.74 13 9.067 -33.84 17.42
4 16 5.78 -36.24 13 5.525 -34.31 17.42 3.542 -34.57 17.42 3.797 -36.5 13
4 16 0 -37 13 0.9931 -36.87 13 0.9931 -34.9 17.42 0 -35.03 17.42
4 16 6.987 -26.08 7.5 0 -27 7.5 0 -23 7.5 5.953 -22.22 7.5
2 24 6.987 -26.08 7.5 0 -27 7.5
2 24 0 -23 7.5 5.953 -22.22 7.5
4 16 6.987 -26.08 15 0 -27 15 0 -27 7.5 6.987 -26.08 7.5
2 24 6.987 -26.08 15 0 -27 15
4 16 9.059 -33.81 15 0 -35 15 0 -27 15 6.987 -26.08 15
2 24 9.059 -33.81 15 0 -35 15
4 16 5.953 -22.22 12.5 5.953 -22.22 7.5 0 -23 7.5 0 -23 12.5
2 24 0 -23 12.5 5.953 -22.22 12.5
4 16 9.059 -33.81 15 9.059 -33.81 -15 0 -35 -15 0 -35 15
2 24 9.059 -33.81 -15 0 -35 -15
4 16 0 -23 12.5 0 -25 12.5 6.47 -24.15 12.5 5.953 -22.22 12.5
2 24 0 -25 12.5 6.47 -24.15 12.5
4 16 6.47 -24.15 15 6.47 -24.15 12.5 0 -25 12.5 0 -25 15
2 24 0 -25 15 6.47 -24.15 15
4 16 0 -37 -1 9.576 -35.74 -1 9.576 -35.74 1 0 -37 1
2 24 0 -37 -1 9.576 -35.74 -1
2 24 9.576 -35.74 1 0 -37 1
4 16 0 -25 15 0 -27 17.5 6.987 -26.08 17.5 6.47 -24.15 15
2 24 0 -27 17.5 6.987 -26.08 17.5
4 16 9.576 -35.74 1 9.835 -36.71 1 0 -38 1 0 -37 1
2 24 9.835 -36.71 1 0 -38 1
4 16 0 -27 17.5 0 -34.98 17.5 9.054 -33.79 17.5 6.987 -26.08 17.5
4 16 9.835 -36.71 1 9.835 -36.71 6 0 -38 6 0 -38 1
2 24 9.835 -36.71 6 0 -38 6
4 16 0 -38 6 9.835 -36.71 6 9.576 -35.74 6 0 -37 6
4 16 8.585 -35.87 12.97 8.715 -36.86 12.97 8.715 -36.86 8 8.585 -35.87 8
2 24 8.715 -36.86 8 8.585 -35.87 8
4 16 3.797 -36.5 10 3.927 -37.49 10 5.91 -37.23 10 5.78 -36.24 10
4 16 0.9914 -36.87 8 1.122 -37.86 8 1.122 -37.86 12.97 0.9914 -36.87 12.97
2 24 0.9914 -36.87 8 1.122 -37.86 8
4 16 8.715 -36.86 8 1.122 -37.86 8 0.9914 -36.87 8 8.585 -35.87 8
4 16 0 -23 -7.5 0 -27 -7.5 6.987 -26.08 -7.5 5.953 -22.22 -7.5
2 24 0 -27 -7.5 6.987 -26.08 -7.5
2 24 5.953 -22.22 -7.5 0 -23 -7.5
4 16 0 -27 -15 6.987 -26.08 -15 6.987 -26.08 -7.5 0 -27 -7.5
2 24 0 -27 -15 6.987 -26.08 -15
4 16 0 -27 -15 0 -35 -15 9.059 -33.81 -15 6.987 -26.08 -15
4 16 0 -23 -12.5 0 -23 -7.5 5.953 -22.22 -7.5 5.953 -22.22 -12.5
2 24 5.953 -22.22 -12.5 0 -23 -12.5
4 16 6.47 -24.15 -12.5 0 -25 -12.5 0 -23 -12.5 5.953 -22.22 -12.5
2 24 6.47 -24.15 -12.5 0 -25 -12.5
4 16 0 -25 -15 0 -25 -12.5 6.47 -24.15 -12.5 6.47 -24.15 -15
2 24 6.47 -24.15 -15 0 -25 -15
4 16 6.987 -26.08 -17.5 0 -27 -17.5 0 -25 -15 6.47 -24.15 -15
2 24 6.987 -26.08 -17.5 0 -27 -17.5
4 16 0 -38 -1 9.835 -36.71 -1 9.576 -35.74 -1 0 -37 -1
2 24 0 -38 -1 9.835 -36.71 -1
4 16 9.054 -33.79 -17.5 0 -34.98 -17.5 0 -27 -17.5 6.987 -26.08 -17.5
4 16 0 -38 -1 0 -38 -6 9.835 -36.71 -6 9.835 -36.71 -1
2 24 0 -38 -6 9.835 -36.71 -6
4 16 9.576 -35.74 -6 9.835 -36.71 -6 0 -38 -6 0 -37 -6
4 16 8.585 -35.87 -8 8.715 -36.86 -8 8.715 -36.86 -12.97 8.585 -35.87 -12.97
2 24 8.585 -35.87 -8 8.715 -36.86 -8
4 16 8.715 -36.86 -8 8.585 -35.87 -8 0.9914 -36.87 -8 1.122 -37.86 -8
2 24 0.9914 -36.87 -8 1.122 -37.86 -8
4 16 0.9914 -36.87 -12.97 1.122 -37.86 -12.97 1.122 -37.86 -8 0.9914 -36.87 -8
4 16 3.927 -37.49 -10 3.797 -36.5 -10 5.78 -36.24 -10 5.91 -37.23 -10
5 0 0 -38 -1 0 -38 -6 9.835 -36.71 -1 -9.835 -36.71 -1
5 0 0 -38 6 0 -38 1 9.835 -36.71 1 -9.835 -36.71 1
5 0 0 -37 -1 0 -37 1 9.576 -35.74 -1 -9.576 -35.74 -1
5 0 0 -37 -13 0 -37 -6 9.576 -35.74 -6 -9.576 -35.74 -6
5 0 0 -37 13 0 -37 6 9.576 -35.74 6 -9.576 -35.74 6
0
