0 ~Subpart 6595 axle edge
0 Name: 6595d.dat
0 Author: ONYX (J Boen) onyx@flash.net
0 Official LCad update 99-04
0
0 This element was modeled using 3DSMAX 2.x, exported to ASCII
0 and converted to .DAT format by MAX2DAT
0 
0 3DSMAX ASCII output file: 6595 axle edge.ase
0
0 3DSMAX Object: Axle Hole Wedge Edge
0 Normal Edge Lines
 2 24 -19 -2 5.60 -19 0 6 
 2 24 -19 -2 2 -19 -2 5.60 
 2 24 -19 -5.60 2 -19 -2 2 
 2 24 -19 -6 0 -19 -5.60 2 
 2 24 -19 -5.54 -2.30 -19 -6 0 
 2 24 -19 -4.24 -4.24 -19 -5.54 -2.30 
 2 24 -19 -2.30 -5.54 -19 -4.24 -4.24 
 2 24 -19 0 -6 -19 -2.30 -5.54 
 2 24 -3 0 6 -3 -2 5.60 
 2 24 -3 -2 5.60 -3 -2 2 
 2 24 -3 -2 2 -3 -5.60 2 
 2 24 -3 -5.60 2 -3 -6 0 
 2 24 -3 -6 0 -3 -5.54 -2.30 
 2 24 -3 -5.54 -2.30 -3 -4.24 -4.24 
 2 24 -3 -4.24 -4.24 -3 -2.30 -5.54 
 2 24 -3 -2.30 -5.54 -3 0 -6 
0
0 3DSMAX Object: Axle Hole Wedge
0 Faces (Quads and Triangles)
 4 16 -19 -2 5.60 -3 -2 2 -19 -2 2 -3 -2 5.60 
 4 16 -19 -2 2 -3 -5.60 2 -19 -5.60 2 -3 -2 2 
 4 16 -19 -5.54 2.30 -19 -2.30 5.54 -19 -2 2 -19 -4.24 4.24 
 4 16 -3 -2 5.60 -3 -4.24 4.24 -3 -5.60 2 -3 -2.30 5.54 
 3 16 -19 -5.60 2 -19 -5.54 2.30 -19 -2 2 
 3 16 -19 -2 5.60 -19 -2 2 -19 -2.30 5.54 
 3 16 -3 -2 2 -3 -2 5.60 -3 -5.60 2 
 3 16 -3 -5.54 2.30 -3 -5.60 2 -3 -4.24 4.24 
0