0 ~Subpart Roadsign Clip-on  2 X  2 Octagonal
0 Name: 890s01.dat
0 Author: John VanZwieten
0 Official LCad update 99-03

 1 16 20 0 -7.5 0 -1 0 0 0 -8 1.5 0 0 rect.dat
 1 16 -20 0 -7.5 0 -1 0 0 0 -8 1.5 0 0 rect.dat
 1 16 0 20 -7.5 0 0 8 0 -1 0 1.5 0 0 rect.dat
 1 16 0 -20 -7.5 0 0 8 0 -1 0 1.5 0 0 rect.dat
 2 24 20 8 -9 8 20 -9
 2 24 20 8 -6 8 20 -6
 4 16 20 8 -9 8 20 -9 8 20 -6 20 8 -6
 2 24 -20 8 -9 -8 20 -9
 2 24 -20 8 -6 -8 20 -6
 4 16 -20 8 -9 -8 20 -9 -8 20 -6 -20 8 -6

 2 24 20 -8 -9 8 -20 -9
 2 24 20 -8 -6 8 -20 -6
 4 16 20 -8 -9 8 -20 -9 8 -20 -6 20 -8 -6
 2 24 -20 -8 -9 -8 -20 -9
 2 24 -20 -8 -6 -8 -20 -6
 4 16 -20 -8 -9 -8 -20 -9 -8 -20 -6 -20 -8 -6

 4 16 -20 -8 -6 20 -8 -6 20 8 -6 -20 8 -6
 4 16 -20 -8 -6 -8 -20 -6 8 -20 -6 20 -8 -6
 4 16 -20 8 -6 -8 20 -6 8 20 -6 20 8 -6
 1 16 0 0 -6 1 0 0 0 0 -4 0 2 0 box5.dat

 2 24 4 -4 1 4 4 1
 2 24 7 4 1 7 -4 1
 2 24 7 -4 -6 4 -4 -6
 2 24 4 -4 -6 4 4 -6
 2 24 4 4 -6 7 4 -6
 2 24 7 4 -6 7 -4 -6
 2 24 7 -4 -6 7 -4 1
 2 24 4 -4 -6 4 -4 1
 2 24 7 4 -6 7 4 1
 2 24 4 4 -6 4 4 1
 4 16 7 -4 1 7 4 1 4 4 1 4 -4 1
 4 16 7 -4 1 7 -4 -6 4 -4 -6 4 -4 1
 4 16 4 -4 1 4 -4 -6 4 4 -6 4 4 1
 4 16 4 4 1 4 4 -6 7 4 -6 7 4 1
 4 16 7 4 1 7 4 -6 7 -4 -6 7 -4 1

 2 24 4.001 -4 1 4.001 4 1
 2 24 7 4 1 7 -4 1
 2 24 7 -4 1 6.479 -4 2.966
 2 24 4.001 -4 1 3.659 -4 1.94
 2 24 7 4 1 6.479 4 2.966
 2 24 4.001 4 1 3.659 4 1.94
 4 16 6.479 -4 2.966 6.479 4 2.966 3.659 4 1.94 3.659 -4 1.94
 4 16 6.479 -4 2.966 7 -4 1 4.001 -4 1 3.659 -4 1.94
 4 16 3.659 -4 1.94 4.001 -4 1 4.001 4 1 3.659 4 1.94
 4 16 6.479 4 2.966 7 4 1 7 -4 1 6.479 -4 2.966
 1 16 5.069 -4 2.453 1.41 0 -0.513 0 8 0 0.513 0 1.41 2-4cyli.dat
 1 16 5.069 -4 2.453 1.41 0 -0.513 0 8 0 0.513 0 1.41 2-4disc.dat
 1 16 5.069 -4 2.453 1.41 0 -0.513 0 8 0 0.513 0 1.41 2-4edge.dat
 1 16 5.069 4 2.453 1.41 0 -0.513 0 8 0 0.513 0 1.41 2-4disc.dat
 1 16 5.069 4 2.453 1.41 0 -0.513 0 8 0 0.513 0 1.41 2-4edge.dat
0
 2 24 -4 -4 1 -4 4 1
 2 24 -7 4 1 -7 -4 1
 2 24 -7 -4 -6 -4 -4 -6
 2 24 -4 -4 -6 -4 4 -6
 2 24 -4 4 -6 -7 4 -6
 2 24 -7 4 -6 -7 -4 -6
 2 24 -7 -4 -6 -7 -4 1
 2 24 -4 -4 -6 -4 -4 1
 2 24 -7 4 -6 -7 4 1
 2 24 -4 4 -6 -4 4 1
 4 16 -7 -4 1 -7 4 1 -4 4 1 -4 -4 1
 4 16 -7 -4 1 -7 -4 -6 -4 -4 -6 -4 -4 1
 4 16 -4 -4 1 -4 -4 -6 -4 4 -6 -4 4 1
 4 16 -4 4 1 -4 4 -6 -7 4 -6 -7 4 1
 4 16 -7 4 1 -7 4 -6 -7 -4 -6 -7 -4 1

 2 24 -4.001 -4 1 -4.001 4 1
 2 24 -7 4 1 -7 -4 1
 2 24 -7 -4 1 -6.479 -4 2.966
 2 24 -4.001 -4 1 -3.659 -4 1.94
 2 24 -7 4 1 -6.479 4 2.966
 2 24 -4.001 4 1 -3.659 4 1.94
 4 16 -6.479 -4 2.966 -6.479 4 2.966 -3.659 4 1.94 -3.659 -4 1.94
 4 16 -6.479 -4 2.966 -7 -4 1 -4.001 -4 1 -3.659 -4 1.94
 4 16 -3.659 -4 1.94 -4.001 -4 1 -4.001 4 1 -3.659 4 1.94
 4 16 -6.479 4 2.966 -7 4 1 -7 -4 1 -6.479 -4 2.966
 1 16 -5.069 -4 2.453 -1.41 0 0.513 0 8 0 0.513 0 1.41 2-4cyli.dat
 1 16 -5.069 -4 2.453 -1.41 0 0.513 0 8 0 0.513 0 1.41 2-4disc.dat
 1 16 -5.069 -4 2.453 -1.41 0 0.513 0 8 0 0.513 0 1.41 2-4edge.dat
 1 16 -5.069 4 2.453 -1.41 0 0.513 0 8 0 0.513 0 1.41 2-4disc.dat
 1 16 -5.069 4 2.453 -1.41 0 0.513 0 8 0 0.513 0 1.41 2-4edge.dat
0