0 Roadsign Clip-on  2.2 x  2.667 Triangular without Front Face
0 Name: s\892s01.dat
0 Author: John VanZwieten
0 LDRAW_ORG Subpart UPDATE 2002-04

0 2002-02-21 FWC "clip-on" into shared primitive, fixing gaps. 

 1 16 0 -21 -6 -2.121 0 2.121 -2.121 0 -2.121 0 1 0 1-4edge.dat
 1 16 -19 13.102 -6 -0.776 0 -2.898 2.898 0 -0.776 0 1 0 1-4edge.dat
 1 16 19 13.102 -6 0.776 0 2.898 2.898 0 -0.776 0 1 0 1-4edge.dat

 2 24 -21.898 12.326 -6 -2.121 -23.121 -6
 2 24 21.898 12.326 -6 2.121 -23.121 -6
 2 24 -19.776 16 -6 19.776 16 -6

 1 16 0 -21 -9 -2.121 0 2.121 -2.121 0 -2.121 0 1 0 1-4edge.dat
 1 16 -19 13.102 -9 -0.776 0 -2.898 2.898 0 -0.776 0 1 0 1-4edge.dat
 1 16 19 13.102 -9 0.776 0 2.898 2.898 0 -0.776 0 1 0 1-4edge.dat

 2 24 -21.898 12.326 -9 -2.121 -23.121 -9
 2 24 21.898 12.326 -9 2.121 -23.121 -9
 2 24 -19.776 16 -9 19.776 16 -9

 1 16 0 -21 -6 -2.121 0 2.121 -2.121 0 -2.121 0 1 0 1-4disc.dat
 1 16 -19 13.102 -6 -0.776 0 -2.898 2.898 0 -0.776 0 1 0 1-4disc.dat
 1 16 19 13.102 -6 0.776 0 2.898 2.898 0 -0.776 0 1 0 1-4disc.dat

 4 16 -21.898 12.326 -6 -2.121 -23.121 -6 0 -21 -6 -19 13.102 -6
 4 16 21.898 12.326 -6 2.121 -23.121 -6 0 -21 -6 19 13.102 -6
 4 16 -19.776 16 -6 19.776 16 -6 19 13.102 -6 -19 13.102 -6
 3 16 19 13.102 -6 -19 13.102 -6 0 -21 -6

 1 16 0 -21 -6 -2.121 0 2.121 -2.121 0 -2.121 0 -3 0 1-4cyli.dat
 1 16 -19 13.102 -6 -2.898 0 -0.777 -0.777 0 2.898 0 -3 0 1-4cyli.dat
 1 16 19 13.102 -6 0.776 0 2.898 2.898 0 -0.776 0 -3 0 1-4cyli.dat

 5 24 -19.777 16 -6 -19.777 16 -9 -20.827 15.482 -6 -16.879 15.87 -6
 5 24 19.777 16 -6 19.777 16 -9 20.827 15.482 -6 16.879 15.87 -6

 4 16 -21.898 12.326 -9 -2.121 -23.121 -9 -2.121 -23.121 -6 -21.898 12.326 -6
 4 16 21.898 12.326 -9 2.121 -23.121 -9 2.121 -23.121 -6 21.898 12.326 -6
 4 16 -19.776 16 -9 19.776 16 -9 19.776 16 -6 -19.776 16 -6

 1 16 0 0 0 1 0 0 0 1 0 0 0 1 clip4.dat
0
