0 ~Subpart Technic Axle Connector End
0 Name: 921a.dat
0 Author: Lutz Uhlmann
0 Official LCad update 98-09

 1 16 0 0 -10 -6 0 0 0 0 6 0 1 0 4-4edge.dat
 1 16 0 0 -10 -6 0 0 0 0 6 0 1 0 4-4disc.dat

 1 16  10  10 -30 -6 0 0 0 0 -6 0 1 0 1-4edge.dat
 1 16 -10  10 -30  6 0 0 0 0 -6 0 1 0 1-4edge.dat
 1 16 -10 -10 -30  6 0 0 0 0  6 0 1 0 1-4edge.dat
 1 16  10 -10 -30 -6 0 0 0 0  6 0 1 0 1-4edge.dat

 2 24  10  -4 -30  10   4 -30
 2 24 -10  -4 -30 -10   4 -30
 2 24   4  10 -30  -4  10 -30
 2 24   4 -10 -30  -4 -10 -30

 1 16 0 10 -15 4 0 0 0 1 0 0 0 15 rect.dat
 1 16 0 -10 -15 4 0 0 0 1 0 0 0 15 rect.dat

 2 24  10 -4 -30  10 -4 -9.1230
 2 24  10  4 -30  10  4 -9.1230
 2 24 -10 -4 -30 -10 -4 -9.1230
 2 24 -10  4 -30 -10  4 -9.1230

 4 16 10 -4 -10 10 -4 -9.12 10 -3.826 -9.238 10 0 -10 
 4 16 10  4 -10 10  4 -9.12 10  3.826 -9.238 10 0 -10 
 4 16 10 -4 -10 10 -4 -30 10 4 -30 10 4 -10

 4 16 -10 -4 -10 -10 -4 -9.12 -10 -3.826 -9.238 -10 0 -10 
 4 16 -10  4 -10 -10  4 -9.12 -10  3.826 -9.238 -10 0 -10 
 4 16 -10 -4 -10 -10 -4 -30 -10 4 -30 -10 4 -10

 1 16  10  10 -30 -6 0 0 0 0 -6 0 22 0 1-4cyli.dat
 1 16 -10  10 -30  6 0 0 0 0 -6 0 22 0 1-4cyli.dat
 1 16 -10 -10 -30  6 0 0 0 0  6 0 22 0 1-4cyli.dat
 1 16  10 -10 -30 -6 0 0 0 0  6 0 22 0 1-4cyli.dat

 1 16  10  10 -10 -6 0 0 0 0 -6 0 10 0 1-8cyli.dat
 1 16 -10  10 -10  6 0 0 0 0 -6 0 10 0 1-8cyli.dat
 1 16 -10 -10 -10  6 0 0 0 0  6 0 10 0 1-8cyli.dat
 1 16  10 -10 -10 -6 0 0 0 0  6 0 10 0 1-8cyli.dat

 2 24 4 -10 0 4.3156 -9.238 -3.826
 2 24 4.3156 -9.238 -3.826 4.456 -7.703 -6.376
 2 24 4.456 -7.703 -6.376 4.878 -7.071 -7.071
 2 24 4.878 -7.071 -7.071 5.757 -5.757 -7.948
 2 24 5.757 -5.757 -7.948 7.703 -4.456 -8.817
 2 24 7.703 -4.456 -8.817 10 -4 -9.12

 2 24 -4 -10 0 -4.3156 -9.238 -3.826
 2 24 -4.3156 -9.238 -3.826 -4.456 -7.703 -6.376
 2 24 -4.456 -7.703 -6.376 -4.878 -7.071 -7.071
 2 24 -4.878 -7.071 -7.071 -5.757 -5.757 -7.948
 2 24 -5.757 -5.757 -7.948 -7.703 -4.456 -8.817
 2 24 -7.703 -4.456 -8.817 -10 -4 -9.12

 2 24 4 10 0 4.3156 9.238 -3.826
 2 24 4.3156 9.238 -3.826 4.456 7.703 -6.376
 2 24 4.456 7.703 -6.376 4.878 7.071 -7.071
 2 24 4.878 7.071 -7.071 5.757 5.757 -7.948
 2 24 5.757 5.757 -7.948 7.703 4.456 -8.817
 2 24 7.703 4.456 -8.817 10 4 -9.12

 2 24 -4 10 0 -4.3156 9.238 -3.826
 2 24 -4.3156 9.238 -3.826 -4.456 7.703 -6.376
 2 24 -4.456 7.703 -6.376 -4.878 7.071 -7.071
 2 24 -4.878 7.071 -7.071 -5.757 5.757 -7.948
 2 24 -5.757 5.757 -7.948 -7.703 4.456 -8.817
 2 24 -7.703 4.456 -8.817 -10 4 -9.12

 1 16 0 0 -30 1 0 0 0 0 1 0 20 0 axlehole.dat
 1 16 0 0 -30 1 0 0 0 0 1 0 1 0 axlehol2.dat

 1 16  10  10 -30 -6 0 0 0 0 -6 0 1 0 1-4ndis.dat
 1 16 -10  10 -30  6 0 0 0 0 -6 0 1 0 1-4ndis.dat
 1 16 -10 -10 -30  6 0 0 0 0  6 0 1 0 1-4ndis.dat
 1 16  10 -10 -30 -6 0 0 0 0  6 0 1 0 1-4ndis.dat
 1 16 0 0 -30 2 0 0 0 0 2 0 1 0 ring3.dat
 4 16 10 4 -30 10 -4 -30 6 -4 -30 6 4 -30
 4 16 -10 4 -30 -10 -4 -30 -6 -4 -30 -6 4 -30
 4 16 4 10 -30 -4 10 -30 -4 6 -30 4 6 -30
 4 16 4 -10 -30 -4 -10 -30 -4 -6 -30 4 -6 -30
0