0 Minifig Torso SW A-Wing Pilot - Silver Detail
0 Name: s\973ps0a.dat
0 Author: Franklin W. Cain
0 LDRAW_ORG Subpart UPDATE 2002-04

 4 16 -7 10.500 -10 7 10.500 -10 8 13.500 -10 -8 13.500 -10
0
 4 16 0 17.500 -10 -4 17.500 -10 -4 18.500 -10 0 18.500 -10
0
 4 16 -12.250 28.500 -10 -17.750 28.500 -10 -18.500 29.500 -10 -11.500 29.500 -10
 4 16 -11.500 29.500 -10 -18.500 29.500 -10 -18.500 30.500 -10 -11.500 30.500 -10
 4 16 -11.500 30.500 -10 -18.500 30.500 -10 -17.750 31.500 -10 -12.250 31.500 -10
0
 4 16 12.250 28.250 -10 14 28.250 -10 14 31.750 -10 12.250 31.750 -10
0
0 COMMENT end of file
