0 ~Subpart Minifig Torso with Pirate Stripes Pattern - Belt Buckle Subpart
0 Name: 973p31c.dat
0 Author: Chris Dee (chris_w_dee@hotmail.com)
0 Official LCad update 99-04

4 16 -4.75 27.25 -10 -6 26 -10 6 26 -10 4.75 27.25 -10
4 16 4.75 27.25 -10 6 26 -10 6 32 -10 4.75 30.75 -10
4 16 4.75 30.75 -10 6 32 -10 -6 32 -10 -4.75 30.75 -10
4 16 -4.75 30.75 -10 -6 32 -10 -6 26 -10 -4.75 27.25 -10
4 16 -4.75 28.25 -10 0.25 28.25 -10 0.75 29 -10 -4.75 29 -10
4 16 -4.75 29 -10 0.75 29 -10 0.25 29.75 -10 -4.75 29.75 -10
0