0 ~Subpart Samsonite Gear Cog
0 Name: cog2.dat
0 Author: Tore Eriksson
0 Official LCad update 99-06

2 24 -6 -2 14 -6 2 14 
2 24 6 -2 14 6 2 14 
2 24 -6 -2 14 6 -2 14 
2 24 -6 2 14 6 2 14 
4 16 -6 -2 14 -6 2 14 6 2 14 6 -2 14 
4 16 6 2 -1 6 -2 -1 6 -2 14 6 2 14 
 4 16 -6 2 -1 -6 -2 -1 -6 -2 14 -6 2 14 
2 24 6 -2 0 6 2 0 
 2 24 -6 -2 0 -6 2 0 
2 24 6 2 -1 6 2 14 
 2 24 -6 2 -1 -6 2 14 
 2 24 6 -2 -1 6 -2 14 
 2 24 -6 -2 -1 -6 -2 14 
2 24 6 2 14 3 4 9 
 2 24 -6 2 14 -3 4 9 
 2 24 6 -2 14 3 -4 9 
 2 24 -6 -2 14 -3 -4 9 
2 24 3 4 9 4 3 5 
 2 24 -3 4 9 -4 3 5 
 2 24 3 -4 9 4 -3 5 
 2 24 -3 -4 9 -4 -3 5 
2 24 4 3 5 0 4 0 
 2 24 -4 3 5 0 4 0 
 2 24 4 -3 5 0 -4 0 
 2 24 -4 -3 5 0 -4 0 
3 16 6 2 14 3 4 9 6 2 9 
 3 16 -6 2 14 -3 4 9 -6 2 9 
 3 16 6 -2 14 3 -4 9 6 -2 9 
 3 16 -6 -2 14 -3 -4 9 -6 -2 9 
4 16 6 2 9 3 4 9 4 3 5 6 2 5 
 4 16 -6 2 9 -3 4 9 -4 3 5 -6 2 5 
 4 16 6 -2 9 3 -4 9 4 -3 5 6 -2 5 
 4 16 -6 -2 9 -3 -4 9 -4 -3 5 -6 -2 5 
4 16 6 2 5 4 3 5 0 4 0 6 2 -1 
 4 16 -6 2 5 -4 3 5 0 4 0 -6 2 -1 
 4 16 6 -2 5 4 -3 5 0 -4 0 6 -2 -1 
 4 16 -6 -2 5 -4 -3 5 0 -4 0 -6 -2 -1 
2 24 0 4 0 6 2 0 
 2 24 0 4 0 -6 2 0 
 2 24 0 -4 0 6 -2 0 
 2 24 0 -4 0 -6 -2 0 
4 16 6 2 14 3 4 9 -3 4 9 -6 2 14 
 4 16 6 -2 14 3 -4 9 -3 -4 9 -6 -2 14 
4 16 3 4 9 -3 4 9 -4 3 5 4 3 5 
 4 16 3 -4 9 -3 -4 9 -4 -3 5 4 -3 5 
3 16 4 3 5 -4 3 5 0 4 0 
 3 16 4 -3 5 -4 -3 5 0 -4 0 
0