0 ~Subpart Two - Hinge Brick  1 x  2 Locking
0 Name: swh2.dat
0 Author: John VanZwieten
0 Official LCad update 99-05

 1 16 3 -7 10 1 0 0 0 2 -1 0 -1 0 1-4edge.DAT
 1 16 -3 -7 10 -1 0 0 0 2 -1 0 -1 0 1-4edge.DAT
 2 24 3 -8 10 -3 -8 10
 1 16 3 -7 10 1 0 0 0 2 -1 0 -14 0 1-4cyli.DAT
 1 16 -3 -7 10 -1 0 0 0 2 -1 0 -14 0 1-4cyli.DAT
 4 16 3 -8 10 3 -6 -4 -3 -6 -4 -3 -8 10
 1 16 -3 -5 -4 0 6 0 -1 0 0 0 0 -1 1-4cyli.dat
 1 16 -3 -5 -4 0 -1 0 0 0 -1 -1 0 0 1-8sphe.dat
 1 16 3 -5 -4 0 1 0 0 0 -1 -1 0 0 1-8sphe.dat
 1 16 -3 -5 -4 0 0 -1 0 2.75 0 -1 -0.35 0 1-4cyli.dat
 1 16 3 -5 -4 0 0 1 0 2.75 0 -1 -0.35 0 1-4cyli.dat
 4 16 -3 -5 -5 3 -5 -5 3 -2.25 -5.35 -3 -2.25 -5.35
 1 16 3 7 10 1 0 0 0 -2 1 0 -1 0 1-4edge.DAT
 1 16 -3 7 10 -1 0 0 0 -2 1 0 -1 0 1-4edge.DAT
 2 24 3 8 10 -3 8 10
 1 16 3 7 10 1 0 0 0 -2 1 0 -14 0 1-4cyli.DAT
 1 16 -3 7 10 -1 0 0 0 -2 1 0 -14 0 1-4cyli.DAT
 4 16 3 8 10 3 6 -4 -3 6 -4 -3 8 10
 1 16 -3 5 -4 0 6 0 1 0 0 0 0 -1 1-4cyli.dat
 1 16 -3 5 -4 0 -1 0 0 0 1 -1 0 0 1-8sphe.dat
 1 16 3 5 -4 0 1 0 0 0 1 -1 0 0 1-8sphe.dat
 1 16 -3 5 -4 0 0 -1 0 -2.75 0 -1 -0.35 0 1-4cyli.dat
 1 16 3 5 -4 0 0 1 0 -2.75 0 -1 -0.35 0 1-4cyli.dat
 4 16 -3 5 -5 3 5 -5 3 2.25 -5.35 -3 2.25 -5.35
 1 16 8 0 6.85 0 -1 0 0.25 0 0 0 0 0.25 2-4edge.DAT
 1 16 8 0 6.85 0 -4 0 0.25 0 0 0 0 0.25 2-4cyli.DAT
 1 16 4 0 6.85 0 -1 0 0.25 0 0 0 0 0.25 2-4edge.DAT
 1 16 8 0 6.85 0 -1 0 0.25 0 0 0 0 0.25 2-4ndis.DAT
 1 16 8 1.121 5.641 0 -1 0 0.883 0 -0.117 -0.176 0 -0.589 2-4edge.DAT
 1 16 8 1.121 5.641 0 -4 0 0.883 0 -0.117 -0.176 0 -0.589 2-4cyli.DAT
 1 16 4 1.121 5.641 0 -1 0 0.883 0 -0.117 -0.176 0 -0.589 2-4edge.DAT
 1 16 8 1.121 5.641 0 -1 0 0.883 0 -0.117 -0.176 0 -0.589 2-4disc.DAT
 1 16 8 -1.121 5.641 0 -1 0 -0.883 0 0.117 -0.176 0 -0.589 2-4edge.DAT
 1 16 8 -1.121 5.641 0 -4 0 -0.883 0 0.117 -0.176 0 -0.589 2-4cyli.DAT
 1 16 4 -1.121 5.641 0 -1 0 -0.883 0 0.117 -0.176 0 -0.589 2-4edge.DAT
 1 16 8 -1.121 5.641 0 -1 0 -0.883 0 0.117 -0.176 0 -0.589 2-4disc.DAT
0
 2 24 8 2.004 5.465 8 3.5 10
 2 24 4 2.004 5.465 4 3.5 10
 4 16 8 2.004 5.465 8 3.5 10 4 3.5 10 4 2.004 5.465
 4 16 8 2.004 5.465 8 3.5 10 8 0.238 5.817 8 0.25 6.85
 2 24 8 3.5 10 8 -3.5 10
 2 24 4 3.5 10 4 -3.5 10
 2 24 4 3.5 10 8 3.5 10
 2 24 4 -3.5 10 8 -3.5 10
 3 16 8 0.25 6.85 8 0.25 10 8 3.5 10
 2 24 8 -2.004 5.465 8 -3.5 10
 2 24 4 -2.004 5.465 4 -3.5 10
 4 16 8 -2.004 5.465 8 -3.5 10 4 -3.5 10 4 -2.004 5.465
 2 24 8 -3.5 10 4 -3.5 10
 2 24 8 3.5 10 4 3.5 10
 4 16 8 -2.004 5.465 8 -3.5 10 8 -0.238 5.817 8 -0.25 6.85
 3 16 8 -0.25 6.85 8 -0.25 10 8 -3.5 10
 4 16 8 -0.25 7.1 8 -0.25 10 8 0.25 7.1 8 0.25 10
 2 24 8 0.25 6.85 8 0.238 5.817
 2 24 4 0.25 6.85 4 0.238 5.817
 4 16 8 0.25 6.85 8 0.238 5.817 4 0.238 5.817 4 0.25 6.85
 2 24 8 -0.25 6.85 8 -0.238 5.817
 2 24 4 -0.25 6.85 4 -0.238 5.817
 4 16 8 -0.25 6.85 8 -0.238 5.817 4 -0.238 5.817 4 -0.25 6.85
 1 16 -8 0 6.85 0 1 0 0.25 0 0 0 0 0.25 2-4edge.DAT
 1 16 -8 0 6.85 0 4 0 0.25 0 0 0 0 0.25 2-4cyli.DAT
 1 16 -4 0 6.85 0 1 0 0.25 0 0 0 0 0.25 2-4edge.DAT
 1 16 -8 0 6.85 0 1 0 0.25 0 0 0 0 0.25 2-4ndis.DAT
 1 16 -8 1.121 5.641 0 1 0 0.883 0 -0.117 -0.176 0 -0.589 2-4edge.DAT
 1 16 -8 1.121 5.641 0 4 0 0.883 0 -0.117 -0.176 0 -0.589 2-4cyli.DAT
 1 16 -4 1.121 5.641 0 1 0 0.883 0 -0.117 -0.176 0 -0.589 2-4edge.DAT
 1 16 -8 1.121 5.641 0 1 0 0.883 0 -0.117 -0.176 0 -0.589 2-4disc.DAT
 1 16 -8 -1.121 5.641 0 1 0 -0.883 0 0.117 -0.176 0 -0.589 2-4edge.DAT
 1 16 -8 -1.121 5.641 0 4 0 -0.883 0 0.117 -0.176 0 -0.589 2-4cyli.DAT
 1 16 -4 -1.121 5.641 0 1 0 -0.883 0 0.117 -0.176 0 -0.589 2-4edge.DAT
 1 16 -8 -1.121 5.641 0 1 0 -0.883 0 0.117 -0.176 0 -0.589 2-4disc.DAT
0
 2 24 -8 2.004 5.465 -8 3.5 10
 2 24 -4 2.004 5.465 -4 3.5 10
 4 16 -8 2.004 5.465 -8 3.5 10 -4 3.5 10 -4 2.004 5.465
 4 16 -8 2.004 5.465 -8 3.5 10 -8 0.238 5.817 -8 0.25 6.85
 2 24 -8 3.5 10 -8 -3.5 10
 2 24 -4 3.5 10 -4 -3.5 10
 2 24 -4 3.5 10 -8 3.5 10
 2 24 -4 -3.5 10 -8 -3.5 10
 3 16 -8 0.25 6.85 -8 0.25 10 -8 3.5 10
 2 24 -8 -2.004 5.465 -8 -3.5 10
 2 24 -4 -2.004 5.465 -4 -3.5 10
 4 16 -8 -2.004 5.465 -8 -3.5 10 -4 -3.5 10 -4 -2.004 5.465
 2 24 -8 -3.5 10 -4 -3.5 10
 2 24 -8 3.5 10 -4 3.5 10
 4 16 -8 -2.004 5.465 -8 -3.5 10 -8 -0.238 5.817 -8 -0.25 6.85
 3 16 -8 -0.25 6.85 -8 -0.25 10 -8 -3.5 10
 4 16 -8 -0.25 7.1 -8 -0.25 10 -8 0.25 7.1 -8 0.25 10
 2 24 -8 0.25 6.85 -8 0.238 5.817
 2 24 -4 0.25 6.85 -4 0.238 5.817
 4 16 -8 0.25 6.85 -8 0.238 5.817 -4 0.238 5.817 -4 0.25 6.85
 2 24 -8 -0.25 6.85 -8 -0.238 5.817
 2 24 -4 -0.25 6.85 -4 -0.238 5.817
 4 16 -8 -0.25 6.85 -8 -0.238 5.817 -4 -0.238 5.817 -4 -0.25 6.85
 1 16 4 0 0 0 -1 0 4 0 0 0 0 4 2-4edge.dat
 1 16 4 0 0 0 -1 0 4 0 0 0 0 -4 1-8edge.dat
 1 16 4 0 0 0 -1 0 -4 0 0 0 0 -4 1-8edge.dat
 1 16 4 0 0 0 -1 0 4 0 0 0 0 4 2-4ndis.dat
 1 16 4 0 0 0 -1 0 4 0 0 0 0 -4 1-8ndis.dat
 1 16 4 0 0 0 -1 0 -4 0 0 0 0 -4 1-8ndis.dat
 1 16 4 0 0 0 -1 0 0.707 0 -0.707 0.707 0 0.707 1-4con3.dat
 1 16 4 0 0 0 -1 0 -0.707 0 -0.707 -0.707 0 0.707 1-4con3.dat
 1 16 4 0 0 0 -1 0 0.707 0 0.707 0.707 0 -0.707 1-4con3.dat
 1 16 3 0 0 0 -0.75 0 0.53 0 -0.53 0.53 0 0.53 1-4con3.dat
 1 16 3 0 0 0 -0.75 0 -0.53 0 -0.53 -0.53 0 0.53 1-4con3.dat
 1 16 3 0 0 0 -0.75 0 0.53 0 0.53 0.53 0 -0.53 1-4con3.dat
 1 16 3 0 0 0 -0.75 0 -0.53 0 0.53 -0.53 0 -0.53 1-4con3.dat
 1 16 2.25 0 0 0 1 0 2.25 0 0 0 0 2.25 4-4edge.dat
 1 16 2.25 0 0 0 -0.25 0 2.25 0 0 0 0 2.25 4-4cyli.dat
 1 16 2 0 0 0 1 0 2.25 0 0 0 0 2.25 4-4edge.dat
 1 16 2 0 0 0 1 0 2.25 0 0 0 0 2.25 4-4disc.dat
 2 24 4 7 10 4 -7 10
 4 16 4 -4 4 4 4 4 4 7 10 4 -7 10
 4 16 4 -4 4 4 -7 10 4 -5 -4 4 -4 -4
 4 16 4 4 4 4 7 10 4 5 -4 4 4 -4
 1 16 4 0 -4.35 0 -0.076 -0.6 2.25 0 0 0 -0.383 0 2-4cyli.dat
 1 16 3.924 0 -4.733 0 -0.217 -0.6 2.25 0 0 0 -0.324 0 2-4cyli.dat
 1 16 3.707 0 -5.057 0 -0.324 -0.6 2.25 0 0 0 -0.217 0 2-4cyli.dat
 1 16 3.383 0 -5.274 0 -0.383 -0.6 2.25 0 0 0 -0.076 0 2-4cyli.dat
 1 16 4 0 -4.35 0 -0.076 -0.6 2.25 0 0 0 0.383 0 2-4cyli.dat
 1 16 3.924 0 -4.026 0 -0.217 -0.6 2.25 0 0 0 0.3 0 2-4cyli.dat
 1 16 3 0 -5.35 0.6 -0.3 0 0 0 2.25 0 -0.1 0 1-4cyls2.dat
 1 16 3 0 -5.35 0.6 -0.3 0 0 0 -2.25 0 -0.1 0 1-4cyls2.dat
 1 16 2.1 0 -5.35 0 0.9 0 0 0 -2.25 -0.1 0 0 1-4cyls.dat
 1 16 2.1 0 -5.35 0 0.9 0 0 0 2.25 -0.1 0 0 1-4cyls.dat
 1 16 2.1 0 -5.35 0 -2.1 0 2.25 0 0 0 0 -0.1 1-4cyli.dat
 1 16 2.1 0 -5.35 0 -2.1 0 0 0 -2.25 -0.1 0 0 1-4cyli.dat
 3 16 4 -2.828 -2.828 3.707 -2.25 -4.35 4 -4 -4
 3 16 3.707 -2.25 -4.35 4 -4 -4 4 -5 -4
 3 16 4 2.828 -2.828 3.707 2.25 -4.35 4 4 -4
 3 16 3.707 2.25 -4.35 4 4 -4 4 5 -4
 3 16 4 -2.828 -2.828 3.707 -2.25 -4.026 3.707 -2.25 -4.35
 3 16 3.707 -2.25 -3.726 4 -2.828 -2.828 3.707 -2.25 -4.026
 3 16 4 2.828 -2.828 3.707 2.25 -4.026 3.707 2.25 -4.35
 3 16 3.707 2.25 -3.726 4 2.828 -2.828 3.707 2.25 -4.026
 3 16 3 -1.148 -2.771 3.153 -0.861 -3.726 3 0 -3
 3 16 3.153 -0.861 -3.726 3 0 -3 3.107 0 -3.726
 3 16 3 -1.148 -2.771 3.283 -1.591 -3.726 3.153 -0.861 -3.726
 3 16 3 -2.121 -2.121 3 -1.148 -2.771 3.283 -1.591 -3.726
 3 16 3 -2.121 -2.121 3.283 -1.591 -3.726 3.477 -2.079 -3.726
 3 16 3 -2.121 -2.121 3.707 -2.25 -3.726 3.477 -2.079 -3.726
 3 16 3 -2.121 -2.121 3.707 -2.25 -3.726 4 -2.828 -2.828
 3 16 3 1.148 -2.771 3.153 0.861 -3.726 3 0 -3
 3 16 3.153 0.861 -3.726 3 0 -3 3.107 0 -3.726
 3 16 3 1.148 -2.771 3.283 1.591 -3.726 3.153 0.861 -3.726
 3 16 3 2.121 -2.121 3 1.148 -2.771 3.283 1.591 -3.726
 3 16 3 2.121 -2.121 3.283 1.591 -3.726 3.477 2.079 -3.726
 3 16 3 2.121 -2.121 3.707 2.25 -3.726 3.477 2.079 -3.726
 3 16 3 2.121 -2.121 3.707 2.25 -3.726 4 2.828 -2.828
 1 16 -4 0 0 0 1 0 4 0 0 0 0 4 2-4edge.dat
 1 16 -4 0 0 0 1 0 4 0 0 0 0 -4 1-8edge.dat
 1 16 -4 0 0 0 1 0 -4 0 0 0 0 -4 1-8edge.dat
 1 16 -4 0 0 0 1 0 4 0 0 0 0 4 2-4ndis.dat
 1 16 -4 0 0 0 1 0 4 0 0 0 0 -4 1-8ndis.dat
 1 16 -4 0 0 0 1 0 -4 0 0 0 0 -4 1-8ndis.dat
 1 16 -4 0 0 0 1 0 0.707 0 -0.707 0.707 0 0.707 1-4con3.dat
 1 16 -4 0 0 0 1 0 -0.707 0 -0.707 -0.707 0 0.707 1-4con3.dat
 1 16 -4 0 0 0 1 0 0.707 0 0.707 0.707 0 -0.707 1-4con3.dat
 1 16 -3 0 0 0 0.75 0 0.53 0 -0.53 0.53 0 0.53 1-4con3.dat
 1 16 -3 0 0 0 0.75 0 -0.53 0 -0.53 -0.53 0 0.53 1-4con3.dat
 1 16 -3 0 0 0 0.75 0 0.53 0 0.53 0.53 0 -0.53 1-4con3.dat
 1 16 -3 0 0 0 0.75 0 -0.53 0 0.53 -0.53 0 -0.53 1-4con3.dat
 1 16 -2.25 0 0 0 -1 0 2.25 0 0 0 0 2.25 4-4edge.dat
 1 16 -2.25 0 0 0 0.25 0 2.25 0 0 0 0 2.25 4-4cyli.dat
 1 16 -2 0 0 0 -1 0 2.25 0 0 0 0 2.25 4-4edge.dat
 1 16 -2 0 0 0 -1 0 2.25 0 0 0 0 2.25 4-4disc.dat
 2 24 -4 7 10 -4 -7 10
 4 16 -4 -4 4 -4 4 4 -4 7 10 -4 -7 10
 4 16 -4 -4 4 -4 -7 10 -4 -5 -4 -4 -4 -4
 4 16 -4 4 4 -4 7 10 -4 5 -4 -4 4 -4
 1 16 -4 0 -4.35 0 0.076 0.6 2.25 0 0 0 -0.383 0 2-4cyli.dat
 1 16 -3.924 0 -4.733 0 0.217 0.6 2.25 0 0 0 -0.324 0 2-4cyli.dat
 1 16 -3.707 0 -5.057 0 0.324 0.6 2.25 0 0 0 -0.217 0 2-4cyli.dat
 1 16 -3.383 0 -5.274 0 0.383 0.6 2.25 0 0 0 -0.076 0 2-4cyli.dat
 1 16 -4 0 -4.35 0 0.076 0.6 2.25 0 0 0 0.383 0 2-4cyli.dat
 1 16 -3.924 0 -4.026 0 0.217 0.6 2.25 0 0 0 0.3 0 2-4cyli.dat
 1 16 -3 0 -5.35 -0.6 0.3 0 0 0 2.25 0 -0.1 0 1-4cyls2.dat
 1 16 -3 0 -5.35 -0.6 0.3 0 0 0 -2.25 0 -0.1 0 1-4cyls2.dat
 1 16 -2.1 0 -5.35 0 -0.9 0 0 0 -2.25 -0.1 0 0 1-4cyls.dat
 1 16 -2.1 0 -5.35 0 -0.9 0 0 0 2.25 -0.1 0 0 1-4cyls.dat
 1 16 -2.1 0 -5.35 0 2.1 0 2.25 0 0 0 0 -0.1 1-4cyli.dat
 1 16 -2.1 0 -5.35 0 2.1 0 0 0 -2.25 -0.1 0 0 1-4cyli.dat
 3 16 -4 -2.828 -2.828 -3.707 -2.25 -4.35 -4 -4 -4
 3 16 -3.707 -2.25 -4.35 -4 -4 -4 -4 -5 -4
 3 16 -4 2.828 -2.828 -3.707 2.25 -4.35 -4 4 -4
 3 16 -3.707 2.25 -4.35 -4 4 -4 -4 5 -4
 3 16 -4 -2.828 -2.828 -3.707 -2.25 -4.026 -3.707 -2.25 -4.35
 3 16 -3.707 -2.25 -3.726 -4 -2.828 -2.828 -3.707 -2.25 -4.026
 3 16 -4 2.828 -2.828 -3.707 2.25 -4.026 -3.707 2.25 -4.35
 3 16 -3.707 2.25 -3.726 -4 2.828 -2.828 -3.707 2.25 -4.026
 3 16 -3 -1.148 -2.771 -3.153 -0.861 -3.726 -3 0 -3
 3 16 -3.153 -0.861 -3.726 -3 0 -3 -3.107 0 -3.726
 3 16 -3 -1.148 -2.771 -3.283 -1.591 -3.726 -3.153 -0.861 -3.726
 3 16 -3 -2.121 -2.121 -3 -1.148 -2.771 -3.283 -1.591 -3.726
 3 16 -3 -2.121 -2.121 -3.283 -1.591 -3.726 -3.477 -2.079 -3.726
 3 16 -3 -2.121 -2.121 -3.707 -2.25 -3.726 -3.477 -2.079 -3.726
 3 16 -3 -2.121 -2.121 -3.707 -2.25 -3.726 -4 -2.828 -2.828
 3 16 -3 1.148 -2.771 -3.153 0.861 -3.726 -3 0 -3
 3 16 -3.153 0.861 -3.726 -3 0 -3 -3.107 0 -3.726
 3 16 -3 1.148 -2.771 -3.283 1.591 -3.726 -3.153 0.861 -3.726
 3 16 -3 2.121 -2.121 -3 1.148 -2.771 -3.283 1.591 -3.726
 3 16 -3 2.121 -2.121 -3.283 1.591 -3.726 -3.477 2.079 -3.726
 3 16 -3 2.121 -2.121 -3.707 2.25 -3.726 -3.477 2.079 -3.726
 3 16 -3 2.121 -2.121 -3.707 2.25 -3.726 -4 2.828 -2.828
0